timestamp publish_pose video_counter image_counter
1732203252.090223 1 1 0
1732203252.490338 0 1 1
1732203252.890333 0 1 1
1732203253.290358 0 1 1
1732203253.690608 0 1 1
1732203254.090359 1 2 1
1732203254.490334 1 3 2
1732203254.890155 1 4 3
1732203255.29033 1 5 4
1732203255.690369 1 6 5
1732203256.09033 1 7 6
1732203256.490521 1 8 7
1732203256.890152 1 9 8
1732203257.290129 1 10 9
1732203257.690332 1 11 10
1732203258.091688 1 12 11
1732203258.491006 1 13 12
1732203258.890331 1 14 13
1732203259.290299 1 15 14
1732203259.690103 1 16 15
1732203260.090363 1 17 16
1732203260.491079 0 17 17
1732203260.890463 1 18 17
1732203261.290297 1 19 18
1732203261.690291 1 20 19
1732203262.090079 1 21 20
1732203262.490237 1 22 21
1732203262.890283 1 23 22
1732203263.290271 1 24 23
1732203263.690572 1 25 24
1732203264.090245 1 26 25
1732203264.490509 1 27 26
1732203264.890231 1 28 27
1732203265.290239 1 29 28
1732203265.690227 1 30 29
1732203266.09022 1 31 30
1732203266.491289 1 32 31
1732203266.89018 1 33 32
1732203267.290184 1 34 33
1732203267.690225 1 35 34
1732203268.090201 1 36 35
1732203268.491114 1 37 36
1732203268.890313 1 38 37
1732203269.289991 1 39 38
1732203269.690218 1 40 39
1732203270.09023 1 41 40
1732203270.490162 1 42 41
1732203270.890168 1 43 42
1732203271.290174 1 44 43
1732203271.689972 1 45 44
1732203272.090133 1 46 45
1732203272.490132 1 47 46
1732203272.890148 1 48 47
1732203273.292327 1 49 48
1732203273.690162 1 50 49
1732203274.090002 1 51 50
1732203274.490101 1 52 51
1732203274.956775 1 53 52
1732203275.356771 1 54 53
1732203275.757021 1 55 54
1732203276.156849 1 56 55
1732203276.489939 1 57 56
1732203276.956733 0 57 57
1732203277.356745 1 58 57
1732203277.756751 1 59 58
1732203278.156749 1 60 59
1732203278.556768 1 61 60
1732203278.956551 1 62 61
1732203279.35671 1 63 62
1732203279.756889 1 64 63
1732203280.15676 0 64 64
1732203280.556731 1 65 64
1732203280.956994 1 66 65
1732203281.356524 1 67 66
1732203281.756559 1 68 67
1732203282.156729 1 69 68
1732203282.556747 1 70 69
1732203282.956871 1 71 70
1732203283.356725 1 72 71
1732203283.7565 1 73 72
1732203284.156539 1 74 73
1732203284.556707 1 75 74
1732203284.956694 0 75 75
1732203285.356691 0 75 75
1732203285.756682 0 75 75
1732203286.156694 0 75 75
1732203286.556475 0 75 75
1732203286.957197 1 76 75
1732203287.356645 0 76 76
1732203287.756654 1 77 76
1732203288.157003 0 77 77
1732203288.556947 0 77 77
1732203288.956486 0 77 77
1732203289.356635 0 77 77
1732203289.756697 1 78 77
1732203290.156651 0 78 78
1732203290.556666 0 78 78
1732203290.956627 0 78 78
1732203291.356423 0 78 78
1732203291.756616 0 78 78
1732203292.156594 0 78 78
1732203292.556636 1 79 78
1732203292.956605 0 79 79
1732203293.356648 0 79 79
1732203293.756581 1 80 79
1732203294.156579 0 80 80
1732203294.556565 1 81 80
1732203294.95657 0 81 81
1732203295.356588 1 82 81
1732203295.757305 0 82 82
1732203296.156371 1 83 82
1732203296.556584 0 83 83
1732203296.956534 1 84 83
1732203297.356542 1 85 84
1732203297.756557 1 86 85
1732203298.156574 1 87 86
1732203298.556527 1 88 87
1732203298.957298 1 89 88
1732203299.356503 1 90 89
1732203299.756529 1 91 90
1732203300.156586 1 92 91
1732203300.556542 1 93 92
1732203300.956347 1 94 93
1732203301.356318 1 95 94
1732203301.75651 1 96 95
1732203302.156488 1 97 96
1732203302.556486 0 97 97
1732203302.95662 1 98 97
1732203303.356307 0 98 98
1732203303.756455 0 98 98
1732203304.156471 0 98 98
1732203304.556464 1 99 98
1732203304.956461 0 99 99
1732203305.356486 1 100 99
1732203305.756528 1 101 100
1732203306.156266 1 102 101
1732203306.55666 1 103 102
1732203306.956514 1 104 103
1732203307.356441 1 105 104
1732203307.756441 1 106 105
1732203308.156467 1 107 106
1732203308.556414 1 108 107
1732203308.956401 1 109 108
1732203309.35644 1 110 109
1732203309.756444 1 111 110
1732203310.15644 1 112 111
1732203310.556436 1 113 112
1732203310.956213 1 114 113
1732203311.35638 1 115 114
1732203311.756384 1 116 115
1732203312.156423 0 116 116
1732203312.55656 1 117 116
1732203312.956394 0 117 117
1732203313.356184 1 118 117
1732203313.756367 0 118 118
1732203314.156381 1 119 118
1732203314.556426 1 120 119
1732203314.95637 1 121 120
1732203315.356374 1 122 121
1732203315.756177 1 123 122
1732203316.15637 1 124 123
1732203316.556326 1 125 124
1732203316.956328 1 126 125
1732203317.356338 1 127 126
1732203317.756377 1 128 127
1732203318.156144 1 129 128
1732203318.556142 1 130 129
1732203318.956388 1 131 130
1732203319.356333 1 132 131
1732203319.756455 1 133 132
1732203320.156719 1 134 133
1732203320.556313 1 135 134
1732203320.957491 1 136 135
1732203321.356271 1 137 136
1732203321.756282 1 138 137
1732203322.156455 0 138 138
1732203322.556286 1 139 138
1732203322.95611 0 139 139
1732203323.35632 1 140 139
1732203323.756357 1 141 140
1732203324.156272 0 141 141
1732203324.556456 1 142 141
1732203324.956267 1 143 142
1732203325.356264 1 144 143
1732203325.822726 1 145 144
1732203326.222887 1 146 145
1732203326.622941 1 147 146
1732203327.022893 1 148 147
1732203327.422914 1 149 148
1732203327.822903 0 149 149
1732203328.2227 1 150 149
1732203328.622907 1 151 150
1732203329.022869 1 152 151
1732203329.422863 1 153 152
1732203329.822875 1 154 153
1732203330.222874 1 155 154
1732203330.622678 1 156 155
1732203331.022849 1 157 156
1732203331.422864 1 158 157
1732203331.822851 1 159 158
1732203332.222985 1 160 159
1732203332.622855 1 161 160
1732203333.022643 1 162 161
1732203333.422824 1 163 162
1732203333.822809 1 164 163
1732203334.222838 1 165 164
1732203334.622847 1 166 165
1732203335.022821 1 167 166
1732203335.422614 0 167 167
1732203335.822776 1 168 167
1732203336.222782 1 169 168
1732203336.622782 1 170 169
1732203337.022819 0 170 170
1732203337.422808 1 171 170
1732203337.822586 1 172 171
1732203338.222748 1 173 172
1732203338.622754 1 174 173
1732203339.02278 1 175 174
1732203339.422777 1 176 175
1732203339.823255 1 177 176
1732203340.222567 0 177 177
1732203340.62257 1 178 177
1732203341.022754 1 179 178
1732203341.422745 1 180 179
1732203341.822814 1 181 180
1732203342.22275 1 182 181
1732203342.622545 1 183 182
1732203343.022541 1 184 183
1732203343.422709 1 185 184
1732203343.822722 1 186 185
1732203344.222739 1 187 186
1732203344.623002 1 188 187
1732203345.023156 1 189 188
1732203345.422545 1 190 189
1732203345.822667 1 191 190
1732203346.222956 1 192 191
1732203346.622679 1 193 192
1732203347.022684 1 194 193
1732203347.422693 1 195 194
1732203347.822481 1 196 195
1732203348.222689 1 197 196
1732203348.622654 1 198 197
1732203349.022692 1 199 198
1732203349.422676 1 200 199
1732203349.822669 1 201 200
1732203350.222465 1 202 201
1732203350.622621 1 203 202
1732203351.023062 1 204 203
1732203351.422784 1 205 204
1732203351.822666 1 206 205
1732203352.222663 1 207 206
1732203352.622565 1 208 207
1732203353.0226 1 209 208
1732203353.4226 1 210 209
1732203353.822602 1 211 210
1732203354.2226 1 212 211
1732203354.622634 1 213 212
1732203355.022408 1 214 213
1732203355.422429 1 215 214
1732203355.822554 1 216 215
1732203356.222576 1 217 216
1732203356.622576 1 218 217
1732203357.023008 1 219 218
1732203357.422386 1 220 219
1732203357.822389 1 221 220
1732203358.222549 1 222 221
1732203358.622593 1 223 222
1732203359.022566 1 224 223
1732203359.42259 1 225 224
1732203359.82235 1 226 225
1732203360.222539 1 227 226
1732203360.622547 1 228 227
1732203361.022552 1 229 228
1732203361.422524 1 230 229
1732203361.822551 1 231 230
1732203362.222539 1 232 231
1732203362.622337 1 233 232
1732203363.022487 1 234 233
1732203363.4225 1 235 234
1732203363.822499 1 236 235
1732203364.222553 1 237 236
1732203364.622549 1 238 237
1732203365.022468 1 239 238
1732203365.422457 1 240 239
1732203365.822464 1 241 240
1732203366.222469 1 242 241
1732203366.622499 1 243 242
1732203367.02528 1 244 243
1732203367.422276 0 244 244
1732203367.822443 1 245 244
1732203368.222452 0 245 245
1732203368.622514 1 246 245
1732203369.022483 1 247 246
1732203369.422454 1 248 247
1732203369.822266 1 249 248
1732203370.222413 1 250 249
1732203370.622417 1 251 250
1732203371.022421 0 251 251
1732203371.422448 1 252 251
1732203371.822418 0 252 252
1732203372.222233 1 253 252
1732203372.622233 1 254 253
1732203373.022385 1 255 254
1732203373.422388 1 256 255
1732203373.822432 1 257 256
1732203374.222423 1 258 257
1732203374.622196 1 259 258
1732203375.022365 0 259 259
1732203375.422686 1 260 259
1732203375.822401 0 260 260
1732203376.222384 1 261 260
1732203376.622578 0 261 261
1732203377.022376 1 262 261
1732203377.422295 0 262 262
1732203377.82246 1 263 262
1732203378.222333 0 263 263
1732203378.622347 1 264 263
1732203379.022345 0 264 264
1732203379.422345 1 265 264
1732203379.822145 0 265 265
1732203380.222363 1 266 265
1732203380.622339 0 266 266
1732203381.022343 1 267 266
1732203381.422325 0 267 267
1732203381.822328 1 268 267
1732203382.222287 0 268 268
1732203382.688941 1 269 268
1732203383.022283 0 269 269
1732203383.488958 1 270 269
1732203383.889056 0 270 270
1732203384.289033 1 271 270
1732203384.68876 0 271 271
1732203385.088926 1 272 271
1732203385.488925 0 272 272
1732203385.888928 1 273 272
1732203386.288974 0 273 273
1732203386.688942 1 274 273
1732203387.088751 0 274 274
1732203387.488726 1 275 274
1732203387.888892 0 275 275
1732203388.288924 0 275 275
1732203388.6889 1 276 275
1732203389.0889 0 276 276
1732203389.488706 0 276 276
1732203389.888721 1 277 276
1732203390.288884 0 277 277
1732203390.690393 1 278 277
1732203391.088876 0 278 278
1732203391.488859 1 279 278
1732203391.888676 0 279 279
1732203392.288678 1 280 279
1732203392.688835 0 280 280
1732203393.088838 1 281 280
1732203393.48885 0 281 281
1732203393.888846 1 282 281
1732203394.288938 0 282 282
1732203394.688853 1 283 282
1732203395.088834 0 283 283
1732203395.488815 1 284 283
1732203395.888892 0 284 284
1732203396.288823 1 285 284
1732203396.688836 0 285 285
1732203397.088624 1 286 285
1732203397.488779 0 286 286
1732203397.888802 1 287 286
1732203398.288811 0 287 287
1732203398.688791 1 288 287
1732203399.088871 0 288 288
1732203399.488595 1 289 288
1732203399.888778 0 289 289
1732203400.288754 1 290 289
1732203400.68879 0 290 290
1732203401.088806 1 291 290
1732203401.488771 0 291 291
1732203401.888571 1 292 291
1732203402.288566 0 292 292
1732203402.688734 1 293 292
1732203403.088759 0 293 293
1732203403.488764 1 294 293
1732203403.888804 0 294 294
1732203404.288724 1 295 294
1732203404.689014 0 295 295
1732203405.088715 1 296 295
1732203405.488743 1 297 296
1732203405.888849 1 298 297
1732203406.28871 1 299 298
1732203406.688537 1 300 299
1732203407.088527 1 301 300
1732203407.488679 1 302 301
1732203407.888687 0 302 302
1732203408.288713 1 303 302
1732203408.688998 1 304 303
1732203409.088781 0 304 304
1732203409.488884 1 305 304
1732203409.888911 0 305 305
1732203410.288667 1 306 305
1732203410.688672 1 307 306
1732203411.088674 1 308 307
1732203411.488663 1 309 308
1732203411.888496 1 310 309
1732203412.288654 1 311 310
1732203412.688976 1 312 311
1732203413.088664 1 313 312
1732203413.488617 1 314 313
1732203413.888742 1 315 314
1732203414.288473 1 316 315
1732203414.688433 1 317 316
1732203415.088593 1 318 317
1732203415.488606 1 319 318
1732203415.88861 1 320 319
1732203416.288641 1 321 320
1732203416.688402 1 322 321
1732203417.088427 1 323 322
1732203417.488582 1 324 323
1732203417.888576 0 324 324
1732203418.288577 0 324 324
1732203418.688578 1 325 324
1732203419.088433 0 325 325
1732203419.488379 1 326 325
1732203419.888557 1 327 326
1732203420.288542 1 328 327
1732203420.688591 1 329 328
1732203421.08855 1 330 329
1732203421.488547 1 331 330
1732203421.888524 1 332 331
1732203422.288512 0 332 332
1732203422.688513 1 333 332
1732203423.088517 0 333 333
1732203423.488527 1 334 333
1732203423.888542 0 334 334
1732203424.288353 0 334 334
1732203424.688658 1 335 334
1732203425.088485 0 335 335
1732203425.488517 0 335 335
1732203425.888505 1 336 335
1732203426.288539 0 336 336
1732203426.688509 1 337 336
1732203427.08849 1 338 337
1732203427.488751 0 338 338
1732203427.888466 1 339 338
1732203428.288496 0 339 339
1732203428.688497 1 340 339
1732203429.088272 0 340 340
1732203429.488285 1 341 340
1732203429.888574 0 341 341
1732203430.288439 1 342 341
1732203430.688651 0 342 342
1732203431.088534 0 342 342
1732203431.488429 0 342 342
1732203431.888263 1 343 342
1732203432.288558 0 343 343
1732203432.688442 0 343 343
1732203433.088413 1 344 343
1732203433.488419 0 344 344
1732203433.88822 1 345 344
1732203434.288234 0 345 345
1732203434.688373 1 346 345
1732203435.088416 0 346 346
1732203435.488388 1 347 346
1732203435.888437 0 347 347
1732203436.288425 1 348 347
1732203436.688197 0 348 348
1732203437.088346 1 349 348
1732203437.488388 0 349 349
1732203437.888594 1 350 349
1732203438.288392 0 350 350
1732203438.688378 1 351 350
1732203439.088195 0 351 351
1732203439.488332 1 352 351
1732203439.888324 0 352 352
1732203440.288328 1 353 352
1732203440.688331 0 353 353
1732203441.155502 1 354 353
1732203441.554799 0 354 354
1732203441.888343 1 355 354
1732203442.354993 0 355 355
1732203442.755907 1 356 355
1732203443.155093 1 357 356
1732203443.555046 0 357 357
1732203443.954769 1 358 357
1732203444.354943 0 358 358
1732203444.754983 1 359 358
1732203445.154961 0 359 359
1732203445.554939 1 360 359
1732203445.95499 0 360 360
1732203446.354758 1 361 360
1732203446.754748 1 362 361
1732203447.154917 1 363 362
1732203447.554939 1 364 363
1732203447.955174 1 365 364
1732203448.354912 1 366 365
1732203448.754712 1 367 366
1732203449.154758 1 368 367
1732203449.555086 1 369 368
1732203449.954881 1 370 369
1732203450.354901 1 371 370
1732203450.754902 1 372 371
1732203451.154924 1 373 372
1732203451.554705 1 374 373
1732203451.955168 1 375 374
1732203452.354864 1 376 375
1732203452.754859 1 377 376
1732203453.154875 1 378 377
1732203453.554892 1 379 378
1732203453.954686 1 380 379
1732203454.354684 1 381 380
1732203454.754836 1 382 381
1732203455.15487 1 383 382
1732203455.554839 1 384 383
1732203455.954838 1 385 384
1732203456.354812 1 386 385
1732203456.754676 1 387 386
1732203457.154833 1 388 387
1732203457.554847 1 389 388
1732203457.954838 1 390 389
1732203458.35482 1 391 390
1732203458.754618 1 392 391
1732203459.154589 1 393 392
1732203459.554832 1 394 393
1732203459.954791 1 395 394
1732203460.354784 1 396 395
1732203460.754812 1 397 396
1732203461.154578 1 398 397
1732203461.554586 1 399 398
1732203461.954743 0 399 399
1732203462.354747 1 400 399
1732203462.754763 0 400 400
1732203463.154738 1 401 400
1732203463.55476 1 402 401
1732203463.954558 1 403 402
1732203464.354718 1 404 403
1732203464.754715 1 405 404
1732203465.154725 0 405 405
1732203465.554783 1 406 405
1732203465.954737 0 406 406
1732203466.354526 1 407 406
1732203466.754543 0 407 407
1732203467.154691 1 408 407
1732203467.554719 1 409 408
1732203467.954714 1 410 409
1732203468.354717 0 410 410
1732203468.754512 1 411 410
1732203469.154632 0 411 411
1732203469.55466 1 412 411
1732203469.954678 0 412 412
1732203470.354669 1 413 412
1732203470.754673 0 413 413
1732203471.154477 1 414 413
1732203471.554473 1 415 414
1732203471.954743 1 416 415
1732203472.35464 1 417 416
1732203472.754642 1 418 417
1732203473.154645 0 418 418
1732203473.55469 1 419 418
1732203473.954448 1 420 419
1732203474.354648 1 421 420
1732203474.754645 1 422 421
1732203475.154615 1 423 422
1732203475.55464 1 424 423
1732203475.954621 0 424 424
1732203476.354463 1 425 424
1732203476.754438 0 425 425
1732203477.154604 1 426 425
1732203477.554587 1 427 426
1732203477.955832 1 428 427
1732203478.354606 1 429 428
1732203478.754388 1 430 429
1732203479.155177 1 431 430
1732203479.554562 1 432 431
1732203479.954636 1 433 432
1732203480.354615 1 434 433
1732203480.754719 1 435 434
1732203481.154368 1 436 435
1732203481.554369 1 437 436
1732203481.954565 1 438 437
1732203482.354525 1 439 438
1732203482.754534 1 440 439
1732203483.154639 1 441 440
1732203483.554332 1 442 441
1732203483.954374 1 443 442
1732203484.354524 0 443 443
1732203484.754506 1 444 443
1732203485.154701 0 444 444
1732203485.554503 1 445 444
1732203485.956228 0 445 445
1732203486.354343 1 446 445
1732203486.754633 0 446 446
1732203487.154501 1 447 446
1732203487.555549 0 447 447
1732203487.955525 1 448 447
1732203488.354548 0 448 448
1732203488.754289 1 449 448
1732203489.154286 1 450 449
1732203489.554456 1 451 450
1732203489.954488 1 452 451
1732203490.354471 1 453 452
1732203490.754457 1 454 453
1732203491.154258 1 455 454
1732203491.554266 1 456 455
1732203491.954416 1 457 456
1732203492.354442 1 458 457
1732203492.754421 1 459 458
1732203493.154428 1 460 459
1732203493.554281 1 461 460
1732203493.954262 1 462 461
1732203494.354413 1 463 462
1732203494.754392 1 464 463
1732203495.154421 1 465 464
1732203495.554404 0 465 465
1732203495.954416 1 466 465
1732203496.354269 0 466 466
1732203496.75438 1 467 466
1732203497.154373 0 467 467
1732203497.554362 1 468 467
1732203497.954505 1 469 468
1732203498.354457 1 470 469
1732203498.754191 1 471 470
1732203499.154175 1 472 471
1732203499.554351 1 473 472
1732203499.954352 1 474 473
1732203500.421042 1 475 474
1732203500.821015 1 476 475
1732203501.154138 1 477 476
1732203501.620815 0 477 477
1732203501.955007 1 478 477
1732203502.421007 1 479 478
1732203502.820981 1 480 479
1732203503.221091 1 481 480
1732203503.620788 1 482 481
1732203504.020793 1 483 482
1732203504.420939 1 484 483
1732203504.820975 1 485 484
1732203505.220977 1 486 485
1732203505.620956 1 487 486
1732203506.020767 0 487 487
