1758725107.475907 -0.0 -0.0 -0.0 -0.0 -0.0 -0.0 1.0
1758725109.209224 -0.003177555277943611 -0.04595034942030907 0.09753526747226715 0.005544952116906643 -0.0011523815337568521 -0.0008306086529046297 0.9999836683273315
1758725109.942501 0.002966947853565216 -0.27253958582878113 0.7751625776290894 0.002434340538457036 -0.0014835072215646505 -0.0017401933437213302 0.9999944567680359
1758725110.542819 0.003986685071140528 -0.4971126616001129 1.4201241731643677 0.00706492317840457 -0.0015812619822099805 -0.0033399839885532856 0.9999682307243347
1758725111.142599 0.005701020359992981 -0.7376912236213684 2.069399833679199 0.012222707271575928 -0.0007279349374584854 -0.004385953303426504 0.9999154210090637
1758725111.809162 0.011647909879684448 -0.9963303804397583 2.788214921951294 0.013431974686682224 -0.001211020047776401 -0.006138163153082132 0.9998902678489685
1758725112.475769 0.013887115754187107 -1.2466963529586792 3.479379892349243 0.012705088593065739 -0.0012171389535069466 -0.006856498308479786 0.9998950958251953
1758725113.075785 0.01547467615455389 -1.4887092113494873 4.126219272613525 0.01626637764275074 -0.0016950952121987939 -0.0072271754033863544 0.9998401999473572
1758725113.742443 0.01894143596291542 -1.7430955171585083 4.831809997558594 0.014766558073461056 -0.002432279521599412 -0.007206688169389963 0.9998620748519897
1758725114.409058 0.02064826712012291 -2.0044374465942383 5.528976917266846 0.01678592339158058 -0.0030280135106295347 -0.007439149543642998 0.9998269081115723
1758725115.142402 0.02793339267373085 -2.294398069381714 6.317974090576172 0.016829194501042366 -0.0038856230676174164 -0.0076725902035832405 0.9998213648796082
1758725115.809054 0.01686870865523815 -2.566253423690796 7.033867835998535 0.02066982351243496 -0.006566619034856558 -0.010580241680145264 0.9997088313102722
1758725116.475691 -0.0786433145403862 -2.8244130611419678 7.734405040740967 0.019308332353830338 -0.05327146500349045 -0.02835763804614544 0.997990608215332
1758725117.142396 -0.20348967611789703 -3.074747323989868 8.439371109008789 0.016308607533574104 -0.07355226576328278 -0.03438672050833702 0.9965649843215942
1758725117.875684 -0.3193390369415283 -3.370647430419922 9.224048614501953 0.017633162438869476 -0.08102896064519882 -0.0337408110499382 0.9959844350814819
1758725118.542336 -0.4921327829360962 -3.625032663345337 9.915949821472168 0.017780719324946404 -0.11464320868253708 -0.0466570146381855 0.9921512007713318
1758725119.209 -0.6743978261947632 -3.8872361183166504 10.610605239868164 0.020363450050354004 -0.1219433918595314 -0.04669640213251114 0.9912288188934326
1758725119.875621 -0.8630502223968506 -4.147172451019287 11.309359550476074 0.020328426733613014 -0.13306543231010437 -0.05005088075995445 0.9896339774131775
1758725120.542277 -1.0873233079910278 -4.415043830871582 11.96862506866455 0.029139172285795212 -0.15931400656700134 -0.054074011743068695 0.985315203666687
1758725121.34225 -1.5092767477035522 -4.662496566772461 12.64024829864502 0.02449696697294712 -0.2578756809234619 -0.0882861316204071 0.9618241190910339
1758725122.008913 -1.9651192426681519 -4.81650972366333 13.011266708374023 0.024057725444436073 -0.3609255254268646 -0.12721887230873108 0.9235634803771973
1758725122.808874 -2.638209819793701 -4.977653503417969 13.406644821166992 0.02340862527489662 -0.4420836865901947 -0.1604575514793396 0.8821946382522583
1758725123.542386 -3.3422250747680664 -5.101390838623047 13.702749252319336 0.023997800424695015 -0.5167195796966553 -0.18856577575206757 0.8347862362861633
1758725124.142182 -3.9825448989868164 -5.195440769195557 13.933385848999023 0.02476917952299118 -0.5314648747444153 -0.19611583650112152 0.823693037033081
1758725124.808815 -4.711203575134277 -5.29669189453125 14.162750244140625 0.025778884068131447 -0.5447330474853516 -0.20005257427692413 0.8139903545379639
1758725125.608846 -5.525701522827148 -5.401963233947754 14.383153915405273 0.027615727856755257 -0.5662184357643127 -0.2043921947479248 0.7980337738990784
1758725126.275471 -6.235949993133545 -5.477723598480225 14.540786743164062 0.02713807485997677 -0.5823696255683899 -0.21088893711566925 0.7846241593360901
1758725126.942107 -6.96241569519043 -5.547368049621582 14.671673774719238 0.030250759795308113 -0.597985565662384 -0.2147713601589203 0.7716032266616821
1758725127.942096 -7.99402379989624 -5.60731315612793 14.786441802978516 0.027849838137626648 -0.6321221590042114 -0.22980140149593353 0.7394845485687256
1758725129.542072 -8.87621021270752 -5.591611385345459 14.611467361450195 0.03321491554379463 -0.7313216924667358 -0.2622595429420471 0.6287172436714172
1758725131.342001 -9.613325119018555 -5.424018859863281 14.180767059326172 0.027380594983696938 -0.8169565796852112 -0.3048855662345886 0.4887506067752838
1758725132.475852 -10.128952026367188 -5.298335075378418 13.789703369140625 0.035183634608983994 -0.8448728919029236 -0.30291634798049927 0.43953803181648254
1758725133.675295 -10.728466033935547 -5.123663425445557 13.25839614868164 0.03535981848835945 -0.8693544864654541 -0.30444037914276123 0.38767072558403015
1758725134.608627 -11.239526748657227 -4.9161577224731445 12.651691436767578 0.03267775475978851 -0.8888869881629944 -0.3159252107143402 0.3301566541194916
1758725135.608578 -11.886999130249023 -4.652307033538818 11.832195281982422 0.03516879305243492 -0.8980146050453186 -0.31226253509521484 0.3079369068145752
1758725136.675216 -12.563913345336914 -4.425446033477783 11.098159790039062 0.03923478350043297 -0.8894956707954407 -0.2990133762359619 0.3432917296886444
1758725137.67519 -13.17837905883789 -4.2142534255981445 10.326593399047852 0.045435503125190735 -0.9006545543670654 -0.28394076228141785 0.3257831931114197
1758725138.541849 -14.019213676452637 -3.974158525466919 9.482582092285156 0.03982909396290779 -0.882699728012085 -0.28806424140930176 0.36915281414985657
1758725139.408477 -14.844554901123047 -3.766245126724243 8.653688430786133 0.04076709970831871 -0.8833808302879333 -0.2857499122619629 0.36921989917755127
1758725140.408493 -15.847799301147461 -3.4866514205932617 7.661993026733398 0.0417095348238945 -0.8844559788703918 -0.2861061990261078 0.3662528395652771
1758725141.408423 -16.847782135009766 -3.20877742767334 6.649222373962402 0.03963485732674599 -0.8841495513916016 -0.2913443148136139 0.363080233335495
1758725142.875105 -18.428970336914062 -2.764073133468628 5.21964168548584 0.04393522068858147 -0.8651820421218872 -0.2903214991092682 0.4065012037754059
1758725143.741756 -19.385971069335938 -2.578324794769287 4.543521881103516 0.044255394488573074 -0.8508570790290833 -0.2823694050312042 0.44085296988487244
1758725144.54172 -20.3100528717041 -2.4294400215148926 3.9154815673828125 0.0440722219645977 -0.851516604423523 -0.28407591581344604 0.4384951889514923
1758725145.341673 -21.167510986328125 -2.2355618476867676 3.2011642456054688 0.04676106572151184 -0.8631134033203125 -0.2896146774291992 0.4110620319843292
1758725146.34168 -22.180702209472656 -2.048532485961914 2.3642101287841797 0.04836476966738701 -0.8663087487220764 -0.28210756182670593 0.40937191247940063
1758725147.208276 -23.033531188964844 -1.8787484169006348 1.6558799743652344 0.045509222894907 -0.8664861917495728 -0.28342553973197937 0.40841224789619446
1758725148.074935 -23.87689208984375 -1.7031149864196777 0.94775390625 0.046541012823581696 -0.8672724366188049 -0.2827666699886322 0.4070816934108734
1758725148.94162 -24.603439331054688 -1.5232858657836914 0.29116058349609375 0.04540645331144333 -0.8798373341560364 -0.29470691084861755 0.3700978755950928
1758725150.14159 -25.470779418945312 -1.2570915222167969 -0.6318550109863281 0.038711342960596085 -0.8845752477645874 -0.2988330125808716 0.35598716139793396
1758725151.474868 -26.45549774169922 -1.005711555480957 -1.5526542663574219 0.038633301854133606 -0.873062014579773 -0.29023629426956177 0.38991430401802063
1758725152.874842 -27.494239807128906 -0.7525157928466797 -2.5090484619140625 0.038788411766290665 -0.8750710487365723 -0.2892598509788513 0.3861023485660553
1758725155.341453 -28.95106315612793 -0.28571033477783203 -4.031757354736328 0.03297842666506767 -0.8744251728057861 -0.2896849513053894 0.387783020734787
1758725156.808074 -29.95765495300293 -0.016867637634277344 -4.983985900878906 0.03767581656575203 -0.8638338446617126 -0.2862139940261841 0.41285955905914307
1758725158.341401 -31.118558883666992 0.2377643585205078 -5.858509063720703 0.03956134244799614 -0.8535588383674622 -0.2868315875530243 0.4331280291080475
1758725160.141319 -32.1031379699707 0.42661476135253906 -6.634574890136719 0.041869811713695526 -0.8498858213424683 -0.28317856788635254 0.4424373209476471
1758725163.141272 -33.41709518432617 0.706120491027832 -7.797931671142578 0.04362732172012329 -0.874168872833252 -0.29357749223709106 0.3843666613101959
1758725165.074566 -34.32535171508789 0.9175491333007812 -8.620006561279297 0.04379706457257271 -0.8591334819793701 -0.28438225388526917 0.4232001006603241
1758725167.341162 -35.47730255126953 1.177678108215332 -9.588966369628906 0.03997468575835228 -0.8575193881988525 -0.285045862197876 0.4263935685157776
1758725169.807803 -36.743019104003906 1.4301958084106445 -10.593612670898438 0.03683464601635933 -0.8532782793045044 -0.2831662893295288 0.43632134795188904
1758725171.874424 -37.8918342590332 1.6426801681518555 -11.480487823486328 0.03539041802287102 -0.8401581048965454 -0.2742748558521271 0.46653518080711365
1758725174.807667 -39.53486633300781 1.8498153686523438 -12.52988052368164 0.03318743407726288 -0.834355890750885 -0.26916494965553284 0.4798947870731354
1758725176.874269 -40.9050178527832 2.0475006103515625 -13.330123901367188 0.027874307706952095 -0.8292388916015625 -0.26881349086761475 0.48920878767967224
1758725178.140933 -41.86695861816406 2.1817665100097656 -13.868488311767578 0.025978783145546913 -0.8271053433418274 -0.2684461176395416 0.49311110377311707
1758725179.474243 -42.64408874511719 2.2820510864257812 -14.308067321777344 0.02610124461352825 -0.8263022303581238 -0.2644289433956146 0.49660933017730713
1758725180.740845 -43.46604537963867 2.392763137817383 -14.760658264160156 0.02344893477857113 -0.8237351775169373 -0.26601797342300415 0.500144898891449
1758725182.207504 -44.459022521972656 2.532777786254883 -15.273639678955078 0.0220450758934021 -0.8215143084526062 -0.2672930061817169 0.5031726360321045
1758725183.607803 -45.248046875 2.6758670806884766 -15.819244384765625 0.024996601045131683 -0.8503283262252808 -0.27399545907974243 0.4486016631126404
1758725184.740755 -45.849761962890625 2.845296859741211 -16.28875732421875 0.01862151362001896 -0.8524187803268433 -0.29941511154174805 0.4282359778881073
1758725185.540748 -46.21995544433594 2.920337677001953 -16.603771209716797 0.03501712158322334 -0.8631818890571594 -0.280247300863266 0.41851210594177246
1758725186.74066 -46.752105712890625 3.0585479736328125 -17.075321197509766 0.03172267973423004 -0.8702994585037231 -0.2885195016860962 0.3979056775569916
1758725187.807348 -47.235389709472656 3.199359893798828 -17.522640228271484 0.03386053442955017 -0.8729963898658752 -0.29737386107444763 0.3850969076156616
1758725188.674014 -47.709442138671875 3.3246498107910156 -17.958255767822266 0.035390645265579224 -0.871868908405304 -0.28867849707603455 0.39402633905410767
1758725189.540645 -48.26354217529297 3.410207748413086 -18.387569427490234 0.04172521084547043 -0.8667019605636597 -0.2763969302177429 0.41314834356307983
1758725190.540639 -48.90586853027344 3.5448341369628906 -18.933853149414062 0.0460052490234375 -0.8665292859077454 -0.27712616324424744 0.41256704926490784
1758725191.407409 -49.51139831542969 3.703205108642578 -19.443099975585938 0.04364897310733795 -0.8608632683753967 -0.29405179619789124 0.41296809911727905
1758725192.140587 -50.04695129394531 3.8210296630859375 -19.884479522705078 0.041224513202905655 -0.8636527061462402 -0.29262956976890564 0.40837791562080383
1758725192.807284 -50.544822692871094 3.957012176513672 -20.308124542236328 0.0425652414560318 -0.8622077703475952 -0.2965255379676819 0.40848326683044434
1758725193.47387 -51.0915412902832 4.090459823608398 -20.77090835571289 0.043938133865594864 -0.8640027642250061 -0.2962985634803772 0.40469232201576233
1758725194.140556 -51.655879974365234 4.238842010498047 -21.232196807861328 0.04181909188628197 -0.8620355129241943 -0.3039305508136749 0.4034503400325775
1758725194.940537 -52.3254280090332 4.406761169433594 -21.78481674194336 0.041759099811315536 -0.8638306856155396 -0.303758829832077 0.3997291624546051
1758725195.740696 -52.95969772338867 4.56036376953125 -22.32733917236328 0.04023333266377449 -0.8657534718513489 -0.3004467785358429 0.3982259929180145
1758725196.340508 -53.44131851196289 4.68165397644043 -22.736900329589844 0.03739304095506668 -0.8682988286018372 -0.2971687316894531 0.39541083574295044
1758725196.940594 -53.932884216308594 4.795978546142578 -23.164016723632812 0.033785223960876465 -0.8719481825828552 -0.2907138168811798 0.3924925625324249
1758725197.740544 -54.550193786621094 4.958517074584961 -23.702499389648438 0.025132842361927032 -0.8783872127532959 -0.290467768907547 0.3787252604961395
1758725198.540438 -54.922428131103516 5.147308349609375 -24.321609497070312 0.02847546711564064 -0.9216447472572327 -0.30607712268829346 0.236805722117424
1758725199.74039 -55.22706985473633 5.450422286987305 -25.26223373413086 0.031272437423467636 -0.935808539390564 -0.3172898590564728 0.15037177503108978
1758725200.67372 -55.400814056396484 5.751080513000488 -26.122798919677734 0.03351724147796631 -0.9421568512916565 -0.32034140825271606 0.09272781014442444
1758725201.540331 -55.57896423339844 6.050511360168457 -26.99935531616211 0.033548805862665176 -0.9426383972167969 -0.32443416118621826 0.07106276601552963
1758725202.407004 -55.701454162597656 6.390165328979492 -27.932689666748047 0.034311216324567795 -0.9417085647583008 -0.3309098184108734 0.05006495490670204
1758725203.207007 -55.696842193603516 6.701539993286133 -28.779203414916992 0.030380133539438248 -0.943551242351532 -0.3293226659297943 -0.018298065289855003
1758725203.740293 -55.61250686645508 6.9120635986328125 -29.34839630126953 0.02778545580804348 -0.9415653944015503 -0.3296734690666199 -0.06322967261075974
1758725204.406969 -55.49782943725586 7.177295684814453 -30.057497024536133 0.027193544432520866 -0.9395387768745422 -0.33080166578292847 -0.0842476487159729
1758725204.940305 -55.371376037597656 7.406344413757324 -30.66413116455078 0.027315624058246613 -0.9381781220436096 -0.3307879865169525 -0.09825991094112396
1758725205.406938 -55.228759765625 7.658736705780029 -31.331951141357422 0.022176798433065414 -0.9356468915939331 -0.33447420597076416 -0.11045420169830322
1758725205.80691 -55.09901428222656 7.8607072830200195 -31.868879318237305 0.01967540755867958 -0.9362893104553223 -0.32818731665611267 -0.12356525659561157
1758725206.340589 -54.88104248046875 8.147050857543945 -32.6365966796875 0.015157018788158894 -0.9340370297431946 -0.3283102512359619 -0.13984844088554382
1758725206.806895 -54.66730499267578 8.419526100158691 -33.31492614746094 0.01598832756280899 -0.930622935295105 -0.3330036699771881 -0.15097679197788239
1758725207.140231 -54.48439025878906 8.626388549804688 -33.82838439941406 0.017551446333527565 -0.9262892603874207 -0.34081950783729553 -0.15975713729858398
1758725207.540177 -54.24823760986328 8.892318725585938 -34.47552490234375 0.021755751222372055 -0.9251535534858704 -0.33998218178749084 -0.16742096841335297
1758725207.87353 -54.02851104736328 9.099111557006836 -35.02510070800781 0.022072570398449898 -0.9278406500816345 -0.3278595805168152 -0.17644450068473816
1758725208.206851 -53.78624725341797 9.332098007202148 -35.61693572998047 0.02995230257511139 -0.9266178011894226 -0.32750967144966125 -0.1822628527879715
1758725208.540357 -53.523170471191406 9.585165023803711 -36.227745056152344 0.038666948676109314 -0.9229973554611206 -0.3331327736377716 -0.18868817389011383
1758725208.873511 -53.27049255371094 9.810832977294922 -36.823726654052734 0.038939908146858215 -0.9234132170677185 -0.3279778063297272 -0.19550521671772003
1758725209.274289 -52.948814392089844 10.075444221496582 -37.5133171081543 0.03575751557946205 -0.9210004806518555 -0.32266342639923096 -0.21533209085464478
1758725209.540545 -52.68482208251953 10.250079154968262 -37.95152282714844 0.03143394738435745 -0.9114233255386353 -0.32050028443336487 -0.2561231553554535
1758725209.873464 -52.28472900390625 10.458626747131348 -38.45519256591797 0.02620476484298706 -0.8898811936378479 -0.31941738724708557 -0.3246496915817261
1758725210.207067 -51.88982391357422 10.658159255981445 -38.934452056884766 0.025371653959155083 -0.8877673149108887 -0.319737046957016 -0.3301418721675873
1758725210.540177 -51.49530029296875 10.843317985534668 -39.40087127685547 0.023776818066835403 -0.8860487341880798 -0.31488990783691406 -0.3394063115119934
1758725210.87347 -51.066749572753906 11.042108535766602 -39.87722396850586 0.02366442047059536 -0.8822928667068481 -0.3175199031829834 -0.34667065739631653
1758725211.27347 -50.56303787231445 11.264246940612793 -40.41504669189453 0.024131298065185547 -0.878667950630188 -0.31533220410346985 -0.3576674163341522
1758725211.60682 -50.13634490966797 11.444207191467285 -40.864158630371094 0.021826758980751038 -0.8773138523101807 -0.31215807795524597 -0.36386993527412415
1758725212.007116 -49.60078048706055 11.675996780395508 -41.39943313598633 0.023364316672086716 -0.8725326657295227 -0.3159780502319336 -0.37188541889190674
1758725212.340095 -49.15519332885742 11.857608795166016 -41.842716217041016 0.02172502502799034 -0.8711888790130615 -0.31248345971107483 -0.3780372440814972
1758725212.673422 -48.72098922729492 12.038518905639648 -42.255252838134766 0.019502781331539154 -0.8679953217506409 -0.3141440451145172 -0.3840799331665039
1758725213.073424 -48.17587661743164 12.256708145141602 -42.76554870605469 0.017277387902140617 -0.8653357625007629 -0.3139593005180359 -0.3902885615825653
1758725213.473423 -47.631797790527344 12.467273712158203 -43.25419616699219 0.017713205888867378 -0.8624621629714966 -0.31508660316467285 -0.39568373560905457
1758725213.806722 -47.165245056152344 12.646202087402344 -43.66952133178711 0.01861593686044216 -0.8609771132469177 -0.31518739461898804 -0.39878422021865845
1758725214.140071 -46.7005615234375 12.825859069824219 -44.06694030761719 0.0185723714530468 -0.858357310295105 -0.31568199396133423 -0.4040084481239319
1758725214.473372 -46.21769714355469 12.974963188171387 -44.407047271728516 0.020270729437470436 -0.8437968492507935 -0.30909428000450134 -0.4382428228855133
1758725214.806701 -45.71658706665039 13.132576942443848 -44.74311828613281 0.021806521341204643 -0.8390507698059082 -0.3079530596733093 -0.4479767978191376
1758725215.140245 -45.20179748535156 13.29585075378418 -45.07954406738281 0.02416682243347168 -0.8363008499145508 -0.30768582224845886 -0.4531515836715698
1758725215.473399 -44.691673278808594 13.453969955444336 -45.40280532836914 0.024464014917612076 -0.8332512378692627 -0.3084348738193512 -0.45821601152420044
1758725215.806707 -44.16386032104492 13.609636306762695 -45.742774963378906 0.024474265053868294 -0.8310503363609314 -0.306145042181015 -0.4637150764465332
1758725216.139982 -43.637325286865234 13.76364803314209 -46.05575942993164 0.02487575076520443 -0.8280007243156433 -0.30420440435409546 -0.4703782796859741
1758725216.608507 -42.97714614868164 13.977096557617188 -46.48596954345703 0.027646733447909355 -0.8373128175735474 -0.3091300427913666 -0.45009058713912964
1758725217.006662 -42.45684051513672 14.1544189453125 -46.897132873535156 0.027221543714404106 -0.8505958318710327 -0.3098740577697754 -0.42393842339515686
1758725217.339983 -41.963401794433594 14.329320907592773 -47.27342224121094 0.02968260459601879 -0.8474466800689697 -0.3104942739009857 -0.42958858609199524
1758725217.673317 -41.466793060302734 14.503570556640625 -47.651771545410156 0.031151365488767624 -0.8469168543815613 -0.30904918909072876 -0.43156698346138
1758725218.006641 -40.954315185546875 14.67760181427002 -48.033084869384766 0.031832534819841385 -0.8454926013946533 -0.31014251708984375 -0.4335211217403412
1758725218.339965 -40.439422607421875 14.857815742492676 -48.423606872558594 0.03144264593720436 -0.8453086018562317 -0.3089450001716614 -0.4347618520259857
1758725218.673444 -39.92823028564453 15.029289245605469 -48.802677154541016 0.029432198032736778 -0.8434839248657227 -0.30918967723846436 -0.4382583796977997
1758725219.006598 -39.418785095214844 15.193355560302734 -49.174949645996094 0.028625953942537308 -0.842502236366272 -0.30867740511894226 -0.4405551254749298
1758725219.33995 -38.8905029296875 15.368343353271484 -49.557464599609375 0.028397319838404655 -0.8416802287101746 -0.30772432684898376 -0.4428022801876068
1758725219.673941 -38.35546875 15.550137519836426 -49.934242248535156 0.028218155726790428 -0.8398336172103882 -0.30831873416900635 -0.44589561223983765
1758725220.006603 -37.807472229003906 15.725934982299805 -50.323848724365234 0.02719477377831936 -0.8380958437919617 -0.30944377183914185 -0.44844213128089905
1758725220.339883 -37.28955841064453 15.901322364807129 -50.680850982666016 0.028482692316174507 -0.8351344466209412 -0.31223440170288086 -0.4519391357898712
1758725220.739891 -36.66410827636719 16.091320037841797 -51.09150695800781 0.024630405008792877 -0.834075927734375 -0.3096860945224762 -0.455856591463089
1758725221.073233 -36.1187744140625 16.26983642578125 -51.446861267089844 0.02577713318169117 -0.8318091630935669 -0.3105179965496063 -0.45935574173927307
1758725221.406582 -35.58099365234375 16.4543514251709 -51.80183410644531 0.027032505720853806 -0.8299693465232849 -0.3125767409801483 -0.46121135354042053
1758725221.806558 -34.932159423828125 16.664302825927734 -52.23276901245117 0.028078541159629822 -0.8285569548606873 -0.3123052418231964 -0.4638647437095642
1758725222.073231 -34.48828125 16.801971435546875 -52.51719665527344 0.025503983721137047 -0.8265379071235657 -0.3129406273365021 -0.4671754240989685
1758725222.47318 -33.825408935546875 17.01478385925293 -52.93052673339844 0.026161061599850655 -0.8250330686569214 -0.314792275428772 -0.4685530662536621
1758725222.806523 -33.263916015625 17.179765701293945 -53.27446365356445 0.026032889261841774 -0.8232287168502808 -0.31283333897590637 -0.4730244576931
1758725223.206505 -32.55842208862305 17.356224060058594 -53.592071533203125 0.021105455234646797 -0.7860902547836304 -0.30062440037727356 -0.5396681427955627
1758725223.473178 -32.07427978515625 17.429719924926758 -53.734352111816406 0.011915795505046844 -0.7541075944900513 -0.28596261143684387 -0.5911051034927368
1758725223.873168 -31.332050323486328 17.57529640197754 -53.9256591796875 0.016192913055419922 -0.7404078245162964 -0.2992376685142517 -0.6016567945480347
1758725224.206527 -30.72978973388672 17.682178497314453 -54.08125686645508 0.010049328207969666 -0.736458420753479 -0.299309104681015 -0.6065822839736938
1758725224.539832 -30.133304595947266 17.785762786865234 -54.23626708984375 0.006444713566452265 -0.7332597970962524 -0.2999696433544159 -0.6101694107055664
1758725224.939773 -29.43740463256836 17.891307830810547 -54.40589141845703 0.0011595537653192878 -0.7339174747467041 -0.2925163209438324 -0.6130236387252808
1758725225.273115 -28.848949432373047 17.974491119384766 -54.54265594482422 -0.002136646071448922 -0.733128011226654 -0.28827738761901855 -0.6159666180610657
1758725225.606451 -28.25973892211914 18.044233322143555 -54.69168472290039 -0.005569155793637037 -0.730700671672821 -0.28656142950057983 -0.6196193695068359
1758725225.939799 -27.686004638671875 18.091421127319336 -54.80485534667969 -0.016184039413928986 -0.7220845222473145 -0.27352043986320496 -0.6352311968803406
1758725226.273142 -27.100055694580078 18.138261795043945 -54.861148834228516 -0.008653050288558006 -0.6936664581298828 -0.27264532446861267 -0.6666458249092102
1758725226.673071 -26.451669692993164 18.15196418762207 -54.86339569091797 -0.015787741169333458 -0.6580157279968262 -0.2589458227157593 -0.706903874874115
1758725227.139853 -25.717620849609375 18.146696090698242 -54.77932357788086 -0.0093736806884408 -0.6164957880973816 -0.2420896589756012 -0.7491580247879028
1758725227.673101 -24.908592224121094 18.09248161315918 -54.582366943359375 -0.011689666658639908 -0.5659054517745972 -0.2203734666109085 -0.7943865656852722
1758725228.206429 -24.140491485595703 18.02645492553711 -54.31013488769531 -0.008131093345582485 -0.5175693035125732 -0.2119244933128357 -0.8289414644241333
1758725228.673022 -23.554224014282227 17.940216064453125 -54.03670883178711 -0.011056649498641491 -0.48433613777160645 -0.2013031393289566 -0.8513362407684326
1758725229.406569 -22.857791900634766 17.81222152709961 -53.67234802246094 -0.01876870170235634 -0.4655895233154297 -0.19019949436187744 -0.8641170263290405
1758725230.073039 -22.181529998779297 17.710716247558594 -53.286277770996094 -0.005591679830104113 -0.4518474042415619 -0.19198720157146454 -0.8711736798286438
1758725230.606296 -21.659034729003906 17.624248504638672 -52.975547790527344 -0.005560310557484627 -0.4446313679218292 -0.18797346949577332 -0.875749945640564
1758725231.139633 -21.158945083618164 17.527935028076172 -52.67235565185547 -0.01003218162804842 -0.4352600872516632 -0.1838907152414322 -0.8812673687934875
1758725231.739637 -20.57264518737793 17.430238723754883 -52.286468505859375 -0.0010813975241035223 -0.4227274954319 -0.18791089951992035 -0.8865606784820557
1758725232.272972 -20.049474716186523 17.337158203125 -51.92588806152344 0.0017334467265754938 -0.41688060760498047 -0.18743187189102173 -0.8894250988960266
1758725232.806242 -19.546680450439453 17.235912322998047 -51.57551956176758 -0.0018688184209167957 -0.41135847568511963 -0.18263864517211914 -0.8929859399795532
1758725233.339597 -19.027971267700195 17.13953971862793 -51.20650863647461 0.0010776343988254666 -0.40650972723960876 -0.17894886434078217 -0.8959497809410095
1758725233.872946 -18.512222290039062 17.038257598876953 -50.83022689819336 0.003121023066341877 -0.40098634362220764 -0.17592066526412964 -0.8990284204483032
1758725234.406258 -18.033641815185547 16.93343162536621 -50.45746612548828 0.0010612714104354382 -0.3961447477340698 -0.17202648520469666 -0.9019285440444946
1758725234.939557 -17.49582290649414 16.822952270507812 -50.026432037353516 0.0044603850692510605 -0.3917444348335266 -0.16979971528053284 -0.9042591452598572
1758725235.539574 -16.905271530151367 16.693761825561523 -49.5499153137207 0.004325137007981539 -0.3856627643108368 -0.16774077713489532 -0.9072533845901489
1758725236.072883 -16.366214752197266 16.57492446899414 -49.10380935668945 0.006900011096149683 -0.3814367353916168 -0.1661880910396576 -0.9093074202537537
1758725236.60622 -15.773210525512695 16.432662963867188 -48.60069274902344 0.005709409713745117 -0.3770575523376465 -0.16271314024925232 -0.9117672443389893
1758725237.139507 -15.161348342895508 16.291553497314453 -48.091758728027344 0.005534122698009014 -0.37563130259513855 -0.16188877820968628 -0.9125034213066101
1758725237.673431 -14.539289474487305 16.18075180053711 -47.64619827270508 0.006897779181599617 -0.4063299000263214 -0.17437288165092468 -0.8969072699546814
1758725238.206167 -13.893863677978516 16.055805206298828 -47.161346435546875 0.00805540569126606 -0.40067675709724426 -0.17221003770828247 -0.8998538851737976
1758725238.606154 -13.389616012573242 15.960039138793945 -46.78892517089844 0.007425382267683744 -0.4015682339668274 -0.169471874833107 -0.8999817371368408
1758725238.939428 -12.921209335327148 15.871517181396484 -46.43142318725586 0.00867555569857359 -0.4019176661968231 -0.16894890367984772 -0.8999128937721252
1758725239.272773 -12.407299995422363 15.794673919677734 -46.092308044433594 0.012258416973054409 -0.42463618516921997 -0.17719189822673798 -0.8877707123756409
1758725239.672771 -11.802087783813477 15.723315238952637 -45.77629089355469 0.014610635116696358 -0.4687918424606323 -0.18938833475112915 -0.8626429438591003
1758725240.006113 -11.279003143310547 15.656185150146484 -45.50812911987305 0.012371465563774109 -0.47217288613319397 -0.1882852017879486 -0.8610739707946777
1758725240.339437 -10.728939056396484 15.591161727905273 -45.222450256347656 0.012344006448984146 -0.47649288177490234 -0.1867939680814743 -0.859017014503479
1758725240.672779 -10.154391288757324 15.53021240234375 -44.93870544433594 0.014774643816053867 -0.4801790118217468 -0.18743203580379486 -0.8567841649055481
1758725241.072729 -9.46906566619873 15.47153377532959 -44.60059356689453 0.02024899609386921 -0.4833793044090271 -0.19135813415050507 -0.8540003299713135
1758725241.406107 -8.916059494018555 15.399637222290039 -44.3465690612793 0.007776348851621151 -0.48826172947883606 -0.18570055067539215 -0.8526754379272461
1758725241.806052 -8.269308090209961 15.313971519470215 -43.98948669433594 0.011981167830526829 -0.46219688653945923 -0.17954881489276886 -0.8683275580406189
1758725242.139376 -7.745452880859375 15.233821868896484 -43.64567565917969 0.013929027132689953 -0.4411490261554718 -0.1758362203836441 -0.8799290657043457
1758725242.473179 -7.217838287353516 15.152899742126465 -43.331363677978516 0.011568082496523857 -0.448154479265213 -0.1758483648300171 -0.8764138221740723
1758725242.872739 -6.60020637512207 15.062819480895996 -42.968868255615234 0.011049346998333931 -0.4466434121131897 -0.17525161802768707 -0.8773109912872314
1758725243.139372 -6.172619819641113 14.996654510498047 -42.717220306396484 0.01191508024930954 -0.4454518258571625 -0.1767585277557373 -0.8776030540466309
1758725243.539339 -5.557818412780762 14.912193298339844 -42.3608512878418 0.010449076071381569 -0.44418078660964966 -0.17574788630008698 -0.8784685134887695
1758725243.872673 -5.0164384841918945 14.833768844604492 -42.03312683105469 0.009524229913949966 -0.4411812424659729 -0.1787627935409546 -0.8793818354606628
1758725244.206002 -4.493770599365234 14.759238243103027 -41.71407699584961 0.008706043474376202 -0.43943414092063904 -0.17948324978351593 -0.8801180124282837
1758725244.606158 -3.8664159774780273 14.659608840942383 -41.335838317871094 0.007721187546849251 -0.4383472800254822 -0.1782670021057129 -0.8809159994125366
1758725244.939328 -3.380035400390625 14.576213836669922 -41.01035690307617 0.005849866662174463 -0.42478543519973755 -0.17248977720737457 -0.8886902928352356
1758725245.272624 -2.899625778198242 14.484456062316895 -40.65138626098633 0.009416299872100353 -0.402965247631073 -0.16623865067958832 -0.8999416828155518
1758725245.605951 -2.45401668548584 14.370471954345703 -40.25865173339844 0.006090572569519281 -0.37348905205726624 -0.15389838814735413 -0.9147590398788452
1758725246.005962 -1.9183588027954102 14.235742568969727 -39.78737258911133 0.0034484330099076033 -0.3700025677680969 -0.1499509960412979 -0.9168428778648376
1758725246.339292 -1.4743309020996094 14.118982315063477 -39.38719177246094 0.006824984680861235 -0.3649316132068634 -0.15042869746685028 -0.9187760949134827
1758725246.739288 -0.9493541717529297 13.987658500671387 -38.901145935058594 0.007642497308552265 -0.35931360721588135 -0.14815276861190796 -0.9213501214981079
1758725247.139296 -0.4202442169189453 13.851787567138672 -38.42174530029297 0.007353779394179583 -0.3544694781303406 -0.14618150889873505 -0.9235411882400513
1758725247.47256 0.02198505401611328 13.735672950744629 -38.00555419921875 0.009114199317991734 -0.351164311170578 -0.14405016601085663 -0.9251217246055603
1758725247.872552 0.5457406044006348 13.589372634887695 -37.493309020996094 0.00804933998733759 -0.34634608030319214 -0.14154015481472015 -0.9273327589035034
1758725248.272591 1.0521831512451172 13.435602188110352 -36.99986267089844 0.004886945243924856 -0.34016746282577515 -0.1393672376871109 -0.9299672245979309
1758725248.672601 1.5461935997009277 13.293069839477539 -36.501243591308594 0.005161726847290993 -0.33252885937690735 -0.14194056391716003 -0.9323362112045288
1758725249.005912 1.9686002731323242 13.18193531036377 -36.071346282958984 0.008100410923361778 -0.3278191089630127 -0.1446087807416916 -0.9335724115371704
1758725249.472516 2.5299272537231445 13.010801315307617 -35.44451141357422 0.008991312235593796 -0.30553174018859863 -0.13752049207687378 -0.9421558976173401
1758725249.872518 2.959467887878418 12.846393585205078 -34.88644790649414 0.006499086506664753 -0.27756327390670776 -0.12686918675899506 -0.9522713422775269
1758725250.205851 3.276154041290283 12.7111234664917 -34.43492126464844 0.008520837873220444 -0.27011117339134216 -0.12262248247861862 -0.9549508690834045
1758725250.672545 3.736407518386841 12.51698112487793 -33.81922912597656 0.003685440868139267 -0.26619577407836914 -0.1156180128455162 -0.9569528698921204
1758725251.072509 4.11044454574585 12.354167938232422 -33.27404022216797 0.005684770178049803 -0.26058852672576904 -0.11205221712589264 -0.9589086174964905
1758725251.472512 4.479986190795898 12.194172859191895 -32.72868347167969 0.007097872905433178 -0.2549012005329132 -0.10926347225904465 -0.9607479572296143
1758725251.8058 4.782945156097412 12.062429428100586 -32.279624938964844 0.009334861300885677 -0.25055140256881714 -0.10617673397064209 -0.9622179865837097
1758725252.205839 5.143975257873535 11.905521392822266 -31.727012634277344 0.01013959664851427 -0.2459915429353714 -0.10253458470106125 -0.9637801051139832
1758725252.672468 5.537257194519043 11.715768814086914 -31.080747604370117 0.010672449134290218 -0.2392588108778 -0.09997975826263428 -0.965735673904419
1758725253.07256 5.865602016448975 11.557661056518555 -30.535383224487305 0.009558632969856262 -0.2346552610397339 -0.09723515808582306 -0.9671561121940613
1758725253.472624 6.184532165527344 11.398829460144043 -30.020553588867188 0.008488533087074757 -0.23002220690250397 -0.09431742131710052 -0.9685669541358948
1758725253.805737 6.446969032287598 11.254117012023926 -29.553579330444336 0.00546856876462698 -0.22678527235984802 -0.09131299704313278 -0.9696393609046936
1758725254.20653 6.761669158935547 11.088690757751465 -28.991893768310547 0.009222959168255329 -0.2171059399843216 -0.08815844357013702 -0.9721152782440186
1758725254.539078 6.984598159790039 10.946364402770996 -28.516498565673828 0.00979671347886324 -0.19332590699195862 -0.07958602160215378 -0.9778523445129395
1758725254.939066 7.223219871520996 10.770707130432129 -27.91874122619629 0.012864304706454277 -0.16669532656669617 -0.07098958641290665 -0.983365535736084
1758725255.272411 7.428182601928711 10.614514350891113 -27.41287612915039 0.010720079764723778 -0.16054488718509674 -0.06967189908027649 -0.9845081567764282
1758725255.672425 7.6601481437683105 10.42807388305664 -26.812213897705078 0.008743379265069962 -0.1532549411058426 -0.06634578853845596 -0.9859182834625244
1758725256.139042 7.914945125579834 10.223577499389648 -26.140771865844727 0.009790157899260521 -0.146195650100708 -0.06303102523088455 -0.9871971011161804
1758725256.605708 8.152812004089355 10.001665115356445 -25.422225952148438 0.008724339306354523 -0.13840346038341522 -0.05928213521838188 -0.9885616302490234
1758725257.005685 8.35486125946045 9.8137788772583 -24.80921745300293 0.008321287110447884 -0.1322634220123291 -0.056994613260030746 -0.9895396828651428
1758725257.472378 8.573640823364258 9.603617668151855 -24.136316299438477 0.00844604056328535 -0.12498448044061661 -0.05493222549557686 -0.9906008839607239
1758725257.939011 8.7783842086792 9.386632919311523 -23.437862396240234 0.007884248159825802 -0.11803243309259415 -0.05216347798705101 -0.9916073679924011
1758725258.205667 8.895533561706543 9.248995780944824 -23.009180068969727 0.007334286347031593 -0.11457531154155731 -0.049771830439567566 -0.9921398758888245
1758725258.605653 9.067193984985352 9.049203872680664 -22.359193801879883 0.008471336215734482 -0.10935390740633011 -0.04785000532865524 -0.9928143620491028
1758725258.805674 9.150358200073242 8.94420337677002 -22.02826499938965 0.008402373641729355 -0.10664724558591843 -0.046988531947135925 -0.9931504726409912
1758725259.272325 9.328373908996582 8.713478088378906 -21.29335594177246 0.005613160319626331 -0.10150469839572906 -0.04380320385098457 -0.9938544034957886
1758725259.672817 9.475432395935059 8.519128799438477 -20.681013107299805 0.005547301843762398 -0.09659205377101898 -0.042199086397886276 -0.9944136738777161
1758725259.939125 9.565407752990723 8.385746955871582 -20.253950119018555 0.00692784646525979 -0.09386665374040604 -0.0407257117331028 -0.994727373123169
1758725260.405874 9.723182678222656 8.15096664428711 -19.51957130432129 0.006613137666136026 -0.08965003490447998 -0.0366707369685173 -0.9952760934829712
1758725260.805667 9.857333183288574 7.946215629577637 -18.89634895324707 0.005342464428395033 -0.08635992556810379 -0.03296731784939766 -0.9957040548324585
1758725261.272483 10.005716323852539 7.716152667999268 -18.160308837890625 0.00945472251623869 -0.08196117728948593 -0.03133881464600563 -0.9960978627204895
1758725261.672502 10.116874694824219 7.529898643493652 -17.5229549407959 0.014677619561553001 -0.07890895009040833 -0.028447430580854416 -0.9963677525520325
1758725262.13889 10.244237899780273 7.302580833435059 -16.827707290649414 0.005307907238602638 -0.07493995130062103 -0.02508482336997986 -0.9968584179878235
1758725262.538899 10.358482360839844 7.098756790161133 -16.19920539855957 0.0055666896514594555 -0.0710955560207367 -0.025022387504577637 -0.9971400499343872
1758725263.072224 10.494765281677246 6.82461404800415 -15.3795166015625 0.0016972969751805067 -0.06647219508886337 -0.02326311729848385 -0.9975156188011169
1758725263.538877 10.624367713928223 6.6061272621154785 -14.640273094177246 0.012386667542159557 -0.0635978952050209 -0.021121732890605927 -0.9976752400398254
1758725263.93888 10.702576637268066 6.403264045715332 -14.041189193725586 0.005148215219378471 -0.062154270708560944 -0.01583070121705532 -0.9979277849197388
1758725264.405495 10.793048858642578 6.173290252685547 -13.3585786819458 0.0009219477651640773 -0.060716692358255386 -0.011324676685035229 -0.998090386390686
1758725264.805525 10.877039909362793 5.969010829925537 -12.7503662109375 0.0025031850673258305 -0.05780754238367081 -0.010447106324136257 -0.9982700347900391
1758725265.272169 10.969950675964355 5.74010705947876 -12.025222778320312 0.006478691939264536 -0.05450952425599098 -0.00914628617465496 -0.9984503984451294
1758725265.672168 11.043237686157227 5.530736446380615 -11.405941009521484 0.004228336736559868 -0.05147228762507439 -0.009054133668541908 -0.9986244440078735
1758725266.072172 11.118602752685547 5.333075046539307 -10.777098655700684 0.003386806696653366 -0.049133382737636566 -0.007802092935889959 -0.9987560510635376
1758725266.538819 11.197379112243652 5.087310791015625 -10.047606468200684 0.0009605424129404128 -0.04716131463646889 -0.006061093881726265 -0.9988685250282288
1758725267.005484 11.28145980834961 4.846305847167969 -9.319212913513184 0.0010368343209847808 -0.04378281161189079 -0.005602125544101 -0.9990248680114746
1758725267.472105 11.358518600463867 4.602824687957764 -8.594938278198242 2.975576762764831e-06 -0.04063357785344124 -0.005663295276463032 -0.9991580843925476
1758725267.938787 11.422353744506836 4.363881587982178 -7.867514133453369 0.005323192570358515 -0.03903481364250183 -0.0048769074492156506 -0.999211847782135
1758725268.405521 11.48153018951416 4.114245414733887 -7.13286828994751 0.0024252005387097597 -0.034481681883335114 -0.004527520854026079 -0.9993921518325806
1758725268.93877 11.549263954162598 3.8340930938720703 -6.342184066772461 -0.007034533657133579 -0.03310754522681236 -0.004509556107223034 -0.9994168877601624
1758725269.472056 11.620882987976074 3.5612175464630127 -5.5245041847229 -0.00020612812659237534 -0.02963346429169178 -0.00543952314183116 -0.9995461106300354
1758725269.938722 11.68921947479248 3.3308701515197754 -4.8095316886901855 0.007170981261879206 -0.043534912168979645 -0.012470226734876633 -0.9989483952522278
1758725270.472154 11.883959770202637 3.0715203285217285 -4.054488182067871 0.0027320017106831074 -0.0962628647685051 -0.03190383315086365 -0.9948407411575317
1758725271.005357 12.063411712646484 2.808373212814331 -3.265455961227417 0.0028239493258297443 -0.0960087701678276 -0.0325465202331543 -0.9948443174362183
1758725271.405367 12.215730667114258 2.6083168983459473 -2.652801275253296 0.0038233839441090822 -0.10038676857948303 -0.03261197730898857 -0.9944065809249878
1758725271.805354 12.377211570739746 2.400315046310425 -2.0286874771118164 0.003655489534139633 -0.1033540591597557 -0.03495623171329498 -0.9940235018730164
1758725272.272016 12.575311660766602 2.157737970352173 -1.3095932006835938 0.00043835866381414235 -0.10665424913167953 -0.03656007722020149 -0.9936237335205078
1758725272.671969 12.74978256225586 1.9541354179382324 -0.6941362023353577 -6.7052574195258785e-06 -0.11042437702417374 -0.03707650676369667 -0.993192732334137
1758725273.005308 12.896780967712402 1.7789850234985352 -0.17958174645900726 -0.0001976910571102053 -0.11237265169620514 -0.03888443857431412 -0.9929050207138062
1758725273.405302 13.068930625915527 1.5720499753952026 0.44420740008354187 0.00043981109047308564 -0.1136590912938118 -0.043057531118392944 -0.9925863146781921
1758725273.938636 13.30341625213623 1.3192797899246216 1.2266955375671387 0.003150777891278267 -0.11734022200107574 -0.04775657132267952 -0.9919378757476807
1758725274.40537 13.502330780029297 1.1122838258743286 1.8426909446716309 0.002717596711590886 -0.11849716305732727 -0.04921562969684601 -0.991730272769928
1758725275.005669 13.715998649597168 0.8721604347229004 2.559206485748291 -0.0008555075037293136 -0.12060905247926712 -0.04982021078467369 -0.9914487600326538
1758725275.538602 13.920576095581055 0.6452081799507141 3.2137293815612793 -0.0033302775118499994 -0.12260924279689789 -0.05031503364443779 -0.9911732077598572
1758725276.205245 14.16970443725586 0.3810146450996399 4.0098795890808105 -0.001842306461185217 -0.12581852078437805 -0.05187339335680008 -0.9906944632530212
1758725276.871897 14.385974884033203 0.14246410131454468 4.710641860961914 -0.003326836973428726 -0.12749284505844116 -0.052841946482658386 -0.9904252886772156
1758725277.405231 14.574325561523438 -0.05040360987186432 5.282672882080078 -0.002930685877799988 -0.12542453408241272 -0.05332903936505318 -0.9906644821166992
1758725278.138548 14.726624488830566 -0.2951866090297699 6.00531005859375 3.226941407774575e-05 -0.08181315660476685 -0.04004788398742676 -0.9958428144454956
1758725279.205164 14.821622848510742 -0.562431275844574 6.794576644897461 -0.00023575875093229115 -0.046612635254859924 -0.0290006622672081 -0.9984920024871826
1758725280.338471 14.892250061035156 -0.8239468932151794 7.541477680206299 -0.0032589654438197613 -0.03504737466573715 -0.02581961452960968 -0.999046802520752
1758725281.271776 14.968664169311523 -1.071650743484497 8.256721496582031 -0.0029525067657232285 -0.030760949477553368 -0.022842712700366974 -0.9992614388465881
1758725282.205109 15.024823188781738 -1.3195539712905884 8.981552124023438 -0.0027966578491032124 -0.02327609248459339 -0.018139434978365898 -0.9995605945587158
1758725283.271736 15.061477661132812 -1.574557900428772 9.708085060119629 -0.006899452768266201 -0.016630208119750023 -0.012435360811650753 -0.9997605681419373
1758725284.53842 15.100586891174316 -1.8544508218765259 10.506760597229004 -0.005201322957873344 -0.01585889235138893 -0.01133725419640541 -0.999796450138092
1758725286.071668 15.162079811096191 -2.1487362384796143 11.345572471618652 -0.006268781144171953 -0.027356965467333794 -0.013319764286279678 -0.9995173215866089
1758725287.272183 15.214034080505371 -2.3627870082855225 11.961901664733887 -0.005284774117171764 -0.03040124475955963 -0.011813760735094547 -0.9994540214538574
1758725288.271676 15.25148868560791 -2.5226035118103027 12.411880493164062 -0.00838122982531786 -0.03255471959710121 -0.011256144382059574 -0.9993714094161987
1758725288.6716 15.263787269592285 -2.5695719718933105 12.556989669799805 -0.005775239784270525 -0.03364662826061249 -0.011014985851943493 -0.9993563890457153
