1762212615.166659 -0.0 -0.0 -0.0 -0.0 -0.0 -0.0 1.0
1762212617.166618 -0.05187200754880905 -0.052036385983228683 0.08885912597179413 0.00874998513609171 -0.032444994896650314 -0.010731027461588383 0.9993776679039001
1762212619.366625 -0.3676444888114929 -0.40383461117744446 1.0980511903762817 0.014452873729169369 -0.03536822274327278 -0.01259179599583149 0.9991905093193054
1762212622.56659 -0.47288239002227783 -0.9681010842323303 2.6769168376922607 0.019955366849899292 -0.0026561019476503134 -0.005238082259893417 0.9997836947441101
1762212624.433226 -0.8124127388000488 -1.1820579767227173 3.56782865524292 0.030320754274725914 -0.053565967828035355 -0.02360912598669529 0.9978246688842773
1762212626.499859 -1.0976190567016602 -1.490956425666809 4.662343502044678 0.04789777845144272 -0.11357514560222626 -0.047375794500112534 0.9912426471710205
1762212627.366517 -1.2753082513809204 -1.597170352935791 5.136320114135742 0.07532764226198196 -0.17643804848194122 -0.0684707835316658 0.9790337681770325
1762212628.166534 -1.3920714855194092 -1.7051825523376465 5.433765888214111 0.07067668437957764 -0.30506235361099243 -0.12260280549526215 0.9417591691017151
1762212629.099839 -1.3248603343963623 -1.7438898086547852 5.705642223358154 0.07819271087646484 -0.4645957350730896 -0.18482379615306854 0.8624829053878784
1762212688.299258 -1.616857886314392 -1.7169264554977417 5.4296112060546875 0.034751661121845245 -0.22887282073497772 -0.1959502398967743 0.9528972506523132
1762212688.899284 -1.6237797737121582 -1.6827949285507202 5.400248050689697 0.05034777522087097 -0.22382207214832306 -0.1969168484210968 0.9532012343406677
1762212690.099306 -1.5985443592071533 -1.6738405227661133 5.4102630615234375 0.05282849818468094 -0.22785377502441406 -0.19906194508075714 0.9516649842262268
1762212803.298165 -1.592733383178711 -1.7084085941314697 5.52325439453125 0.022996636107563972 -0.23327496647834778 -0.17306610941886902 0.9566096663475037
1762212804.564811 -1.5893207788467407 -1.7139372825622559 5.518470287322998 0.022450614720582962 -0.2349073588848114 -0.17431411147117615 0.9559964537620544
