1738249093.881602 -0.0 -0.0 -0.0 -0.0 -0.0 -0.0 1.0
1738249099.817097 -0.043035779148340225 -0.03611324727535248 0.1026403158903122 0.001349270693026483 -0.031528081744909286 -0.012632068246603012 0.9994221925735474
1738249114.693031 -0.12046869844198227 -0.2316921204328537 0.7090399265289307 -0.0012379607651382685 -0.04630241543054581 -0.023533059284090996 0.9986494779586792
1738249115.556715 -0.22118636965751648 -0.40315383672714233 1.2737743854522705 -0.009163575246930122 -0.07614464312791824 -0.029904955998063087 0.9966061115264893
1738249116.623977 -0.32952478528022766 -0.6534925103187561 1.9642826318740845 0.00716622406616807 -0.08253894746303558 -0.025181401520967484 0.9962438941001892
1738249117.7576 -0.4666805863380432 -0.91668701171875 2.7157046794891357 0.007210558746010065 -0.08812236040830612 -0.029434815049171448 0.9956486225128174
1738249118.691503 -0.5940096378326416 -1.134131669998169 3.336118221282959 0.008943642489612103 -0.09142226725816727 -0.03392748907208443 0.9951938986778259
1738249119.82803 -0.7553240656852722 -1.4086225032806396 4.104942321777344 0.010573390871286392 -0.09958767890930176 -0.038584694266319275 0.9942241907119751
1738249121.025762 -0.9341346025466919 -1.6955466270446777 4.890693664550781 0.01182373333722353 -0.10659193247556686 -0.0381588377058506 0.9935000538825989
1738249122.026316 -1.058150291442871 -1.9334900379180908 5.549126625061035 0.012388463132083416 -0.0984892025589943 -0.029782401397824287 0.9946152567863464
1738249123.093589 -1.1869674921035767 -2.1779348850250244 6.221706390380859 0.012563406489789486 -0.0961814895272255 -0.0277547687292099 0.9948974847793579
1738249124.161318 -1.3119850158691406 -2.4180805683135986 6.892394065856934 0.014503506943583488 -0.09298935532569885 -0.02736501954495907 0.9951853156089783
1738249125.494065 -1.4642735719680786 -2.7348175048828125 7.7541117668151855 0.018054546788334846 -0.09717448055744171 -0.021778713911771774 0.9948652386665344
1738249126.361105 -1.5743013620376587 -2.952827215194702 8.355480194091797 0.010619787499308586 -0.10358811914920807 -0.01712537370622158 0.9944161772727966
1738249127.228201 -1.693326711654663 -3.16917085647583 8.9500732421875 0.010782086290419102 -0.106293685734272 -0.014167001470923424 0.9941754341125488
1738249128.495238 -1.8527575731277466 -3.4819693565368652 9.794927597045898 0.011972371488809586 -0.10889656841754913 -0.009621177799999714 0.9939345121383667
1738249129.695882 -2.0129542350769043 -3.767005443572998 10.599874496459961 0.00851836334913969 -0.11069609969854355 -0.010410708375275135 0.993763267993927
1738249130.762807 -2.1876070499420166 -4.01160192489624 11.327800750732422 0.004354939330369234 -0.11974884569644928 -0.017096182331442833 0.9926474690437317
1738249131.8968 -2.4153101444244385 -4.273383140563965 12.046420097351074 0.011787286028265953 -0.15495720505714417 -0.034615155309438705 0.987244188785553
1738249132.897007 -2.746546745300293 -4.481967926025391 12.612558364868164 0.01162546593695879 -0.24326704442501068 -0.06945936381816864 0.9673993587493896
1738249133.897593 -3.194324493408203 -4.673080921173096 13.121278762817383 0.011319689452648163 -0.3124014437198639 -0.09649824351072311 0.9449684619903564
1738249134.564487 -3.555926561355591 -4.785855770111084 13.405862808227539 0.015642758458852768 -0.37643492221832275 -0.12227635830640793 0.9182050824165344
1738249135.698116 -4.210848331451416 -4.966434478759766 13.81625747680664 0.024194015190005302 -0.4465412199497223 -0.1462523639202118 0.8823978304862976
1738249136.765241 -4.869693756103516 -5.109274387359619 14.121776580810547 0.02794952504336834 -0.4868476688861847 -0.16330760717391968 0.8576297760009766
1738249137.965833 -5.664403915405273 -5.25579833984375 14.43459701538086 0.027991369366645813 -0.5208621025085449 -0.18092194199562073 0.833778440952301
1738249138.832905 -6.264828205108643 -5.348027229309082 14.619794845581055 0.031236574053764343 -0.5449010729789734 -0.18992504477500916 0.8161100745201111
1738249140.03336 -7.111865520477295 -5.461368560791016 14.864553451538086 0.028825854882597923 -0.5617062449455261 -0.20030663907527924 0.8022047877311707
1738249141.100306 -7.878110885620117 -5.534574508666992 15.04206657409668 0.023408163338899612 -0.5869914293289185 -0.20971456170082092 0.7816091775894165
1738249142.167577 -8.627691268920898 -5.545073509216309 15.037254333496094 0.025412583723664284 -0.6637599468231201 -0.23534110188484192 0.7095009088516235
1738249143.367873 -9.431292533874512 -5.479827880859375 14.806106567382812 0.022734569385647774 -0.7533884644508362 -0.2667137682437897 0.6006270051002502
1738249144.568374 -10.211864471435547 -5.378591060638428 14.472870826721191 0.02472933940589428 -0.7954792380332947 -0.28046825528144836 0.5365993976593018
1738249145.768857 -10.907367706298828 -5.230611324310303 14.003311157226562 0.027062859386205673 -0.8414144515991211 -0.292509526014328 0.4535718560218811
1738249146.969521 -11.490467071533203 -5.019957542419434 13.403680801391602 0.022517619654536247 -0.8798823952674866 -0.31155112385749817 0.35810035467147827
1738249147.503014 -11.74052619934082 -4.909136772155762 13.100813865661621 0.022720223292708397 -0.8864840269088745 -0.31450363993644714 0.338699609041214
1738249148.103143 -11.993995666503906 -4.832354545593262 12.800336837768555 0.019314760342240334 -0.897348165512085 -0.2984822392463684 0.32450225949287415
1738249148.903606 -12.296613693237305 -4.819450378417969 12.457693099975586 0.0017492687329649925 -0.9196964502334595 -0.24014250934123993 0.3106236457824707
1738249151.03796 -12.84013557434082 -4.819640159606934 12.26193904876709 -0.011057963594794273 -0.881591796875 -0.19263513386249542 0.43077293038368225
1738249152.771834 -13.761077880859375 -4.68040657043457 12.133005142211914 0.003975392784923315 -0.774575412273407 -0.25460320711135864 0.5789597034454346
1738249154.039026 -14.45008373260498 -4.591778755187988 11.72862720489502 0.031163979321718216 -0.8190245032310486 -0.2650511562824249 0.5079130530357361
1738249155.372866 -15.197917938232422 -4.471902370452881 11.253190994262695 0.029664738103747368 -0.8387905359268188 -0.2707623243331909 0.47142159938812256
1738249156.639924 -15.85593032836914 -4.364212989807129 10.757973670959473 0.031641941517591476 -0.8604682683944702 -0.27054518461227417 0.4305793344974518
1738249157.907217 -16.432546615600586 -4.232729434967041 10.209087371826172 0.03228440508246422 -0.8832690715789795 -0.27390751242637634 0.3791676461696625
1738249159.240951 -16.951749801635742 -4.103357791900635 9.637384414672852 0.03311176598072052 -0.8981757760047913 -0.27293774485588074 0.34305813908576965
1738249159.97466 -17.21297264099121 -3.991387367248535 9.208163261413574 0.03219151124358177 -0.9128748774528503 -0.2818106710910797 0.29360830783843994
1738249161.30851 -17.719188690185547 -3.793008327484131 8.445859909057617 0.029533449560403824 -0.9161068201065063 -0.28946682810783386 0.2758350372314453
1738249163.309373 -18.42450523376465 -3.4447531700134277 7.274064064025879 0.03203016519546509 -0.9213961958885193 -0.294939249753952 0.2510260045528412
1738249165.310099 -19.092416763305664 -3.1433627605438232 6.158609867095947 0.03617412969470024 -0.9206018447875977 -0.2906874120235443 0.2582336366176605
1738249166.110796 -19.386932373046875 -3.0113039016723633 5.661713600158691 0.03566452115774155 -0.920711874961853 -0.2922726273536682 0.25611412525177
1738249167.044109 -19.78420066833496 -2.843498468399048 5.059699058532715 0.03552848473191261 -0.9159626364707947 -0.2906101644039154 0.27440112829208374
1738249167.377573 -20.001924514770508 -2.7764604091644287 4.786016464233398 0.033826373517513275 -0.9075974225997925 -0.28833597898483276 0.3032904267311096
1738249167.84446 -20.366575241088867 -2.6606192588806152 4.318159103393555 0.03402860835194588 -0.9061889052391052 -0.2828664183616638 0.3124903738498688
1738249168.311393 -20.820911407470703 -2.506744861602783 3.743741035461426 0.03499427065253258 -0.9050145745277405 -0.2853258550167084 0.3135494589805603
1738249168.57805 -21.107730865478516 -2.4052574634552 3.3788986206054688 0.035663310438394547 -0.9031823873519897 -0.28996729850769043 0.31449761986732483
1738249169.044895 -21.56852912902832 -2.2489089965820312 2.780637741088867 0.03845398500561714 -0.904932975769043 -0.28858378529548645 0.3103819787502289
1738249169.511756 -22.018211364746094 -2.0952539443969727 2.188028335571289 0.03712945803999901 -0.9055280685424805 -0.2885569930076599 0.3088288903236389
1738249170.04538 -22.536788940429688 -1.9105744361877441 1.5225868225097656 0.03713157773017883 -0.9055179953575134 -0.2892095148563385 0.30824708938598633
1738249170.512191 -22.969470977783203 -1.7540364265441895 0.9619426727294922 0.03838697075843811 -0.9047545194625854 -0.29147279262542725 0.30820322036743164
1738249171.179135 -23.56037139892578 -1.5354161262512207 0.1754589080810547 0.03938760980963707 -0.904938817024231 -0.29115888476371765 0.3078325688838959
1738249172.046114 -24.272441864013672 -1.273036003112793 -0.7912540435791016 0.04187101125717163 -0.9055768847465515 -0.2882389426231384 0.30837592482566833
1738249173.046767 -25.122222900390625 -0.9693655967712402 -1.9185199737548828 0.0338982455432415 -0.9062309265136719 -0.28774651885032654 0.3078934848308563
1738249174.047064 -25.970413208007812 -0.6873083114624023 -3.013202667236328 0.03365262225270271 -0.906894326210022 -0.2868329584598541 0.30681779980659485
1738249175.514367 -27.131824493408203 -0.23907852172851562 -4.568946838378906 0.03341144695878029 -0.9061717987060547 -0.2913700044155121 0.304696261882782
1738249176.914812 -28.209888458251953 0.1567211151123047 -5.97319221496582 0.029952673241496086 -0.9031834602355957 -0.2858733534812927 0.31880849599838257
1738249178.648889 -29.40164566040039 0.5422487258911133 -7.403938293457031 0.02899307571351528 -0.897916316986084 -0.2801782488822937 0.33823925256729126
1738249180.449675 -31.120492935180664 1.0719470977783203 -9.415596008300781 0.0280237328261137 -0.8946672677993774 -0.2820930778980255 0.3452660143375397
1738249181.049761 -31.67002296447754 1.2083158493041992 -9.992790222167969 0.025977646932005882 -0.8943401575088501 -0.28353098034858704 0.3450959026813507
1738249182.183604 -32.688011169433594 1.5054636001586914 -11.124298095703125 0.02565629594027996 -0.8948144316673279 -0.281361848115921 0.34566518664360046
1738249183.050568 -33.508209228515625 1.7293500900268555 -11.983306884765625 0.025867873802781105 -0.8899404406547546 -0.2791689932346344 0.3597244620323181
1738249184.317799 -34.77596664428711 2.00711727142334 -13.118824005126953 0.029609370976686478 -0.8745543360710144 -0.2749662399291992 0.3983360826969147
1738249185.118046 -35.32884216308594 2.130404472351074 -13.631916046142578 0.029605142772197723 -0.8825836777687073 -0.28013843297958374 0.37641993165016174
1738249185.652738 -35.64021301269531 2.2255964279174805 -13.990116119384766 0.03116333670914173 -0.8935492038726807 -0.2833734154701233 0.3468403220176697
1738249186.252017 -35.94206619262695 2.3183984756469727 -14.339977264404297 0.030504422262310982 -0.8859238028526306 -0.2798362970352173 0.368646502494812
1738249187.253542 -36.397621154785156 2.4272851943969727 -14.758827209472656 0.0327979177236557 -0.8762532472610474 -0.2733578383922577 0.395449161529541
1738249188.386221 -36.77476501464844 2.5129451751708984 -15.136035919189453 0.03396543860435486 -0.8740215301513672 -0.275400310754776 0.39885762333869934
1738249189.786611 -37.10365676879883 2.602208137512207 -15.473941802978516 0.0314423032104969 -0.8727349638938904 -0.2750262916088104 0.4021262526512146
1738249191.053803 -37.498897552490234 2.699983596801758 -15.862133026123047 0.02980838157236576 -0.871775209903717 -0.2763683795928955 0.40341058373451233
1738249193.187974 -38.11259460449219 2.8472328186035156 -16.455181121826172 0.02676992118358612 -0.8672367930412292 -0.2718296945095062 0.41628405451774597
1738249195.055386 -38.43494415283203 2.9057979583740234 -16.736732482910156 0.0192785132676363 -0.867032527923584 -0.27468886971473694 0.41524580121040344
1738249197.322966 -38.84742736816406 2.9516544342041016 -17.00371551513672 0.019937872886657715 -0.8562724590301514 -0.2632993757724762 0.4439295828342438
1738249199.657237 -39.68260955810547 3.0276126861572266 -17.43897247314453 0.01640360616147518 -0.86314857006073 -0.2654460072517395 0.42923641204833984
1738249201.057817 -40.02873992919922 3.0887489318847656 -17.786518096923828 0.012522794306278229 -0.8703463673591614 -0.2734220325946808 0.4093661606311798
1738249201.991627 -40.48422622680664 3.1890392303466797 -18.179851531982422 0.012557519599795341 -0.8736380338668823 -0.27240824699401855 0.40297967195510864
1738249203.325795 -41.037498474121094 3.3234939575195312 -18.657093048095703 0.007019339129328728 -0.8731191754341125 -0.2785102427005768 0.40005722641944885
1738249204.459333 -41.50331497192383 3.4417991638183594 -19.06326675415039 0.006022480316460133 -0.8744195699691772 -0.27921512722969055 0.39672794938087463
1738249205.659778 -41.99815368652344 3.5685367584228516 -19.496658325195312 0.006456776522099972 -0.8744828701019287 -0.27805018424987793 0.39739909768104553
1738249206.326745 -42.289146423339844 3.636432647705078 -19.745296478271484 0.004985680803656578 -0.8738185167312622 -0.2755205035209656 0.4006306529045105
1738249207.32709 -42.71337127685547 3.7388076782226562 -20.114097595214844 0.006879049818962812 -0.8721440434455872 -0.2699630856513977 0.4079674780368805
1738249208.127483 -43.07005310058594 3.809782028198242 -20.40591049194336 0.009364425204694271 -0.8709015250205994 -0.2670004963874817 0.4124968647956848
1738249209.261327 -43.54942321777344 3.907604217529297 -20.78960418701172 0.010704858228564262 -0.868929922580719 -0.2638891637325287 0.4185793399810791
1738249210.395298 -44.05937957763672 3.986785888671875 -21.145816802978516 0.0097813056781888 -0.8542924523353577 -0.2576030194759369 0.45136407017707825
1738249211.595652 -44.62902069091797 4.068325042724609 -21.512359619140625 0.011318035423755646 -0.8489569425582886 -0.2556508779525757 0.46237075328826904
1738249212.929411 -45.29842758178711 4.163396835327148 -21.920089721679688 0.011375727131962776 -0.8447843194007874 -0.25728675723075867 0.4690561294555664
1738249214.332171 -45.959922790527344 4.267995834350586 -22.390735626220703 0.01700434461236 -0.8569014668464661 -0.2605743706226349 0.44444540143013
1738249215.397081 -46.460487365722656 4.35090446472168 -22.75265884399414 0.01833815686404705 -0.8577275276184082 -0.26229798793792725 0.4417770504951477
1738249216.597528 -47.019203186035156 4.453052520751953 -23.183979034423828 0.019174059852957726 -0.864598274230957 -0.26842591166496277 0.42432281374931335
1738249217.664631 -47.470237731933594 4.571681976318359 -23.612625122070312 0.01925937458872795 -0.881723165512085 -0.28048381209373474 0.37884318828582764
1738249218.998706 -48.02965545654297 4.736490249633789 -24.205352783203125 0.01748213917016983 -0.8898473978042603 -0.2848782241344452 0.3559640944004059
1738249220.065436 -48.48182678222656 4.875133514404297 -24.691608428955078 0.016349848359823227 -0.8928993344306946 -0.2870602607727051 0.3464966416358948
1738249220.999339 -48.85918426513672 4.997272491455078 -25.114757537841797 0.014449533075094223 -0.8973634243011475 -0.2842675745487213 0.33722710609436035
1738249221.939732 -49.24140167236328 5.122562408447266 -25.549144744873047 0.0068648261949419975 -0.9001655578613281 -0.28522393107414246 0.3290928900241852
1738249223.266875 -49.77691650390625 5.329441070556641 -26.207237243652344 0.0069889589212834835 -0.9001676440238953 -0.29575619101524353 0.3196525275707245
1738249224.46824 -50.24354934692383 5.500116348266602 -26.79460906982422 0.015267164446413517 -0.9050246477127075 -0.29299142956733704 0.30798256397247314
1738249225.467946 -50.618431091308594 5.6563873291015625 -27.30160903930664 0.013853532262146473 -0.9096277952194214 -0.2959654927253723 0.29118701815605164
1738249226.402176 -50.9650764465332 5.800622940063477 -27.772563934326172 0.012799626216292381 -0.9121536016464233 -0.29522114992141724 0.28400087356567383
1738249227.668491 -51.43171310424805 6.014928817749023 -28.412025451660156 0.013408585451543331 -0.9122838973999023 -0.2993212342262268 0.2792225778102875
1738249228.669069 -51.793479919433594 6.170146942138672 -28.928787231445312 0.009893236681818962 -0.9164682626724243 -0.2936745285987854 0.2715573012828827
1738249229.736481 -52.17668533325195 6.349811553955078 -29.494369506835938 0.003741092514246702 -0.9157761335372925 -0.30163607001304626 0.26524680852890015
1738249230.870137 -52.53908920288086 6.553577423095703 -30.106502532958984 0.011280490085482597 -0.9184392690658569 -0.3098902106285095 0.24558135867118835
1738249231.870396 -52.76023483276367 6.746755599975586 -30.68832778930664 0.01140762958675623 -0.932680070400238 -0.31354501843452454 0.17795325815677643
1738249232.870591 -52.95350646972656 6.944204330444336 -31.284217834472656 0.001832769252359867 -0.9398033618927002 -0.31472060084342957 0.13310620188713074
1738249233.87124 -53.064918518066406 7.1940460205078125 -31.948925018310547 -0.002036012476310134 -0.9417298436164856 -0.3267990052700043 0.07964358478784561
1738249235.338261 -53.14417266845703 7.556478500366211 -32.902099609375 0.02130783349275589 -0.944033145904541 -0.3257863521575928 0.047018345445394516
1738249236.805688 -53.213871002197266 7.868271827697754 -33.845619201660156 0.009392659179866314 -0.9489550590515137 -0.31446683406829834 0.02251271717250347
1738249238.606402 -53.01293182373047 8.217412948608398 -34.91486740112305 0.015109017491340637 -0.9407522678375244 -0.315307080745697 -0.12384837120771408
1738249239.873944 -52.637786865234375 8.464666366577148 -35.613582611083984 0.01411233376711607 -0.9211950302124023 -0.31462186574935913 -0.22850333154201508
1738249241.20745 -52.16332244873047 8.712550163269043 -36.28007125854492 0.0043928781524300575 -0.8914205431938171 -0.31433215737342834 -0.3264128863811493
1738249242.474684 -51.60879135131836 8.914384841918945 -36.83455276489258 -0.0024794088676571846 -0.8692153692245483 -0.30666327476501465 -0.3878352642059326
1738249243.40843 -51.111724853515625 9.056089401245117 -37.196861267089844 -0.003836808493360877 -0.8500993251800537 -0.3030496835708618 -0.4306706488132477
1738249244.475457 -50.53117370605469 9.20389461517334 -37.5958251953125 -0.0051942626014351845 -0.8407604694366455 -0.29572340846061707 -0.4534781873226166
1738249245.60906 -49.89448928833008 9.350090980529785 -38.004478454589844 -0.0071212295442819595 -0.8325324058532715 -0.2932594418525696 -0.46993398666381836
1738249246.876408 -49.16605758666992 9.538041114807129 -38.442649841308594 -0.0026778941974043846 -0.8272984027862549 -0.2983050048351288 -0.47600871324539185
1738249248.076926 -48.602142333984375 9.748013496398926 -38.975250244140625 0.0003117145679425448 -0.8629370331764221 -0.3098483383655548 -0.3991661071777344
1738249249.410868 -48.14923858642578 10.033893585205078 -39.669403076171875 0.00397102115675807 -0.8970680832862854 -0.3277745842933655 -0.2963391840457916
1738249250.477946 -47.78446960449219 10.279481887817383 -40.268829345703125 0.0016505287494510412 -0.901368260383606 -0.3309226930141449 -0.2793255150318146
1738249251.545045 -47.40838623046875 10.516454696655273 -40.85279083251953 -0.0013384376652538776 -0.8994981646537781 -0.3271387219429016 -0.2896232306957245
1738249252.745522 -46.929996490478516 10.753340721130371 -41.43760299682617 -0.009519126266241074 -0.8770227432250977 -0.3248535990715027 -0.35385116934776306
1738249253.879228 -46.422908782958984 10.959019660949707 -41.91632843017578 -0.009945441968739033 -0.8624454140663147 -0.32236453890800476 -0.3900900185108185
1738249254.612884 -45.9031867980957 11.146632194519043 -42.40349578857422 -0.010677523910999298 -0.8632054924964905 -0.3155728876590729 -0.39392390847206116
1738249255.080891 -45.34397888183594 11.349189758300781 -42.904991149902344 -0.00963148195296526 -0.8600286841392517 -0.31382179260253906 -0.40221118927001953
1738249255.550037 -44.775760650634766 11.52102279663086 -43.34104919433594 -0.009650317952036858 -0.8440595865249634 -0.307199627161026 -0.43943002820014954
1738249256.080018 -44.11777114868164 11.674759864807129 -43.727718353271484 -0.009268163703382015 -0.8159254193305969 -0.2963181138038635 -0.49636223912239075
1738249256.546977 -43.45473098754883 11.812289237976074 -44.0571174621582 -0.005535839591175318 -0.8050649166107178 -0.29355859756469727 -0.5154253244400024
1738249257.080693 -42.72227096557617 11.959299087524414 -44.38570785522461 -0.0014427596470341086 -0.801262378692627 -0.29214075207710266 -0.5221402049064636
1738249257.547648 -42.047515869140625 12.078165054321289 -44.67930603027344 -0.0006412363727577031 -0.7973461151123047 -0.28724727034568787 -0.5307803153991699
1738249258.014281 -41.394264221191406 12.199411392211914 -44.96309280395508 -0.001109633594751358 -0.7976028919219971 -0.2908830940723419 -0.5284084677696228
1738249258.480927 -40.77715301513672 12.3460054397583 -45.293087005615234 0.0025922213681042194 -0.8141092658042908 -0.30260249972343445 -0.4956321120262146
1738249259.014638 -40.1619873046875 12.53436279296875 -45.7379150390625 0.0034904489293694496 -0.8378700613975525 -0.30657339096069336 -0.4516352415084839
1738249259.348127 -39.73735427856445 12.66576862335205 -46.03307342529297 0.002842505229637027 -0.8399421572685242 -0.3088451027870178 -0.4462103545665741
1738249259.948377 -38.96685028076172 12.898880958557129 -46.573081970214844 0.0016082277288660407 -0.8407999873161316 -0.3067854344844818 -0.4460219740867615
1738249260.415262 -38.40104675292969 13.071615219116211 -47.00208282470703 0.0037703632842749357 -0.8492918610572815 -0.3064371347427368 -0.4298669099807739
1738249260.948824 -37.854103088378906 13.280949592590332 -47.49528503417969 0.00437303027138114 -0.8648331761360168 -0.3152007758617401 -0.39075949788093567
1738249262.282751 -37.45068359375 13.579512596130371 -48.229835510253906 0.010206721723079681 -0.9106869697570801 -0.33249303698539734 -0.2449355125427246
1738249263.283069 -37.23193359375 13.817344665527344 -48.84183883666992 0.009789756499230862 -0.9252994060516357 -0.32867616415023804 -0.1889372020959854
1738249264.350159 -37.00736618041992 14.08516788482666 -49.50436782836914 0.009104017168283463 -0.92647385597229 -0.3397548496723175 -0.1616479605436325
1738249265.483984 -36.781150817871094 14.380562782287598 -50.217323303222656 0.0049295988865196705 -0.9268640279769897 -0.33978262543678284 -0.15952003002166748
1738249266.217378 -36.52967071533203 14.574182510375977 -50.67219161987305 0.001839162316173315 -0.9094201326370239 -0.33995920419692993 -0.2395399808883667
1738249266.817849 -36.22374725341797 14.695148468017578 -50.93950271606445 -0.0034540973138064146 -0.8735802173614502 -0.3337106704711914 -0.35423558950424194
1738249293.361999 -35.569435119628906 14.90235424041748 -51.406333923339844 -0.01250420045107603 -0.8336326479911804 -0.32114076614379883 -0.4491870403289795
1738249294.095596 -35.15092468261719 14.970033645629883 -51.53288269042969 -0.023815123364329338 -0.768219530582428 -0.3048011362552643 -0.5624658465385437
1738249295.429337 -34.38880157470703 15.072957038879395 -51.74214172363281 -0.028208082541823387 -0.7511240839958191 -0.29476895928382874 -0.5900238156318665
1738249296.896623 -33.60504913330078 15.171767234802246 -51.95890426635742 -0.0207027830183506 -0.7599318623542786 -0.2980821132659912 -0.5772539377212524
1738249297.897009 -33.013587951660156 15.249013900756836 -52.140625 -0.01585562713444233 -0.7684206962585449 -0.2911650538444519 -0.5696499943733215
1738249298.897567 -32.42848587036133 15.342446327209473 -52.35552215576172 -0.008114681579172611 -0.7805002927780151 -0.2893199026584625 -0.5541186928749084
1738249300.031032 -31.746498107910156 15.464814186096191 -52.58304214477539 -0.0027362226974219084 -0.7789781093597412 -0.29418399930000305 -0.5537522435188293
1738249300.964908 -30.980873107910156 15.62051010131836 -52.8730354309082 9.76766568783205e-06 -0.7757088541984558 -0.30066007375717163 -0.5548688173294067
1738249301.765276 -30.38662338256836 15.729155540466309 -53.104591369628906 -0.0034101372584700584 -0.7780420780181885 -0.29530462622642517 -0.5544673800468445
1738249302.36532 -29.844940185546875 15.841852188110352 -53.30132293701172 -0.00047850911505520344 -0.7775063514709473 -0.29757070541381836 -0.5540175437927246
1738249303.099145 -29.188865661621094 15.971369743347168 -53.54705810546875 0.0004561871464829892 -0.7763375639915466 -0.2984534204006195 -0.555180549621582
1738249303.766068 -28.58475112915039 16.089632034301758 -53.767791748046875 0.0023026415146887302 -0.7770606875419617 -0.2989576458930969 -0.5538914203643799
1738249304.433066 -27.969402313232422 16.22003936767578 -53.991844177246094 0.005211415234953165 -0.7768100500106812 -0.2999972403049469 -0.5536612272262573
1738249305.033467 -27.42593765258789 16.32413101196289 -54.198638916015625 0.004655890166759491 -0.778818666934967 -0.2954648733139038 -0.5532814264297485
1738249305.566602 -26.732440948486328 16.468095779418945 -54.456417083740234 0.011056080460548401 -0.7802366614341736 -0.2957938015460968 -0.5510122776031494
1738249305.966945 -26.09557342529297 16.581466674804688 -54.700069427490234 0.01049788761883974 -0.783682644367218 -0.2826571762561798 -0.5530245900154114
1738249306.300398 -25.541690826416016 16.68896484375 -54.909645080566406 0.016838863492012024 -0.7815520167350769 -0.2875552177429199 -0.5533579587936401
1738249306.700646 -24.87567138671875 16.828819274902344 -55.1641960144043 0.01873881369829178 -0.7805730700492859 -0.288480281829834 -0.5541964173316956
1738249307.034041 -24.323383331298828 16.94661521911621 -55.382774353027344 0.019219525158405304 -0.779015302658081 -0.2890545427799225 -0.556069552898407
1738249307.434044 -23.7001953125 17.066831588745117 -55.613372802734375 0.02016637660562992 -0.7792277932167053 -0.2848808467388153 -0.5578891634941101
1738249307.900881 -22.99431610107422 17.208105087280273 -55.884952545166016 0.018109511584043503 -0.7798976898193359 -0.2828708291053772 -0.558046281337738
1738249308.834792 -22.19064712524414 17.36348533630371 -56.18914031982422 0.0170268751680851 -0.7774365544319153 -0.28348806500434875 -0.561192512512207
1738249310.10179 -21.38644027709961 17.488977432250977 -56.40087127685547 0.009618280455470085 -0.742921769618988 -0.2737392485141754 -0.6107714176177979
1738249311.169052 -20.67321014404297 17.57698631286621 -56.58167266845703 0.0044653513468801975 -0.7379171252250671 -0.2741163969039917 -0.6166996955871582
1738249312.102783 -20.03548812866211 17.63904571533203 -56.730831146240234 -0.0011356407776474953 -0.7371543645858765 -0.26438406109809875 -0.6218546628952026
1738249313.236554 -19.229808807373047 17.737924575805664 -56.887569427490234 0.001269450644031167 -0.7229790687561035 -0.2693932354450226 -0.6361815333366394
1738249314.437124 -18.500202178955078 17.723148345947266 -56.843170166015625 -0.015052061527967453 -0.6248822808265686 -0.23527491092681885 -0.7442723512649536
1738249315.370561 -18.031661987304688 17.65945053100586 -56.63225555419922 -0.012510393746197224 -0.5155606269836426 -0.19445830583572388 -0.8344020843505859
1738249316.304425 -17.63716697692871 17.55674934387207 -56.26079559326172 0.0005730569246225059 -0.3741592466831207 -0.15971454977989197 -0.9135074615478516
1738249317.638338 -17.079891204833984 17.364261627197266 -55.686187744140625 -0.009108403697609901 -0.3117581307888031 -0.14143909513950348 -0.9395312070846558
1738249318.905543 -16.647109985351562 17.152507781982422 -55.04853057861328 -0.009061173535883427 -0.2537757158279419 -0.12366560101509094 -0.959282398223877
1738249319.972616 -16.28337860107422 16.966825485229492 -54.46588897705078 -0.0055476087145507336 -0.23454269766807556 -0.11703632026910782 -0.9650188684463501
1738249321.173132 -15.875932693481445 16.738250732421875 -53.75003433227539 -0.0042944704182446 -0.2139010727405548 -0.11176352947950363 -0.9704312682151794
1738249322.106825 -15.583106994628906 16.548954010009766 -53.202674865722656 -0.009968992322683334 -0.20342110097408295 -0.10339149087667465 -0.9735659956932068
1738249323.373819 -15.068319320678711 16.34079933166504 -52.55704879760742 -0.0038601476699113846 -0.2907280921936035 -0.1301765739917755 -0.9479010701179504
1738249324.241074 -14.548809051513672 16.216115951538086 -52.13846206665039 -0.0019261358538642526 -0.35728538036346436 -0.15089784562587738 -0.9217230677604675
1738249324.774557 -13.890562057495117 16.070526123046875 -51.58241271972656 0.010105802677571774 -0.37272921204566956 -0.15984106063842773 -0.9140140414237976
1738249325.17471 -13.357336044311523 15.95410442352295 -51.131309509277344 0.012696838937699795 -0.3738209307193756 -0.1615944504737854 -0.9132272601127625
1738249325.441291 -12.98564624786377 15.87527847290039 -50.83531951904297 0.012492330744862556 -0.3829411268234253 -0.16324874758720398 -0.9091479182243347
1738249325.908148 -12.32935619354248 15.748876571655273 -50.327980041503906 0.01333366148173809 -0.3979460895061493 -0.1662854254245758 -0.9021143913269043
1738249326.44189 -11.596985816955566 15.620652198791504 -49.79183578491211 0.015083041042089462 -0.40820199251174927 -0.16830255091190338 -0.897116482257843
1738249326.842035 -11.030498504638672 15.523167610168457 -49.37574005126953 0.016030168160796165 -0.41098302602767944 -0.16826993227005005 -0.8958355188369751
1738249327.308942 -10.376712799072266 15.410922050476074 -48.9061279296875 0.016967402771115303 -0.41493484377861023 -0.16817766427993774 -0.8940120935440063
1738249327.709135 -9.795619010925293 15.318887710571289 -48.497955322265625 0.0182636845856905 -0.4176071584224701 -0.16963914036750793 -0.8924647569656372
1738249328.17572 -9.112518310546875 15.21415901184082 -48.02241516113281 0.019962958991527557 -0.41933804750442505 -0.1710384339094162 -0.8913489580154419
1738249328.575899 -8.533151626586914 15.120043754577637 -47.62014389038086 0.017735369503498077 -0.41952234506607056 -0.16890446841716766 -0.8917162418365479
1738249328.910453 -8.061962127685547 15.037134170532227 -47.276588439941406 0.018540488556027412 -0.4127923846244812 -0.1650897115468979 -0.8955468535423279
1738249329.44319 -7.384171009063721 14.899205207824707 -46.72785949707031 0.0174221470952034 -0.3825872838497162 -0.1518215537071228 -0.9111935496330261
1738249329.976761 -6.789859294891357 14.748727798461914 -46.137454986572266 0.020550182089209557 -0.34730830788612366 -0.14243608713150024 -0.9266427159309387
1738249330.510015 -6.189487934112549 14.617706298828125 -45.637657165527344 0.017305854707956314 -0.38089728355407715 -0.15181933343410492 -0.9119038581848145
1738249331.043553 -5.516547679901123 14.501276016235352 -45.13100051879883 0.01909576542675495 -0.3953670859336853 -0.15730297565460205 -0.9047518968582153
1738249331.443778 -4.954338550567627 14.385866165161133 -44.6956672668457 0.016382142901420593 -0.39644792675971985 -0.15730465948581696 -0.9043318033218384
1738249331.844034 -4.382421970367432 14.279747009277344 -44.24491500854492 0.020588867366313934 -0.3963695764541626 -0.15925902128219604 -0.9039379358291626
1738249332.244201 -3.8229141235351562 14.16959285736084 -43.813926696777344 0.016268257051706314 -0.3960268199443817 -0.15788286924362183 -0.9044175148010254
1738249332.644457 -3.25167179107666 14.058786392211914 -43.375282287597656 0.016851896420121193 -0.39642661809921265 -0.15847095847129822 -0.9041288495063782
1738249333.113027 -2.597871780395508 13.928691864013672 -42.871421813964844 0.014440575614571571 -0.39729177951812744 -0.15738949179649353 -0.9039797186851501
1738249333.444528 -2.1153621673583984 13.835441589355469 -42.50770568847656 0.01492215134203434 -0.39659544825553894 -0.15976440906524658 -0.9038610458374023
1738249333.844689 -1.543656349182129 13.724687576293945 -42.07394027709961 0.014375348575413227 -0.3961647152900696 -0.15938562154769897 -0.9041256308555603
1738249334.178173 -1.065596580505371 13.634681701660156 -41.70316696166992 0.015883658081293106 -0.3964586555957794 -0.15951253473758698 -0.9039491415023804
1738249334.645207 -0.40694141387939453 13.510795593261719 -41.19856262207031 0.014786932617425919 -0.3982199728488922 -0.15854419767856598 -0.9033637046813965
1738249335.045376 0.16910266876220703 13.405440330505371 -40.7596435546875 0.01700236275792122 -0.39813652634620667 -0.15985921025276184 -0.9031296968460083
1738249335.578905 0.9160881042480469 13.256349563598633 -40.188018798828125 0.01415504515171051 -0.40051349997520447 -0.15643806755542755 -0.9027268886566162
1738249335.978882 1.471487045288086 13.155355453491211 -39.750328063964844 0.017930148169398308 -0.3921457827091217 -0.15734456479549408 -0.9061694145202637
1738249336.445781 2.044626235961914 13.025489807128906 -39.232078552246094 0.01677672192454338 -0.3565613627433777 -0.1458277702331543 -0.9226683378219604
1738249336.846046 2.3974971771240234 12.886334419250488 -38.790836334228516 0.006319104228168726 -0.29007095098495483 -0.119874507188797 -0.9494467377662659
1738249337.446468 2.960982322692871 12.668370246887207 -38.05660629272461 0.011033082380890846 -0.2817557156085968 -0.11872051656246185 -0.9520490765571594
1738249337.779821 3.262457847595215 12.569154739379883 -37.68207550048828 0.014794062823057175 -0.29313474893569946 -0.12320465594530106 -0.9479840993881226
1738249338.513413 3.7886834144592285 12.3994779586792 -37.07021713256836 0.015685928985476494 -0.30707722902297974 -0.12920193374156952 -0.9427430629730225
1738249339.04696 4.222874641418457 12.259567260742188 -36.580623626708984 0.009322570636868477 -0.3123622238636017 -0.12838342785835266 -0.9412016868591309
1738249339.51382 4.7802734375 12.089547157287598 -35.93879699707031 0.016826925799250603 -0.3111898899078369 -0.1269908994436264 -0.941674530506134
1738249339.848505 5.174674987792969 11.967567443847656 -35.468788146972656 0.018440978601574898 -0.3111304044723511 -0.12762773036956787 -0.9415779709815979
1738249340.247464 5.644511699676514 11.820459365844727 -34.93030548095703 0.01788194663822651 -0.31094786524772644 -0.12622304260730743 -0.9418383240699768
1738249340.714113 6.193027973175049 11.654569625854492 -34.31170654296875 0.017369262874126434 -0.3110925555229187 -0.1272365152835846 -0.9416637420654297
1738249341.047591 6.59000301361084 11.530410766601562 -33.860076904296875 0.01687510497868061 -0.3112533986568451 -0.12752270698547363 -0.9415808916091919
1738249341.514929 7.151622772216797 11.35481071472168 -33.22999954223633 0.016237160190939903 -0.30812180042266846 -0.12993738055229187 -0.9422916769981384
1738249341.847924 7.553068161010742 11.23878002166748 -32.77653503417969 0.01726604625582695 -0.3067217767238617 -0.13278722763061523 -0.9423328638076782
1738249342.249215 8.024007797241211 11.086280822753906 -32.23925018310547 0.013648522086441517 -0.30755922198295593 -0.13075029850006104 -0.94240403175354
1738249342.582105 8.404031753540039 10.963949203491211 -31.797447204589844 0.010402356274425983 -0.30461201071739197 -0.13022375106811523 -0.943475067615509
1738249342.98188 8.852174758911133 10.83057975769043 -31.2864990234375 0.016801105812191963 -0.3007269501686096 -0.13521696627140045 -0.9439266324043274
1738249344.11556 9.403776168823242 10.673158645629883 -30.692398071289062 0.018715504556894302 -0.34422123432159424 -0.14600014686584473 -0.9272785782814026
1738249345.516256 10.150842666625977 10.53392219543457 -30.148286819458008 0.019414303824305534 -0.39206430315971375 -0.15453708171844482 -0.9066570997238159
1738249346.583351 10.73265266418457 10.416168212890625 -29.64373016357422 0.020465070381760597 -0.3793187141418457 -0.14866481721401215 -0.9130155444145203
1738249347.718533 11.23154067993164 10.249813079833984 -29.040512084960938 0.016725722700357437 -0.3164198100566864 -0.12893974781036377 -0.9396666288375854
1738249348.650666 11.666994094848633 10.108964920043945 -28.52913475036621 0.01677861250936985 -0.3083735406398773 -0.12637419998645782 -0.9426844120025635
1738249349.717963 12.064374923706055 9.928009986877441 -27.88823699951172 0.017396731302142143 -0.24039801955223083 -0.10358995944261551 -0.9649742841720581
1738249365.524159 12.275452613830566 9.78154182434082 -27.36686134338379 0.014717758633196354 -0.17180678248405457 -0.08337254077196121 -0.9814860820770264
1738249366.657923 12.378119468688965 9.592426300048828 -26.743478775024414 0.014327695593237877 -0.10550838708877563 -0.06263641268014908 -0.9923404455184937
1738249367.258208 12.557234764099121 9.39091968536377 -26.04644012451172 0.013099773786962032 -0.10128161311149597 -0.05997902527451515 -0.9929617047309875
1738249367.591818 12.695297241210938 9.220719337463379 -25.464624404907227 0.01518556009978056 -0.0975378230214119 -0.058026399463415146 -0.9934227466583252
1738249367.991828 12.866204261779785 9.013914108276367 -24.7633056640625 0.017197562381625175 -0.09406086057424545 -0.05625889077782631 -0.9938268661499023
1738249368.392125 13.028570175170898 8.803932189941406 -24.04938507080078 0.015647973865270615 -0.09181083738803864 -0.05374836176633835 -0.9942017197608948
1738249368.85911 13.215766906738281 8.552825927734375 -23.214113235473633 0.014953544363379478 -0.0877690315246582 -0.05228929594159126 -0.9946551322937012
1738249369.258998 13.37181282043457 8.348947525024414 -22.50394630432129 0.015761643648147583 -0.08364871144294739 -0.050614215433597565 -0.9950843453407288
1738249369.659149 13.52066707611084 8.141186714172363 -21.796239852905273 0.014433550648391247 -0.08100467175245285 -0.04890628904104233 -0.9954085350036621
1738249369.992621 13.63785457611084 7.963990688323975 -21.205703735351562 0.013141855597496033 -0.07771235704421997 -0.04864203929901123 -0.995701789855957
1738249370.392786 13.78822135925293 7.752447128295898 -20.504030227661133 0.01499919407069683 -0.08181224763393402 -0.0519087053835392 -0.9951820969581604
1738249370.794141 13.938037872314453 7.548457622528076 -19.81529998779297 0.016132377088069916 -0.08525247871875763 -0.05369512736797333 -0.9947806596755981
1738249371.126562 14.06752872467041 7.373469352722168 -19.239139556884766 0.014372101984918118 -0.0861094668507576 -0.05301082134246826 -0.9947705864906311
1738249371.526874 14.218949317932129 7.164711952209473 -18.543867111206055 0.012699241749942303 -0.08443954586982727 -0.05178298428654671 -0.9950011372566223
1738249371.860186 14.343935012817383 6.992101192474365 -17.956090927124023 0.012870211154222488 -0.08281571418046951 -0.05098559707403183 -0.9951766133308411
1738249372.260202 14.493510246276855 6.78273344039917 -17.261884689331055 0.01235002651810646 -0.08174892514944077 -0.049721088260412216 -0.9953353404998779
1738249372.593686 14.611536026000977 6.609873294830322 -16.675899505615234 0.014264143072068691 -0.08149707317352295 -0.04897832125425339 -0.9953672885894775
1738249372.993861 14.750606536865234 6.412751197814941 -16.004053115844727 0.01741594634950161 -0.07852700352668762 -0.04775343835353851 -0.9956153035163879
1738249373.861062 14.883691787719727 6.203279972076416 -15.312997817993164 0.01579529047012329 -0.07727020978927612 -0.04648561775684357 -0.9958006739616394
1738249374.861431 15.021267890930176 5.99286413192749 -14.599708557128906 0.014692898839712143 -0.07534387707710266 -0.04492984712123871 -0.9960364699363708
1738249375.995199 15.180335998535156 5.742589950561523 -13.74806022644043 0.014485175721347332 -0.07144564390182495 -0.04618203639984131 -0.9962695837020874
1738249376.995457 15.3176908493042 5.529706001281738 -13.054633140563965 0.010546007193624973 -0.06910865753889084 -0.046516165137290955 -0.9964683055877686
1738249377.996082 15.441998481750488 5.322707653045654 -12.370647430419922 0.010408823378384113 -0.06812358647584915 -0.043837759643793106 -0.9966590404510498
1738249379.063102 15.61346435546875 5.099956035614014 -11.63202953338623 0.008507633581757545 -0.07976286113262177 -0.044433534145355225 -0.995786726474762
1738249380.063548 15.761823654174805 4.891974925994873 -10.954915046691895 0.01064991857856512 -0.08294524252414703 -0.045167915523052216 -0.9954730272293091
1738249381.197178 15.937153816223145 4.662984371185303 -10.193634033203125 0.008014245890080929 -0.08369439840316772 -0.044610630720853806 -0.9954602122306824
1738249382.264228 16.127857208251953 4.395740032196045 -9.338343620300293 0.0064563145861029625 -0.08565962314605713 -0.043061092495918274 -0.9953725934028625
1738249382.667864 16.273910522460938 4.187180519104004 -8.672934532165527 0.006042481865733862 -0.08718632906675339 -0.040950365364551544 -0.9953316450119019
1738249383.064567 16.428014755249023 3.972493886947632 -7.974878311157227 0.008278015069663525 -0.08708697557449341 -0.040349606424570084 -0.9953488707542419
1738249383.464741 16.586973190307617 3.755619764328003 -7.279718399047852 0.007850658148527145 -0.08760504424571991 -0.04156244918704033 -0.9952569603919983
1738249383.865035 16.748071670532227 3.5313570499420166 -6.580230236053467 0.005814799107611179 -0.08845647424459457 -0.04250117018818855 -0.995155930519104
1738249384.198506 16.879981994628906 3.344538688659668 -6.006776809692383 0.0037060873582959175 -0.08781082183122635 -0.04358901455998421 -0.9951761364936829
1738249384.598671 17.043148040771484 3.1303250789642334 -5.308947563171387 0.007854385301470757 -0.08589978516101837 -0.04583931714296341 -0.9952177405357361
1738249384.932003 17.174833297729492 2.9539575576782227 -4.728349685668945 0.011972888372838497 -0.08584973216056824 -0.04686513543128967 -0.9951332807540894
1738249385.332388 17.322004318237305 2.7373104095458984 -4.039114952087402 0.008767624385654926 -0.08558446168899536 -0.045046646147966385 -0.9952735304832458
1738249385.732333 17.441003799438477 2.5285844802856445 -3.3549532890319824 0.011574672535061836 -0.06528997421264648 -0.039011985063552856 -0.9970362782478333
1738249386.266047 17.426624298095703 2.2804219722747803 -2.589109182357788 0.006089063361287117 0.021693909540772438 -0.010343004018068314 -0.9996926188468933
1738249386.799624 17.421947479248047 2.005887031555176 -1.7327362298965454 0.005422062240540981 0.008343733847141266 -0.015099560841917992 -0.9998365044593811
1738249387.39981 17.59935188293457 1.7332359552383423 -0.8736904859542847 0.010715026408433914 -0.1089024469256401 -0.05401112511754036 -0.9925262331962585
1738249387.799832 17.789016723632812 1.562157154083252 -0.3318997621536255 0.005917065776884556 -0.13792560994625092 -0.06331796199083328 -0.9883989095687866
1738249388.19999 17.939523696899414 1.3780877590179443 0.2727532386779785 0.009648526087403297 -0.0969279408454895 -0.05037091672420502 -0.9939691424369812
1738249388.733545 17.95514678955078 1.1488847732543945 0.9939379096031189 0.005359142553061247 -0.0019935420714318752 -0.018774695694446564 -0.9998073577880859
1738249389.267262 17.949609756469727 0.8763787746429443 1.7948919534683228 -0.0019588209688663483 0.010003762319684029 -0.011225688271224499 -0.999885082244873
1738249389.66738 17.934024810791016 0.6577735543251038 2.4450433254241943 0.0011158400448039174 0.011349232867360115 -0.004829903598874807 -0.9999233484268188
1738249390.067368 17.928068161010742 0.4482811391353607 3.110952854156494 0.00614854134619236 0.011021276004612446 -0.0056028361432254314 -0.9999046921730042
1738249390.600963 17.982995986938477 0.1921727955341339 3.97214937210083 0.017203986644744873 -0.011914191767573357 -0.02300196886062622 -0.9995163679122925
1738249391.067826 18.05228614807129 -0.02378576248884201 4.67531156539917 0.012127007357776165 -0.02338547632098198 -0.031143076717853546 -0.9991677403450012
1738249391.53467 18.12425994873047 -0.26848745346069336 5.416522979736328 0.005325050093233585 -0.021786971017718315 -0.03227883204817772 -0.9992272257804871
1738249391.934973 18.183940887451172 -0.4965415894985199 6.100826740264893 0.004311245866119862 -0.0211627259850502 -0.03222144767642021 -0.9992473721504211
1738249392.401849 18.259313583374023 -0.7533884644508362 6.8972697257995605 0.006306708790361881 -0.02144571579992771 -0.03189641609787941 -0.9992411732673645
1738249392.802053 18.318523406982422 -0.9774041175842285 7.568373203277588 0.0004448079562280327 -0.019329393282532692 -0.03476328402757645 -0.9992085099220276
1738249393.535472 18.381858825683594 -1.235973596572876 8.331003189086914 -0.0011131291976198554 -0.014112933538854122 -0.036622222512960434 -0.9992289543151855
1738249394.936222 18.456438064575195 -1.5190091133117676 9.142901420593262 -0.005729341879487038 -0.008791225962340832 -0.0418478287756443 -0.9990689158439636
1738249396.403316 18.491701126098633 -1.7781788110733032 9.90649127960205 -0.004870501812547445 0.008155141025781631 -0.0362442322075367 -0.9992978572845459
1738249398.003933 18.4332275390625 -2.039914846420288 10.6665620803833 -0.007027075160294771 0.04294908419251442 -0.0188799649477005 -0.9988741874694824
1738249399.738104 18.314800262451172 -2.3106613159179688 11.453205108642578 -0.004556715954095125 0.07752518355846405 -0.0030455824453383684 -0.9969753623008728
1738249403.006064 18.210725784301758 -2.583690643310547 12.270310401916504 -0.0012763369595631957 0.0662524402141571 -0.00579450186342001 -0.9977852702140808
1738249404.940316 18.30800437927246 -2.854926347732544 13.082137107849121 -0.0006317644147202373 -0.01656894013285637 -0.033346112817525864 -0.9993063807487488
1738249406.341026 18.378032684326172 -3.1024675369262695 13.806231498718262 -0.0060218507423996925 -0.027594996616244316 -0.032650768756866455 -0.9990677237510681
1738249407.741353 18.392805099487305 -3.368220329284668 14.552803993225098 -0.010445044375956059 -0.01371211837977171 -0.02059761807322502 -0.9996393322944641
1738249408.875164 18.439937591552734 -3.596311569213867 15.265655517578125 0.0011982402065768838 -0.015126588754355907 -0.023291289806365967 -0.9996135830879211
1738249409.275389 18.45570182800293 -3.674182891845703 15.491846084594727 -0.001167123788036406 -0.013050589710474014 -0.02389545552432537 -0.9996286034584045
1738249410.075627 18.468660354614258 -3.7341952323913574 15.65957260131836 -0.0050804330967366695 -0.013403168879449368 -0.02561677247285843 -0.9995690584182739
