1750948304.149872 -0.0 -0.0 -0.0 -0.0 -0.0 -0.0 1.0
1750948305.949816 -0.010994719341397285 -0.05013713985681534 0.10673727095127106 0.009532240219414234 -0.007345384918153286 -0.00305125187151134 0.9999229311943054
1750948306.349826 -0.03918515518307686 -0.19771957397460938 0.569717526435852 0.00021988012304063886 -0.022634882479906082 -0.008620591834187508 0.9997066855430603
1750948307.016625 -0.11061940342187881 -0.44700300693511963 1.2645165920257568 0.006841836031526327 -0.04492773860692978 -0.018985437229275703 0.9987863898277283
1750948307.749767 -0.21105065941810608 -0.7064223885536194 1.9897468090057373 0.005699446890503168 -0.05638166889548302 -0.02361164428293705 0.9981138110160828
1750948308.41664 -0.27385273575782776 -0.9681772589683533 2.6940765380859375 0.0121635552495718 -0.04662960395216942 -0.02099618874490261 0.9986175298690796
1750948308.949782 -0.32220688462257385 -1.231580376625061 3.428931474685669 0.011306624859571457 -0.03591937571763992 -0.019376663491129875 0.9991028308868408
1750948309.416565 -0.35194358229637146 -1.4641163349151611 4.047945022583008 0.015829864889383316 -0.03078857995569706 -0.0168551504611969 0.9992584586143494
1750948310.016397 -0.3876788020133972 -1.7579522132873535 4.85884428024292 0.014158406294882298 -0.025214603170752525 -0.01472228579223156 0.9994733929634094
1750948310.616399 -0.42021432518959045 -2.0636684894561768 5.665219783782959 0.017888935282826424 -0.024106808006763458 -0.0137123242020607 0.9994552731513977
1750948311.216516 -0.45523354411125183 -2.3687498569488525 6.461020469665527 0.016775554046034813 -0.023802131414413452 -0.014820544049143791 0.9994661211967468
1750948311.749847 -0.4843742847442627 -2.6366424560546875 7.1634087562561035 0.019339486956596375 -0.028615768998861313 -0.017330216243863106 0.9992531538009644
1750948312.34966 -0.5427887439727783 -2.937513828277588 7.945772171020508 0.019427023828029633 -0.038226913660764694 -0.022182123735547066 0.998833954334259
1750948312.949676 -0.619120180606842 -3.221423864364624 8.72206974029541 0.01712317205965519 -0.055426571518182755 -0.026505934074521065 0.9979640245437622
1750948313.54981 -0.7469840049743652 -3.5009403228759766 9.47281265258789 0.016541097313165665 -0.08257287740707397 -0.034600332379341125 0.9958469271659851
1750948314.016302 -0.9008001685142517 -3.713261842727661 10.055262565612793 0.01639033667743206 -0.11374200880527496 -0.04419391229748726 0.9923915863037109
1750948314.616281 -1.1579477787017822 -3.970935583114624 10.759687423706055 0.018361538648605347 -0.15881693363189697 -0.060624174773693085 0.9852739572525024
1750948315.216282 -1.4905859231948853 -4.214221000671387 11.427876472473145 0.019965263083577156 -0.20313826203346252 -0.07536128163337708 0.9760414958000183
1750948315.816444 -1.8970932960510254 -4.45329475402832 12.04006576538086 0.023970456793904305 -0.253547340631485 -0.091731496155262 0.9626653790473938
1750948316.416237 -2.359957695007324 -4.68768310546875 12.602441787719727 0.030874356627464294 -0.31050893664360046 -0.10664356499910355 0.944064736366272
1750948317.016654 -2.921950340270996 -4.885946273803711 13.113346099853516 0.02316948212683201 -0.3711223900318146 -0.12860003113746643 0.9193440079689026
1750948317.616232 -3.550015449523926 -5.052408218383789 13.53609561920166 0.024013632908463478 -0.43045610189437866 -0.15300209820270538 0.8892251253128052
1750948318.216372 -4.243314743041992 -5.197290420532227 13.90750503540039 0.024279147386550903 -0.47343704104423523 -0.17152787744998932 0.863623857498169
1750948318.816186 -4.983155250549316 -5.313883304595947 14.195340156555176 0.02488909289240837 -0.5225386619567871 -0.1912868618965149 0.8305078744888306
1750948319.349522 -5.6561665534973145 -5.401390075683594 14.39708423614502 0.028419390320777893 -0.5499955415725708 -0.19896787405014038 0.8106226325035095
1750948319.949658 -6.432581901550293 -5.47978401184082 14.565601348876953 0.0290641151368618 -0.5852166414260864 -0.20989005267620087 0.7827023863792419
1750948320.416311 -7.047849655151367 -5.52319860458374 14.648258209228516 0.029689380899071693 -0.6105177998542786 -0.21934302151203156 0.760444164276123
1750948321.016151 -7.837746620178223 -5.560244560241699 14.703421592712402 0.029417628422379494 -0.6406574845314026 -0.23093248903751373 0.7316848635673523
1750948321.616124 -8.620649337768555 -5.576680660247803 14.685275077819824 0.03048544004559517 -0.6688674688339233 -0.2419942170381546 0.7022292017936707
1750948322.216271 -9.398781776428223 -5.555177211761475 14.582954406738281 0.03306768834590912 -0.7128087878227234 -0.25440582633018494 0.6527541279792786
1750948322.816083 -10.148313522338867 -5.490428447723389 14.35388469696045 0.033314019441604614 -0.7555534839630127 -0.2705257833003998 0.5956887006759644
1750948323.416079 -10.834123611450195 -5.3994035720825195 14.073640823364258 0.03330578655004501 -0.7916988134384155 -0.2888385057449341 0.5372858047485352
1750948324.016076 -11.467479705810547 -5.279829502105713 13.661965370178223 0.038187552243471146 -0.8301900029182434 -0.29075998067855835 0.47411486506462097
1750948324.616193 -12.051673889160156 -5.134294033050537 13.199840545654297 0.03743893653154373 -0.8578072190284729 -0.298984557390213 0.4163813889026642
1750948325.216026 -12.578067779541016 -4.954087734222412 12.673892974853516 0.03623469918966293 -0.8767285943031311 -0.30856752395629883 0.3671785891056061
1750948325.749373 -13.035430908203125 -4.792891502380371 12.169265747070312 0.03847222402691841 -0.889208197593689 -0.3080878257751465 0.33602192997932434
1750948326.34952 -13.504854202270508 -4.595216274261475 11.556056022644043 0.04123913496732712 -0.8997188806533813 -0.3081251382827759 0.306372731924057
1750948326.949304 -13.969690322875977 -4.405564308166504 10.94670295715332 0.04048990085721016 -0.9021150469779968 -0.30780860781669617 0.2996715307235718
1750948327.415978 -14.316959381103516 -4.274491310119629 10.467801094055176 0.04266372323036194 -0.9063319563865662 -0.297078400850296 0.2974672019481659
1750948328.016261 -14.757905960083008 -4.136847496032715 9.90565299987793 0.04404759407043457 -0.9023613333702087 -0.2890636920928955 0.31661659479141235
1750948328.616145 -15.265026092529297 -3.983344078063965 9.341055870056152 0.039259783923625946 -0.8998122215270996 -0.2935325801372528 0.3203674852848053
1750948329.216142 -15.742324829101562 -3.822112560272217 8.744132995605469 0.03973745182156563 -0.9002055525779724 -0.2930853068828583 0.31961220502853394
1750948329.815949 -16.216075897216797 -3.664271116256714 8.165063858032227 0.03962574154138565 -0.901819109916687 -0.29085007309913635 0.31710946559906006
1750948330.415942 -16.691316604614258 -3.5136232376098633 7.611012935638428 0.03777885437011719 -0.8958232998847961 -0.2942213714122772 0.3309187889099121
1750948331.016038 -17.18789291381836 -3.3642213344573975 7.041904449462891 0.03805539757013321 -0.8950666785240173 -0.29093095660209656 0.3358074426651001
1750948331.616069 -17.69638442993164 -3.2104673385620117 6.471474647521973 0.037646375596523285 -0.8925226330757141 -0.29032307863235474 0.34307244420051575
1750948332.215941 -18.226627349853516 -3.05649471282959 5.9190778732299805 0.036604952067136765 -0.8881328701972961 -0.2923503518104553 0.3527200520038605
1750948332.749276 -18.713899612426758 -2.9258220195770264 5.432882308959961 0.0378587432205677 -0.8843775987625122 -0.2912788689136505 0.3627665936946869
1750948333.34935 -19.269506454467773 -2.7705209255218506 4.9069318771362305 0.037068922072649 -0.8803030848503113 -0.2937172055244446 0.37070560455322266
1750948333.949668 -19.822998046875 -2.626528263092041 4.394618988037109 0.03980229049921036 -0.8797323703765869 -0.28888747096061707 0.3755405843257904
1750948334.549168 -20.3784122467041 -2.473552703857422 3.8620166778564453 0.040271636098623276 -0.8770663738250732 -0.2920739948749542 0.3792433738708496
1750948335.149318 -20.926715850830078 -2.325420379638672 3.3353919982910156 0.040559928864240646 -0.8764010071754456 -0.2912350594997406 0.3813900947570801
1750948335.74911 -21.472103118896484 -2.1792941093444824 2.8131465911865234 0.04316157102584839 -0.8771719932556152 -0.29178014397621155 0.37890738248825073
1750948336.349111 -22.025676727294922 -2.0345072746276855 2.299894332885742 0.043049268424510956 -0.8771196603775024 -0.29562628269195557 0.376049280166626
1750948336.949114 -22.565223693847656 -1.8926153182983398 1.7763023376464844 0.045886337757110596 -0.8811918497085571 -0.2944580912590027 0.36700117588043213
1750948337.549234 -23.088153839111328 -1.7251262664794922 1.2282791137695312 0.04601912945508957 -0.8864739537239075 -0.298000693321228 0.35105806589126587
1750948338.149065 -23.558563232421875 -1.5770649909973145 0.6612510681152344 0.047979872673749924 -0.8946242928504944 -0.2938753664493561 0.33314067125320435
1750948338.750093 -24.034149169921875 -1.3983983993530273 0.05576515197753906 0.0451953299343586 -0.8989987373352051 -0.30002352595329285 0.3158237636089325
1750948339.349062 -24.531328201293945 -1.2252044677734375 -0.5505599975585938 0.044826727360486984 -0.897367000579834 -0.29599305987358093 0.32420870661735535
1750948339.949011 -25.032150268554688 -1.056067943572998 -1.1426563262939453 0.04538103938102722 -0.894430935382843 -0.2963540554046631 0.3318256139755249
1750948340.549 -25.5391788482666 -0.9024906158447266 -1.7089996337890625 0.04552621394395828 -0.8903827667236328 -0.2923482060432434 0.3459458351135254
1750948341.149008 -26.07347297668457 -0.7479581832885742 -2.260396957397461 0.04463932663202286 -0.8843133449554443 -0.2942335307598114 0.3597554564476013
1750948341.749142 -26.61406898498535 -0.6039447784423828 -2.7922115325927734 0.04332553595304489 -0.8796132802963257 -0.2911307215690613 0.37369275093078613
1750948342.349384 -27.1673583984375 -0.45731449127197266 -3.2914867401123047 0.04076632484793663 -0.8745766878128052 -0.29278650879859924 0.38435637950897217
1750948342.81565 -27.594770431518555 -0.3468971252441406 -3.683788299560547 0.03746189549565315 -0.8742908239364624 -0.29188692569732666 0.386023610830307
1750948343.41562 -28.17281150817871 -0.2093067169189453 -4.193141937255859 0.03524641692638397 -0.8734591007232666 -0.28975796699523926 0.3897015154361725
1750948343.949097 -28.672513961791992 -0.08610343933105469 -4.645973205566406 0.035212960094213486 -0.8733831644058228 -0.2874951660633087 0.39154621958732605
1750948344.54891 -29.23294448852539 0.05130958557128906 -5.1428680419921875 0.033776119351387024 -0.8748846054077148 -0.2913967967033386 0.38538798689842224
1750948345.148917 -29.772058486938477 0.20722198486328125 -5.681724548339844 0.03502839803695679 -0.8776546120643616 -0.2925598919391632 0.3780267536640167
1750948345.748939 -30.30707359313965 0.36487483978271484 -6.238624572753906 0.03716205060482025 -0.8827893137931824 -0.2925861179828644 0.3656438887119293
1750948346.349054 -30.82747459411621 0.5127716064453125 -6.782901763916016 0.03762485459446907 -0.8833165764808655 -0.29180729389190674 0.3649446964263916
1750948346.948857 -31.348146438598633 0.6612071990966797 -7.297088623046875 0.03502114862203598 -0.8835669755935669 -0.29458263516426086 0.3623588979244232
1750948347.548853 -31.861793518066406 0.8133001327514648 -7.8304443359375 0.03358440473675728 -0.8848610520362854 -0.29329031705856323 0.36038026213645935
1750948348.149022 -32.373023986816406 0.9607868194580078 -8.356788635253906 0.03093528561294079 -0.8858603239059448 -0.2927459180355072 0.35860058665275574
1750948348.682141 -32.836212158203125 1.102992057800293 -8.833953857421875 0.030204053968191147 -0.8842231035232544 -0.2950563430786133 0.3608032464981079
1750948349.148803 -33.25967025756836 1.220198631286621 -9.255550384521484 0.03050220012664795 -0.8817890286445618 -0.2916858494281769 0.3693739175796509
1750948349.748798 -33.80138397216797 1.3697681427001953 -9.784770965576172 0.034297194331884384 -0.8801486492156982 -0.28849607706069946 0.3754092752933502
1750948350.348934 -34.34101486206055 1.5174627304077148 -10.309043884277344 0.03407592326402664 -0.8793479204177856 -0.289303183555603 0.37668249011039734
1750948350.948978 -34.90190887451172 1.6675786972045898 -10.853809356689453 0.03520543873310089 -0.8785709738731384 -0.2893490791320801 0.3783528208732605
1750948351.548756 -35.47270965576172 1.8193130493164062 -11.386241912841797 0.03486243635416031 -0.8774760365486145 -0.2900753915309906 0.38036397099494934
1750948352.082085 -35.98869323730469 1.9533891677856445 -11.867607116699219 0.03549198433756828 -0.876998245716095 -0.28975600004196167 0.38164880871772766
1750948352.682206 -36.52745819091797 2.102937698364258 -12.382213592529297 0.035994093865156174 -0.8755777478218079 -0.29024434089660645 0.38448190689086914
1750948353.282232 -37.07769012451172 2.2486391067504883 -12.892871856689453 0.03759852051734924 -0.8744586706161499 -0.2885796129703522 0.3881109654903412
1750948353.748694 -37.51963424682617 2.368999481201172 -13.296810150146484 0.03696487098932266 -0.8720684051513672 -0.2896172106266022 0.3927495777606964
1750948354.348876 -38.08354187011719 2.5051746368408203 -13.811065673828125 0.03875052183866501 -0.8706585764884949 -0.28771331906318665 0.39708077907562256
1750948354.948847 -38.65028381347656 2.647420883178711 -14.301464080810547 0.03857521340250969 -0.8679357767105103 -0.2880694270133972 0.4027599096298218
1750948355.482004 -39.16505432128906 2.765775680541992 -14.751289367675781 0.03899449110031128 -0.8665467500686646 -0.28596657514572144 0.4071846306324005
1750948356.148666 -39.82079315185547 2.9060497283935547 -15.276901245117188 0.03888852521777153 -0.8639788031578064 -0.28548458218574524 0.4129491150379181
1750948356.748747 -40.42137908935547 3.039388656616211 -15.774360656738281 0.03890778869390488 -0.8613165616989136 -0.2838314473628998 0.4195946753025055
1750948357.282132 -40.939605712890625 3.1499366760253906 -16.190937042236328 0.03919496759772301 -0.8600876331329346 -0.28340789675712585 0.4223659336566925
1750948357.882114 -41.51373291015625 3.273313522338867 -16.673912048339844 0.037564363330602646 -0.8634177446365356 -0.2847605049610138 0.4147411286830902
1750948358.48195 -42.117584228515625 3.4186859130859375 -17.193225860595703 0.03767932578921318 -0.8675775527954102 -0.2865040600299835 0.4047282636165619
1750948358.948624 -42.566097259521484 3.528348922729492 -17.595932006835938 0.03651896491646767 -0.8704438209533691 -0.28835394978523254 0.39729833602905273
1750948359.548636 -43.1473388671875 3.6726741790771484 -18.108524322509766 0.03695651516318321 -0.869803786277771 -0.2889426052570343 0.39823079109191895
1750948360.148724 -43.737823486328125 3.8174304962158203 -18.620941162109375 0.035731419920921326 -0.8684784770011902 -0.28818511962890625 0.4017682671546936
1750948360.682066 -44.27439880371094 3.9466114044189453 -19.07073974609375 0.0360899418592453 -0.865815281867981 -0.28836700320243835 0.40731555223464966
1750948361.281996 -44.87120056152344 4.086933135986328 -19.553585052490234 0.03464750200510025 -0.8633449077606201 -0.28769221901893616 0.4131203591823578
1750948361.881991 -45.45220947265625 4.217357635498047 -20.032657623291016 0.034967780113220215 -0.8628878593444824 -0.28606709837913513 0.4151715338230133
1750948362.481938 -46.063446044921875 4.346349716186523 -20.511699676513672 0.033981770277023315 -0.8621710538864136 -0.2865138351917267 0.41643276810646057
1750948363.081856 -46.655189514160156 4.471519470214844 -20.99254608154297 0.0338839590549469 -0.8627302050590515 -0.2829758822917938 0.4176998734474182
1750948363.681954 -47.24757766723633 4.605127334594727 -21.463417053222656 0.030685773119330406 -0.861314058303833 -0.28557300567626953 0.41909974813461304
1750948364.281812 -47.82913589477539 4.7199859619140625 -21.92365264892578 0.031415123492479324 -0.8631282448768616 -0.2788744270801544 0.41982364654541016
1750948364.881886 -48.447566986083984 4.846025466918945 -22.402236938476562 0.030004005879163742 -0.8590753674507141 -0.2802056670188904 0.4272869825363159
1750948365.481817 -49.063201904296875 4.962514877319336 -22.859973907470703 0.029367515817284584 -0.857030987739563 -0.2776458263397217 0.4330683946609497
1750948366.08175 -49.67222595214844 5.085565567016602 -23.316925048828125 0.028893781825900078 -0.8541650176048279 -0.2779749035835266 0.43851715326309204
1750948366.681771 -50.29466247558594 5.193517684936523 -23.760784149169922 0.02881835773587227 -0.8539353013038635 -0.27502989768981934 0.44082021713256836
1750948367.281846 -50.935062408447266 5.30859375 -24.22412872314453 0.026985615491867065 -0.8540787100791931 -0.27500060200691223 0.4406766891479492
1750948367.881883 -51.567996978759766 5.43488883972168 -24.68645477294922 0.0252586230635643 -0.8541382551193237 -0.27619612216949463 0.4399154484272003
1750948368.481699 -52.22412872314453 5.560445785522461 -25.166641235351562 0.02503928728401661 -0.8562257289886475 -0.2752608358860016 0.43644243478775024
1750948369.081713 -52.86719512939453 5.680814743041992 -25.629104614257812 0.023463169112801552 -0.8554880619049072 -0.2758197486400604 0.4376220107078552
1750948369.681765 -53.49589538574219 5.797294616699219 -26.0914306640625 0.02233388088643551 -0.8594167828559875 -0.2744654715061188 0.43078142404556274
1750948370.281798 -54.11428451538086 5.918405532836914 -26.566787719726562 0.022273223847150803 -0.8594121932983398 -0.2754387855529785 0.43017223477363586
1750948370.881652 -54.75160217285156 6.047603607177734 -27.044677734375 0.020135456696152687 -0.8589761257171631 -0.27739495038986206 0.4298914670944214
1750948371.481648 -55.383056640625 6.172178268432617 -27.492660522460938 0.019547557458281517 -0.8570231795310974 -0.27659115195274353 0.43431156873703003
1750948372.08165 -56.01685333251953 6.290752410888672 -27.940414428710938 0.0186922624707222 -0.8549195528030396 -0.274658739566803 0.4396882653236389
1750948372.681596 -56.65747833251953 6.411397933959961 -28.395462036132812 0.02040894702076912 -0.8521646857261658 -0.272163450717926 0.4464593529701233
1750948373.281667 -57.36804962158203 6.579961776733398 -28.867530822753906 0.013283920474350452 -0.8430163860321045 -0.2903147339820862 0.45261943340301514
1750948373.814939 -57.92163848876953 6.67265510559082 -29.246505737304688 0.025849735364317894 -0.8486869931221008 -0.2734873294830322 0.4519589841365814
1750948374.415147 -58.56177520751953 6.808521270751953 -29.7049560546875 0.03182074427604675 -0.8504091501235962 -0.278139591217041 0.4454548954963684
1750948375.014882 -59.165138244628906 6.946298599243164 -30.176483154296875 0.027937298640608788 -0.8609817028045654 -0.28137028217315674 0.42280113697052
1750948375.614961 -59.75551223754883 7.062524795532227 -30.65008544921875 0.03138493373990059 -0.8651504516601562 -0.2780783474445343 0.4161756634712219
1750948376.21502 -60.36958694458008 7.199310302734375 -31.16357421875 0.028448384255170822 -0.8696308732032776 -0.27263855934143066 0.4106105864048004
1750948376.814824 -60.97893524169922 7.314565658569336 -31.673912048339844 0.029086507856845856 -0.871616005897522 -0.2700938582420349 0.4080303907394409
1750948377.414828 -61.59313201904297 7.4339141845703125 -32.1412353515625 0.027802450582385063 -0.8641953468322754 -0.270529180765152 0.4233289062976837
1750948378.014825 -62.240928649902344 7.578865051269531 -32.64556121826172 0.023443300276994705 -0.8598734736442566 -0.2826850414276123 0.4244494140148163
1750948378.614844 -62.88795471191406 7.728979110717773 -33.14995574951172 0.027870630845427513 -0.8597557544708252 -0.2838529646396637 0.42363986372947693
1750948379.214932 -63.51225662231445 7.871980667114258 -33.67138671875 0.031932588666677475 -0.8697413802146912 -0.28002676367759705 0.40511149168014526
1750948379.814781 -64.11774444580078 8.056745529174805 -34.231773376464844 0.02683084085583687 -0.8751319050788879 -0.3016306757926941 0.37741655111312866
1750948380.214775 -64.49208068847656 8.173088073730469 -34.61994934082031 0.03504873812198639 -0.8806676864624023 -0.29958099126815796 0.365304559469223
1750948380.814772 -65.02056121826172 8.36817741394043 -35.235206604003906 0.04026336967945099 -0.8896881937980652 -0.3048468232154846 0.33749401569366455
1750948381.414867 -65.51119232177734 8.583658218383789 -35.86643981933594 0.03042108751833439 -0.8986755609512329 -0.31636136770248413 0.3022787272930145
1750948381.814724 -65.81462097167969 8.720062255859375 -36.308128356933594 0.030846456065773964 -0.9055536985397339 -0.3148157000541687 0.28268706798553467
1750948382.214728 -66.1005859375 8.854013442993164 -36.76465606689453 0.035894885659217834 -0.9147327542304993 -0.3059491217136383 0.2614781856536865
1750948382.814724 -66.50199127197266 9.059246063232422 -37.448951721191406 0.028511453419923782 -0.9225445985794067 -0.30127865076065063 0.2394365668296814
1750948383.414819 -66.86421203613281 9.28558349609375 -38.14422607421875 0.02647792175412178 -0.9267240166664124 -0.3064332604408264 0.2158246636390686
1750948384.014667 -67.17047882080078 9.516368865966797 -38.87018585205078 0.03127022460103035 -0.93221116065979 -0.30944329500198364 0.18506596982479095
1750948384.614741 -67.40753173828125 9.761695861816406 -39.60277557373047 0.030920138582587242 -0.93796706199646 -0.3136724531650543 0.14446941018104553
1750948385.214675 -67.58438110351562 10.005802154541016 -40.349735260009766 0.031101558357477188 -0.9408912062644958 -0.3197416067123413 0.10733971744775772
1750948385.814621 -67.71018981933594 10.260005950927734 -41.11112976074219 0.03437405452132225 -0.9452176690101624 -0.317490816116333 0.06768760830163956
1750948386.41462 -67.77928161621094 10.536396026611328 -41.877620697021484 0.03463570401072502 -0.9435343742370605 -0.3268854320049286 0.041100092232227325
1750948387.014626 -67.81433868408203 10.814634323120117 -42.66230010986328 0.0320042185485363 -0.9447833299636841 -0.3256888687610626 0.016944177448749542
1750948387.614758 -67.8086166381836 11.09481430053711 -43.442657470703125 0.024098359048366547 -0.9457948803901672 -0.3235819339752197 -0.013642637059092522
1750948388.214583 -67.74577331542969 11.37850284576416 -44.22877883911133 0.025367705151438713 -0.9440892338752747 -0.32581213116645813 -0.043573133647441864
1750948388.814588 -67.63477325439453 11.665507316589355 -45.001155853271484 0.02571919374167919 -0.9405524730682373 -0.3302591145038605 -0.07502416521310806
1750948389.414733 -67.46656036376953 11.953205108642578 -45.775718688964844 0.020784197375178337 -0.9364126920700073 -0.33269545435905457 -0.10960444808006287
1750948389.814657 -67.32241821289062 12.142553329467773 -46.284908294677734 0.018761692568659782 -0.9347891211509705 -0.3296227753162384 -0.1310195028781891
1750948390.41451 -67.07815551757812 12.421573638916016 -47.03612518310547 0.012228049337863922 -0.9332389831542969 -0.3239399492740631 -0.15484993159770966
1750948391.014521 -66.81401824951172 12.7081880569458 -47.79835891723633 0.014335733838379383 -0.9296807646751404 -0.3285399079322815 -0.16598111391067505
1750948391.614513 -66.51065826416016 12.992379188537598 -48.536617279052734 0.02095526084303856 -0.9252623915672302 -0.32788020372390747 -0.18959151208400726
1750948392.214411 -66.1478271484375 13.266985893249512 -49.253814697265625 0.026692671701312065 -0.9219549894332886 -0.3206084966659546 -0.21563094854354858
1750948392.814473 -65.76142120361328 13.521605491638184 -49.95844268798828 0.03151144087314606 -0.9183234572410583 -0.31532204151153564 -0.23719410598278046
1750948393.41455 -65.37175750732422 13.80150318145752 -50.64854431152344 0.036661356687545776 -0.9118310809135437 -0.32385364174842834 -0.24967731535434723
1750948394.014625 -64.96715545654297 14.07410717010498 -51.32275390625 0.03576167672872543 -0.9077386260032654 -0.32558801770210266 -0.26215285062789917
1750948394.41544 -64.68556213378906 14.244836807250977 -51.77436065673828 0.03351760283112526 -0.9075732231140137 -0.31927332282066345 -0.2706512212753296
1750948395.014454 -64.24779510498047 14.500179290771484 -52.426631927490234 0.03470415249466896 -0.9054160118103027 -0.3166756331920624 -0.28059592843055725
1750948395.614488 -63.74604797363281 14.749613761901855 -53.061641693115234 0.03284874185919762 -0.8919335007667542 -0.3143404424190521 -0.3233664035797119
1750948396.214414 -63.19938659667969 14.98519515991211 -53.65066909790039 0.030293133109807968 -0.8821333646774292 -0.3108755946159363 -0.3525330126285553
1750948396.814359 -62.61280059814453 15.222308158874512 -54.20940399169922 0.030518533661961555 -0.8717957735061646 -0.3091036379337311 -0.3788082003593445
1750948397.41436 -62.002586364746094 15.437252044677734 -54.739288330078125 0.027197083458304405 -0.8650764226913452 -0.3022933900356293 -0.3994019627571106
1750948398.014443 -61.39582061767578 15.646634101867676 -55.239845275878906 0.02649933658540249 -0.8570085167884827 -0.3049904406070709 -0.41450589895248413
1750948398.61446 -60.75691223144531 15.848812103271484 -55.74003219604492 0.023997629061341286 -0.8522445559501648 -0.30171722173690796 -0.4266967475414276
1750948399.214408 -60.12245178222656 16.053081512451172 -56.21528625488281 0.023612644523382187 -0.8476969003677368 -0.3002253472805023 -0.436711847782135
1750948399.814312 -59.479644775390625 16.257186889648438 -56.694061279296875 0.02025129459798336 -0.8436564207077026 -0.3040396571159363 -0.442033588886261
1750948400.41431 -58.846832275390625 16.469295501708984 -57.17051696777344 0.021640030667185783 -0.8465004563331604 -0.3052615225315094 -0.4356422424316406
1750948401.014243 -58.19176483154297 16.687257766723633 -57.662445068359375 0.02242058515548706 -0.844333291053772 -0.3083966076374054 -0.4375958740711212
1750948401.614361 -57.52771759033203 16.89399528503418 -58.134883880615234 0.022705111652612686 -0.8456252217292786 -0.302671879529953 -0.4390811622142792
1750948402.214262 -56.88563537597656 17.102481842041016 -58.59502410888672 0.026744898408651352 -0.8440849184989929 -0.3038884997367859 -0.4409730136394501
1750948402.814276 -56.234413146972656 17.310699462890625 -59.054893493652344 0.030701132491230965 -0.8432749509811401 -0.30127695202827454 -0.4440461993217468
1750948403.414709 -55.567657470703125 17.52147102355957 -59.52067184448242 0.03446319326758385 -0.8423739075660706 -0.29964661598205566 -0.4465765058994293
1750948404.014223 -54.911285400390625 17.726829528808594 -59.973114013671875 0.03627081960439682 -0.8403512835502625 -0.30113890767097473 -0.44923222064971924
1750948404.614207 -54.24413299560547 17.93871307373047 -60.426509857177734 0.03682877868413925 -0.8394948840141296 -0.3003840446472168 -0.45128870010375977
1750948405.014236 -53.78575897216797 18.08570098876953 -60.742618560791016 0.03699701279401779 -0.8389908075332642 -0.3029901683330536 -0.45046931505203247
1750948405.614357 -53.13323974609375 18.297515869140625 -61.22344970703125 0.03444714844226837 -0.843502402305603 -0.3026893436908722 -0.4423757791519165
1750948406.214174 -52.514381408691406 18.509737014770508 -61.70317840576172 0.03269810602068901 -0.848792314529419 -0.30388450622558594 -0.43143561482429504
1750948406.814161 -51.882911682128906 18.72651481628418 -62.19087600708008 0.03371269255876541 -0.849681556224823 -0.30461108684539795 -0.4290884733200073
1750948407.214223 -51.45073699951172 18.87333869934082 -62.531585693359375 0.032473426312208176 -0.8518989086151123 -0.30496686697006226 -0.42451012134552
1750948407.814256 -50.80242156982422 19.11512565612793 -63.05049133300781 0.03424470126628876 -0.85297691822052 -0.31081151962280273 -0.4179161489009857
1750948408.414178 -50.19807434082031 19.33669662475586 -63.55855941772461 0.03177420422434807 -0.8569431304931641 -0.30830714106559753 -0.4118078947067261
1750948409.014104 -49.58063507080078 19.565093994140625 -64.07798767089844 0.03261854872107506 -0.8583505153656006 -0.3080156445503235 -0.4090193808078766
1750948409.614191 -48.97924041748047 19.789756774902344 -64.5781478881836 0.03129526600241661 -0.8546950817108154 -0.30926838517189026 -0.41577646136283875
1750948410.214049 -48.33055877685547 20.03163719177246 -65.083984375 0.03209361433982849 -0.8499614000320435 -0.3103678822517395 -0.42450839281082153
1750948410.814118 -47.67151641845703 20.251312255859375 -65.51863098144531 0.03248186409473419 -0.8354761600494385 -0.3078482449054718 -0.45404180884361267
1750948411.414049 -46.97526550292969 20.451122283935547 -65.91841125488281 0.03352673724293709 -0.8219982981681824 -0.3037974238395691 -0.4805225431919098
1750948412.013991 -46.25884246826172 20.648435592651367 -66.29386901855469 0.030984090641140938 -0.8120173811912537 -0.30215203762054443 -0.498369425535202
1750948412.414081 -45.75862121582031 20.787994384765625 -66.55240631103516 0.0293621513992548 -0.8070899248123169 -0.3040449321269989 -0.5052726864814758
1750948413.014078 -45.00884246826172 20.977357864379883 -66.91584014892578 0.02590523287653923 -0.7975109219551086 -0.3017469346523285 -0.5217795968055725
1750948413.614011 -44.22816467285156 21.155052185058594 -67.22061157226562 0.023056888952851295 -0.7798153758049011 -0.2978263199329376 -0.5501416325569153
1750948414.213947 -43.43389129638672 21.31501007080078 -67.4690170288086 0.022982805967330933 -0.7618370056152344 -0.29305750131607056 -0.5772291421890259
1750948414.813951 -42.63420486450195 21.448795318603516 -67.6819076538086 0.018458642065525055 -0.747733473777771 -0.28617972135543823 -0.5988783240318298
1750948415.413954 -41.82443618774414 21.575517654418945 -67.89384460449219 0.011028599925339222 -0.7364746332168579 -0.28589993715286255 -0.6129801869392395
1750948415.947272 -41.07968521118164 21.70044708251953 -68.03495788574219 0.015298106707632542 -0.7207652926445007 -0.29007488489151 -0.6293806433677673
1750948416.413956 -40.44924545288086 21.779285430908203 -68.14529418945312 0.010523938573896885 -0.7147809267044067 -0.280926913022995 -0.640357494354248
1750948417.013914 -39.6537971496582 21.871238708496094 -68.24432373046875 0.012401442043483257 -0.6967067122459412 -0.2751317322254181 -0.6623809337615967
1750948417.613886 -38.84123611450195 21.912229537963867 -68.27694702148438 0.0018582772463560104 -0.6708605289459229 -0.26051396131515503 -0.6943163275718689
1750948418.213902 -38.04615783691406 21.912025451660156 -68.25579833984375 -0.016488220542669296 -0.6496503353118896 -0.24289409816265106 -0.7201980352401733
1750948418.747327 -37.314788818359375 21.90503692626953 -68.1866455078125 -0.013539298437535763 -0.6251554489135742 -0.24098776280879974 -0.742241382598877
1750948419.347314 -36.52248764038086 21.887725830078125 -68.05735778808594 -0.008534757420420647 -0.5975576043128967 -0.23345361649990082 -0.7670407295227051
1750948419.947272 -35.69866943359375 21.864608764648438 -67.88250732421875 -0.0042767650447785854 -0.5815675258636475 -0.22853171825408936 -0.7807267904281616
1750948420.547271 -34.89817428588867 21.82672119140625 -67.68893432617188 -0.005737581755965948 -0.562496542930603 -0.22379258275032043 -0.7959155440330505
1750948421.147244 -34.123779296875 21.779865264892578 -67.473388671875 -0.005270784720778465 -0.5468438863754272 -0.2189258635044098 -0.8080875873565674
1750948421.747217 -33.36037826538086 21.717994689941406 -67.2151870727539 -0.003897675545886159 -0.5268272161483765 -0.21049918234348297 -0.823485255241394
1750948422.347348 -32.61468505859375 21.646312713623047 -66.90052795410156 0.0015939808217808604 -0.5012050271034241 -0.20532208681106567 -0.8406152129173279
1750948422.947202 -31.884000778198242 21.559328079223633 -66.54227447509766 0.005368043668568134 -0.4785897433757782 -0.1970980167388916 -0.8556141257286072
1750948423.547205 -31.188583374023438 21.465469360351562 -66.1578369140625 0.0067475587129592896 -0.45855075120925903 -0.19138680398464203 -0.8677884340286255
1750948424.14717 -30.50040054321289 21.374664306640625 -65.75111389160156 0.009864415042102337 -0.43862977623939514 -0.19227071106433868 -0.8778033256530762
1750948424.747201 -29.853370666503906 21.268310546875 -65.33223724365234 0.007104606367647648 -0.4224436283111572 -0.18447144329547882 -0.8873901963233948
1750948425.347139 -29.217275619506836 21.158489227294922 -64.88031005859375 0.009515678510069847 -0.4083274304866791 -0.17900294065475464 -0.8950620889663696
1750948425.947146 -28.57126808166504 21.039459228515625 -64.42095184326172 0.007548169698566198 -0.4022916853427887 -0.17552252113819122 -0.8984967470169067
1750948426.547326 -27.90540885925293 20.926387786865234 -63.950286865234375 0.008796834386885166 -0.4079706370830536 -0.17705681920051575 -0.8956190347671509
1750948427.147279 -27.249521255493164 20.8239688873291 -63.48323440551758 0.010740578174591064 -0.40874215960502625 -0.17831793427467346 -0.8949956893920898
1750948427.747107 -26.6134033203125 20.70382308959961 -63.022220611572266 0.010203677229583263 -0.40398046374320984 -0.17502790689468384 -0.8978089690208435
1750948428.347102 -25.96339988708496 20.601726531982422 -62.582847595214844 0.011997029185295105 -0.41470760107040405 -0.17907993495464325 -0.8920785188674927
1750948428.947068 -25.277353286743164 20.5018310546875 -62.126792907714844 0.01135256141424179 -0.4206880033016205 -0.17970454692840576 -0.8891564011573792
1750948429.54708 -24.62601661682129 20.395444869995117 -61.678375244140625 0.011869306676089764 -0.4170386791229248 -0.17947836220264435 -0.890912652015686
1750948430.147007 -23.965953826904297 20.282115936279297 -61.212318420410156 0.01017160713672638 -0.4107769727706909 -0.17427977919578552 -0.8948661088943481
1750948430.747026 -23.333181381225586 20.169002532958984 -60.74432373046875 0.012595736421644688 -0.40440571308135986 -0.1711229532957077 -0.8983398079872131
1750948431.347012 -22.701732635498047 20.055557250976562 -60.26485824584961 0.012724676169455051 -0.4002736210823059 -0.16881322860717773 -0.9006226658821106
1750948431.946959 -22.0557861328125 19.93769073486328 -59.780029296875 0.012304732576012611 -0.39703845977783203 -0.1675967574119568 -0.902286171913147
1750948432.546957 -21.418216705322266 19.826990127563477 -59.307891845703125 0.011702523566782475 -0.40031328797340393 -0.16595210134983063 -0.9011505842208862
1750948433.147061 -20.793621063232422 19.71796989440918 -58.87102508544922 0.013008272275328636 -0.4076356291770935 -0.1669844090938568 -0.8976526260375977
1750948433.74699 -20.153039932250977 19.609046936035156 -58.41398620605469 0.015065274201333523 -0.41304731369018555 -0.16521300375461578 -0.8954718112945557
1750948434.346911 -19.520252227783203 19.497581481933594 -57.95771026611328 0.015640586614608765 -0.41411125659942627 -0.16415877640247345 -0.8951643705368042
1750948434.74692 -19.081531524658203 19.42173957824707 -57.64311218261719 0.013852544128894806 -0.4130907952785492 -0.1645866483449936 -0.8955866098403931
1750948435.346914 -18.4349308013916 19.298992156982422 -57.18973922729492 0.013964037410914898 -0.4102836847305298 -0.165091872215271 -0.8967814445495605
1750948435.946916 -17.793489456176758 19.184680938720703 -56.73686218261719 0.012068096548318863 -0.4108244478702545 -0.1648591160774231 -0.8966042399406433
1750948436.546852 -17.156496047973633 19.069217681884766 -56.29615020751953 0.013736233115196228 -0.4106523394584656 -0.16683073341846466 -0.8962942957878113
1750948437.14685 -16.542253494262695 18.954345703125 -55.86518096923828 0.009681807830929756 -0.40935778617858887 -0.1663854867219925 -0.8970218896865845
1750948437.746901 -15.913162231445312 18.83478355407715 -55.41468048095703 0.007929667830467224 -0.4079543948173523 -0.1686340570449829 -0.8972585797309875
1750948438.346856 -15.25281047821045 18.71396255493164 -54.93903350830078 0.008645587600767612 -0.4077654778957367 -0.1714480221271515 -0.8968043923377991
1750948438.94683 -14.597452163696289 18.59380531311035 -54.469337463378906 0.0096883000805974 -0.4086780250072479 -0.17107297480106354 -0.8964499831199646
1750948439.546828 -13.95227336883545 18.47953987121582 -53.999027252197266 0.007495030760765076 -0.4099499583244324 -0.16917622089385986 -0.8962501883506775
1750948440.147026 -13.313111305236816 18.34902572631836 -53.511070251464844 0.00722641171887517 -0.3960258364677429 -0.1620711088180542 -0.9037944078445435
1750948440.746625 -12.698040008544922 18.213132858276367 -53.00336456298828 0.009274089708924294 -0.37771496176719666 -0.1572897881269455 -0.9124172925949097
1750948441.346777 -12.115962028503418 18.07262420654297 -52.472007751464844 0.00950252078473568 -0.35843226313591003 -0.15304124355316162 -0.9208769202232361
1750948441.946763 -11.520222663879395 17.922809600830078 -51.942466735839844 0.008104161359369755 -0.35867929458618164 -0.15351901948451996 -0.9207146763801575
1750948442.546742 -10.946308135986328 17.768272399902344 -51.38524627685547 0.008149450644850731 -0.34580859541893005 -0.14821842312812805 -0.9264887571334839
1750948443.146753 -10.411572456359863 17.612770080566406 -50.81134796142578 0.011797846294939518 -0.3312423825263977 -0.14504317939281464 -0.932256281375885
1750948443.746727 -9.89787483215332 17.435832977294922 -50.25862503051758 -0.0027044250164180994 -0.3159571886062622 -0.13996343314647675 -0.938389003276825
1750948444.346817 -9.36528205871582 17.272085189819336 -49.6602897644043 0.009114966727793217 -0.3053325116634369 -0.1433812528848648 -0.9413452744483948
1750948444.946693 -8.862735748291016 17.10040283203125 -49.048431396484375 0.007016496267169714 -0.29003316164016724 -0.13893073797225952 -0.9468525648117065
1750948445.546694 -8.381523132324219 16.91889190673828 -48.41929626464844 0.0064393444918096066 -0.2763584852218628 -0.13373418152332306 -0.9516825079917908
1750948446.146697 -7.938905715942383 16.74121856689453 -47.82198715209961 0.004353177733719349 -0.2623550593852997 -0.12682946026325226 -0.956590473651886
1750948446.746678 -7.5391130447387695 16.541913986206055 -47.18525314331055 0.002834954299032688 -0.25023141503334045 -0.11723416298627853 -0.9610579609870911
1750948447.346457 -7.1479363441467285 16.35959815979004 -46.58074188232422 0.005802538711577654 -0.2348184436559677 -0.11124281585216522 -0.9656354188919067
1750948447.94662 -6.78370475769043 16.152484893798828 -45.89373016357422 0.007407702971249819 -0.219215989112854 -0.10314969718456268 -0.9701802730560303
1750948448.546606 -6.451808452606201 15.958969116210938 -45.25035095214844 0.009986772201955318 -0.2035978138446808 -0.0960216075181961 -0.9742833971977234
1750948449.146607 -6.135296821594238 15.76294994354248 -44.6223258972168 0.007536088582128286 -0.19250573217868805 -0.09188432991504669 -0.9769554734230042
1750948449.746592 -5.800164222717285 15.548606872558594 -43.92110824584961 0.008084443397819996 -0.1883314698934555 -0.09047587215900421 -0.9778957366943359
1750948450.346568 -5.471809387207031 15.341902732849121 -43.25896072387695 0.006322847679257393 -0.1878543198108673 -0.08987463265657425 -0.9780558943748474
1750948450.946569 -5.144777297973633 15.1282958984375 -42.569847106933594 0.004547458607703447 -0.1889568418264389 -0.08656872808933258 -0.9781516194343567
1750948451.546577 -4.824106216430664 14.925003051757812 -41.8973388671875 0.009126361459493637 -0.18805930018424988 -0.08545278012752533 -0.9783906936645508
1750948452.146522 -4.499910354614258 14.718647956848145 -41.19440841674805 0.01168832741677761 -0.18422730267047882 -0.08597241342067719 -0.9790467023849487
1750948452.746522 -4.1693806648254395 14.512242317199707 -40.50645446777344 0.008032058365643024 -0.18030253052711487 -0.08551588654518127 -0.9798538684844971
1750948453.213319 -3.9234812259674072 14.344913482666016 -39.96331024169922 0.008487068116664886 -0.17758981883525848 -0.0839555412530899 -0.9804801344871521
1750948453.813165 -3.6223254203796387 14.140467643737793 -39.27867889404297 0.008227601647377014 -0.17466361820697784 -0.08276717364788055 -0.9811089038848877
1750948454.413114 -3.315303087234497 13.921232223510742 -38.58959197998047 0.006516159512102604 -0.17126961052417755 -0.0817287340760231 -0.9818068742752075
1750948454.879799 -3.081681728363037 13.754414558410645 -38.05970764160156 0.004865480121225119 -0.16854862868785858 -0.08177124708890915 -0.9822836518287659
1750948455.413112 -2.8205699920654297 13.561320304870605 -37.434165954589844 0.006740770768374205 -0.1619570553302765 -0.07980369031429291 -0.9835425615310669
1750948455.946456 -2.6079652309417725 13.364702224731445 -36.803958892822266 0.004712618887424469 -0.1361125409603119 -0.07176697254180908 -0.988079309463501
1750948456.546406 -2.386759042739868 13.143996238708496 -36.101802825927734 0.005466966889798641 -0.12199793756008148 -0.06715669482946396 -0.9902406930923462
1750948457.146419 -2.204369068145752 12.921915054321289 -35.40024185180664 0.004846652969717979 -0.10555596649646759 -0.06091664358973503 -0.9925339818000793
1750948457.746697 -2.057863712310791 12.685650825500488 -34.68911361694336 0.0033751267474144697 -0.08286446332931519 -0.05310145765542984 -0.9951393604278564
1750948458.346421 -1.9119021892547607 12.458126068115234 -33.995147705078125 0.002190112601965666 -0.07361854612827301 -0.050860267132520676 -0.9959863424301147
1750948458.946315 -1.779086709022522 12.214898109436035 -33.25461959838867 0.004169879946857691 -0.06770025193691254 -0.045766208320856094 -0.9966467618942261
1750948459.54649 -1.6565839052200317 11.97005558013916 -32.501224517822266 0.002708407351747155 -0.06382093578577042 -0.04126928746700287 -0.9971039891242981
1750948460.146361 -1.5440523624420166 11.72496509552002 -31.757801055908203 0.0017506243893876672 -0.05734033137559891 -0.037998709827661514 -0.9976297616958618
1750948460.546339 -1.4752343893051147 11.566859245300293 -31.235422134399414 0.00802149623632431 -0.05541818588972092 -0.03805258870124817 -0.9977056384086609
1750948461.079657 -1.3646444082260132 11.353767395019531 -30.56053352355957 0.00782432034611702 -0.06606986373662949 -0.03801068663597107 -0.9970601201057434
1750948461.546278 -1.2529053688049316 11.154889106750488 -29.98467445373535 0.0020038692746311426 -0.06953190267086029 -0.03974805027246475 -0.996785581111908
1750948462.146305 -1.1175897121429443 10.909323692321777 -29.251508712768555 0.0009070790256373584 -0.07313001900911331 -0.04058922082185745 -0.99649578332901
1750948462.746303 -0.9864577651023865 10.665507316589355 -28.508028030395508 0.00037080454058013856 -0.07531986385583878 -0.04114370793104172 -0.9963101744651794
1750948463.27957 -0.8552628755569458 10.447607040405273 -27.833852767944336 0.004602988716214895 -0.07701090723276138 -0.038316842168569565 -0.9962830543518066
1750948463.679598 -0.7580013871192932 10.27518081665039 -27.333683013916016 -0.0004923646920360625 -0.07676693052053452 -0.036413006484508514 -0.9963838458061218
1750948464.279547 -0.6157962083816528 10.022388458251953 -26.59229278564453 -0.0034798276610672474 -0.07725577056407928 -0.03361157700419426 -0.9964385032653809
1750948464.879547 -0.45996713638305664 9.764150619506836 -25.837940216064453 -0.0006420522113330662 -0.07794877886772156 -0.033065974712371826 -0.9964087009429932
1750948465.479559 -0.30003684759140015 9.505831718444824 -25.0693359375 0.0019189725862815976 -0.08475686609745026 -0.03483868017792702 -0.9957906603813171
1750948466.079498 -0.14131522178649902 9.25493335723877 -24.315208435058594 0.00017239621956832707 -0.08577002584934235 -0.03588316589593887 -0.9956685900688171
1750948466.679523 0.018462814390659332 8.996801376342773 -23.5690975189209 -0.002382074948400259 -0.08651145547628403 -0.039182648062705994 -0.9954772591590881
1750948467.279498 0.18253451585769653 8.742182731628418 -22.8276424407959 -0.0025998051278293133 -0.08662465214729309 -0.04122772812843323 -0.9953842163085938
1750948467.879431 0.35465165972709656 8.480927467346191 -22.067476272583008 -0.0031929730903357267 -0.08705327659845352 -0.04247955232858658 -0.9952924251556396
1750948468.47944 0.5177409052848816 8.229795455932617 -21.3265438079834 -0.0017339178593829274 -0.08744454383850098 -0.04334026947617531 -0.99522465467453
1750948469.079433 0.6973896622657776 7.983142375946045 -20.56309700012207 0.0011667764047160745 -0.08802797645330429 -0.04440213367342949 -0.995127260684967
1750948469.679257 0.8661933541297913 7.713490962982178 -19.82183265686035 -0.005607297644019127 -0.0889652818441391 -0.04539034143090248 -0.9949842095375061
1750948470.279386 1.0303400754928589 7.454885482788086 -19.074974060058594 -0.0014764030929654837 -0.07711385935544968 -0.044779472053050995 -0.9960151314735413
1750948470.879445 1.190412163734436 7.203283786773682 -18.308345794677734 0.00039742811350151896 -0.07576217502355576 -0.04466406628489494 -0.9961250424385071
1750948471.479419 1.3448609113693237 6.947420120239258 -17.53799057006836 0.00011929331230930984 -0.075121209025383 -0.04377758875489235 -0.9962130188941956
1750948472.079413 1.5053294897079468 6.694807529449463 -16.785728454589844 -0.0018524931510910392 -0.07333681732416153 -0.04346231743693352 -0.9963580369949341
1750948472.679379 1.6664097309112549 6.4494547843933105 -16.026004791259766 -0.0013081503566354513 -0.07070478051900864 -0.04156092554330826 -0.9966303110122681
1750948473.279394 1.8013393878936768 6.19972038269043 -15.257256507873535 0.003197397105395794 -0.06371282041072845 -0.040608979761600494 -0.997136652469635
1750948473.879398 1.9207417964935303 5.938726425170898 -14.513314247131348 -0.002938544377684593 -0.05591302365064621 -0.041025951504707336 -0.9975880980491638
1750948474.479324 2.038869857788086 5.68311882019043 -13.759651184082031 -0.0008479375974275172 -0.04714211821556091 -0.04083935171365738 -0.9980526566505432
1750948475.079311 2.1536996364593506 5.438859462738037 -13.005615234375 0.0014346021926030517 -0.050898898392915726 -0.043185777962207794 -0.9977686405181885
1750948475.545981 2.239025831222534 5.238139629364014 -12.433012962341309 -0.002728062681853771 -0.048103172332048416 -0.04494490474462509 -0.9978269934654236
1750948476.145985 2.342339515686035 4.988963603973389 -11.685798645019531 -0.0018827192252501845 -0.04673536866903305 -0.043351732194423676 -0.9979643225669861
1750948476.745972 2.445113182067871 4.735835075378418 -10.960118293762207 -0.004609470721334219 -0.04543457552790642 -0.042795341461896896 -0.9980396628379822
1750948477.279279 2.5096824169158936 4.5000715255737305 -10.30572509765625 -0.007020477671176195 -0.033322375267744064 -0.03749740868806839 -0.9987163543701172
1750948477.879287 2.5962038040161133 4.239370822906494 -9.55384349822998 -0.005073147360235453 -0.026755018159747124 -0.03572176769375801 -0.9989907741546631
1750948478.479054 2.6635220050811768 3.975764274597168 -8.808032035827637 -0.0064820293337106705 -0.020665571093559265 -0.035299498587846756 -0.9991421699523926
1750948479.079228 2.7258026599884033 3.7058465480804443 -8.037129402160645 -0.006441203411668539 -0.016008727252483368 -0.03659661114215851 -0.9991811513900757
1750948479.679223 2.78422212600708 3.4356186389923096 -7.285696983337402 -0.008223747834563255 -0.012844567187130451 -0.03656472638249397 -0.9992148876190186
1750948480.279216 2.8323304653167725 3.1635611057281494 -6.507604598999023 -0.004061278887093067 -0.009289640933275223 -0.03724953532218933 -0.999254584312439
1750948480.879038 2.8904998302459717 2.887910842895508 -5.722240447998047 -0.00804632343351841 -0.0159209705889225 -0.038670144975185394 -0.9990928173065186
1750948481.479147 2.9646353721618652 2.6091055870056152 -4.928503513336182 -0.005272317677736282 -0.02415737323462963 -0.03847720846533775 -0.9989535212516785
1750948481.879272 3.0078725814819336 2.4235546588897705 -4.391927719116211 -0.008474323898553848 -0.021771077066659927 -0.036769989877939224 -0.9990506768226624
1750948482.479162 3.0148580074310303 2.14103364944458 -3.6148836612701416 -0.009662143886089325 3.248296707170084e-05 -0.02537710778415203 -0.9996312856674194
1750948483.078946 3.0325980186462402 1.8517323732376099 -2.810393810272217 -0.010221259668469429 0.0037240947131067514 -0.02130785584449768 -0.9997138381004333
1750948483.479122 3.0473079681396484 1.658010482788086 -2.267869472503662 -0.009777653031051159 0.0028669557068496943 -0.02073689177632332 -0.999733030796051
1750948483.879116 3.056234121322632 1.4706120491027832 -1.7377605438232422 -0.009010417386889458 0.004618071485310793 -0.0176077950745821 -0.9997937083244324
1750948484.279105 3.0577125549316406 1.2733101844787598 -1.2145875692367554 -0.013456589542329311 0.004553241655230522 -0.017499759793281555 -0.9997460246086121
1750948484.879105 3.0598394870758057 1.0118480920791626 -0.44057315587997437 -3.583799843909219e-05 0.010386181995272636 -0.013409008271992207 -0.9998562335968018
1750948485.079125 3.0574257373809814 0.960554838180542 -0.30650758743286133 -0.0014087117742747068 0.01010060589760542 -0.012251249514520168 -0.9998730421066284
1750948485.545561 3.0614430904388428 0.9463638663291931 -0.3064636290073395 -0.012382459826767445 0.007557957898825407 -0.013139965012669563 -0.9998084306716919
