1760456485.463141 -0.0 -0.0 -0.0 -0.0 -0.0 -0.0 1.0
1760456487.26309 0.00477991346269846 -0.031369585543870926 0.072271928191185 0.004701319616287947 0.0001732736564008519 0.0006183566874824464 0.9999887943267822
1760456488.196389 -0.013422966003417969 -0.30782127380371094 0.8628060221672058 0.007276012096554041 -0.016799433156847954 -0.007598232943564653 0.9998035430908203
1760456488.796383 -0.07250680774450302 -0.543387770652771 1.5268245935440063 0.010116958059370518 -0.03411957621574402 -0.015976188704371452 0.999238908290863
1760456489.396615 -0.11667273193597794 -0.7981468439102173 2.2104339599609375 0.014899947680532932 -0.03554112836718559 -0.015894437208771706 0.9991307258605957
1760456489.996373 -0.16539143025875092 -1.0498762130737305 2.901960849761963 0.014263364486396313 -0.039281684905290604 -0.019064631313085556 0.9989444613456726
1760456490.596557 -0.22745925188064575 -1.2993148565292358 3.5879480838775635 0.01392390113323927 -0.04426965117454529 -0.020457763224840164 0.9987130761146545
1760456491.196339 -0.293386846780777 -1.5444966554641724 4.241591930389404 0.017426947131752968 -0.04862043261528015 -0.02164795994758606 0.9984306693077087
1760456491.796997 -0.3658979535102844 -1.7876102924346924 4.9024834632873535 0.0160678718239069 -0.052334289997816086 -0.023292923346161842 0.9982286691665649
1760456492.396292 -0.4334172010421753 -2.0400750637054443 5.576104164123535 0.016487980261445045 -0.057215262204408646 -0.023369448259472847 0.9979521036148071
1760456493.062911 -0.5212317109107971 -2.3145699501037598 6.312411785125732 0.01828547567129135 -0.06126148998737335 -0.025538336485624313 0.9976274967193604
1760456493.662917 -0.6070928573608398 -2.559624671936035 6.9642157554626465 0.018301235511898994 -0.06437788158655167 -0.02743351086974144 0.9973805546760559
1760456494.396246 -0.7158457040786743 -2.846759557723999 7.7262187004089355 0.021690288558602333 -0.06912480294704437 -0.030316339805722237 0.996911346912384
1760456495.062862 -0.8173242211341858 -3.1130917072296143 8.464540481567383 0.01688290946185589 -0.07389435917139053 -0.03172478824853897 0.9966183304786682
1760456495.596195 -0.9057543277740479 -3.328402519226074 9.041149139404297 0.01855115033686161 -0.07813425362110138 -0.03023473732173443 0.996311604976654
1760456496.262866 -1.0246671438217163 -3.590646505355835 9.767369270324707 0.018035391345620155 -0.08290432393550873 -0.031090136617422104 0.9959091544151306
1760456496.99622 -1.2445921897888184 -3.8597564697265625 10.478586196899414 0.020717080682516098 -0.14281414449214935 -0.052674565464258194 0.988129734992981
1760456497.662954 -1.5553693771362305 -4.081782817840576 11.080809593200684 0.021763596683740616 -0.20772667229175568 -0.0748671442270279 0.975074827671051
1760456498.262836 -1.9186055660247803 -4.278728008270264 11.58103084564209 0.022350700572133064 -0.27307239174842834 -0.09822318702936172 0.9567049145698547
1760456498.862833 -2.339319944381714 -4.476968765258789 12.03952693939209 0.03174826502799988 -0.3218359649181366 -0.1095193549990654 0.9399038553237915
1760456499.396098 -2.765132188796997 -4.642499923706055 12.431923866271973 0.03056793287396431 -0.36205756664276123 -0.12440109997987747 0.9233115911483765
1760456500.062828 -3.376472234725952 -4.821008205413818 12.861604690551758 0.02515706606209278 -0.4206616282463074 -0.14636093378067017 0.8949800729751587
1760456500.662871 -3.9780778884887695 -4.963052749633789 13.21495246887207 0.023629968985915184 -0.44712018966674805 -0.16068893671035767 0.8796046376228333
1760456501.196077 -4.513932704925537 -5.091313362121582 13.514089584350586 0.026516132056713104 -0.46506619453430176 -0.16663363575935364 0.8690475225448608
1760456501.796047 -5.1390180587768555 -5.213221549987793 13.812950134277344 0.027814270928502083 -0.48345115780830383 -0.17645345628261566 0.8569513559341431
1760456502.39625 -5.780618190765381 -5.320462226867676 14.051898956298828 0.031609952449798584 -0.5216876268386841 -0.18841691315174103 0.8314698338508606
1760456502.996094 -6.428569316864014 -5.394498825073242 14.20535659790039 0.032143205404281616 -0.5717663168907166 -0.2051863968372345 0.7936930060386658
1760456503.596046 -7.099104881286621 -5.436821937561035 14.274070739746094 0.03243464604020119 -0.6184684634208679 -0.22354696691036224 0.7526430487632751
1760456504.196309 -7.7776288986206055 -5.447047233581543 14.257987976074219 0.031244369223713875 -0.6642789244651794 -0.24306751787662506 0.7061696648597717
1760456504.796338 -8.442399978637695 -5.4186506271362305 14.146129608154297 0.034058794379234314 -0.7069562077522278 -0.25776737928390503 0.6577301621437073
1760456505.395987 -9.079765319824219 -5.370362281799316 13.980112075805664 0.030905067920684814 -0.7473765015602112 -0.2759570777416229 0.6035900712013245
1760456505.995981 -9.706833839416504 -5.314988136291504 13.750577926635742 0.03820904344320297 -0.7704764008522034 -0.27707576751708984 0.5728309154510498
1760456506.595933 -10.358489036560059 -5.210446357727051 13.478525161743164 0.03804680332541466 -0.7797783017158508 -0.29806050658226013 0.5492342710494995
1760456507.195945 -10.969476699829102 -5.106413841247559 13.179708480834961 0.047888774424791336 -0.7950994372367859 -0.30435341596603394 0.5223912596702576
1760456507.795939 -11.510880470275879 -5.066275596618652 12.87497329711914 0.05899511277675629 -0.821064293384552 -0.2811300456523895 0.4932939112186432
1760456508.595964 -12.267730712890625 -4.948653697967529 12.44178295135498 0.04049144685268402 -0.8349060416221619 -0.29431143403053284 0.46332836151123047
1760456509.195887 -12.811513900756836 -4.837498664855957 12.05640983581543 0.041166435927152634 -0.8458643555641174 -0.29373377561569214 0.4433276355266571
1760456509.795927 -13.312461853027344 -4.72845983505249 11.665349960327148 0.04044034332036972 -0.8565261363983154 -0.29264432191848755 0.42318660020828247
1760456510.395881 -13.806657791137695 -4.609099388122559 11.238706588745117 0.041969068348407745 -0.8651106953620911 -0.29335489869117737 0.4046790301799774
1760456510.996133 -14.273666381835938 -4.487076759338379 10.815010070800781 0.042935699224472046 -0.8722206354141235 -0.29354608058929443 0.3888682723045349
1760456511.595828 -14.759725570678711 -4.399981498718262 10.425725936889648 0.044283557683229446 -0.8679142594337463 -0.2818019688129425 0.4066343605518341
1760456512.329426 -15.300933837890625 -4.279508113861084 9.899726867675781 0.04587475210428238 -0.8784723281860352 -0.28008341789245605 0.3843633532524109
1760456512.995799 -15.820806503295898 -4.134469032287598 9.40523910522461 0.04252825304865837 -0.8811332583427429 -0.2880105674266815 0.3726198971271515
1760456513.462471 -16.171550750732422 -4.035374641418457 9.036450386047363 0.04041465371847153 -0.8845312595367432 -0.28899991512298584 0.3639371395111084
1760456514.129129 -16.62997817993164 -3.910423517227173 8.53287410736084 0.04122401401400566 -0.8897231817245483 -0.2867353856563568 0.35281163454055786
1760456514.52911 -16.956693649291992 -3.8210926055908203 8.174232482910156 0.04327571764588356 -0.8943198323249817 -0.28197434544563293 0.3446880578994751
1760456514.929218 -17.433837890625 -3.6684165000915527 7.634350776672363 0.038748495280742645 -0.895136296749115 -0.291506826877594 0.33504241704940796
1760456515.329056 -17.920902252197266 -3.5121021270751953 7.054848670959473 0.038660336285829544 -0.8974407315254211 -0.29456210136413574 0.3260960876941681
1760456515.662494 -18.31386947631836 -3.3640618324279785 6.552489280700684 0.04026992619037628 -0.90103679895401 -0.2923518419265747 0.317870169878006
1760456515.995729 -18.752212524414062 -3.2115278244018555 6.015768051147461 0.03729679808020592 -0.9020302891731262 -0.29799243807792664 0.3100821375846863
1760456516.329062 -19.173690795898438 -3.047706127166748 5.460827827453613 0.03771807625889778 -0.9041070342063904 -0.2984183132648468 0.30350369215011597
1760456516.529073 -19.43284034729004 -2.9338929653167725 5.105120658874512 0.036800798028707504 -0.9042270183563232 -0.3032708466053009 0.2984059751033783
1760456516.795825 -19.77936553955078 -2.7896533012390137 4.639773368835449 0.03491409495472908 -0.9054784774780273 -0.3048447072505951 0.2931886315345764
1760456517.129032 -20.201656341552734 -2.6095852851867676 4.04490852355957 0.040464017540216446 -0.9068355560302734 -0.30345895886421204 0.2896973490715027
1760456517.329015 -20.47243881225586 -2.499429941177368 3.6988134384155273 0.04123200103640556 -0.9019954800605774 -0.3050360381603241 0.30274924635887146
1760456517.729013 -21.058940887451172 -2.3053536415100098 3.032377243041992 0.04275877773761749 -0.8914903998374939 -0.2996220886707306 0.3371100425720215
1760456517.995678 -21.454952239990234 -2.177537441253662 2.6005859375 0.042494144290685654 -0.889815628528595 -0.29810309410095215 0.3428659737110138
1760456518.329014 -21.937179565429688 -2.0132713317871094 2.0638046264648438 0.04344003275036812 -0.8896358013153076 -0.3020980954170227 0.3397025763988495
1760456518.595712 -22.32677459716797 -1.878312110900879 1.6311206817626953 0.04302656650543213 -0.890298068523407 -0.30208081007003784 0.3380315601825714
1760456518.929007 -22.80478858947754 -1.7269978523254395 1.0981025695800781 0.04682637006044388 -0.8914351463317871 -0.2990829348564148 0.33719444274902344
1760456519.129147 -23.1011962890625 -1.6237354278564453 0.7617950439453125 0.045783087611198425 -0.8913155198097229 -0.3002050518989563 0.33665648102760315
1760456519.328992 -23.378433227539062 -1.5478911399841309 0.44921875 0.046471357345581055 -0.8938421010971069 -0.29352813959121704 0.3357498347759247
1760456519.528952 -23.646739959716797 -1.4560694694519043 0.1292400360107422 0.048045407980680466 -0.8937580585479736 -0.29359540343284607 0.3356933891773224
1760456519.728958 -23.923755645751953 -1.3634037971496582 -0.18735122680664062 0.04564936086535454 -0.8931300044059753 -0.29725903272628784 0.3344729244709015
1760456519.92896 -24.192829132080078 -1.2783336639404297 -0.5122909545898438 0.04522670432925224 -0.8944218754768372 -0.29385313391685486 0.3340875506401062
1760456520.195632 -24.585289001464844 -1.1508831977844238 -0.9405517578125 0.045761838555336 -0.8937605023384094 -0.2965050935745239 0.3334408104419708
1760456520.528945 -25.0491886138916 -1.0015316009521484 -1.485382080078125 0.045363061130046844 -0.8944862484931946 -0.29585593938827515 0.33212313055992126
1760456520.795619 -25.387577056884766 -0.8966617584228516 -1.8978939056396484 0.04750915616750717 -0.8946681022644043 -0.29491719603538513 0.3321683704853058
1760456521.12895 -25.86665916442871 -0.738525390625 -2.4364051818847656 0.04632645100355148 -0.8932195901870728 -0.30044832825660706 0.33127549290657043
1760456521.329083 -26.13888168334961 -0.6476268768310547 -2.7539119720458984 0.04744480922818184 -0.893463134765625 -0.2994883060455322 0.3313297629356384
1760456521.528964 -26.41857147216797 -0.557520866394043 -3.0745582580566406 0.04517422989010811 -0.8928473591804504 -0.2976982593536377 0.3349010944366455
1760456521.728902 -26.704601287841797 -0.460693359375 -3.386676788330078 0.04393461346626282 -0.8876788020133972 -0.29954496026039124 0.346942275762558
1760456521.928906 -26.988765716552734 -0.37345027923583984 -3.6838436126708984 0.0440417118370533 -0.8831251263618469 -0.29875457286834717 0.35902097821235657
1760456522.195577 -27.376792907714844 -0.2601146697998047 -4.067005157470703 0.04065537080168724 -0.8813440799713135 -0.2989640533924103 0.363593727350235
1760456522.528914 -27.826457977294922 -0.1201629638671875 -4.5352630615234375 0.04010041430592537 -0.8819420337677002 -0.29754137992858887 0.36337223649024963
1760456522.728917 -28.124387741088867 -0.03493022918701172 -4.8411407470703125 0.03982718661427498 -0.881775975227356 -0.29678797721862793 0.3644200265407562
1760456522.928909 -28.41989517211914 0.0426788330078125 -5.132076263427734 0.03884506970643997 -0.8827375173568726 -0.29378369450569153 0.3646322190761566
1760456523.128909 -28.705991744995117 0.13143634796142578 -5.427967071533203 0.037580687552690506 -0.8824864625930786 -0.29351910948753357 0.36558446288108826
1760456523.329019 -29.008371353149414 0.22417831420898438 -5.727870941162109 0.0356564074754715 -0.8805925250053406 -0.2978450059890747 0.36684301495552063
1760456523.528884 -29.299644470214844 0.31262874603271484 -6.0180511474609375 0.034540679305791855 -0.8813452124595642 -0.2959497570991516 0.36667609214782715
1760456523.728949 -29.586626052856445 0.39942359924316406 -6.309104919433594 0.03434261679649353 -0.8817725777626038 -0.29385605454444885 0.36735057830810547
1760456523.928876 -29.872634887695312 0.4742460250854492 -6.5976409912109375 0.03576558083295822 -0.8821287751197815 -0.29206228256225586 0.367789626121521
1760456524.328868 -30.433650970458984 0.6318197250366211 -7.142406463623047 0.034965068101882935 -0.8797638416290283 -0.2899576723575592 0.37512338161468506
1760456524.92885 -31.331207275390625 0.8462867736816406 -7.890541076660156 0.03412977606058121 -0.8652371764183044 -0.2872471809387207 0.4094983637332916
1760456525.528855 -32.07149887084961 1.0069293975830078 -8.470626831054688 0.031063145026564598 -0.8650221824645996 -0.28888869285583496 0.4090416729450226
1760456526.795492 -33.06050109863281 1.2255945205688477 -9.256046295166016 0.033853963017463684 -0.8632288575172424 -0.2836019694805145 0.41624489426612854
1760456528.328739 -34.21630859375 1.4508352279663086 -10.158172607421875 0.035028599202632904 -0.862421989440918 -0.28359392285346985 0.4178227484226227
1760456530.128784 -35.51445770263672 1.7399787902832031 -11.259716033935547 0.035211820155382156 -0.8702793121337891 -0.2882969081401825 0.39781785011291504
1760456532.328798 -36.949520111083984 2.094005584716797 -12.578418731689453 0.03551972284913063 -0.8720762729644775 -0.29091954231262207 0.3919018805027008
1760456533.72875 -37.81996154785156 2.324207305908203 -13.420391082763672 0.03729909285902977 -0.8735241889953613 -0.2911600172519684 0.3883170783519745
1760456534.528661 -38.32633590698242 2.4576568603515625 -13.91250228881836 0.037308987230062485 -0.8742657899856567 -0.29186537861824036 0.38611122965812683
1760456535.92864 -39.13820266723633 2.6829662322998047 -14.743980407714844 0.038205742835998535 -0.8754440546035767 -0.29166650772094727 0.3834955096244812
1760456537.128542 -39.82917022705078 2.882326126098633 -15.429885864257812 0.03758549317717552 -0.8739328384399414 -0.29161229729652405 0.3870282471179962
1760456537.995212 -40.43223571777344 3.031259536743164 -15.961463928222656 0.037095390260219574 -0.8664603233337402 -0.2889648973941803 0.4054255485534668
1760456538.528543 -40.84507751464844 3.1220836639404297 -16.295669555664062 0.03721235692501068 -0.8647556304931641 -0.2877102494239807 0.4099217355251312
1760456538.92854 -41.16570281982422 3.195119857788086 -16.562129974365234 0.03563503175973892 -0.8638710975646973 -0.28845858573913574 0.411398321390152
1760456539.328479 -41.499691009521484 3.2707653045654297 -16.829727172851562 0.03534708172082901 -0.8627465963363647 -0.28891080617904663 0.41346031427383423
1760456539.928476 -41.98586654663086 3.3820457458496094 -17.22405242919922 0.03516925126314163 -0.8617297410964966 -0.2881649136543274 0.41610822081565857
1760456540.595142 -42.50737762451172 3.5101490020751953 -17.65520477294922 0.03404083847999573 -0.8602299094200134 -0.288507342338562 0.41905760765075684
1760456541.195201 -43.00156021118164 3.622163772583008 -18.044387817382812 0.03437730669975281 -0.8591319918632507 -0.28837934136390686 0.4213641881942749
1760456541.928433 -43.5966911315918 3.7536792755126953 -18.509254455566406 0.033028434962034225 -0.8581216931343079 -0.28742682933807373 0.42417237162590027
1760456542.528449 -44.14732360839844 3.8799057006835938 -18.942306518554688 0.03315101936459541 -0.8572062253952026 -0.2873896062374115 0.42603492736816406
1760456543.128424 -44.75086975097656 3.996410369873047 -19.39639663696289 0.03267379850149155 -0.8577949404716492 -0.2823401391506195 0.4282572567462921
1760456543.595136 -45.23958206176758 4.107025146484375 -19.7698974609375 0.028640270233154297 -0.8559069633483887 -0.28583279252052307 0.43000316619873047
1760456544.128381 -45.82587432861328 4.22266960144043 -20.21572494506836 0.030156804248690605 -0.8572068810462952 -0.2791401147842407 0.4317031502723694
1760456544.528403 -46.26225280761719 4.309871673583984 -20.53036880493164 0.029494505375623703 -0.8558822870254517 -0.2812681496143341 0.43299400806427
1760456544.928387 -46.71107482910156 4.39924430847168 -20.864662170410156 0.02921995520591736 -0.8556325435638428 -0.27969226241111755 0.43452441692352295
1760456545.328386 -47.19990539550781 4.498418807983398 -21.230918884277344 0.029302354902029037 -0.8554440140724182 -0.27829989790916443 0.43578213453292847
1760456545.795044 -47.773216247558594 4.613933563232422 -21.642303466796875 0.028814898803830147 -0.854495644569397 -0.2791159451007843 0.43715110421180725
1760456546.261682 -48.35322189331055 4.722257614135742 -22.054283142089844 0.029111413285136223 -0.8542734980583191 -0.2780585289001465 0.43823835253715515
1760456546.728347 -48.951194763183594 4.832792282104492 -22.48163604736328 0.026831340044736862 -0.854205310344696 -0.27714473009109497 0.4390948414802551
1760456547.261672 -49.67538833618164 4.969936370849609 -22.99181365966797 0.02424919791519642 -0.8536570072174072 -0.2782686948776245 0.4396001696586609
1760456547.661691 -50.1785888671875 5.06334114074707 -23.358684539794922 0.025312794372439384 -0.8535830974578857 -0.2767569422721863 0.44063687324523926
1760456548.061683 -50.668548583984375 5.158750534057617 -23.71402359008789 0.02500082179903984 -0.8531243205070496 -0.2768459916114807 0.44148629903793335
1760456548.461588 -51.14964294433594 5.243741989135742 -24.045089721679688 0.02301866188645363 -0.8533129096031189 -0.2756630480289459 0.44196972250938416
1760456548.861599 -51.63151550292969 5.333963394165039 -24.38288116455078 0.022395949810743332 -0.8537730574607849 -0.273897260427475 0.44221067428588867
1760456549.328264 -52.175437927246094 5.4393157958984375 -24.765174865722656 0.019788585603237152 -0.8526579737663269 -0.2762526273727417 0.44302061200141907
1760456549.861603 -52.73639678955078 5.54279899597168 -25.158164978027344 0.02029179409146309 -0.8526685833930969 -0.27606579661369324 0.44309407472610474
1760456550.46175 -53.39140319824219 5.674541473388672 -25.604366302490234 0.019693003967404366 -0.8519803881645203 -0.27691450715065 0.44391441345214844
1760456550.861545 -53.85987854003906 5.762428283691406 -25.93358612060547 0.020036937668919563 -0.8522540926933289 -0.2763918340206146 0.4436991512775421
1760456551.261534 -54.359466552734375 5.853252410888672 -26.292747497558594 0.021497128531336784 -0.8533793687820435 -0.2727397382259369 0.44372811913490295
1760456551.661543 -54.87312698364258 5.968975067138672 -26.644630432128906 0.012585010379552841 -0.8499372601509094 -0.28316375613212585 0.44414713978767395
1760456552.128209 -55.458457946777344 6.086435317993164 -27.060523986816406 0.01681516319513321 -0.8508926630020142 -0.28175032138824463 0.4430753290653229
1760456552.661513 -56.085296630859375 6.216510772705078 -27.50958251953125 0.027793563902378082 -0.8490361571311951 -0.2794467806816101 0.4475204348564148
1760456553.261531 -56.7588996887207 6.365999221801758 -27.984840393066406 0.022930512204766273 -0.8429854512214661 -0.2923034429550171 0.45100823044776917
1760456553.861505 -57.3128547668457 6.453174591064453 -28.36748504638672 0.02800416760146618 -0.8481152057647705 -0.27740728855133057 0.4505126178264618
1760456554.46149 -57.88817596435547 6.55354118347168 -28.74828338623047 0.024582568556070328 -0.8474499583244324 -0.2763585150241852 0.45260393619537354
1760456555.061465 -58.43334197998047 6.642696380615234 -29.11957550048828 0.02259555086493492 -0.8496620655059814 -0.27166977524757385 0.4513970911502838
1760456555.661579 -58.99076843261719 6.728639602661133 -29.494308471679688 0.01978939026594162 -0.8521316051483154 -0.26512089371681213 0.4507672190666199
1760456556.261439 -59.5584716796875 6.809606552124023 -29.87860107421875 0.01784338802099228 -0.8544367551803589 -0.2612931430339813 0.44871532917022705
1760456556.861444 -60.09703826904297 6.925884246826172 -30.299041748046875 0.01946244016289711 -0.8617776036262512 -0.272475928068161 0.42745471000671387
1760456557.461436 -60.60752487182617 7.053491592407227 -30.743865966796875 0.019097793847322464 -0.8721973299980164 -0.2818014621734619 0.39936840534210205
1760456558.061414 -61.13314437866211 7.173776626586914 -31.208328247070312 0.016851890832185745 -0.8769140243530273 -0.28186318278312683 0.388961523771286
1760456558.661389 -61.64265441894531 7.319725036621094 -31.691192626953125 0.0164406206458807 -0.8801016807556152 -0.2845526337623596 0.37971121072769165
1760456559.261378 -62.15911102294922 7.471261978149414 -32.17668151855469 0.019253967329859734 -0.8794312477111816 -0.29400569200515747 0.3738858699798584
1760456559.861333 -62.66694641113281 7.6182708740234375 -32.67424774169922 0.02726920135319233 -0.881085991859436 -0.2908806800842285 0.3719305694103241
1760456560.461394 -63.15993118286133 7.773124694824219 -33.18055725097656 0.033669982105493546 -0.8805117011070251 -0.2972911298274994 0.3676731288433075
1760456561.061343 -63.63063049316406 7.920099258422852 -33.679595947265625 0.03961868956685066 -0.8847082257270813 -0.30010879039764404 0.35448065400123596
1760456561.661311 -64.0650405883789 8.118890762329102 -34.21422576904297 0.03118625469505787 -0.894609272480011 -0.31734439730644226 0.3130403757095337
1760456562.261304 -64.44214630126953 8.285575866699219 -34.76252746582031 0.03136004880070686 -0.9079514145851135 -0.312331885099411 0.2776501774787903
1760456562.861285 -64.76242065429688 8.47764778137207 -35.34642791748047 0.030562294647097588 -0.9190747737884521 -0.3122873902320862 0.23841995000839233
1760456563.461301 -65.03114318847656 8.67232894897461 -35.94469451904297 0.033205438405275345 -0.9285763502120972 -0.3112569749355316 0.19940529763698578
1760456564.061245 -65.25470733642578 8.879280090332031 -36.59614562988281 0.03480863571166992 -0.935637354850769 -0.3124636709690094 0.16042941808700562
1760456564.661443 -65.48556518554688 9.101591110229492 -37.256256103515625 0.034847889095544815 -0.9362478852272034 -0.31455087661743164 0.15258891880512238
1760456565.261255 -65.693115234375 9.321474075317383 -37.88664245605469 0.034031614661216736 -0.9369655847549438 -0.3180610239505768 0.1406223475933075
1760456565.86123 -65.88523864746094 9.540975570678711 -38.53453826904297 0.034499641507864 -0.9387434124946594 -0.3177035450935364 0.12897725403308868
1760456566.461192 -66.05779266357422 9.761213302612305 -39.184513092041016 0.033092617988586426 -0.9399691224098206 -0.3189949691295624 0.11664163321256638
1760456567.061191 -66.21676635742188 9.985296249389648 -39.8433837890625 0.03381245583295822 -0.9405657649040222 -0.3211474120616913 0.10515284538269043
1760456567.661172 -66.32398223876953 10.222299575805664 -40.5018424987793 0.033443134278059006 -0.9420527815818787 -0.3269360661506653 0.06731203943490982
1760456568.261109 -66.35116577148438 10.451866149902344 -41.15154266357422 0.02943856455385685 -0.9449636936187744 -0.3252333402633667 0.020005708560347557
1760456568.861255 -66.32847595214844 10.696948051452637 -41.807315826416016 0.02754213847219944 -0.9426319003105164 -0.33210811018943787 -0.01976769044995308
1760456569.461129 -66.26615142822266 10.924239158630371 -42.457305908203125 0.026693953201174736 -0.9427587389945984 -0.3284643590450287 -0.05103493854403496
1760456570.061137 -66.1319808959961 11.16202163696289 -43.10163497924805 0.028638726100325584 -0.9392436742782593 -0.32795143127441406 -0.09720669686794281
1760456570.66116 -65.96049499511719 11.426836013793945 -43.763099670410156 0.02786867879331112 -0.9344425201416016 -0.3342014253139496 -0.11979169398546219
1760456571.261127 -65.78121948242188 11.68869400024414 -44.43138885498047 0.0193602554500103 -0.9311202764511108 -0.33768150210380554 -0.13642415404319763
1760456571.86108 -65.587646484375 11.934600830078125 -45.084556579589844 0.013555864803493023 -0.9313618540763855 -0.33083754777908325 -0.1514194905757904
1760456572.461132 -65.3606185913086 12.173763275146484 -45.72899627685547 0.014737489633262157 -0.9300801157951355 -0.3280807435512543 -0.16461093723773956
1760456573.061323 -65.12760162353516 12.414169311523438 -46.360939025878906 0.014423808082938194 -0.927992582321167 -0.32755133509635925 -0.17700837552547455
1760456573.661049 -64.8595962524414 12.670516967773438 -46.99371337890625 0.01910356804728508 -0.9244365692138672 -0.33040550351142883 -0.18943171203136444
1760456574.261031 -64.57710266113281 12.91344165802002 -47.620689392089844 0.026594335213303566 -0.9224997758865356 -0.3298744857311249 -0.19866982102394104
1760456574.927873 -64.25843811035156 13.160667419433594 -48.28771209716797 0.034180328249931335 -0.9230950474739075 -0.32067346572875977 -0.20951303839683533
1760456575.660965 -63.9019775390625 13.442123413085938 -49.01840591430664 0.03834986686706543 -0.9207709431648254 -0.32035592198371887 -0.21927668154239655
1760456576.394311 -63.5244140625 13.734521865844727 -49.73783874511719 0.03399958461523056 -0.9167963862419128 -0.3248131573200226 -0.22983670234680176
1760456576.99432 -63.21391296386719 13.968281745910645 -50.32724380493164 0.031183963641524315 -0.9150435924530029 -0.32463783025741577 -0.23734606802463531
1760456577.594251 -62.90513610839844 14.188268661499023 -50.910316467285156 0.025402110069990158 -0.9140130281448364 -0.3211447298526764 -0.24657860398292542
1760456577.994263 -62.62671661376953 14.368788719177246 -51.37498092651367 0.023542270064353943 -0.9111644625663757 -0.32236674427986145 -0.25554803013801575
1760456578.394262 -62.28770446777344 14.601524353027344 -51.933250427246094 0.020263781771063805 -0.9035481214523315 -0.327344685792923 -0.2757457494735718
1760456578.794717 -61.891456604003906 14.80207347869873 -52.45183563232422 0.016799110919237137 -0.8942785859107971 -0.3204927146434784 -0.31187841296195984
1760456579.194255 -61.46929931640625 15.005958557128906 -52.93927001953125 0.016108395531773567 -0.8822103142738342 -0.31951120495796204 -0.34548255801200867
1760456579.594209 -61.014915466308594 15.202874183654785 -53.419403076171875 0.014202691614627838 -0.8773773908615112 -0.3179209232330322 -0.35907331109046936
1760456579.994207 -60.56256866455078 15.393911361694336 -53.910308837890625 0.0077494061551988125 -0.8751912713050842 -0.31534725427627563 -0.3667919337749481
1760456580.394222 -60.09779357910156 15.601268768310547 -54.378028869628906 0.00918907206505537 -0.8709623217582703 -0.3194020688533783 -0.37325945496559143
1760456580.794213 -59.630287170410156 15.789661407470703 -54.84587478637695 0.007504322100430727 -0.8683522939682007 -0.3181684613227844 -0.38036414980888367
1760456581.194357 -59.17070770263672 15.970647811889648 -55.295108795166016 0.0037621117662638426 -0.8658254146575928 -0.31699562072753906 -0.38709959387779236
1760456581.594153 -58.68665313720703 16.170379638671875 -55.739051818847656 0.007217946462333202 -0.8611196279525757 -0.32135605812072754 -0.3938923180103302
1760456581.994153 -58.223724365234375 16.329063415527344 -56.159217834472656 0.0023571758065372705 -0.8611376285552979 -0.3144518733024597 -0.3994452953338623
1760456582.394147 -57.748802185058594 16.513845443725586 -56.56615447998047 0.005262490827590227 -0.8568967580795288 -0.31808701157569885 -0.40561190247535706
1760456582.794166 -57.27348327636719 16.68875503540039 -56.98118209838867 0.003662804141640663 -0.8548808693885803 -0.3168637454509735 -0.4108072817325592
1760456583.194297 -56.75262451171875 16.856184005737305 -57.41377258300781 0.00263824500143528 -0.853279173374176 -0.3123635947704315 -0.41753625869750977
1760456583.594144 -56.17925262451172 17.06195831298828 -57.88473892211914 0.003628634149208665 -0.8505980968475342 -0.31380608677864075 -0.4218951165676117
1760456583.994108 -55.604164123535156 17.266387939453125 -58.33818435668945 0.0033772257156670094 -0.8473334312438965 -0.3161551356315613 -0.42668572068214417
1760456584.394147 -54.99908447265625 17.466447830200195 -58.80387878417969 0.0068099042400717735 -0.8456931114196777 -0.3154311180114746 -0.4304184019565582
1760456584.660778 -54.54725646972656 17.61925506591797 -59.148094177246094 0.007204818073660135 -0.8449682593345642 -0.313525527715683 -0.43321889638900757
1760456584.99411 -53.989418029785156 17.798662185668945 -59.56513595581055 0.009041065350174904 -0.8426005244255066 -0.31433579325675964 -0.4371906518936157
1760456585.260765 -53.52391052246094 17.957380294799805 -59.910621643066406 0.012308642268180847 -0.8409757614135742 -0.3144437372684479 -0.440151572227478
1760456585.594087 -52.92820739746094 18.135696411132812 -60.34877014160156 0.012461284175515175 -0.8411166667938232 -0.30883321166038513 -0.4438351094722748
1760456585.860767 -52.44853973388672 18.295860290527344 -60.69364929199219 0.013051853515207767 -0.8385812044143677 -0.31115126609802246 -0.4469856917858124
1760456586.194038 -51.833946228027344 18.495689392089844 -61.11631774902344 0.013466567732393742 -0.8367912173271179 -0.3116702735424042 -0.44995635747909546
1760456586.460724 -51.33247375488281 18.652328491210938 -61.46025466918945 0.013843138702213764 -0.8352645635604858 -0.3122004270553589 -0.4524074196815491
1760456586.794137 -50.709510803222656 18.85259246826172 -61.8862419128418 0.014960148371756077 -0.8333446383476257 -0.31262943148612976 -0.4556048810482025
1760456587.06073 -50.20454406738281 19.01327896118164 -62.22674560546875 0.011530198156833649 -0.8312956094741821 -0.31446123123168945 -0.45817995071411133
1760456587.394041 -49.61914825439453 19.19145393371582 -62.63212966918945 0.009146735072135925 -0.8321141600608826 -0.309791624546051 -0.45992550253868103
1760456587.660737 -49.1009521484375 19.356822967529297 -62.974388122558594 0.009661032818257809 -0.8293766379356384 -0.31331539154052734 -0.46246573328971863
1760456587.99404 -48.490272521972656 19.5452823638916 -63.38430404663086 0.009659117087721825 -0.8287648558616638 -0.31199485063552856 -0.4644510746002197
1760456588.260685 -47.974205017089844 19.708614349365234 -63.71349334716797 0.008720302022993565 -0.8262310028076172 -0.3153291642665863 -0.46672675013542175
1760456588.594023 -47.330055236816406 19.905960083007812 -64.12808990478516 0.010164940729737282 -0.8254462480545044 -0.31389808654785156 -0.46904492378234863
1760456588.860658 -46.786888122558594 20.07978630065918 -64.45845031738281 0.013164065778255463 -0.8237069845199585 -0.31623607873916626 -0.47045546770095825
1760456589.260662 -46.08479309082031 20.30340003967285 -64.88497161865234 0.019260037690401077 -0.8179485201835632 -0.3207443654537201 -0.47719210386276245
1760456589.794238 -45.48535919189453 20.48162841796875 -65.254638671875 0.01584656536579132 -0.8201584815979004 -0.31416255235671997 -0.4779026508331299
1760456590.393995 -44.882568359375 20.66391372680664 -65.60308074951172 0.017690228298306465 -0.8157514333724976 -0.3154336214065552 -0.48449811339378357
1760456590.993949 -44.26361846923828 20.83075714111328 -65.92393493652344 0.015934603288769722 -0.804955005645752 -0.3086174428462982 -0.5065065026283264
1760456591.593945 -43.627349853515625 20.991233825683594 -66.251708984375 0.014568415470421314 -0.8022112846374512 -0.3065006136894226 -0.5121545791625977
1760456592.193939 -43.00093078613281 21.15692138671875 -66.56299591064453 0.014006715267896652 -0.8007241487503052 -0.30270326137542725 -0.5167353749275208
1760456592.793895 -42.37519073486328 21.317766189575195 -66.85966491699219 0.017777925357222557 -0.7983993887901306 -0.30273082852363586 -0.5201888680458069
1760456593.393918 -41.72669219970703 21.481725692749023 -67.15601348876953 0.02077406458556652 -0.7958049178123474 -0.3026084005832672 -0.5241098403930664
1760456593.993891 -41.0545654296875 21.6358585357666 -67.39165496826172 0.023594599217176437 -0.7712916135787964 -0.3017873466014862 -0.55989009141922
1760456594.593881 -40.392948150634766 21.728809356689453 -67.5462417602539 0.013151721097528934 -0.7408385872840881 -0.2867737412452698 -0.6072447299957275
1760456595.193849 -39.695858001708984 21.831012725830078 -67.64108276367188 0.020116666331887245 -0.7155031561851501 -0.2802651822566986 -0.6396109461784363
1760456595.793847 -38.9692268371582 21.911514282226562 -67.68446350097656 0.02705671451985836 -0.6946966648101807 -0.27099090814590454 -0.6657541394233704
1760456596.393825 -38.28982162475586 21.984298706054688 -67.73585510253906 0.022761188447475433 -0.6861908435821533 -0.2671937048435211 -0.6761890053749084
1760456596.993825 -37.58580780029297 22.049758911132812 -67.78854370117188 0.013396921567618847 -0.6720321774482727 -0.27024808526039124 -0.6893179416656494
1760456597.593766 -36.928043365478516 22.070720672607422 -67.81462097167969 -0.012503309175372124 -0.665416419506073 -0.2571474313735962 -0.7006710171699524
1760456598.193783 -36.248008728027344 22.08283042907715 -67.80873107910156 -0.01522358413785696 -0.6444870829582214 -0.2533548176288605 -0.7212600111961365
1760456598.793787 -35.609657287597656 22.055644989013672 -67.71965026855469 -0.01992514170706272 -0.6085794568061829 -0.2330968677997589 -0.7582216262817383
1760456599.593714 -34.792354583740234 21.983936309814453 -67.468994140625 -0.016012415289878845 -0.546571671962738 -0.21131323277950287 -0.8101541996002197
1760456600.193882 -34.1761474609375 21.904735565185547 -67.2127685546875 -0.01354258507490158 -0.5019750595092773 -0.20157507061958313 -0.8409549593925476
1760456600.793753 -33.55734634399414 21.825164794921875 -66.92761993408203 -0.012253737077116966 -0.4872145652770996 -0.1972155123949051 -0.8506338000297546
1760456601.393717 -32.930057525634766 21.747142791748047 -66.61215209960938 -0.006484758574515581 -0.47333139181137085 -0.19686582684516907 -0.8585798144340515
1760456601.993668 -32.349185943603516 21.644615173339844 -66.30887603759766 -0.013941161334514618 -0.465398907661438 -0.18876467645168304 -0.8646256327629089
1760456602.593677 -31.76966667175293 21.535072326660156 -65.96725463867188 -0.011374522931873798 -0.44165071845054626 -0.18036313354969025 -0.8787972331047058
1760456603.193678 -31.208656311035156 21.430095672607422 -65.58094024658203 -0.004957817494869232 -0.413235068321228 -0.17951896786689758 -0.8927402496337891
1760456603.793618 -30.649747848510742 21.325786590576172 -65.18009948730469 0.0024652755819261074 -0.40740564465522766 -0.17550072073936462 -0.8962221741676331
1760456604.393622 -30.128921508789062 21.195289611816406 -64.80245971679688 -0.012496471405029297 -0.39872056245803833 -0.16345760226249695 -0.9023011326789856
1760456604.993632 -29.567081451416016 21.089797973632812 -64.37849426269531 0.002657665405422449 -0.3858831226825714 -0.17397677898406982 -0.9059907793998718
1760456605.593612 -29.039154052734375 20.975296020507812 -63.96950912475586 0.0030530993826687336 -0.38717588782310486 -0.17362718284130096 -0.9055049419403076
1760456606.193569 -28.51999282836914 20.870651245117188 -63.57307434082031 0.0015403428114950657 -0.39143434166908264 -0.1718682497739792 -0.9040122628211975
1760456606.793558 -27.989479064941406 20.759321212768555 -63.158714294433594 0.004692534916102886 -0.3848307728767395 -0.1698843091726303 -0.9072059392929077
1760456607.39356 -27.447731018066406 20.654922485351562 -62.764068603515625 0.0044424873776733875 -0.397041916847229 -0.17345242202281952 -0.901250422000885
1760456607.993572 -26.929819107055664 20.55800437927246 -62.386016845703125 0.004243697505444288 -0.4027014970779419 -0.17483419179916382 -0.8984690308570862
1760456608.593521 -26.388877868652344 20.451627731323242 -61.97980499267578 0.004947071895003319 -0.40029647946357727 -0.17393824458122253 -0.8997131586074829
1760456609.193514 -25.843812942504883 20.353050231933594 -61.576934814453125 0.005662704352289438 -0.39776238799095154 -0.17530709505081177 -0.9005667567253113
1760456609.793519 -25.282941818237305 20.253589630126953 -61.211936950683594 0.0037113807629793882 -0.4141957461833954 -0.1791960895061493 -0.8923658728599548
1760456610.393529 -24.743526458740234 20.158641815185547 -60.822723388671875 0.008256053552031517 -0.41268420219421387 -0.17772889137268066 -0.8933287262916565
1760456610.993453 -24.16883087158203 20.062761306762695 -60.43238830566406 0.006426923908293247 -0.4129314720630646 -0.17750762403011322 -0.8932733535766602
1760456611.593454 -23.624399185180664 19.96285629272461 -60.05129623413086 0.00616689957678318 -0.415030837059021 -0.17613562941551208 -0.8925736546516418
1760456612.193505 -22.935884475708008 19.843791961669922 -59.57924270629883 0.004781113471835852 -0.41684195399284363 -0.17459222674369812 -0.8920412659645081
1760456612.660102 -22.302522659301758 19.740070343017578 -59.15559387207031 0.008629415184259415 -0.418249249458313 -0.17364402115345 -0.8915385007858276
1760456613.060081 -21.70273208618164 19.63605499267578 -58.73591995239258 0.008536751382052898 -0.41940680146217346 -0.17143015563488007 -0.8914240002632141
1760456613.460085 -21.044559478759766 19.515483856201172 -58.296592712402344 0.007700475864112377 -0.42186665534973145 -0.16810497641563416 -0.8909040093421936
1760456613.793446 -20.408933639526367 19.40973472595215 -57.86503982543945 0.010154468938708305 -0.421978235244751 -0.16886965930461884 -0.8906819224357605
1760456613.993405 -20.01297378540039 19.340274810791016 -57.594459533691406 0.010499666444957256 -0.42214053869247437 -0.16861215233802795 -0.8906498551368713
1760456614.260106 -19.4847412109375 19.25353240966797 -57.239803314208984 0.010911128483712673 -0.42147210240364075 -0.16893073916435242 -0.8909010291099548
1760456614.593436 -18.84416389465332 19.157772064208984 -56.818458557128906 0.015368631109595299 -0.42026346921920776 -0.17307892441749573 -0.8906099796295166
1760456614.860004 -18.331300735473633 19.048017501831055 -56.49504852294922 -0.0015993294073268771 -0.4219669997692108 -0.16705891489982605 -0.891085147857666
1760456615.193357 -17.692733764648438 18.956504821777344 -56.049564361572266 0.012752196751534939 -0.4200595021247864 -0.17359428107738495 -0.8906472325325012
1760456615.460944 -17.183685302734375 18.86420249938965 -55.70817947387695 0.008614590391516685 -0.4200648367404938 -0.1729760318994522 -0.8908146023750305
1760456615.793357 -16.539390563964844 18.748254776000977 -55.28285217285156 0.009888819418847561 -0.42070403695106506 -0.17206598818302155 -0.890675961971283
1760456615.993357 -16.151527404785156 18.6767578125 -55.02477264404297 0.007968427613377571 -0.42033150792121887 -0.1694675087928772 -0.8913689851760864
1760456616.193348 -15.756831169128418 18.605581283569336 -54.748863220214844 0.009034854359924793 -0.41879501938819885 -0.17171062529087067 -0.8916527628898621
1760456616.460054 -15.23258113861084 18.520906448364258 -54.4004020690918 0.010546908713877201 -0.41949984431266785 -0.17215082049369812 -0.8912197947502136
1760456616.793373 -14.582000732421875 18.408016204833984 -53.9566650390625 0.007672334089875221 -0.4085310697555542 -0.167624369263649 -0.8971875905990601
1760456617.060015 -14.099519729614258 18.306442260742188 -53.578216552734375 0.007534512784332037 -0.38827258348464966 -0.16270944476127625 -0.9070354700088501
1760456617.393297 -13.541448593139648 18.17575454711914 -53.0948371887207 0.009286756627261639 -0.3681991696357727 -0.15624068677425385 -0.9164780378341675
1760456617.593298 -13.207062721252441 18.091947555541992 -52.810550689697266 0.006150819826871157 -0.372481107711792 -0.15434840321540833 -0.9150937795639038
1760456617.926671 -12.63520336151123 17.96265411376953 -52.31781768798828 0.008533037267625332 -0.3675426244735718 -0.15356841683387756 -0.9172003269195557
1760456618.126638 -12.290247917175293 17.869659423828125 -52.01930618286133 0.004882967099547386 -0.368476927280426 -0.15142828226089478 -0.9172080159187317
1760456618.393295 -11.82622241973877 17.759567260742188 -51.61262893676758 0.006639349739998579 -0.36640456318855286 -0.1483549326658249 -0.9185284376144409
1760456618.726625 -11.257610321044922 17.60959243774414 -51.11408233642578 0.0016445342916995287 -0.36209747195243835 -0.14860421419143677 -0.9202171564102173
1760456618.993303 -10.815935134887695 17.496837615966797 -50.717567443847656 0.004857711493968964 -0.3598840534687042 -0.14550702273845673 -0.9215680360794067
1760456619.326568 -10.24522590637207 17.36158561706543 -50.20368957519531 0.008214962668716908 -0.3563206195831299 -0.14493195712566376 -0.9230183362960815
1760456619.593228 -9.80572509765625 17.245006561279297 -49.798248291015625 0.008346309885382652 -0.35225826501846313 -0.14356853067874908 -0.9247878193855286
1760456619.793267 -9.503718376159668 17.155380249023438 -49.48313903808594 0.009021616540849209 -0.33317893743515015 -0.13714882731437683 -0.9327918291091919
1760456619.993265 -9.22726058959961 17.058176040649414 -49.173545837402344 0.005550511181354523 -0.3115937411785126 -0.1305665671825409 -0.9411858916282654
1760456620.326583 -8.783979415893555 16.890779495239258 -48.5836181640625 0.012383855879306793 -0.2807076871395111 -0.12046457827091217 -0.9521229863166809
1760456620.526581 -8.516382217407227 16.76982307434082 -48.251033782958984 0.0036906893365085125 -0.28392916917800903 -0.11806267499923706 -0.9515418410301208
1760456620.726573 -8.238784790039062 16.667203903198242 -47.89849853515625 -0.0015004643937572837 -0.2785211205482483 -0.11992502957582474 -0.9529122710227966
1760456620.993242 -7.864102363586426 16.52669334411621 -47.407047271728516 0.007315098773688078 -0.2713080942630768 -0.12076324224472046 -0.9548584222793579
1760456621.193473 -7.588160991668701 16.41965103149414 -47.03586196899414 0.009467565454542637 -0.26703858375549316 -0.12251594662666321 -0.9558193683624268
1760456621.393255 -7.326127052307129 16.306663513183594 -46.65857696533203 0.006660215090960264 -0.265389084815979 -0.11832116544246674 -0.9568304419517517
1760456621.726519 -6.904481887817383 16.127811431884766 -46.060768127441406 0.0047117010690271854 -0.25914207100868225 -0.1155986338853836 -0.9588848352432251
1760456621.993208 -6.557750701904297 15.978952407836914 -45.55992126464844 0.005536082200706005 -0.25637468695640564 -0.11390770226716995 -0.9598262310028076
1760456622.326523 -6.146547317504883 15.796492576599121 -44.94688415527344 0.006182897370308638 -0.25128161907196045 -0.1088857501745224 -0.9617500901222229
1760456622.593232 -5.828003883361816 15.64086627960205 -44.46492004394531 0.0023306086659431458 -0.24927549064159393 -0.10447660088539124 -0.9627777338027954
1760456622.926525 -5.438611030578613 15.461591720581055 -43.843231201171875 0.006875616032630205 -0.24390539526939392 -0.10128650814294815 -0.9644708037376404
1760456623.193369 -5.133792877197266 15.320659637451172 -43.38090515136719 0.006545156706124544 -0.24117915332317352 -0.10006415843963623 -0.9652858972549438
1760456623.393256 -4.913219451904297 15.212589263916016 -43.0125846862793 0.008890501223504543 -0.23911243677139282 -0.09634821116924286 -0.9661589860916138
1760456623.726525 -4.537423133850098 15.032758712768555 -42.40483474731445 0.00878916960209608 -0.23382706940174103 -0.09497402608394623 -0.9675885438919067
1760456623.993157 -4.250143051147461 14.88906192779541 -41.93082046508789 0.007379522547125816 -0.2312019318342209 -0.09250052273273468 -0.9684703946113586
1760456624.32647 -3.905579090118408 14.71054458618164 -41.34307861328125 0.007637696340680122 -0.22654616832733154 -0.0917540192604065 -0.969639003276825
1760456624.593166 -3.625596046447754 14.561151504516602 -40.877220153808594 0.005146009381860495 -0.22456030547618866 -0.08831693977117538 -0.9704362154006958
1760456624.926569 -3.302877426147461 14.381864547729492 -40.31886291503906 0.0026725060306489468 -0.21937547624111176 -0.0886807069182396 -0.971598207950592
1760456625.193169 -3.0370097160339355 14.241643905639648 -39.86168670654297 0.006540875416249037 -0.21565347909927368 -0.08874431252479553 -0.9724069237709045
1760456625.593241 -2.6655797958374023 14.033345222473145 -39.19194412231445 0.006708753760904074 -0.21183888614177704 -0.0862930417060852 -0.97346431016922
1760456625.926489 -2.3482089042663574 13.864665985107422 -38.60797119140625 0.013790469616651535 -0.20541255176067352 -0.08176328986883163 -0.9751565456390381
1760456626.193088 -2.1413934230804443 13.718124389648438 -38.14043426513672 0.00798656977713108 -0.17309845983982086 -0.07294408231973648 -0.9821671843528748
1760456626.52643 -1.9188472032546997 13.532971382141113 -37.5498046875 0.006604591850191355 -0.15040647983551025 -0.06128573790192604 -0.9867007732391357
1760456626.79311 -1.7284502983093262 13.374794960021973 -37.047096252441406 0.007367705926299095 -0.1520673781633377 -0.060275882482528687 -0.9865029454231262
1760456627.126412 -1.49151611328125 13.17816162109375 -36.406497955322266 0.008653429336845875 -0.1451294869184494 -0.05767640471458435 -0.9876922965049744
1760456627.393116 -1.3173844814300537 13.01722526550293 -35.92054748535156 0.005240938626229763 -0.14115364849567413 -0.05611249431967735 -0.9883823394775391
1760456627.72642 -1.0992647409439087 12.8115234375 -35.26410675048828 0.006117272190749645 -0.13558846712112427 -0.05499078333377838 -0.9892191290855408
1760456627.993251 -0.9207093715667725 12.649127006530762 -34.72713851928711 0.008974621072411537 -0.12964200973510742 -0.05349850282073021 -0.990075945854187
1760456628.326365 -0.7224643230438232 12.441170692443848 -34.10454559326172 0.004819600842893124 -0.12680765986442566 -0.05205216258764267 -0.9905489683151245
1760456628.593035 -0.5520172119140625 12.275650978088379 -33.571533203125 0.007885267026722431 -0.12158597260713577 -0.049512799829244614 -0.9913138747215271
1760456628.926374 -0.35771626234054565 12.064459800720215 -32.93794631958008 0.005935169290751219 -0.11827097088098526 -0.046720314770936966 -0.9918639063835144
1760456629.193112 -0.2129887342453003 11.88461971282959 -32.40584182739258 0.003311199601739645 -0.1147708147764206 -0.04364709556102753 -0.9924271702766418
1760456629.526362 -0.032691627740859985 11.673384666442871 -31.73548126220703 0.006936680991202593 -0.10989389568567276 -0.042739901691675186 -0.992999792098999
1760456629.726389 0.07132048904895782 11.537911415100098 -31.33877182006836 0.004358655773103237 -0.10703204572200775 -0.041273921728134155 -0.9933890104293823
1760456629.993296 0.21234042942523956 11.360506057739258 -30.775487899780273 0.005635775160044432 -0.1028352677822113 -0.03982159122824669 -0.9938850402832031
1760456630.326377 0.37884092330932617 11.141468048095703 -30.118331909179688 0.002998167183250189 -0.09891597181558609 -0.03951193392276764 -0.9943065643310547
1760456630.526357 0.4874504804611206 11.006349563598633 -29.69437026977539 0.006444849539548159 -0.0954023152589798 -0.03913959488272667 -0.9946481585502625
1760456630.793014 0.6186334490776062 10.831663131713867 -29.147216796875 0.00738300196826458 -0.09208259731531143 -0.0380324050784111 -0.9949973821640015
1760456631.12633 0.7682117223739624 10.617871284484863 -28.488487243652344 0.005962291266769171 -0.08951881527900696 -0.03478211909532547 -0.9953598380088806
1760456631.393134 0.8792722225189209 10.448424339294434 -27.958267211914062 0.004616195801645517 -0.08736167103052139 -0.03156581521034241 -0.9956657290458679
1760456631.72632 1.036198616027832 10.236329078674316 -27.32853126525879 0.005187519825994968 -0.08302909135818481 -0.030746210366487503 -0.9960591793060303
1760456631.993053 1.139601707458496 10.061667442321777 -26.798660278320312 0.0023505273275077343 -0.08013074100017548 -0.02799849770963192 -0.99638831615448
1760456632.328625 1.2606432437896729 9.843781471252441 -26.1622257232666 0.001394738326780498 -0.07707373797893524 -0.025844018906354904 -0.9966894388198853
1760456632.593019 1.3613752126693726 9.67774772644043 -25.66194725036621 0.0018474371172487736 -0.07387318462133408 -0.0257958322763443 -0.996932327747345
1760456632.926253 1.4710224866867065 9.454085350036621 -25.018871307373047 -0.002299548825249076 -0.07080379128456116 -0.0243435837328434 -0.997190535068512
1760456633.192935 1.5610772371292114 9.284308433532715 -24.507448196411133 -0.004195705987513065 -0.0678691491484642 -0.024897798895835876 -0.9973747134208679
1760456633.52626 1.6820584535598755 9.070977210998535 -23.852046966552734 0.0037968915421515703 -0.06471690535545349 -0.022712958976626396 -0.9976379871368408
1760456633.792936 1.7649691104888916 8.896561622619629 -23.346233367919922 0.002435011323541403 -0.0622437410056591 -0.021207811310887337 -0.997832715511322
1760456634.126463 1.8673045635223389 8.674617767333984 -22.67990493774414 0.0030432892963290215 -0.05953652039170265 -0.019817907363176346 -0.9980247616767883
1760456634.392931 1.9557117223739624 8.492742538452148 -22.138193130493164 0.003035169094800949 -0.057370901107788086 -0.01744595356285572 -0.9981959462165833
1760456634.726287 2.0464940071105957 8.27259349822998 -21.47818374633789 0.001122680609114468 -0.05480578541755676 -0.01609421893954277 -0.9983667135238647
1760456634.99286 2.1166882514953613 8.085946083068848 -20.933273315429688 0.002091564005240798 -0.051763977855443954 -0.014433421194553375 -0.9985528588294983
1760456635.326215 2.157935857772827 7.8703155517578125 -20.28152847290039 0.0035842701327055693 -0.024258632212877274 -0.005476862192153931 -0.9996843338012695
1760456635.7262 2.180673360824585 7.628255367279053 -19.541406631469727 0.005252209026366472 -0.010571710765361786 -0.0018258164636790752 -0.9999286532402039
1760456636.126195 2.21525502204895 7.369993686676025 -18.770418167114258 0.005722030997276306 -0.008366286754608154 -0.0016421873588114977 -0.9999473094940186
1760456636.459549 2.2423768043518066 7.126633644104004 -18.046310424804688 -0.0008716987213119864 -0.0034599716309458017 -0.0028093832079321146 -0.9999897480010986
1760456636.726218 2.25083327293396 6.935773849487305 -17.4581356048584 0.001211690017953515 0.0014322249917313457 -0.0028469087556004524 -0.9999942183494568
1760456637.059534 2.2517881393432617 6.691666126251221 -16.72614860534668 0.002232865896075964 0.0064061423763632774 -0.003297764342278242 -0.9999715685844421
1760456637.326141 2.2418107986450195 6.50378942489624 -16.145479202270508 0.0071034301072359085 0.011107195168733597 -0.0018313879845663905 -0.9999114274978638
1760456637.659477 2.2320797443389893 6.300684452056885 -15.549201965332031 0.004385430831462145 0.016838572919368744 1.6992775272228755e-05 -0.9998486638069153
1760456638.12615 2.2203145027160645 6.087645053863525 -14.917638778686523 0.0026112287305295467 0.018934402614831924 -0.0007450222037732601 -0.9998170733451843
1760456638.659474 2.200937032699585 5.838907718658447 -14.172774314880371 0.004661737475544214 0.026181073859333992 -0.0004317695857025683 -0.9996463060379028
1760456639.259484 2.1707897186279297 5.585596084594727 -13.402453422546387 0.010060444474220276 0.027966758236289024 0.003669873345643282 -0.99955153465271
1760456639.859423 2.1441948413848877 5.369420051574707 -12.790183067321777 0.0006831535720266402 0.03150402009487152 0.0024967589415609837 -0.9995002746582031
1760456640.459423 2.150754451751709 5.166792869567871 -12.205677032470703 0.0010192937916144729 0.01505033764988184 -0.005202107597142458 -0.9998726844787598
1760456641.059435 2.17678165435791 4.979115009307861 -11.622774124145508 0.004932704847306013 -0.0006556950393132865 -0.012101791799068451 -0.9999144673347473
1760456641.726042 2.1938624382019043 4.7523512840271 -10.956487655639648 0.0038637586403638124 -0.0004892982542514801 -0.013530105352401733 -0.9999009370803833
1760456642.459382 2.228747844696045 4.499207496643066 -10.210526466369629 0.002112112706527114 -0.0016866964288055897 -0.014980857260525227 -0.9998841285705566
1760456643.128142 2.2553365230560303 4.26448392868042 -9.500946998596191 0.0013512303121387959 -0.004170950502157211 -0.01595202460885048 -0.9998631477355957
1760456643.726056 2.2782070636749268 4.042848110198975 -8.877571105957031 -0.0019485094817355275 -0.006911018863320351 -0.016425756737589836 -0.9998393654823303
1760456644.459323 2.321868896484375 3.785512924194336 -8.12854290008545 -0.0029212781228125095 -0.008769587613642216 -0.017392512410879135 -0.9998060464859009
1760456645.126254 2.358724594116211 3.5508508682250977 -7.435059070587158 -0.002167999977245927 -0.010568341240286827 -0.01854206621646881 -0.999769926071167
1760456645.72603 2.4015605449676514 3.3353018760681152 -6.798647403717041 -0.00037304521538317204 -0.010800850577652454 -0.02097271755337715 -0.9997216463088989
1760456646.45943 2.4501290321350098 3.072584390640259 -6.029529571533203 -0.0019351401133462787 -0.012688681483268738 -0.023273374885320663 -0.999646782875061
1760456647.059278 2.491353988647461 2.8544363975524902 -5.398850917816162 -0.000793757732026279 -0.013236272148787975 -0.02423408254981041 -0.9996184706687927
1760456647.859297 2.501439094543457 2.60243821144104 -4.654119491577148 0.00035666910116560757 0.0016042424831539392 -0.02041560783982277 -0.9997902512550354
1760456648.459263 2.524404525756836 2.3912267684936523 -4.061755657196045 -0.0033777100034058094 0.002852048957720399 -0.020067764446139336 -0.9997888803482056
1760456649.059216 2.5631277561187744 2.1780552864074707 -3.4303131103515625 0.00046970185940153897 -0.018058406189084053 -0.02519228868186474 -0.999519407749176
1760456649.859226 2.6563801765441895 1.914713740348816 -2.676483392715454 -0.0032926739659160376 -0.03403119742870331 -0.02858082205057144 -0.9990065693855286
1760456650.459166 2.6609368324279785 1.69945228099823 -2.0555105209350586 -0.00287190405651927 -0.0015603889478370547 -0.013425012119114399 -0.9999045729637146
1760456651.259169 2.6623401641845703 1.4336096048355103 -1.308395504951477 -0.004427753854542971 0.0013381701428443193 -0.008779789321124554 -0.9999507665634155
1760456652.05917 2.6637864112854004 1.1819994449615479 -0.5943544507026672 -0.008043327368795872 0.004934324417263269 -0.005341946613043547 -0.9999412298202515
1760456652.659345 2.673290491104126 0.9905818700790405 -0.03341728076338768 -0.005280672572553158 0.005113503430038691 -0.0032244843896478415 -0.9999678134918213
1760456653.0591 2.6688754558563232 0.8756848573684692 0.3002050220966339 -0.0021883477456867695 0.009560010395944118 -0.0015500483568757772 -0.9999507665634155
1760456653.259273 2.6689226627349854 0.8318882584571838 0.42087969183921814 -0.003763960674405098 0.009067372418940067 -0.0013314209645614028 -0.9999509453773499
