1762212615.166659 -0.0 -0.0 -0.0 -0.0 -0.0 -0.0 1.0
1762212617.166618 -0.05149754136800766 -0.05105660483241081 0.09030979126691818 0.008854704909026623 -0.03237305209040642 -0.010588323697447777 0.9993805885314941
1762212619.366625 -0.3511475622653961 -0.408835768699646 1.12018620967865 0.014538113959133625 -0.03665182366967201 -0.012822648510336876 0.9991400837898254
1762212622.56659 -0.4385499060153961 -0.9977328777313232 2.7164254188537598 0.01845846325159073 -0.006108942441642284 -0.006158267147839069 0.9997920393943787
1762212624.433226 -0.6507604122161865 -1.3052687644958496 3.6186044216156006 0.02059566229581833 -0.06818043440580368 -0.027642324566841125 0.9970774054527283
1762212626.499859 -0.9571885466575623 -1.6850612163543701 4.603984355926514 0.021581362932920456 -0.13118602335453033 -0.04640497267246246 0.990035891532898
1762212627.366517 -1.1121156215667725 -1.811022400856018 5.060793399810791 0.04270646348595619 -0.19809558987617493 -0.0661044791340828 0.9770181775093079
1762212628.166534 -1.366149663925171 -1.931289553642273 5.481433868408203 0.04230006784200668 -0.3258868455886841 -0.11535235494375229 0.9373912811279297
1762212629.099839 -1.4559502601623535 -1.8678297996520996 5.689215183258057 0.05794420465826988 -0.47395259141921997 -0.1679118126630783 0.8624483942985535
1762212688.299258 -1.4632648229599 -1.897885799407959 5.654154300689697 0.0398566871881485 -0.47211551666259766 -0.1989460587501526 0.8578687906265259
1762212688.899284 -1.4674787521362305 -1.8931148052215576 5.643982887268066 0.05004333704710007 -0.472385436296463 -0.19754883646965027 0.8575093150138855
1762212690.099306 -1.4378843307495117 -1.8762331008911133 5.618697166442871 0.052375197410583496 -0.47600623965263367 -0.19808241724967957 0.8552417159080505
1762212803.298165 -1.5016921758651733 -1.9667832851409912 5.64154577255249 0.00441729323938489 -0.45879510045051575 -0.1919841170310974 0.8675423264503479
1762212804.564811 -1.5114294290542603 -1.9545159339904785 5.650089740753174 0.005710309837013483 -0.4588333070278168 -0.19038131833076477 0.8678677678108215
