1741639992.621248 -0.0 -0.0 -0.0 -0.0 -0.0 -0.0 1.0
1741639997.953276 0.004633779637515545 -0.05970935523509979 0.17210902273654938 -0.00019023421918973327 0.0009075485868379474 0.000388920510886237 0.999999463558197
1741639998.753113 0.005293712951242924 -0.18157877027988434 0.5458378791809082 -0.00501564284786582 0.0012567344820126891 -0.0014801477082073689 0.9999855160713196
1741639999.68608 -0.005256828386336565 -0.3271683156490326 0.9916054606437683 -0.0033137518912553787 -0.010534576140344143 -0.002682201564311981 0.9999354481697083
1741640000.419405 -0.024165604263544083 -0.49239635467529297 1.4843493700027466 -0.0035815078299492598 -0.022122634574770927 -0.002488830592483282 0.999745786190033
1741640001.019264 -0.04913920909166336 -0.6413900852203369 1.8947644233703613 0.006124254781752825 -0.030548499897122383 -0.004576052539050579 0.9995040893554688
1741640001.619168 -0.09135834127664566 -0.788414478302002 2.285548448562622 0.012511800043284893 -0.0486072339117527 -0.00809226930141449 0.9987068772315979
1741640002.685555 -0.17524778842926025 -1.042934536933899 2.9945616722106934 0.01170750055462122 -0.05404243618249893 -0.012603739276528358 0.9983905553817749
1741640003.618754 -0.25287291407585144 -1.278699517250061 3.6381313800811768 0.012864863499999046 -0.05910124257206917 -0.01511484757065773 0.9980547428131104
1741640004.618299 -0.3464733064174652 -1.5518226623535156 4.36947774887085 0.015986243262887 -0.061575569212436676 -0.01709558442234993 0.9978280067443848
1741640005.551625 -0.45733121037483215 -1.8632200956344604 5.206063747406006 0.018156452104449272 -0.06404554098844528 -0.01854032278060913 0.997609555721283
1741640006.418365 -0.5602723360061646 -2.150139570236206 5.977108955383301 0.016855766996741295 -0.06529517471790314 -0.019909966737031937 0.9975249171257019
1741640007.351103 -0.6837812066078186 -2.4622726440429688 6.782726287841797 0.020246174186468124 -0.07080985605716705 -0.02280397340655327 0.9970236420631409
1741640008.284451 -0.8136094212532043 -2.7758796215057373 7.588503360748291 0.020173080265522003 -0.07536707073450089 -0.025121867656707764 0.9966352581977844
1741640009.284262 -0.9473985433578491 -3.090172529220581 8.406810760498047 0.01898958347737789 -0.08133017271757126 -0.025226781144738197 0.9961869716644287
1741640010.2172 -1.0784941911697388 -3.3818631172180176 9.171713829040527 0.0186246857047081 -0.0851653590798378 -0.0241374708712101 0.9959002733230591
1741640011.217295 -1.2241196632385254 -3.697831153869629 9.984801292419434 0.019687142223119736 -0.09039545059204102 -0.024807624518871307 0.9954022765159607
1741640012.017058 -1.3597462177276611 -3.9730937480926514 10.71726131439209 0.02216036431491375 -0.09589830785989761 -0.023508606478571892 0.9948667287826538
1741640012.883395 -1.4912313222885132 -4.263731956481934 11.503504753112793 0.02131766825914383 -0.09965863823890686 -0.020819490775465965 0.9945754408836365
1741640014.016675 -1.6639636754989624 -4.555845737457275 12.291050910949707 0.01986369676887989 -0.1166456863284111 -0.02824084646999836 0.9925732612609863
1741640015.616625 -2.091485023498535 -4.866626739501953 13.040825843811035 0.022826332598924637 -0.22893545031547546 -0.0726136788725853 0.9704611301422119
1741640016.816179 -2.5942955017089844 -5.113199710845947 13.65463638305664 0.021679822355508804 -0.3092890679836273 -0.0985671728849411 0.9455975890159607
1741640017.882478 -3.129974603652954 -5.290326118469238 14.016862869262695 0.03583871200680733 -0.3879885673522949 -0.1277879923582077 0.9120585322380066
1741640019.015819 -3.815594434738159 -5.453608989715576 14.411249160766602 0.0295060146600008 -0.44929730892181396 -0.1542694866657257 0.8794671297073364
1741640020.082309 -4.464158535003662 -5.598461151123047 14.68482780456543 0.0479360967874527 -0.487568736076355 -0.17087209224700928 0.8548576831817627
1741640021.01546 -5.105224609375 -5.686600208282471 14.890434265136719 0.03645126149058342 -0.5274327993392944 -0.19549226760864258 0.8259955644607544
1741640021.949267 -5.723255157470703 -5.7810869216918945 15.060968399047852 0.03831503167748451 -0.5536795258522034 -0.1978539228439331 0.807975709438324
1741640023.148303 -6.539078712463379 -5.82198429107666 15.115198135375977 0.03339148312807083 -0.6300806403160095 -0.22903461754322052 0.7412331700325012
1741640024.281597 -7.291708946228027 -5.843627452850342 15.108194351196289 0.025977063924074173 -0.6668559908866882 -0.24064721167087555 0.7047816514968872
1741640025.348327 -8.0075101852417 -5.83445930480957 15.03972053527832 0.026676064357161522 -0.7023446559906006 -0.24924586713314056 0.6662408709526062
1741640026.347934 -8.68508243560791 -5.797560691833496 14.887575149536133 0.027710484340786934 -0.7405650615692139 -0.26294559240341187 0.617782473564148
1741640027.281176 -9.285985946655273 -5.7207746505737305 14.644411087036133 0.030165178701281548 -0.7778064012527466 -0.27962547540664673 0.5620649456977844
1741640028.480808 -10.062203407287598 -5.628288745880127 14.332075119018555 0.030785158276557922 -0.78373783826828 -0.2808036506175995 0.553133487701416
1741640029.480798 -10.718432426452637 -5.567498207092285 14.091585159301758 0.031602513045072556 -0.7844668030738831 -0.2754395008087158 0.5547488331794739
1741640030.613986 -11.443992614746094 -5.484277248382568 13.785761833190918 0.03643552213907242 -0.7919188737869263 -0.2733501195907593 0.5448088049888611
1741640031.813788 -12.157807350158691 -5.397303581237793 13.406012535095215 0.04124782606959343 -0.8178731203079224 -0.2758226990699768 0.5032932162284851
1741640032.813691 -12.693138122558594 -5.275601387023926 12.968881607055664 0.03951810672879219 -0.850985586643219 -0.28325051069259644 0.44048959016799927
1741640033.346946 -13.144287109375 -5.163871765136719 12.568283081054688 0.03669450804591179 -0.8665465712547302 -0.2875341773033142 0.4062940180301666
1741640033.813319 -13.57075309753418 -5.050698757171631 12.183263778686523 0.03556137904524803 -0.8706024289131165 -0.2893480658531189 0.3963138163089752
1741640034.346738 -14.059677124023438 -4.922388076782227 11.732701301574707 0.035569217056035995 -0.8744386434555054 -0.2918328046798706 0.3859087824821472
1741640035.013364 -14.653501510620117 -4.7805681228637695 11.182079315185547 0.036176227033138275 -0.8786629438400269 -0.28606387972831726 0.3805393874645233
1741640035.746591 -15.253339767456055 -4.625046253204346 10.561549186706543 0.04083159193396568 -0.8849674463272095 -0.27967751026153564 0.3700621724128723
1741640036.213006 -15.683311462402344 -4.519314765930176 10.122262954711914 0.04199597239494324 -0.8868350386619568 -0.27657243609428406 0.3677877187728882
1741640036.746264 -16.274749755859375 -4.357978820800781 9.463614463806152 0.042560480535030365 -0.8973261117935181 -0.28310665488243103 0.335924357175827
1741640037.146378 -16.65730857849121 -4.221443176269531 8.933798789978027 0.04158417135477066 -0.9059731960296631 -0.286993145942688 0.30841243267059326
1741640037.412986 -16.938438415527344 -4.11922550201416 8.554141998291016 0.041925135999917984 -0.9066827893257141 -0.2885603606700897 0.30479758977890015
1741640037.746281 -17.271770477294922 -4.001659393310547 8.09014892578125 0.04320073500275612 -0.9082422852516174 -0.28850221633911133 0.2999936640262604
1741640038.146253 -17.664857864379883 -3.839599847793579 7.527577877044678 0.043226756155490875 -0.9094191193580627 -0.29126623272895813 0.293687641620636
1741640038.479642 -17.999794006347656 -3.7078757286071777 7.044192314147949 0.04360450059175491 -0.9098526239395142 -0.29286208748817444 0.2906865179538727
1741640038.812652 -18.327177047729492 -3.5777673721313477 6.569265365600586 0.043906018137931824 -0.9113108515739441 -0.29185202717781067 0.2870665192604065
1741640039.279226 -18.788488388061523 -3.386028528213501 5.887601852416992 0.040978945791721344 -0.9112275242805481 -0.29664960503578186 0.28281474113464355
1741640039.679551 -19.188541412353516 -3.223991870880127 5.304352760314941 0.041199009865522385 -0.9106497764587402 -0.29540061950683594 0.2859339118003845
1741640040.079335 -19.595516204833984 -3.069533109664917 4.743673324584961 0.042062412947416306 -0.9075568318367004 -0.293740451335907 0.2971329092979431
1741640040.479239 -20.005163192749023 -2.9039714336395264 4.168259620666504 0.042584434151649475 -0.907650351524353 -0.2957281172275543 0.29479214549064636
1741640040.87923 -20.418445587158203 -2.7479326725006104 3.5962600708007812 0.043626658618450165 -0.9085037112236023 -0.2951514422893524 0.29258063435554504
1741640041.279146 -20.83627700805664 -2.589002847671509 3.012312889099121 0.04380372166633606 -0.9074841737747192 -0.2949430048465729 0.2959093451499939
1741640041.678904 -21.25086784362793 -2.4174301624298096 2.4328575134277344 0.0451236329972744 -0.9052137732505798 -0.29692983627319336 0.300640344619751
1741640042.07889 -21.690298080444336 -2.2637205123901367 1.8763809204101562 0.04586731642484665 -0.8991580605506897 -0.29396459460258484 0.320929616689682
1741640042.479046 -22.13695526123047 -2.1177186965942383 1.3306465148925781 0.04697741940617561 -0.8998785018920898 -0.29165151715278625 0.3208601176738739
1741640042.87927 -22.583969116210938 -1.9636321067810059 0.7774410247802734 0.04687919840216637 -0.8978492021560669 -0.29480308294296265 0.323667049407959
1741640043.27935 -23.028060913085938 -1.81370210647583 0.21891403198242188 0.04684410244226456 -0.8981545567512512 -0.29382556676864624 0.3237137496471405
1741640043.678834 -23.46683120727539 -1.666297435760498 -0.3292522430419922 0.046551868319511414 -0.8985784649848938 -0.2915668189525604 0.3246206045150757
1741640044.078776 -23.905841827392578 -1.5199460983276367 -0.8725776672363281 0.04658973962068558 -0.8993227481842041 -0.2906285524368286 0.3233930170536041
1741640044.411871 -24.27280044555664 -1.4017367362976074 -1.3361320495605469 0.04436463862657547 -0.9009531736373901 -0.2877276837825775 0.3217574954032898
1741640044.8787 -24.79669189453125 -1.2318782806396484 -1.9734992980957031 0.04340246319770813 -0.9003389477729797 -0.2883591949939728 0.32304033637046814
1741640045.278595 -25.255828857421875 -1.0915517807006836 -2.504833221435547 0.04548395797610283 -0.8958771228790283 -0.2887722849845886 0.3345833122730255
1741640045.678551 -25.705982208251953 -0.958526611328125 -3.0265674591064453 0.046127427369356155 -0.8931940793991089 -0.2855073809623718 0.34432855248451233
1741640046.211851 -26.28493309020996 -0.8001470565795898 -3.6506271362304688 0.04326428100466728 -0.8852370977401733 -0.2883358597755432 0.3624168038368225
1741640046.611874 -26.764907836914062 -0.6812477111816406 -4.127290725708008 0.04368392750620842 -0.8829269409179688 -0.28249597549438477 0.37246185541152954
1741640047.078384 -27.347537994384766 -0.5335092544555664 -4.687435150146484 0.038509804755449295 -0.8792670965194702 -0.2840377688407898 0.380432665348053
1741640047.611613 -27.95376968383789 -0.36758899688720703 -5.304622650146484 0.037209153175354004 -0.8870663642883301 -0.28708478808403015 0.3595985174179077
1741640048.144891 -28.51865577697754 -0.20140552520751953 -5.9188690185546875 0.03821908310055733 -0.8893009424209595 -0.28780195116996765 0.3533458709716797
1741640048.54485 -28.93158721923828 -0.08525371551513672 -6.3869781494140625 0.03897292539477348 -0.8922565579414368 -0.2830668091773987 0.3496178090572357
1741640048.944805 -29.351877212524414 0.03216361999511719 -6.848239898681641 0.0384642519056797 -0.8905715346336365 -0.28438299894332886 0.35288697481155396
1741640049.34483 -29.761409759521484 0.14394760131835938 -7.287200927734375 0.03730664774775505 -0.8900337219238281 -0.28455567359924316 0.3542265295982361
1741640050.011154 -30.27544403076172 0.2943153381347656 -7.877845764160156 0.03829219192266464 -0.889878511428833 -0.28595471382141113 0.35338345170021057
1741640051.077897 -31.019716262817383 0.51568603515625 -8.715801239013672 0.035520702600479126 -0.8894786834716797 -0.28360703587532043 0.3565573990345001
1741640051.677925 -31.466398239135742 0.6338624954223633 -9.212554931640625 0.036414697766304016 -0.8897173404693604 -0.281963974237442 0.3571743071079254
1741640052.877612 -32.18173599243164 0.8325061798095703 -10.052143096923828 0.035261232405900955 -0.8876464366912842 -0.28503528237342834 0.35999369621276855
1741640054.477501 -32.62413787841797 1.0012130737304688 -10.628738403320312 0.033429089933633804 -0.8738661408424377 -0.28288698196411133 0.3939739167690277
1741640057.277112 -33.24656677246094 1.2227401733398438 -11.385398864746094 0.041020140051841736 -0.8673587441444397 -0.27677685022354126 0.4115833640098572
1741640059.076871 -33.604705810546875 1.3445806503295898 -11.85946273803711 0.03872469812631607 -0.8641473054885864 -0.27548450231552124 0.4193544089794159
1741640061.743312 -34.1455078125 1.5339584350585938 -12.51226806640625 0.03688643127679825 -0.8616510629653931 -0.27557483315467834 0.4245648980140686
1741640063.209549 -34.583404541015625 1.6551666259765625 -12.952922821044922 0.035367343574762344 -0.852295994758606 -0.26924145221710205 0.44704559445381165
1741640066.209342 -35.5235595703125 1.7568330764770508 -13.682415008544922 0.029033400118350983 -0.8525997996330261 -0.26559779047966003 0.4490974545478821
1741640068.609034 -36.283790588378906 1.7892370223999023 -14.161792755126953 0.02832324616611004 -0.8431317210197449 -0.26931700110435486 0.4645373523235321
1741640070.475569 -36.93292999267578 1.8220977783203125 -14.452434539794922 0.02178330346941948 -0.8432640433311462 -0.2819869816303253 0.4570717513561249
1741640074.87502 -37.83042907714844 1.838766098022461 -14.870246887207031 0.032581329345703125 -0.8455460071563721 -0.27799031138420105 0.4546556770801544
1741640077.208109 -38.95077133178711 1.9961605072021484 -15.592105865478516 0.03712722286581993 -0.8454820513725281 -0.27821990847587585 0.454285591840744
1741640078.607983 -39.69869613647461 2.1193981170654297 -16.076679229736328 0.03782760351896286 -0.8437517285346985 -0.2791871428489685 0.45684435963630676
1741640079.941118 -40.392822265625 2.237894058227539 -16.523197174072266 0.037602514028549194 -0.8426225185394287 -0.2818681299686432 0.45730045437812805
1741640080.741057 -40.83667755126953 2.3208179473876953 -16.82309341430664 0.036788880825042725 -0.8432232141494751 -0.28393033146858215 0.454977810382843
1741640081.740784 -41.39246368408203 2.4288768768310547 -17.195606231689453 0.03741135448217392 -0.8424535989761353 -0.2850063145160675 0.4556795358657837
1741640083.074112 -42.076595306396484 2.574525833129883 -17.682586669921875 0.033609092235565186 -0.8493056893348694 -0.29004988074302673 0.43979695439338684
1741640084.473787 -42.560203552246094 2.7248306274414062 -18.144668579101562 0.03284946456551552 -0.8703189492225647 -0.3001122772693634 0.3890996277332306
1741640085.673862 -43.1426887512207 2.9121856689453125 -18.706520080566406 0.03283003717660904 -0.8730891942977905 -0.3067517578601837 0.37754586338996887
1741640086.807053 -43.674068450927734 3.080045700073242 -19.238544464111328 0.03233438357710838 -0.8810465931892395 -0.30026575922966003 0.3640768826007843
1741640088.140284 -44.312835693359375 3.290884017944336 -19.889022827148438 0.023934904485940933 -0.8840398192405701 -0.3033515512943268 0.35479387640953064
1741640089.140408 -44.7228889465332 3.4444103240966797 -20.382770538330078 0.021247586235404015 -0.897596001625061 -0.3043901324272156 0.3181455731391907
1741640090.340088 -45.21931076049805 3.649507522583008 -21.02474594116211 0.02161869779229164 -0.9029943346977234 -0.30321696400642395 0.3036336302757263
1741640091.739835 -45.67060089111328 3.8847293853759766 -21.756893157958984 0.020812364295125008 -0.9205706715583801 -0.30497419834136963 0.24311986565589905
1741640093.339643 -45.93519973754883 4.239505767822266 -22.625316619873047 0.010755457915365696 -0.9330974817276001 -0.3395425081253052 0.11800149828195572
1741640094.806176 -45.990089416503906 4.565800666809082 -23.481836318969727 0.014402522705495358 -0.9389312267303467 -0.34263506531715393 0.028319867327809334
1741640095.80606 -45.99472427368164 4.875796318054199 -24.193857192993164 0.013480176217854023 -0.9343227744102478 -0.35617274045944214 0.000526629330124706
1741640096.739516 -45.95159912109375 5.121222496032715 -24.820573806762695 0.012316434644162655 -0.9377762079238892 -0.3451635241508484 -0.03586474806070328
1741640097.939005 -45.8620719909668 5.431333065032959 -25.599180221557617 0.0057707601226866245 -0.9357790350914001 -0.3439578115940094 -0.07731356471776962
1741640099.205722 -45.68254852294922 5.7238569259643555 -26.3858699798584 0.009462235495448112 -0.9341840147972107 -0.33401399850845337 -0.12508165836334229
1741640100.538758 -45.33609390258789 5.999613285064697 -27.134803771972656 0.01337805762887001 -0.9228428602218628 -0.32478493452072144 -0.2066323161125183
1741640101.738749 -44.95916748046875 6.281788349151611 -27.82899284362793 0.012218496762216091 -0.9102761149406433 -0.3338099718093872 -0.2445790320634842
1741640102.938667 -44.56451416015625 6.537604808807373 -28.500350952148438 0.011747961863875389 -0.9122615456581116 -0.3241331875324249 -0.2501571476459503
1741640104.20518 -44.222660064697266 6.844213008880615 -29.25951385498047 0.015845254063606262 -0.9176605939865112 -0.33465349674224854 -0.21367040276527405
1741640105.005096 -43.985496520996094 7.0423736572265625 -29.7486572265625 0.015101396478712559 -0.9169958829879761 -0.3338005542755127 -0.21787099540233612
1741640106.271442 -43.625877380371094 7.348130226135254 -30.510290145874023 0.01200393121689558 -0.9141620993614197 -0.3372337520122528 -0.2245817482471466
1741640107.471635 -43.283512115478516 7.644430160522461 -31.206106185913086 0.011557746678590775 -0.911925733089447 -0.34089115262031555 -0.22814729809761047
1741640108.672923 -42.94123077392578 7.9267449378967285 -31.873268127441406 0.006833827123045921 -0.9089045524597168 -0.3418644666671753 -0.2386932224035263
1741640109.937926 -42.52755355834961 8.192937850952148 -32.48649597167969 0.0023444416001439095 -0.8918386697769165 -0.3399660289287567 -0.2983981668949127
1741640110.671207 -42.067413330078125 8.436189651489258 -33.00348663330078 -0.002607490634545684 -0.8752666711807251 -0.33763203024864197 -0.3462744951248169
1741640111.337568 -41.49945831298828 8.672819137573242 -33.518428802490234 -0.006092215422540903 -0.8539910316467285 -0.3336769640445709 -0.39915144443511963
1741640111.737587 -41.0628547668457 8.832958221435547 -33.860130310058594 -0.008432360365986824 -0.8429882526397705 -0.3299461007118225 -0.4247766435146332
1741640112.071256 -40.65930938720703 8.9681396484375 -34.15460205078125 -0.009274909272789955 -0.8401910662651062 -0.32593783736228943 -0.43331006169319153
1741640112.471009 -40.19506072998047 9.124591827392578 -34.49363708496094 -0.009840112179517746 -0.8368390798568726 -0.32553720474243164 -0.44003304839134216
1741640112.870994 -39.730613708496094 9.272915840148926 -34.82371139526367 -0.010419914498925209 -0.8355815410614014 -0.32376307249069214 -0.4437030851840973
1741640113.270876 -39.272544860839844 9.415311813354492 -35.146141052246094 -0.011691275052726269 -0.8336309790611267 -0.3219231367111206 -0.44865158200263977
1741640113.737532 -38.75394058227539 9.577042579650879 -35.5 -0.009484865702688694 -0.8293386697769165 -0.3233254849910736 -0.45559635758399963
1741640114.070613 -38.3550910949707 9.692882537841797 -35.755638122558594 -0.007760109379887581 -0.8288041949272156 -0.3195000886917114 -0.4592854082584381
1741640114.470566 -37.88874435424805 9.832436561584473 -36.04951477050781 -0.0056426431983709335 -0.8260602951049805 -0.32086727023124695 -0.4632890522480011
1741640114.870702 -37.419559478759766 9.963226318359375 -36.32806396484375 -0.0023096653167158365 -0.8237680196762085 -0.31952106952667236 -0.4683026075363159
1741640116.603659 -36.93831253051758 10.023504257202148 -36.471351623535156 0.0072712525725364685 -0.8309396505355835 -0.3233153223991394 -0.45271793007850647
1741640125.002995 -36.48788070678711 10.02465534210205 -36.63985824584961 0.017220377922058105 -0.8556712865829468 -0.3355598747730255 -0.3936113119125366
1741640125.469785 -35.896484375 10.308143615722656 -37.17975616455078 0.018443381413817406 -0.8519569635391235 -0.3421250581741333 -0.3959541916847229
1741640125.936546 -35.285430908203125 10.575814247131348 -37.71882247924805 0.016619382426142693 -0.8538138270378113 -0.3374400734901428 -0.3960554301738739
1741640126.402911 -34.71250534057617 10.837318420410156 -38.25286865234375 0.010001318529248238 -0.8555185198783875 -0.33414122462272644 -0.39539557695388794
1741640126.736134 -34.281898498535156 11.03628158569336 -38.6423454284668 0.012671826407313347 -0.854358434677124 -0.3376990854740143 -0.3948042690753937
1741640127.069446 -33.872371673583984 11.200032234191895 -39.00833511352539 0.009379437193274498 -0.8544266223907471 -0.3317144513130188 -0.39979085326194763
1741640127.735833 -33.22035598754883 11.482787132263184 -39.564231872558594 0.012796634808182716 -0.8519617319107056 -0.3340183198451996 -0.4030252993106842
1741640128.469295 -32.63315200805664 11.702659606933594 -40.021785736083984 0.012263844721019268 -0.8463475704193115 -0.3274749219417572 -0.41988757252693176
1741640129.669167 -31.921764373779297 11.964456558227539 -40.546024322509766 0.011732783168554306 -0.8270715475082397 -0.32676175236701965 -0.4572109282016754
1741640131.135921 -31.161476135253906 12.083271980285645 -40.720272064208984 0.011245383881032467 -0.7445287108421326 -0.2986673414707184 -0.5969492197036743
1741640132.402208 -30.43877410888672 12.1361665725708 -40.72705078125 0.006906629540026188 -0.6608004570007324 -0.26940709352493286 -0.7005104422569275
1741640133.601919 -29.686920166015625 12.137919425964355 -40.57896041870117 0.005908878520131111 -0.5827987194061279 -0.246771439909935 -0.774218738079071
1741640134.801963 -28.987852096557617 12.05446720123291 -40.31083297729492 -0.007684935349971056 -0.5253366231918335 -0.20922096073627472 -0.8247357606887817
1741640136.201639 -28.218669891357422 11.922028541564941 -39.96512985229492 -0.028323901817202568 -0.48655539751052856 -0.1906546950340271 -0.8521223068237305
1741640137.601683 -27.38241195678711 11.810871124267578 -39.518653869628906 -0.017397796735167503 -0.44454848766326904 -0.20464767515659332 -0.871890664100647
1741640138.934685 -26.68609619140625 11.652244567871094 -38.98049545288086 -0.013050387613475323 -0.38074180483818054 -0.18230046331882477 -0.9064391255378723
1741640139.601534 -26.270755767822266 11.531715393066406 -38.61922836303711 -0.01502981223165989 -0.37208837270736694 -0.1715240627527237 -0.9120876789093018
1741640140.134712 -25.753299713134766 11.382225036621094 -38.15800857543945 -0.017421217635273933 -0.3631647825241089 -0.16597943007946014 -0.9166563153266907
1741640140.534723 -25.293869018554688 11.265474319458008 -37.74065017700195 -0.006078840233385563 -0.36127954721450806 -0.16553448140621185 -0.9176265597343445
1741640140.934682 -24.81875991821289 11.161182403564453 -37.374839782714844 -0.006002114154398441 -0.39117690920829773 -0.1724558025598526 -0.9039931893348694
1741640141.33445 -24.316795349121094 11.068801879882812 -37.05202102661133 -0.006564888171851635 -0.4136825203895569 -0.1849527209997177 -0.8914124965667725
1741640141.801123 -23.705459594726562 10.991525650024414 -36.70664978027344 -0.0018530188826844096 -0.44434094429016113 -0.20214717090129852 -0.8727508783340454
1741640142.401169 -22.969310760498047 10.892305374145508 -36.26972198486328 -0.0008553973166272044 -0.44126877188682556 -0.20177581906318665 -0.8743956089019775
1741640142.934452 -22.271739959716797 10.79371452331543 -35.845706939697266 0.004763011354953051 -0.4416547417640686 -0.20209760963916779 -0.8741138577461243
1741640143.334415 -21.667285919189453 10.718170166015625 -35.48725509643555 0.004695225041359663 -0.44069692492485046 -0.2016199678182602 -0.8747077584266663
1741640143.735993 -21.06338882446289 10.643473625183105 -35.12574005126953 0.0065269372425973415 -0.4400979280471802 -0.201467826962471 -0.8750325441360474
1741640144.134333 -20.473541259765625 10.569828033447266 -34.77223205566406 0.004430741537362337 -0.4383428394794464 -0.20099756121635437 -0.8760342001914978
1741640144.534323 -19.883073806762695 10.492546081542969 -34.41092300415039 0.006627548020333052 -0.43760576844215393 -0.1994311362504959 -0.8767465949058533
1741640144.93428 -19.301368713378906 10.41586971282959 -34.052459716796875 0.006989980582147837 -0.43519672751426697 -0.19711802899837494 -0.8784642815589905
1741640145.334207 -18.724878311157227 10.341463088989258 -33.69670867919922 0.006782573647797108 -0.43369945883750916 -0.19771967828273773 -0.8790709376335144
1741640145.734166 -18.148677825927734 10.260457038879395 -33.338722229003906 0.0070198904722929 -0.43373844027519226 -0.19653554260730743 -0.8793153762817383
1741640146.134124 -17.595521926879883 10.183887481689453 -32.99971008300781 0.008562692441046238 -0.43304502964019775 -0.1955658495426178 -0.8798595070838928
1741640146.534095 -17.053863525390625 10.114561080932617 -32.64937210083008 0.009104656055569649 -0.43217530846595764 -0.19620183110237122 -0.8801400065422058
1741640147.067199 -16.39069175720215 10.027425765991211 -32.241844177246094 0.008862396702170372 -0.4339517652988434 -0.19619140028953552 -0.8792703151702881
1741640147.467313 -15.900350570678711 9.959315299987793 -31.93343734741211 0.005401957780122757 -0.43558141589164734 -0.19371825456619263 -0.8790408372879028
1741640147.867268 -15.419219017028809 9.89010238647461 -31.62854766845703 0.007394037209451199 -0.43350470066070557 -0.19257815182209015 -0.8803026676177979
1741640148.267239 -14.973485946655273 9.817476272583008 -31.322418212890625 0.009522284381091595 -0.4208393692970276 -0.1877361387014389 -0.8874450922012329
1741640148.800791 -14.438555717468262 9.724252700805664 -30.955936431884766 0.008824910968542099 -0.41240373253822327 -0.181467667222023 -0.8927009105682373
1741640149.400284 -13.868917465209961 9.632905960083008 -30.568214416503906 0.008876224979758263 -0.4093985855579376 -0.1784944385290146 -0.8946808576583862
1741640150.267086 -13.141761779785156 9.535011291503906 -30.099109649658203 0.008879972621798515 -0.4044523239135742 -0.1771116703748703 -0.8972017168998718
1741640151.666898 -11.926228523254395 9.36464786529541 -29.645122528076172 0.005873391404747963 -0.3913995027542114 -0.17480666935443878 -0.9034458994865417
1741640153.133385 -10.867477416992188 9.182287216186523 -28.984968185424805 0.01288678403943777 -0.35334938764572144 -0.15370380878448486 -0.9226880669593811
1741640154.000018 -10.254337310791016 9.03600025177002 -28.462461471557617 0.00724986894056201 -0.33798906207084656 -0.14876608550548553 -0.9292898178100586
1741640155.06636 -9.476841926574707 8.848672866821289 -27.790382385253906 0.0018154786666855216 -0.3227004110813141 -0.15054744482040405 -0.9344499111175537
1741640156.599918 -8.440136909484863 8.561445236206055 -26.805885314941406 0.003784855827689171 -0.31462225317955017 -0.14974641799926758 -0.9373231530189514
1741640156.999678 -8.12804889678955 8.472280502319336 -26.49229621887207 0.0037293527275323868 -0.3114248216152191 -0.14883573353290558 -0.9385353922843933
1741640157.39965 -7.804215431213379 8.373947143554688 -26.14419174194336 0.005628326442092657 -0.3100913166999817 -0.14656521379947662 -0.9393244385719299
1741640158.066074 -7.265287399291992 8.206818580627441 -25.568315505981445 0.007555366028100252 -0.3106898069381714 -0.14084719121456146 -0.9399877190589905
1741640158.59959 -6.787789821624756 8.054361343383789 -25.011940002441406 0.007835857570171356 -0.2905333340167999 -0.13680385053157806 -0.9470025300979614
1741640158.999498 -6.463685512542725 7.922924995422363 -24.567493438720703 0.004882698878645897 -0.2613271474838257 -0.12761712074279785 -0.9567644596099854
1741640159.53275 -6.0419087409973145 7.737461566925049 -23.890121459960938 0.01222276221960783 -0.22983980178833008 -0.11974886804819107 -0.9657559394836426
1741640159.732735 -5.874105453491211 7.646707534790039 -23.62175941467285 0.0021258145570755005 -0.22328799962997437 -0.1193641945719719 -0.9674142003059387
1741640160.13288 -5.540040969848633 7.486572265625 -23.073698043823242 0.0015197667526081204 -0.21970771253108978 -0.11843432486057281 -0.9683489203453064
1741640160.532459 -5.208983898162842 7.312894821166992 -22.504724502563477 0.0008282381459139287 -0.21452206373214722 -0.11785947531461716 -0.9695817828178406
1741640160.932871 -4.867716312408447 7.1392669677734375 -21.89588165283203 0.007413594983518124 -0.21247486770153046 -0.11996152251958847 -0.9697467088699341
1741640161.265913 -4.5813212394714355 6.990971565246582 -21.39276123046875 0.0048337760381400585 -0.2113562971353531 -0.11735165119171143 -0.9703266620635986
1741640161.732561 -4.18488883972168 6.785517692565918 -20.672658920288086 0.007518463302403688 -0.2060890793800354 -0.11390712112188339 -0.9718518257141113
1741640162.066619 -3.9041168689727783 6.629072666168213 -20.15352439880371 0.004289079457521439 -0.20492146909236908 -0.1124529093503952 -0.9722875952720642
1741640162.532456 -3.5518851280212402 6.4139814376831055 -19.462127685546875 0.001119178836233914 -0.184748113155365 -0.10846040397882462 -0.9767820835113525
1741640162.999115 -3.259589672088623 6.192106246948242 -18.764163970947266 -0.0013386093778535724 -0.1508832424879074 -0.09767013043165207 -0.9837139248847961
1741640163.398841 -3.0541045665740967 6.0059733390808105 -18.169692993164062 -0.00030974633409641683 -0.13105559349060059 -0.0893748328089714 -0.987338125705719
1741640163.732274 -2.863351821899414 5.839084625244141 -17.62688636779785 0.0010984860127791762 -0.12777869403362274 -0.08809904754161835 -0.987881600856781
1741640164.132261 -2.653027296066284 5.630307197570801 -16.96898651123047 -0.00017299783939961344 -0.12094390392303467 -0.08509880304336548 -0.9890049695968628
1741640164.532217 -2.442704439163208 5.420963764190674 -16.301002502441406 0.0019112093141302466 -0.11753984540700912 -0.08103208243846893 -0.9897547960281372
1741640164.865529 -2.2704997062683105 5.240320205688477 -15.753108024597168 0.0019255703082308173 -0.11312652379274368 -0.07894037663936615 -0.9904378652572632
1741640165.265526 -2.081432342529297 5.039536476135254 -15.108860969543457 0.003790604416280985 -0.11016935110092163 -0.07751263678073883 -0.9908784627914429
1741640165.665492 -1.9097187519073486 4.847343921661377 -14.523538589477539 0.0015742348041385412 -0.10756193846464157 -0.07584935426712036 -0.991299569606781
1741640166.065227 -1.750091552734375 4.667474746704102 -13.940644264221191 0.004611231852322817 -0.1044439822435379 -0.07443711906671524 -0.9917305111885071
1741640166.665195 -1.5461194515228271 4.411320209503174 -13.176980018615723 -0.0002551265060901642 -0.09985800087451935 -0.0715269073843956 -0.9924274682998657
1741640167.265281 -1.3301823139190674 4.160172939300537 -12.404380798339844 0.00034128379775211215 -0.0946074053645134 -0.07339683175086975 -0.9928053021430969
1741640167.665354 -1.180820345878601 3.971482276916504 -11.841882705688477 -0.0013957344926893711 -0.09394440054893494 -0.07291325181722641 -0.992902934551239
1741640168.065243 -1.0108548402786255 3.763751745223999 -11.186060905456543 0.002440806245431304 -0.09112570434808731 -0.07158606499433517 -0.9932600855827332
1741640168.398539 -0.8766753673553467 3.577954053878784 -10.637053489685059 -0.0009552115225233138 -0.09188053756952286 -0.07106923311948776 -0.9932302236557007
1741640168.798468 -0.6967445611953735 3.358660936355591 -9.99047565460205 -0.0037602551747113466 -0.09007337689399719 -0.07385164499282837 -0.9931861162185669
1741640169.198252 -0.5708734393119812 3.1532068252563477 -9.361135482788086 -0.002524168463423848 -0.06267103552818298 -0.0648767501115799 -0.9959201812744141
1741640169.598359 -0.5044371485710144 2.953498125076294 -8.770252227783203 -0.0036638244055211544 -0.028585633262991905 -0.051541175693273544 -0.9982549548149109
1741640169.998324 -0.4977605938911438 2.7478184700012207 -8.189311027526855 -0.006535755004733801 0.011795058846473694 -0.03800630941987038 -0.9991865158081055
1741640170.398288 -0.4989127814769745 2.5283350944519043 -7.550703525543213 -0.003016952658072114 0.017717471346259117 -0.030719440430402756 -0.9993664622306824
1741640170.798262 -0.5081684589385986 2.297581911087036 -6.876585960388184 -0.004604680929332972 0.023907704278826714 -0.027197260409593582 -0.9993335604667664
1741640171.198236 -0.5209456086158752 2.0656607151031494 -6.1938323974609375 -0.00040740895201452076 0.020980728790163994 -0.02378278225660324 -0.9994968771934509
1741640171.598119 -0.5362327694892883 1.8501261472702026 -5.563812255859375 -0.0005246984655968845 0.022315453737974167 -0.02055288664996624 -0.9995395541191101
1741640172.197981 -0.5160294771194458 1.5918341875076294 -4.83275032043457 -0.0034683854319155216 -0.0027160842437297106 -0.027885422110557556 -0.9996014833450317
1741640172.798115 -0.49331799149513245 1.3199938535690308 -4.0600266456604 -0.006525899283587933 -0.0009025270701386034 -0.027733398601412773 -0.9995936751365662
1741640173.199356 -0.47344616055488586 1.0861691236495972 -3.3874239921569824 -0.007101392839103937 -0.00045926746679469943 -0.026829350739717484 -0.9996147155761719
1741640173.531317 -0.45416343212127686 0.8871039748191833 -2.812267541885376 -0.0066196490079164505 -4.65809935121797e-05 -0.02744395285844803 -0.999601423740387
1741640173.864619 -0.4419577419757843 0.6833997368812561 -2.2336294651031494 -0.006523605901747942 -0.00016758934361860156 -0.02520020119845867 -0.9996611475944519
1741640174.264381 -0.42394784092903137 0.4360032379627228 -1.552058458328247 -0.01140685100108385 -1.347034140053438e-05 -0.023458948358893394 -0.9996597766876221
1741640174.664392 -0.3886314630508423 0.2028232216835022 -0.874527633190155 -0.0072292303666472435 -0.010117653757333755 -0.024134857580065727 -0.999631404876709
1741640175.064471 -0.3392884135246277 -0.0336323156952858 -0.19951701164245605 -0.007647625170648098 -0.02128094621002674 -0.029188036918640137 -0.9993181228637695
1741640175.464457 -0.2802311182022095 -0.27044710516929626 0.5015220046043396 -0.004358531907200813 -0.024047039449214935 -0.032583367079496384 -0.999170184135437
1741640175.864412 -0.21753205358982086 -0.517524003982544 1.1789188385009766 -0.00936114601790905 -0.027545467019081116 -0.03308051452040672 -0.9990291595458984
1741640176.264365 -0.15604647994041443 -0.7579991817474365 1.8698091506958008 -0.005243879742920399 -0.027169035747647285 -0.03413933515548706 -0.9990339875221252
1741640176.664358 -0.08274582028388977 -1.006296992301941 2.5666139125823975 -0.00733365910127759 -0.030230650678277016 -0.03568662330508232 -0.9988787770271301
1741640177.064108 -0.01573306880891323 -1.2566463947296143 3.2714226245880127 -0.007959962822496891 -0.0315978117287159 -0.03320811688899994 -0.9989171028137207
1741640177.46426 0.05285850167274475 -1.4971169233322144 3.9751052856445312 -0.004944936838001013 -0.029522720724344254 -0.03545001894235611 -0.998923122882843
1741640177.864203 0.11324823647737503 -1.726202368736267 4.627407550811768 -0.005440330132842064 -0.028550826013088226 -0.03564709797501564 -0.9989417791366577
1741640178.330827 0.17503789067268372 -1.9862641096115112 5.344348430633545 -0.005189709365367889 -0.03281518816947937 -0.03567987307906151 -0.998810887336731
1741640178.730775 0.250401109457016 -2.205343723297119 5.9690399169921875 -0.007601444143801928 -0.035124678164720535 -0.03805379197001457 -0.9986292719841003
1741640179.130774 0.32019543647766113 -2.415644645690918 6.5675482749938965 -0.009644326753914356 -0.03581634536385536 -0.03859676420688629 -0.9985662698745728
1741640179.66404 0.40578073263168335 -2.70137357711792 7.398502349853516 -0.006316090002655983 -0.038558539003133774 -0.037334635853767395 -0.9985387325286865
1741640179.997144 0.471667617559433 -2.8821423053741455 7.919055938720703 -0.008068868890404701 -0.037937551736831665 -0.03892550989985466 -0.9984890818595886
1741640180.264168 0.5165402293205261 -3.028790235519409 8.333715438842773 -0.007973367348313332 -0.0374072901904583 -0.03835153207182884 -0.9985321164131165
1741640180.797241 0.6193370223045349 -3.320115566253662 9.175856590270996 -0.006518183276057243 -0.033777449280023575 -0.039516594260931015 -0.9986265897750854
1741640181.197219 0.6507495045661926 -3.5352208614349365 9.782621383666992 -0.011047719977796078 -0.010803072713315487 -0.03224199265241623 -0.9993606209754944
1741640181.797292 0.5914095044136047 -3.840728282928467 10.613618850708008 -0.008619271218776703 0.04263754189014435 -0.013799162581562996 -0.998958170413971
1741640182.397099 0.5509446263313293 -4.119755268096924 11.447510719299316 -0.0036419485695660114 0.03595094755291939 -0.021300058811903 -0.9991198778152466
1741640182.996875 0.5821839570999146 -4.350428104400635 12.097152709960938 -0.006626165006309748 0.0021316183265298605 -0.031689729541540146 -0.999473512172699
1741640183.596935 0.6133325695991516 -4.633535385131836 12.953615188598633 0.0003288339066784829 -0.0004743251483887434 -0.030530335381627083 -0.9995337128639221
1741640184.196914 0.6528732180595398 -4.9252238273620605 13.78854751586914 -0.007983691990375519 -0.0011748175602406263 -0.03636202588677406 -0.9993060827255249
1741640184.730178 0.6845666170120239 -5.189756870269775 14.561363220214844 -0.003405344905331731 0.007515524979680777 -0.03629685193300247 -0.9993070363998413
1741640185.329932 0.6834701895713806 -5.50097131729126 15.425422668457031 -0.009901399724185467 0.02719799429178238 -0.03225955739617348 -0.999060332775116
1741640185.92987 0.6423863172531128 -5.816155433654785 16.298158645629883 -0.012118001468479633 0.038523461669683456 -0.03233007714152336 -0.9986611008644104
1741640186.529965 0.6000440716743469 -6.131721496582031 17.13846778869629 -0.011689044535160065 0.037850137799978256 -0.033071115612983704 -0.9986676573753357
1741640187.129924 0.5689378380775452 -6.440739631652832 17.942834854125977 -0.017273785546422005 0.04006367549300194 -0.0324728786945343 -0.9985199570655823
1741640188.129673 0.5347323417663574 -6.696061611175537 18.62053680419922 -0.016677623614668846 0.045770708471536636 -0.03107943944633007 -0.9983291029930115
1741640189.263041 0.5009916424751282 -6.977114200592041 19.368783950805664 -0.017452772706747055 0.04649176821112633 -0.03186117485165596 -0.9982578754425049
1741640191.062692 0.42702850699424744 -7.3061017990112305 20.269027709960938 -0.013058052398264408 0.051127105951309204 -0.025343898683786392 -0.998285174369812
1741640192.596028 0.3489934802055359 -7.6308512687683105 21.158662796020508 -0.00963773112744093 0.051184430718421936 -0.01985614001750946 -0.9984452724456787
1741640197.062058 0.21942077577114105 -7.934577941894531 21.96497917175293 -0.014686438255012035 0.08138024061918259 -0.005555640906095505 -0.9965594410896301
1741640198.662082 0.06049133464694023 -8.253504753112793 22.813343048095703 -0.013840573839843273 0.09241895377635956 0.004667065571993589 -0.9956130981445312
1741640199.795153 -0.03955245390534401 -8.523756980895996 23.50649070739746 -0.019627565518021584 0.06626080721616745 -0.0025986405089497566 -0.9976059198379517
1741640201.261808 -0.08656157553195953 -8.805540084838867 24.262117385864258 -0.019191015511751175 0.03391624242067337 -0.010354019701480865 -0.9991868138313293
1741640201.6618 -0.09456350654363632 -8.872031211853027 24.45113182067871 -0.017536882311105728 0.03168751671910286 -0.010699385777115822 -0.9992866516113281
