1741639992.621248 -0.0 -0.0 -0.0 -0.0 -0.0 -0.0 1.0
1741639997.953276 0.004382195416837931 -0.06002119183540344 0.17140579223632812 -0.00021618521714117378 0.0009708718862384558 0.00043178294436074793 0.999999463558197
1741639998.753113 0.005264472682029009 -0.18103891611099243 0.5435342788696289 -0.005023933947086334 0.0012981441104784608 -0.0013973487075418234 0.9999855756759644
1741639999.68608 -0.005230358801782131 -0.32471856474876404 0.984420657157898 -0.0032650965731590986 -0.010444202460348606 -0.002761916257441044 0.9999363422393799
1741640000.419405 -0.024266032502055168 -0.4880378246307373 1.4713404178619385 -0.003480827435851097 -0.02203492820262909 -0.002654890762642026 0.999747633934021
1741640001.019264 -0.04921049252152443 -0.6360626816749573 1.878904104232788 0.0062378947623074055 -0.03046618215739727 -0.0048332917504012585 0.9995046854019165
1741640001.619168 -0.09143739193677902 -0.7830457091331482 2.2687900066375732 0.012624439783394337 -0.048509176820516586 -0.008389714173972607 0.9987077116966248
1741640002.685555 -0.17506875097751617 -1.0388901233673096 2.9802114963531494 0.011826188303530216 -0.05398482084274292 -0.01289592869579792 0.9983884692192078
1741640003.618754 -0.2534530758857727 -1.2763794660568237 3.6280131340026855 0.012993477284908295 -0.05905281379818916 -0.01540463324636221 0.9980514049530029
1741640004.618299 -0.3476431965827942 -1.5519046783447266 4.364945411682129 0.016123121604323387 -0.06155731901526451 -0.017400503158569336 0.9978216290473938
1741640005.551625 -0.458474338054657 -1.864607572555542 5.204801082611084 0.01832057721912861 -0.06407000124454498 -0.018886450678110123 0.9975984692573547
1741640006.418365 -0.562178373336792 -2.1516835689544678 5.975855350494385 0.017041902989149094 -0.06531000137329102 -0.020229220390319824 0.9975144267082214
1741640007.351103 -0.685904860496521 -2.463886022567749 6.7816643714904785 0.020473362877964973 -0.07086405158042908 -0.023075763136148453 0.9970089197158813
1741640008.284451 -0.8158119916915894 -2.7780942916870117 7.588344573974609 0.020411944016814232 -0.07546879351139069 -0.025398433208465576 0.9966157078742981
1741640009.284262 -0.9494783282279968 -3.092683792114258 8.407247543334961 0.019251752644777298 -0.08146611601114273 -0.02551431395113468 0.9961634874343872
1741640010.2172 -1.080492377281189 -3.384467363357544 9.172320365905762 0.01891021430492401 -0.0853351578116417 -0.024431753903627396 0.995873212814331
1741640011.217295 -1.2261631488800049 -3.7008872032165527 9.985753059387207 0.01999211125075817 -0.09060484170913696 -0.02511662244796753 0.9953694343566895
1741640012.017058 -1.36176335811615 -3.976308822631836 10.718313217163086 0.022483618929982185 -0.09615035355091095 -0.0238374974578619 0.9948273301124573
1741640012.883395 -1.4927481412887573 -4.266960144042969 11.504150390625 0.021660713478922844 -0.09998619556427002 -0.021172134205698967 0.9945276975631714
1741640014.016675 -1.6651087999343872 -4.559167861938477 12.29128646850586 0.020229093730449677 -0.11704839020967484 -0.02861107513308525 0.9925078749656677
1741640015.616625 -2.0924487113952637 -4.870356559753418 13.040239334106445 0.023166175931692123 -0.22936248779296875 -0.07305359840393066 0.9703192114830017
1741640016.816179 -2.5956172943115234 -5.116940498352051 13.653364181518555 0.022012529894709587 -0.30970069766044617 -0.09905927628278732 0.9454037547111511
1741640017.882478 -3.13157320022583 -5.293955326080322 14.014913558959961 0.036150652915239334 -0.38837429881095886 -0.1283087283372879 0.9118089079856873
1741640019.015819 -3.817410469055176 -5.456900596618652 14.408515930175781 0.029815705493092537 -0.44964599609375 -0.15482495725154877 0.8791807293891907
1741640020.082309 -4.466487884521484 -5.601491928100586 14.681478500366211 0.048237983137369156 -0.48789966106414795 -0.1714361310005188 0.8545388579368591
1741640021.01546 -5.108010768890381 -5.6893110275268555 14.886497497558594 0.036744315177202225 -0.5277334451675415 -0.19608227908611298 0.8256507515907288
1741640021.949267 -5.726696014404297 -5.783459663391113 15.056459426879883 0.03860096633434296 -0.5539657473564148 -0.19845440983772278 0.8076184988021851
1741640023.148303 -6.543813228607178 -5.823761463165283 15.109834671020508 0.033641669899225235 -0.6303073167800903 -0.22966057062149048 0.7408353686332703
1741640024.281597 -7.297894477844238 -5.844780921936035 15.101941108703613 0.026209836825728416 -0.6670499444007874 -0.2412913292646408 0.7043691873550415
1741640025.348327 -8.014805793762207 -5.83477783203125 15.032495498657227 0.026893530040979385 -0.7025085687637329 -0.24990355968475342 0.6658128499984741
1741640026.347934 -8.693259239196777 -5.7970662117004395 14.879559516906738 0.027906639501452446 -0.7406972646713257 -0.2636135220527649 0.6173303723335266
1741640027.281176 -9.29455852508545 -5.719430923461914 14.635619163513184 0.030321596190333366 -0.7779051661491394 -0.28030070662498474 0.5615832805633545
1741640028.480808 -10.071414947509766 -5.62580680847168 14.322126388549805 0.030946871265769005 -0.7838336825370789 -0.2814946174621582 0.5526371598243713
1741640029.480798 -10.72844409942627 -5.563938140869141 14.08080005645752 0.03179812431335449 -0.7845697999000549 -0.27614259719848633 0.5542421936988831
1741640030.613986 -11.454270362854004 -5.479686737060547 13.773926734924316 0.036645982414484024 -0.7920118570327759 -0.2740602195262909 0.5443026423454285
1741640031.813788 -12.16811466217041 -5.391738414764404 13.393584251403809 0.04140719026327133 -0.8179607391357422 -0.27653756737709045 0.5027452707290649
1741640032.813691 -12.703155517578125 -5.269083023071289 12.955976486206055 0.039627399295568466 -0.8510403037071228 -0.28397148847579956 0.4399092495441437
1741640033.346946 -13.154010772705078 -5.156499862670898 12.55490779876709 0.03677273541688919 -0.8665809631347656 -0.288255900144577 0.4057014286518097
1741640033.813319 -13.580301284790039 -5.042532920837402 12.169388771057129 0.035622891038656235 -0.8706298470497131 -0.29007694125175476 0.39571478962898254
1741640034.346738 -14.06899642944336 -4.913215160369873 11.71831226348877 0.035615067929029465 -0.8744630217552185 -0.2925615608692169 0.38529708981513977
1741640035.013364 -14.662300109863281 -4.770005702972412 11.166855812072754 0.036207377910614014 -0.8786852359771729 -0.2867966890335083 0.3799329698085785
1741640035.746591 -15.261903762817383 -4.613083362579346 10.545194625854492 0.04084481671452522 -0.8849891424179077 -0.2804184854030609 0.3694475591182709
1741640036.213006 -15.691617965698242 -4.5063910484313965 10.105301856994629 0.04200197383761406 -0.8868595361709595 -0.27731963992118835 0.3671647608280182
1741640036.746264 -16.282442092895508 -4.343715190887451 9.445928573608398 0.042522672563791275 -0.897327721118927 -0.2838616669178009 0.3352869749069214
1741640037.146378 -16.664758682250977 -4.206063270568848 8.915650367736816 0.041518714278936386 -0.9059608578681946 -0.28775206208229065 0.30774983763694763
1741640037.412986 -16.9456729888916 -4.102993011474609 8.535562515258789 0.041848260909318924 -0.9066707491874695 -0.28932368755340576 0.30411961674690247
1741640037.746281 -17.278888702392578 -3.9844183921813965 8.071094512939453 0.04311436787247658 -0.9082337021827698 -0.2892705202102661 0.2992912530899048
1741640038.146253 -17.67176628112793 -3.8212029933929443 7.507870674133301 0.04312724992632866 -0.9094080328941345 -0.29204416275024414 0.29296302795410156
1741640038.479642 -18.00620460510254 -3.688446521759033 7.0241570472717285 0.04349318891763687 -0.9098406434059143 -0.29364636540412903 0.2899487018585205
1741640038.812652 -18.333232879638672 -3.557337760925293 6.548691749572754 0.04378378391265869 -0.9112994074821472 -0.29264363646507263 0.28631457686424255
1741640039.279226 -18.794178009033203 -3.3641977310180664 5.866476058959961 0.04084838926792145 -0.9112153053283691 -0.2974516749382019 0.2820294201374054
1741640039.679551 -19.193687438964844 -3.2008402347564697 5.282646179199219 0.0410611554980278 -0.9106447100639343 -0.29621291160583496 0.2851284146308899
1741640040.079335 -19.600038528442383 -3.0450379848480225 4.721352577209473 0.04192683845758438 -0.9075638055801392 -0.29456645250320435 0.29631197452545166
1741640040.479239 -20.00894546508789 -2.8781180381774902 4.145371437072754 0.042449258267879486 -0.9076546430587769 -0.29656654596328735 0.2939547300338745
1741640040.87923 -20.421428680419922 -2.7207024097442627 3.5727710723876953 0.043491870164871216 -0.9085062146186829 -0.295999139547348 0.29173535108566284
1741640041.279146 -20.83839225769043 -2.560394048690796 2.9883270263671875 0.04367243871092796 -0.9074909687042236 -0.29580286145210266 0.29504838585853577
1741640041.678904 -21.252159118652344 -2.3874351978302 2.4083995819091797 0.04499217867851257 -0.9052259922027588 -0.29779767990112305 0.29976364970207214
1741640042.07889 -21.69080352783203 -2.2323708534240723 1.8513336181640625 0.04574544355273247 -0.8991895318031311 -0.29484978318214417 0.3200456202030182
1741640042.479046 -22.13675308227539 -2.0849313735961914 1.3049030303955078 0.046849582344293594 -0.8999133110046387 -0.29254457354545593 0.3199669420719147
1741640042.87927 -22.582935333251953 -1.9294438362121582 0.7510471343994141 0.04674717038869858 -0.8978844285011292 -0.29570716619491577 0.32276251912117004
1741640043.27935 -23.026121139526367 -1.7780461311340332 0.19193077087402344 0.04670732468366623 -0.8981916308403015 -0.2947390079498291 0.32279887795448303
1741640043.678834 -23.46390151977539 -1.6291885375976562 -0.35683250427246094 0.04641158506274223 -0.8986154794692993 -0.2924918234348297 0.3237045109272003
1741640044.078776 -23.901939392089844 -1.4813952445983887 -0.9008197784423828 0.04644644260406494 -0.899358332157135 -0.2915654182434082 0.32247021794319153
1741640044.411871 -24.268016815185547 -1.3619627952575684 -1.3648090362548828 0.04420996457338333 -0.9009878039360046 -0.2886772155761719 0.32083001732826233
1741640044.8787 -24.7905216217041 -1.1904335021972656 -2.002735137939453 0.0432487428188324 -0.9003697633743286 -0.28932899236679077 0.3221064805984497
1741640045.278595 -25.248756408691406 -1.0486392974853516 -2.53460693359375 0.04533819854259491 -0.8959182500839233 -0.28975316882133484 0.3336435556411743
1741640045.678551 -25.697725296020508 -0.9141607284545898 -3.0567550659179688 0.04598180204629898 -0.8932440280914307 -0.2865118086338043 0.3433828055858612
1741640046.211851 -26.274690628051758 -0.7537717819213867 -3.681049346923828 0.04317512363195419 -0.8852862119674683 -0.28937825560569763 0.36147540807724
1741640046.611874 -26.75373649597168 -0.6333456039428711 -4.15826416015625 0.043596260249614716 -0.8829882740974426 -0.28354954719543457 0.3715249001979828
1741640047.078384 -27.335355758666992 -0.48374080657958984 -4.719120025634766 0.03843879699707031 -0.8793269395828247 -0.28511109948158264 0.3794974684715271
1741640047.611613 -27.940305709838867 -0.3159646987915039 -5.336921691894531 0.03710714355111122 -0.8871042132377625 -0.288163959980011 0.358651340007782
1741640048.144891 -28.503868103027344 -0.14798927307128906 -5.9515838623046875 0.03809739649295807 -0.8893340826034546 -0.28889402747154236 0.3523828089237213
1741640048.54485 -28.916000366210938 -0.03027629852294922 -6.420284271240234 0.03884324058890343 -0.8922898173332214 -0.28415942192077637 0.3486596345901489
1741640048.944805 -29.335521697998047 0.08871078491210938 -6.882244110107422 0.038340650498867035 -0.8906004428863525 -0.28548663854599 0.3519350290298462
1741640049.34483 -29.74461555480957 0.2020711898803711 -7.32220458984375 0.03716064244508743 -0.8900659680366516 -0.28567489981651306 0.3532584011554718
1741640050.011154 -30.252756118774414 0.3528270721435547 -7.908740997314453 0.03813495859503746 -0.8899080753326416 -0.2870924174785614 0.3524022102355957
1741640051.077897 -30.994245529174805 0.5757484436035156 -8.742900848388672 0.03536032885313034 -0.8895202875137329 -0.28473183512687683 0.35557156801223755
1741640051.677925 -31.436159133911133 0.694915771484375 -9.23617935180664 0.03627501055598259 -0.8897494077682495 -0.28309065103530884 0.3562159538269043
1741640052.877612 -32.14153289794922 0.8955526351928711 -10.070777893066406 0.03511881083250046 -0.8876678943634033 -0.2861432433128357 0.3590746223926544
1741640054.477501 -32.58369064331055 1.0647163391113281 -10.647663116455078 0.03329953923821449 -0.8739220499992371 -0.2840796411037445 0.393001526594162
1741640057.277112 -33.19540786743164 1.2848234176635742 -11.39691162109375 0.04093485325574875 -0.8674135804176331 -0.2780352532863617 0.4106267988681793
1741640059.076871 -33.55209732055664 1.4083585739135742 -11.87060546875 0.03870970010757446 -0.8641747832298279 -0.2767646610736847 0.41845518350601196
1741640061.743312 -34.091941833496094 1.6014604568481445 -12.526405334472656 0.03678096458315849 -0.8616772294044495 -0.27680784463882446 0.4237179458141327
1741640063.209549 -34.526458740234375 1.7218618392944336 -12.969558715820312 0.03523510694503784 -0.8522772789001465 -0.27052950859069824 0.4463135898113251
1741640066.209342 -35.46593475341797 1.8313636779785156 -13.70145034790039 0.02894366718828678 -0.8524909615516663 -0.26660436391830444 0.4487133026123047
1741640068.609034 -36.22382354736328 1.8774185180664062 -14.190113067626953 0.02854425273835659 -0.8428943157196045 -0.27009135484695435 0.46450504660606384
1741640070.475569 -36.868438720703125 1.9139232635498047 -14.477481842041016 0.022243531420826912 -0.8429174423217773 -0.28304746747016907 0.4570334553718567
1741640074.87502 -37.753299713134766 1.9312610626220703 -14.881935119628906 0.032829463481903076 -0.8453193306922913 -0.27877941727638245 0.45457619428634644
1741640077.208109 -38.87356948852539 2.091878890991211 -15.611316680908203 0.03747539594769478 -0.8452338576316833 -0.27906540036201477 0.4542003870010376
1741640078.607983 -39.61802291870117 2.214813232421875 -16.092060089111328 0.0381956584751606 -0.843506395816803 -0.2800271213054657 0.45675259828567505
1741640079.941118 -40.310707092285156 2.3340206146240234 -16.537403106689453 0.03798279911279678 -0.8423789143562317 -0.2827194035053253 0.45719239115715027
1741640080.741057 -40.753318786621094 2.4172801971435547 -16.83642578125 0.03716329112648964 -0.8429751396179199 -0.2847878038883209 0.4548712372779846
1741640081.740784 -41.30759811401367 2.5256729125976562 -17.20779037475586 0.03778744488954544 -0.8422033190727234 -0.28586551547050476 0.45557281374931335
1741640083.074112 -41.990272521972656 2.671976089477539 -17.693233489990234 0.03397134318947792 -0.8490523099899292 -0.29091745615005493 0.4396854043006897
1741640084.473787 -42.47270202636719 2.8229408264160156 -18.153942108154297 0.033159174025058746 -0.8700531721115112 -0.3009941875934601 0.3889864981174469
1741640085.673862 -43.05377960205078 3.0110950469970703 -18.71432113647461 0.03313085064291954 -0.8728147745132446 -0.3076378405094147 0.37743306159973145
1741640086.807053 -43.58412551879883 3.179981231689453 -19.24514389038086 0.03261657804250717 -0.8807796239852905 -0.301154762506485 0.36396345496177673
1741640088.140284 -44.22209548950195 3.3920211791992188 -19.894432067871094 0.024209536612033844 -0.8837699294090271 -0.3042416274547577 0.3546854555606842
1741640089.140408 -44.63114547729492 3.5462589263916016 -20.387134552001953 0.021487077698111534 -0.8973195552825928 -0.3052951693534851 0.3180420398712158
1741640090.340088 -45.12710189819336 3.752613067626953 -21.028247833251953 0.02184590883553028 -0.9027193188667297 -0.30412396788597107 0.3035280406475067
1741640091.739835 -45.57841873168945 3.989503860473633 -21.759719848632812 0.02097838930785656 -0.9202938079833984 -0.30588433146476746 0.24301029741764069
1741640093.339643 -45.842506408691406 4.3461456298828125 -22.62722396850586 0.010815311223268509 -0.9327788352966309 -0.34044894576072693 0.11790379881858826
1741640094.806176 -45.89723205566406 4.674419403076172 -23.48355484008789 0.014378405176103115 -0.9386058449745178 -0.3435346484184265 0.028219299390912056
1741640095.80606 -45.90176010131836 4.9859466552734375 -24.195377349853516 0.013432709500193596 -0.9339821934700012 -0.3570667505264282 0.00042565862531773746
1741640096.739516 -45.8585090637207 5.232762336730957 -24.821998596191406 0.012233339250087738 -0.9374447464942932 -0.34605538845062256 -0.035963308066129684
1741640097.939005 -45.76902770996094 5.5450005531311035 -25.601089477539062 0.005655286367982626 -0.9354480504989624 -0.3448371887207031 -0.07741051912307739
1741640099.205722 -45.58868408203125 5.839815139770508 -26.388158798217773 0.009305844083428383 -0.9338662624359131 -0.3348730504512787 -0.1251690834760666
1741640100.538758 -45.241676330566406 6.117803573608398 -27.138198852539062 0.013137655332684517 -0.9225324392318726 -0.3256145715713501 -0.20672811567783356
1741640101.738749 -44.8632698059082 6.4022393226623535 -27.83384895324707 0.011960501782596111 -0.9099594354629517 -0.33461859822273254 -0.24466556310653687
1741640102.938667 -44.46665573120117 6.660629749298096 -28.50691795349121 0.011498209089040756 -0.9119609594345093 -0.3249322772026062 -0.2502281963825226
1741640104.20518 -44.12342834472656 6.970464706420898 -29.268693923950195 0.015650711953639984 -0.9173600077629089 -0.3354344666004181 -0.21375103294849396
1741640105.005096 -43.88511276245117 7.170533180236816 -29.759572982788086 0.014910138212144375 -0.9167025089263916 -0.3345711827278137 -0.21793653070926666
1741640106.271442 -43.523193359375 7.479671955108643 -30.524503707885742 0.011831633746623993 -0.9138784408569336 -0.3379817605018616 -0.2246212363243103
1741640107.471635 -43.17838668823242 7.779356479644775 -31.22469139099121 0.011391379870474339 -0.9116472601890564 -0.34163013100624084 -0.22816318273544312
1741640108.672923 -42.83356857299805 8.065130233764648 -31.897144317626953 0.006658350583165884 -0.908623218536377 -0.34259966015815735 -0.2387152910232544
1741640109.937926 -42.415706634521484 8.335064888000488 -32.51565170288086 0.002131372457370162 -0.8915652632713318 -0.34067806601524353 -0.2984047830104828
1741640110.671207 -41.951324462890625 8.581415176391602 -33.03702926635742 -0.00283841323107481 -0.8750011920928955 -0.3383241891860962 -0.3462682068347931
1741640111.337568 -41.37715530395508 8.82164192199707 -33.55747604370117 -0.0063648228533566 -0.8537296056747437 -0.3343505859375 -0.39914271235466003
1741640111.737587 -40.93497848510742 8.984233856201172 -33.90275955200195 -0.008723733946681023 -0.8427305221557617 -0.33061519265174866 -0.4247620403766632
1741640112.071256 -40.526588439941406 9.121725082397461 -34.20063400268555 -0.009569118730723858 -0.8399341702461243 -0.3265928626060486 -0.4333084523677826
1741640112.471009 -40.05500411987305 9.281427383422852 -34.545310974121094 -0.010131391696631908 -0.8365824818611145 -0.3261842131614685 -0.4400351643562317
1741640112.870994 -39.582984924316406 9.432878494262695 -34.88066101074219 -0.010714319534599781 -0.8353247046470642 -0.32440516352653503 -0.44371071457862854
1741640113.270876 -39.11668014526367 9.578672409057617 -35.208866119384766 -0.011985545046627522 -0.8333770036697388 -0.3225492537021637 -0.44866591691970825
1741640113.737532 -38.58715057373047 9.744606018066406 -35.57009506225586 -0.009761886671185493 -0.8290906548500061 -0.32393789291381836 -0.4556068778038025
1741640114.070613 -38.18019485473633 9.863097190856934 -35.8306770324707 -0.008055874146521091 -0.8285560607910156 -0.32011857628822327 -0.4592975080013275
1741640114.470566 -37.70321273803711 10.00632095336914 -36.130149841308594 -0.005936724133789539 -0.82581627368927 -0.3214638829231262 -0.4633069336414337
1741640114.870702 -37.221221923828125 10.141369819641113 -36.415122985839844 -0.0026017706841230392 -0.8235570192337036 -0.32008570432662964 -0.4682866036891937
1741640116.603659 -36.65764617919922 10.228364944458008 -36.59457778930664 0.0076596699655056 -0.8310139775276184 -0.3235885798931122 -0.4523800015449524
1741640124.803084 -36.8056640625 9.973152160644531 -36.351593017578125 0.01814413070678711 -0.8558195233345032 -0.33954840898513794 -0.3898085057735443
1741640125.269649 -36.231014251708984 10.240422248840332 -36.88140106201172 0.015259434469044209 -0.8532649278640747 -0.3428269624710083 -0.39265239238739014
1741640125.469785 -35.96216583251953 10.371310234069824 -37.12135696411133 0.017239941284060478 -0.8519651889801025 -0.34460917115211487 -0.39383092522621155
1741640125.936546 -35.348087310791016 10.644790649414062 -37.66399383544922 0.01536692213267088 -0.8538452982902527 -0.3399498164653778 -0.39388617873191833
1741640126.402911 -34.7728385925293 10.911369323730469 -38.2027473449707 0.008757739327847958 -0.855581521987915 -0.33662256598472595 -0.3931780159473419
1741640126.736134 -34.340415954589844 11.114768981933594 -38.59607696533203 0.01143032219260931 -0.8544176816940308 -0.3401842713356018 -0.39257410168647766
1741640127.069446 -33.93070602416992 11.282196998596191 -38.965206146240234 0.008129739202558994 -0.854526698589325 -0.3341858386993408 -0.3975398540496826
1741640127.735833 -33.27677536010742 11.571358680725098 -39.526668548583984 0.011526312679052353 -0.8520733118057251 -0.33648788928985596 -0.4007670283317566
1741640128.469295 -32.688880920410156 11.796058654785156 -39.988861083984375 0.010960844345390797 -0.8465220332145691 -0.32993683218955994 -0.4176386892795563
1741640129.669167 -31.974594116210938 12.06341552734375 -40.517478942871094 0.010332128964364529 -0.8273589015007019 -0.32918697595596313 -0.45497965812683105
1741640131.135921 -31.211929321289062 12.184687614440918 -40.6953125 0.009524457156658173 -0.7452467083930969 -0.30095887184143066 -0.5949288606643677
1741640132.402208 -30.486427307128906 12.238885879516602 -40.704795837402344 0.004993328358978033 -0.661888599395752 -0.27151840925216675 -0.6986818909645081
1741640133.601919 -29.732206344604492 12.241177558898926 -40.55989074707031 0.003837752854451537 -0.584136426448822 -0.24870935082435608 -0.772601842880249
1741640134.801963 -29.031513214111328 12.157410621643066 -40.29643630981445 -0.009812026284635067 -0.5268703103065491 -0.210978701710701 -0.823285698890686
1741640136.201639 -28.260356903076172 12.023983001708984 -39.95451736450195 -0.030487891286611557 -0.48823997378349304 -0.19230221211910248 -0.850712776184082
1741640137.601683 -27.41986083984375 11.911322593688965 -39.51206970214844 -0.019652625545859337 -0.44623711705207825 -0.2062002718448639 -0.8706134557723999
1741640138.934685 -26.71975326538086 11.750408172607422 -38.97710418701172 -0.015333608724176884 -0.382625550031662 -0.18367287516593933 -0.9053324460983276
1741640139.601534 -26.301727294921875 11.628641128540039 -38.61819076538086 -0.017310718074440956 -0.37400245666503906 -0.1728784143924713 -0.9110080599784851
1741640140.134712 -25.781299591064453 11.47734546661377 -38.15956497192383 -0.019639894366264343 -0.3651635944843292 -0.1672537624835968 -0.9155851006507874
1741640140.534723 -25.31884002685547 11.359134674072266 -37.744319915771484 -0.008263948373496532 -0.36332637071609497 -0.16682107746601105 -0.9165677428245544
1741640140.934682 -24.841232299804688 11.253785133361816 -37.380714416503906 -0.00810177717357874 -0.39321690797805786 -0.17373394966125488 -0.9028462171554565
1741640141.33445 -24.337818145751953 11.160599708557129 -37.060752868652344 -0.008655860088765621 -0.41568711400032043 -0.18625308573246002 -0.8901905417442322
1741640141.801123 -23.723588943481445 11.082590103149414 -36.718299865722656 -0.0039123897440731525 -0.4462934732437134 -0.20342491567134857 -0.8714500665664673
1741640142.401169 -22.98388671875 10.982229232788086 -36.284725189208984 -0.0029126314911991358 -0.4432654082775116 -0.20301386713981628 -0.8730937838554382
1741640142.934452 -22.28190040588379 10.882755279541016 -35.86445617675781 0.002743449294939637 -0.44364240765571594 -0.20331169664859772 -0.8728334903717041
1741640143.334415 -21.675662994384766 10.806291580200195 -35.509605407714844 0.002628469141200185 -0.44265908002853394 -0.20285840332508087 -0.8734383583068848
1741640143.735993 -21.068866729736328 10.730695724487305 -35.150760650634766 0.004472354426980019 -0.4420951306819916 -0.20267240703105927 -0.8737596273422241
1741640144.134333 -20.476146697998047 10.656304359436035 -34.799888610839844 0.002373653231188655 -0.4403792917728424 -0.20216740667819977 -0.8747507333755493
1741640144.534323 -19.883155822753906 10.578235626220703 -34.44145965576172 0.004584767855703831 -0.4396939277648926 -0.20055626332759857 -0.875457227230072
1741640144.93428 -19.298837661743164 10.500431060791016 -34.08613204956055 0.0049800933338701725 -0.4373238682746887 -0.19820652902126312 -0.8771757483482361
1741640145.334207 -18.719924926757812 10.424896240234375 -33.73301696777344 0.004791761748492718 -0.43587809801101685 -0.1987595409154892 -0.8777710199356079
1741640145.734166 -18.14092445373535 10.34280014038086 -33.37751770019531 0.005073233041912317 -0.4359859228134155 -0.19750790297985077 -0.8779983520507812
1741640146.134124 -17.583847045898438 10.264814376831055 -33.04043197631836 0.0066633629612624645 -0.4353339672088623 -0.19649739563465118 -0.8785378336906433
1741640146.534095 -17.0386962890625 10.194271087646484 -32.69252395629883 0.007219736929982901 -0.4344939887523651 -0.19711965322494507 -0.8788098692893982
1741640147.067199 -16.37047576904297 10.105392456054688 -32.28721618652344 0.00701037747785449 -0.4363110661506653 -0.1970745176076889 -0.8779209852218628
1741640147.467313 -15.876420974731445 10.036151885986328 -31.98038101196289 0.0035785017535090446 -0.43797567486763 -0.19456444680690765 -0.8776726722717285
1741640147.867268 -15.391892433166504 9.965737342834473 -31.677249908447266 0.005603536032140255 -0.4359429180622101 -0.19341105222702026 -0.8789281249046326
1741640148.267239 -14.94234848022461 9.891875267028809 -31.372447967529297 0.007754268124699593 -0.4233343303203583 -0.1885358691215515 -0.8861051201820374
1741640148.800791 -14.403117179870605 9.797163009643555 -31.008251190185547 0.0071408310905098915 -0.4149850010871887 -0.18222419917583466 -0.891364574432373
1741640149.400284 -13.826074600219727 9.703208923339844 -30.619319915771484 0.007279034238308668 -0.4121209681034088 -0.17921094596385956 -0.8933010697364807
1741640150.267086 -13.11121940612793 9.604425430297852 -30.170101165771484 0.007323066238313913 -0.406954288482666 -0.1778702735900879 -0.8959334492683411
1741640151.666898 -11.893277168273926 9.462915420532227 -29.723255157470703 0.0037355150561779737 -0.3939165472984314 -0.1748267561197281 -0.9023587703704834
1741640153.133385 -10.836836814880371 9.287759780883789 -29.080215454101562 0.010680103674530983 -0.3558421730995178 -0.1533445566892624 -0.9218176603317261
1741640154.000018 -10.225906372070312 9.139546394348145 -28.5683536529541 0.005162568762898445 -0.34045353531837463 -0.14831067621707916 -0.9284765720367432
1741640155.06636 -9.447937965393066 8.952130317687988 -27.906980514526367 -0.0002514430379960686 -0.3251774311065674 -0.14985226094722748 -0.9337043762207031
1741640156.599918 -8.413032531738281 8.661784172058105 -26.936233520507812 0.001779903774149716 -0.3171801269054413 -0.14892973005771637 -0.9365968108177185
1741640156.999678 -8.101166725158691 8.571340560913086 -26.626754760742188 0.0017697771545499563 -0.3140253722667694 -0.14800496399402618 -0.9378056526184082
1741640157.39965 -7.7765302658081055 8.471819877624512 -26.283626556396484 0.0037007126957178116 -0.31270021200180054 -0.14574535191059113 -0.9385963678359985
1741640158.066074 -7.240309715270996 8.304058074951172 -25.71548843383789 0.005667060613632202 -0.31338492035865784 -0.13995938003063202 -0.9392386078834534
1741640158.59959 -6.76487922668457 8.149635314941406 -25.16638946533203 0.00601948332041502 -0.29331913590431213 -0.13586737215518951 -0.9462916254997253
1741640158.999498 -6.4402313232421875 8.01668930053711 -24.726001739501953 0.003150789299979806 -0.26420125365257263 -0.1266137957572937 -0.9561154842376709
1741640159.53275 -6.016973495483398 7.82918119430542 -24.054901123046875 0.010581922717392445 -0.23278816044330597 -0.11871317774057388 -0.9651968479156494
1741640159.732735 -5.848443031311035 7.737760543823242 -23.788745880126953 0.0005045959260314703 -0.22624363005161285 -0.11827565729618073 -0.966863214969635
1741640160.13288 -5.513071060180664 7.57597017288208 -23.24513816833496 -7.868290413171053e-05 -0.22269490361213684 -0.11732620745897293 -0.9678024053573608
1741640160.532459 -5.180327892303467 7.400537490844727 -22.680187225341797 -0.0007492889999412 -0.2175501137971878 -0.11672671139240265 -0.969044029712677
1741640160.932871 -4.836915016174316 7.225243091583252 -22.075016021728516 0.00584552763029933 -0.2155718058347702 -0.11881513893604279 -0.9692149758338928
1741640161.265913 -4.548468589782715 7.0753493309021 -21.574909210205078 0.0032932842150330544 -0.21448306739330292 -0.11618608236312866 -0.969787061214447
1741640161.732561 -4.148951530456543 6.867873668670654 -20.858999252319336 0.006017129402607679 -0.2092825472354889 -0.11270194500684738 -0.9713201522827148
1741640162.066619 -3.865790843963623 6.70983362197876 -20.342803955078125 0.002808172721415758 -0.20814020931720734 -0.11123676598072052 -0.9717490077018738
1741640162.532456 -3.50986385345459 6.492549896240234 -19.654830932617188 -0.00030223725480027497 -0.18802301585674286 -0.10719121992588043 -0.9762977361679077
1741640162.999115 -3.2138538360595703 6.268401622772217 -18.9600772857666 -0.0026484208647161722 -0.15423338115215302 -0.09634707868099213 -0.983322024345398
1741640163.398841 -3.0053067207336426 6.080657958984375 -18.36812973022461 -0.0015321709215641022 -0.13446377217769623 -0.08805381506681442 -0.9869973063468933
1741640163.732274 -2.8117024898529053 5.912346839904785 -17.827625274658203 -8.924506255425513e-05 -0.13121859729290009 -0.086795374751091 -0.9875466227531433
1741640164.132261 -2.5980300903320312 5.7019500732421875 -17.172483444213867 -0.001313121523708105 -0.12442543357610703 -0.08379276841878891 -0.9886837005615234
1741640164.532217 -2.384169578552246 5.491034507751465 -16.507339477539062 0.0008199497824534774 -0.1210620328783989 -0.07975069433450699 -0.9894357919692993
1741640164.865529 -2.2088987827301025 5.309220314025879 -15.961726188659668 0.0008703859057277441 -0.11667800694704056 -0.07767122983932495 -0.990127682685852
1741640165.265526 -2.016249418258667 5.1072187423706055 -15.320420265197754 0.002771155908703804 -0.11375817656517029 -0.07626613974571228 -0.990572988986969
1741640165.665492 -1.8412623405456543 4.9139885902404785 -14.737839698791504 0.0005896732327528298 -0.11117929965257645 -0.07460878044366837 -0.9909956455230713
1741640166.065227 -1.678331971168518 4.733132362365723 -14.15764331817627 0.0036651238333433867 -0.10809650272130966 -0.07321443408727646 -0.9914339780807495
1741640166.665195 -1.4704513549804688 4.475750923156738 -13.397845268249512 -0.0011474675266072154 -0.10354572534561157 -0.07029649615287781 -0.9921368360519409
1741640167.265281 -1.2500104904174805 4.222867965698242 -12.628399848937988 -0.0005108403856866062 -0.09833250194787979 -0.07220253348350525 -0.9925307631492615
1741640167.665354 -1.0972498655319214 4.033183574676514 -12.06807804107666 -0.00221229181624949 -0.09768953174352646 -0.07172690331935883 -0.9926263689994812
1741640168.065243 -0.9232635498046875 3.824328899383545 -11.414881706237793 0.0016767438501119614 -0.0949101522564888 -0.07042709738016129 -0.9929901361465454
1741640168.398539 -0.7856496572494507 3.6377620697021484 -10.868106842041016 -0.0016841620672494173 -0.09568081796169281 -0.0699111670255661 -0.9929525852203369
1741640168.798468 -0.6022098064422607 3.417175769805908 -10.224404335021973 -0.004446119070053101 -0.09390438348054886 -0.07269593328237534 -0.9929137229919434
1741640169.198252 -0.4724377691745758 3.2109453678131104 -9.597423553466797 -0.0031001390889286995 -0.06655272096395493 -0.06371231377124786 -0.9957419037818909
1741640169.598359 -0.40207815170288086 3.010683298110962 -9.008516311645508 -0.0041053686290979385 -0.03250463306903839 -0.050352793186903 -0.9981940388679504
1741640169.998324 -0.39138418436050415 2.8046863079071045 -8.428958892822266 -0.006830164231359959 0.007856979966163635 -0.03680974990129471 -0.999268114566803
1741640170.398288 -0.38820695877075195 2.5849063396453857 -7.791860103607178 -0.0032362183555960655 0.013758860528469086 -0.02953265979886055 -0.9994639158248901
1741640170.798262 -0.39266490936279297 2.3539087772369385 -7.119407653808594 -0.004759116098284721 0.019948294386267662 -0.0260293111205101 -0.9994508028030396
1741640171.198236 -0.4005334973335266 2.1218698024749756 -6.438200950622559 -0.00051312887808308 0.017002293840050697 -0.022635094821453094 -0.9995990991592407
1741640171.598119 -0.4112960398197174 1.906174659729004 -5.80971622467041 -0.0005621162708848715 0.018322158604860306 -0.019398167729377747 -0.9996438026428223
1741640172.197981 -0.3861461877822876 1.647400140762329 -5.080490589141846 -0.0035060266964137554 -0.006724930834025145 -0.026711737737059593 -0.9996144771575928
1741640172.798115 -0.3583768308162689 1.3752250671386719 -4.309552192687988 -0.006500083953142166 -0.004935559816658497 -0.02653774991631508 -0.9996145367622375
1741640173.199356 -0.33373984694480896 1.140939474105835 -3.638313055038452 -0.0070198895409703255 -0.004492271691560745 -0.02564091607928276 -0.9996365308761597
1741640173.531317 -0.3102490305900574 0.9414258003234863 -3.063788890838623 -0.006486278958618641 -0.004090005531907082 -0.026245558634400368 -0.9996261596679688
1741640173.864619 -0.29387181997299194 0.7372720837593079 -2.485039472579956 -0.00634522270411253 -0.004215638153254986 -0.02400728315114975 -0.9996827244758606
1741640174.264381 -0.27096453309059143 0.4889732003211975 -1.8026868104934692 -0.011161846108734608 -0.004053563345223665 -0.02223384939134121 -0.9996823072433472
1741640174.664392 -0.23061788082122803 0.2545631229877472 -1.1230109930038452 -0.006954078562557697 -0.014149094931781292 -0.022933918982744217 -0.9996126890182495
1741640175.064471 -0.1763506382703781 0.01635442115366459 -0.4449140429496765 -0.007355667185038328 -0.02531478926539421 -0.027989212423563004 -0.9992606043815613
1741640175.464457 -0.11002929508686066 -0.22288306057453156 0.26190635561943054 -0.004009999800473452 -0.028049424290657043 -0.031359411776065826 -0.9991064667701721
1741640175.864412 -0.040106553584337234 -0.4753980040550232 0.9551254510879517 -0.009014574810862541 -0.0315101183950901 -0.03191639855504036 -0.998953104019165
1741640176.264365 0.028134310618042946 -0.7204114198684692 1.660725474357605 -0.00488163810223341 -0.031086701899766922 -0.03306230157613754 -0.9989578723907471
1741640176.664358 0.10559428483247757 -0.9682092666625977 2.3612048625946045 -0.006998822558671236 -0.03409789502620697 -0.03450455516576767 -0.9987981915473938
1741640177.064108 0.17687849700450897 -1.2172825336456299 3.0668528079986572 -0.007627636194229126 -0.035392530262470245 -0.03200816735625267 -0.9988316297531128
1741640177.46426 0.2502528727054596 -1.4562095403671265 3.7683284282684326 -0.004609219264239073 -0.03320508450269699 -0.034273017197847366 -0.9988501071929932
1741640177.864203 0.31531405448913574 -1.683586597442627 4.418278217315674 -0.005105690099298954 -0.03212115541100502 -0.034445248544216156 -0.998877227306366
1741640178.330827 0.3815494477748871 -1.9430105686187744 5.134385585784912 -0.004835546016693115 -0.03628459572792053 -0.034483663737773895 -0.9987346529960632
1741640178.730775 0.46124351024627686 -2.1618428230285645 5.760178089141846 -0.007272916845977306 -0.03850022703409195 -0.03681359440088272 -0.9985538125038147
1741640179.130774 0.5347594022750854 -2.3718204498291016 6.358977317810059 -0.00931473821401596 -0.03909982368350029 -0.037335872650146484 -0.9984940886497498
1741640179.66404 0.6250879168510437 -2.656877279281616 7.190690994262695 -0.005996654275804758 -0.04174945503473282 -0.03606626018881798 -0.998458981513977
1741640179.997144 0.694060206413269 -2.8374505043029785 7.7115325927734375 -0.007744443602859974 -0.041064903140068054 -0.03764652833342552 -0.9984169602394104
1741640180.264168 0.7413458824157715 -2.9839656352996826 8.126572608947754 -0.007645817939192057 -0.04048655554652214 -0.037057410925626755 -0.9984633922576904
1741640180.797241 0.8487027883529663 -3.274918794631958 8.969663619995117 -0.006196134258061647 -0.03678687661886215 -0.038210317492485046 -0.9985731840133667
1741640181.197219 0.8834246397018433 -3.4896960258483887 9.577229499816895 -0.010670248419046402 -0.013749024830758572 -0.03092615120112896 -0.9993702173233032
1741640181.797292 0.828167200088501 -3.7944912910461426 10.410632133483887 -0.008128423243761063 0.03975111246109009 -0.012510808184742928 -0.9990982413291931
1741640182.397099 0.7917014956474304 -4.07288122177124 11.246552467346191 -0.0031913896091282368 0.033099621534347534 -0.02001190185546875 -0.9992466568946838
1741640182.996875 0.8259844779968262 -4.303465843200684 11.897228240966797 -0.0062412298284471035 -0.0006907835486344993 -0.030369143933057785 -0.9995190501213074
1741640183.596935 0.8610260486602783 -4.586360931396484 12.755439758300781 0.0007128684665076435 -0.0032758594024926424 -0.029223917052149773 -0.9995673298835754
1741640184.196914 0.904445230960846 -4.877988338470459 13.592199325561523 -0.007618794217705727 -0.003939440473914146 -0.03502925485372543 -0.9993495345115662
1741640184.730178 0.9396007657051086 -5.142594337463379 14.366695404052734 -0.003023102879524231 0.004764151759445667 -0.03497737646102905 -0.9993721842765808
1741640185.329932 0.9421854019165039 -5.4535298347473145 15.232072830200195 -0.009477688930928707 0.02447422407567501 -0.030936161056160927 -0.9991768002510071
1741640185.92987 0.904059648513794 -5.76740026473999 16.10511589050293 -0.011681430041790009 0.03579613193869591 -0.030996540561318398 -0.9988099932670593
1741640186.529965 0.8653456568717957 -6.082216262817383 16.9465389251709 -0.011261273175477982 0.03513255715370178 -0.031743817031383514 -0.9988148808479309
1741640187.129924 0.8377159237861633 -6.390638828277588 17.752233505249023 -0.01684640906751156 0.037360865622758865 -0.031129514798521996 -0.9986748099327087
1741640188.129673 0.8063560724258423 -6.645451545715332 18.43106460571289 -0.016244370490312576 0.04306808486580849 -0.029744163155555725 -0.9984971284866333
1741640189.263041 0.7757454514503479 -6.925942897796631 19.180376052856445 -0.01701994612812996 0.04379478842020035 -0.030514290556311607 -0.9984294176101685
1741640191.062692 0.7055208086967468 -7.254121780395508 20.08212661743164 -0.012609247118234634 0.048417363315820694 -0.024006741121411324 -0.9984590411186218
1741640192.596028 0.6311479210853577 -7.5780792236328125 20.973112106323242 -0.009180492721498013 0.048459265381097794 -0.018529994413256645 -0.9986110925674438
1741640197.062058 0.5050047039985657 -7.880807399749756 21.78078842163086 -0.014154390431940556 0.07867412269115448 -0.004234113730490208 -0.996790885925293
1741640198.662082 0.3496766686439514 -8.19844913482666 22.630216598510742 -0.013277699239552021 0.08971596509218216 0.005972994491457939 -0.9958609938621521
1741640199.795153 0.2526049017906189 -8.467878341674805 23.32431411743164 -0.0191197507083416 0.06354349851608276 -0.0012660425854846835 -0.9977951049804688
1741640201.261808 0.20900188386440277 -8.748930931091309 24.08051300048828 -0.018752772361040115 0.03119855746626854 -0.009015996940433979 -0.9992966055870056
1741640201.6618 0.20185008645057678 -8.815247535705566 24.2696475982666 -0.01710088737308979 0.028963016346096992 -0.009362168610095978 -0.9993903636932373
