1732804200.177016 -0.0 -0.0 -0.0 -0.0 -0.0 -0.0 1.0
1732804202.577015 0.017266714945435524 -0.06441953033208847 0.1730189025402069 0.006896336562931538 0.006077717989683151 0.0035821765195578337 0.9999513626098633
1732804203.177027 0.045606277883052826 -0.2881917357444763 0.784155547618866 0.013219479471445084 0.013477751985192299 0.002678964752703905 0.9998182058334351
1732804203.776717 0.0853172317147255 -0.5310256481170654 1.47636079788208 0.012763609178364277 0.02028232254087925 0.0009301567915827036 0.9997124075889587
1732804204.176877 0.11216960102319717 -0.7264097929000854 2.0330092906951904 0.010641234926879406 0.016973959282040596 0.002946452470496297 0.9997949600219727
1732804204.710227 0.08430251479148865 -0.9562575817108154 2.63858699798584 0.015469962731003761 -0.010299842804670334 -0.011732236482203007 0.9997584819793701
1732804205.243655 0.03830268979072571 -1.1842212677001953 3.232762336730957 0.022350985556840897 -0.026058558374643326 -0.017917513847351074 0.9992499351501465
1732804205.776853 -0.006133088376373053 -1.4238648414611816 3.8899054527282715 0.019849929958581924 -0.030471153557300568 -0.019902708008885384 0.9991403222084045
1732804206.17684 -0.04984216392040253 -1.6195399761199951 4.400534152984619 0.023182110860943794 -0.0383029468357563 -0.02238273248076439 0.9987465143203735
1732804206.776896 -0.2083922177553177 -1.9050946235656738 5.178141117095947 0.020906182006001472 -0.08713977038860321 -0.04271247610449791 0.9950605034828186
1732804207.376773 -0.35827845335006714 -2.175771713256836 5.90788459777832 0.020203689113259315 -0.09487656503915787 -0.0410914272069931 0.9944354891777039
1732804207.97684 -0.5084888935089111 -2.4228551387786865 6.555947303771973 0.021696779876947403 -0.10096869617700577 -0.04338712617754936 0.9937062859535217
1732804208.576807 -0.6619815826416016 -2.6673805713653564 7.195361137390137 0.02587851695716381 -0.10522237420082092 -0.04539497569203377 0.9930749535560608
1732804209.176767 -0.8177176713943481 -2.9212639331817627 7.848636627197266 0.02530539408326149 -0.10992567986249924 -0.047044746577739716 0.9925033450126648
1732804209.776755 -0.9481979012489319 -3.1736130714416504 8.504206657409668 0.024163324385881424 -0.09502823650836945 -0.040113210678100586 0.994372546672821
1732804210.376745 -1.0881520509719849 -3.423919200897217 9.149545669555664 0.025503382086753845 -0.100632444024086 -0.0395401194691658 0.9938104748725891
1732804210.97728 -1.2332180738449097 -3.6803205013275146 9.815396308898926 0.0262041836977005 -0.10301300138235092 -0.03855796158313751 0.9935868978500366
1732804211.576741 -1.376737356185913 -3.9377429485321045 10.480323791503906 0.02724618837237358 -0.10747046023607254 -0.03544074669480324 0.9932027459144592
1732804212.17668 -1.5400390625 -4.190030574798584 11.130949020385742 0.028008585795760155 -0.11895154416561127 -0.03953125327825546 0.9917173981666565
1732804212.776882 -1.7856569290161133 -4.420088768005371 11.763555526733398 0.02225610800087452 -0.17311328649520874 -0.0622272714972496 0.9826821684837341
1732804213.176656 -2.0228798389434814 -4.569615840911865 12.092780113220215 0.03198347985744476 -0.2586219310760498 -0.09265165776014328 0.9609929919242859
1732804213.776623 -2.4381825923919678 -4.761172294616699 12.533103942871094 0.034767404198646545 -0.3502110540866852 -0.11192117631435394 0.9293100237846375
1732804214.376638 -2.9265575408935547 -4.945523738861084 12.97436237335205 0.027558932080864906 -0.388960599899292 -0.11787176132202148 0.9132668972015381
1732804214.976715 -3.5393707752227783 -5.0601654052734375 13.257883071899414 0.019176555797457695 -0.504115104675293 -0.1710774004459381 0.8463053703308105
1732804215.576542 -4.207991600036621 -5.155708312988281 13.483851432800293 0.025528214871883392 -0.5334655046463013 -0.18605372309684753 0.8247102499008179
1732804216.176562 -4.853164196014404 -5.286381721496582 13.864062309265137 0.02372419647872448 -0.4356990456581116 -0.16105373203754425 0.8852486610412598
1732804216.576668 -5.065862655639648 -5.424443244934082 14.17122745513916 0.03338536620140076 -0.2736411690711975 -0.09454745054244995 0.9565911889076233
1732804217.376511 -5.422676086425781 -5.4760422706604 14.329078674316406 0.02673921547830105 -0.4346563518047333 -0.15877170860767365 0.8860871195793152
1732804218.176493 -6.154648780822754 -5.530887603759766 14.463570594787598 0.02150540053844452 -0.5332048535346985 -0.19534499943256378 0.8228429555892944
1732804218.776419 -6.783977508544922 -5.619429588317871 14.662345886230469 0.027381451800465584 -0.5500710606575012 -0.19908593595027924 0.8105780482292175
1732804219.376458 -7.24088716506958 -5.633600234985352 14.680131912231445 0.026373250409960747 -0.6502857208251953 -0.23287633061408997 0.7226352095603943
1732804220.24319 -7.899528503417969 -5.631691932678223 14.642416000366211 0.03102383203804493 -0.6734530329704285 -0.24280387163162231 0.6975277066230774
1732804220.976385 -8.60739803314209 -5.620737075805664 14.608308792114258 0.027695173397660255 -0.6784079074859619 -0.2546005845069885 0.6886031627655029
1732804221.77639 -9.29405403137207 -5.622775554656982 14.54653549194336 0.03999807685613632 -0.6942268013954163 -0.25396719574928284 0.6722723245620728
1732804222.376563 -9.616140365600586 -5.545802116394043 14.337519645690918 0.039262931793928146 -0.7612268328666687 -0.27822867035865784 0.5844493508338928
1732804223.043057 -9.932952880859375 -5.386746406555176 13.968198776245117 0.03580925613641739 -0.8220712542533875 -0.3102900981903076 0.47606363892555237
1732804223.709607 -10.511026382446289 -5.232011795043945 13.607818603515625 0.03519139438867569 -0.8230454325675964 -0.32287779450416565 0.4659482538700104
1732804224.509643 -10.971267700195312 -5.133859634399414 13.259835243225098 0.043322935700416565 -0.8514829874038696 -0.30623143911361694 0.42346441745758057
1732804225.709597 -11.466310501098633 -5.016263484954834 12.743497848510742 0.024976251646876335 -0.8965764045715332 -0.2800496518611908 0.34219759702682495
1732804226.976394 -12.185072898864746 -4.903047561645508 12.41520881652832 0.004532957915216684 -0.8237265944480896 -0.26856887340545654 0.4993242025375366
1732804227.709537 -12.887716293334961 -4.754182815551758 12.028695106506348 0.015440561808645725 -0.8177464008331299 -0.28515177965164185 0.4997408390045166
1732804228.509678 -13.541097640991211 -4.64716911315918 11.63621711730957 0.036822475492954254 -0.8251723647117615 -0.27735018730163574 0.4907255172729492
1732804229.509481 -14.142598152160645 -4.5161519050598145 11.2114896774292 0.03586813807487488 -0.8513251543045044 -0.2920810580253601 0.4343359172344208
1732804230.309437 -14.700048446655273 -4.38986349105835 10.748249053955078 0.03995099291205406 -0.8598572015762329 -0.2877068519592285 0.4198504388332367
1732804230.909403 -15.177433967590332 -4.305148124694824 10.354576110839844 0.04464740306138992 -0.8663830161094666 -0.2754631042480469 0.41413432359695435
1732804231.576101 -15.698921203613281 -4.1927571296691895 9.916735649108887 0.042724139988422394 -0.8683882355690002 -0.2772027850151062 0.40894410014152527
1732804232.175898 -16.17491912841797 -4.088074684143066 9.52780818939209 0.035508714616298676 -0.8693698048591614 -0.2813248634338379 0.40471184253692627
1732804232.77625 -16.60519790649414 -3.988774299621582 9.160207748413086 0.03501465916633606 -0.8702372312545776 -0.2831847071647644 0.4015814960002899
1732804233.376019 -17.016193389892578 -3.890913486480713 8.803038597106934 0.0353221632540226 -0.8715812563896179 -0.282632440328598 0.3990206718444824
1732804234.309344 -17.644941329956055 -3.7424774169921875 8.257794380187988 0.03427818417549133 -0.8726249933242798 -0.2847994863986969 0.395271897315979
1732804235.175831 -18.20319366455078 -3.6053597927093506 7.7481489181518555 0.03642359748482704 -0.8736775517463684 -0.28306612372398376 0.3939981460571289
1732804236.109269 -18.79505157470703 -3.4593892097473145 7.218865394592285 0.03460721671581268 -0.8756792545318604 -0.2859627902507782 0.38757389783859253
1732804236.975971 -19.279563903808594 -3.307263135910034 6.6950836181640625 0.033796049654483795 -0.8857799768447876 -0.2911486029624939 0.35983917117118835
1732804237.909046 -19.801170349121094 -3.14349365234375 6.133693695068359 0.03413589298725128 -0.8905349969863892 -0.29274827241897583 0.34652653336524963
1732804238.57586 -20.190187454223633 -3.0131068229675293 5.699820518493652 0.03197941556572914 -0.893138587474823 -0.2949964702129364 0.33802053332328796
1732804239.309201 -20.627525329589844 -2.85201096534729 5.1908369064331055 0.03233378753066063 -0.8940173387527466 -0.30017486214637756 0.3310326635837555
1732804240.176481 -21.149967193603516 -2.666670799255371 4.563338279724121 0.03658641129732132 -0.8966257572174072 -0.29933083057403564 0.3242296576499939
1732804240.776048 -21.54220199584961 -2.530034303665161 4.080791473388672 0.0390751026570797 -0.8999491930007935 -0.2952897250652313 0.3183843195438385
1732804241.309121 -22.036455154418945 -2.326817035675049 3.466554641723633 0.03806831315159798 -0.8998377919197083 -0.3019866943359375 0.3124850392341614
1732804241.709219 -22.433582305908203 -2.168152332305908 2.9553260803222656 0.04231289401650429 -0.9017270803451538 -0.3003402650356293 0.30804795026779175
1732804242.109144 -22.83439826965332 -2.0028982162475586 2.4406585693359375 0.04199901595711708 -0.9008082747459412 -0.30798375606536865 0.3031938672065735
1732804242.5091 -23.224681854248047 -1.8265013694763184 1.921957015991211 0.04288814589381218 -0.901055097579956 -0.3112870752811432 0.29893258213996887
1732804242.909091 -23.611047744750977 -1.661320686340332 1.3955955505371094 0.04687052592635155 -0.9035751819610596 -0.3081137537956238 0.29397448897361755
1732804243.309164 -24.00583839416504 -1.489278793334961 0.8616504669189453 0.045897796750068665 -0.9046856164932251 -0.30815941095352173 0.29064616560935974
1732804243.709057 -24.380565643310547 -1.3269572257995605 0.332061767578125 0.049000926315784454 -0.9069117903709412 -0.30431902408599854 0.287227988243103
1732804244.10914 -24.77879524230957 -1.1630373001098633 -0.19974136352539062 0.04480934143066406 -0.9046310782432556 -0.3044572174549103 0.29485687613487244
1732804244.442356 -25.12923240661621 -1.0345335006713867 -0.6399269104003906 0.04528646916151047 -0.9025261998176575 -0.2984088659286499 0.30716097354888916
1732804244.909044 -25.641971588134766 -0.8628807067871094 -1.2108516693115234 0.04113347455859184 -0.8913978338241577 -0.29850873351097107 0.33854174613952637
1732804245.384233 -26.152130126953125 -0.6976900100708008 -1.7797298431396484 0.039667487144470215 -0.8917868137359619 -0.2956264913082123 0.340217262506485
1732804245.842408 -26.6485595703125 -0.5440340042114258 -2.327737808227539 0.03705163672566414 -0.8917055726051331 -0.2944020628929138 0.3417833745479584
1732804246.309003 -27.157285690307617 -0.38227272033691406 -2.8615245819091797 0.037831880152225494 -0.8860548138618469 -0.29693618416786194 0.35398396849632263
1732804246.842272 -27.729923248291016 -0.2194042205810547 -3.4432334899902344 0.03681054338812828 -0.8861097097396851 -0.2927573323249817 0.3574182689189911
1732804247.242308 -28.15096664428711 -0.08843708038330078 -3.8702125549316406 0.03672359511256218 -0.8845008611679077 -0.2947568893432617 0.359761118888855
1732804247.642266 -28.565895080566406 0.034394264221191406 -4.290836334228516 0.035272594541311264 -0.883135199546814 -0.29620298743247986 0.3620660901069641
1732804248.042261 -28.979700088500977 0.16411304473876953 -4.710685729980469 0.037974465638399124 -0.8833277821540833 -0.29381048679351807 0.3632703423500061
1732804248.442276 -29.406375885009766 0.3013572692871094 -5.1337127685546875 0.03473639488220215 -0.8820288181304932 -0.29735323786735535 0.3638676106929779
1732804248.842254 -29.827409744262695 0.41834068298339844 -5.545997619628906 0.0326191671192646 -0.883539080619812 -0.2923067510128021 0.36448800563812256
1732804249.442048 -30.44582748413086 0.6060447692871094 -6.164882659912109 0.026845790445804596 -0.8831725120544434 -0.2934785485267639 0.364905446767807
1732804249.842289 -30.882259368896484 0.7304754257202148 -6.572338104248047 0.025890713557600975 -0.8795381784439087 -0.2920297086238861 0.3747813105583191
1732804250.242198 -31.313404083251953 0.8583927154541016 -6.9897308349609375 0.02829829603433609 -0.8791959881782532 -0.2910510003566742 0.3761689066886902
1732804250.642194 -31.735578536987305 0.972264289855957 -7.393924713134766 0.02859027124941349 -0.879906415939331 -0.28724849224090576 0.37740644812583923
1732804251.042245 -32.15873718261719 1.0931901931762695 -7.799354553222656 0.031156450510025024 -0.8788533806800842 -0.28895580768585205 0.37835243344306946
1732804251.442149 -32.585853576660156 1.2140169143676758 -8.200130462646484 0.03300870954990387 -0.8774617910385132 -0.29157572984695435 0.3794138431549072
1732804251.842356 -33.011627197265625 1.3368034362792969 -8.6009521484375 0.03294449299573898 -0.8764355778694153 -0.2930319309234619 0.38066744804382324
1732804252.24196 -33.443355560302734 1.4453458786010742 -8.981403350830078 0.034691520035266876 -0.8720933794975281 -0.28886714577674866 0.39345332980155945
1732804252.642107 -33.882896423339844 1.551605224609375 -9.360103607177734 0.03259642422199249 -0.8704816699028015 -0.28960227966308594 0.3966480493545532
1732804253.04231 -34.31132507324219 1.6623153686523438 -9.73855972290039 0.03290565684437752 -0.8702051043510437 -0.2887499928474426 0.39784884452819824
1732804253.442132 -34.74120330810547 1.7709150314331055 -10.106090545654297 0.031416136771440506 -0.8699206113815308 -0.2881671190261841 0.39901241660118103
1732804253.842093 -35.180084228515625 1.881300926208496 -10.477794647216797 0.03178993985056877 -0.8695107102394104 -0.28655126690864563 0.4010348320007324
1732804254.242205 -35.61686706542969 1.990635871887207 -10.858787536621094 0.035887911915779114 -0.8685354590415955 -0.284503698348999 0.404247522354126
1732804254.642134 -36.138343811035156 2.113065719604492 -11.294837951660156 0.03574276342988014 -0.8669951558113098 -0.2844778001308441 0.4075711965560913
1732804255.042104 -36.681785583496094 2.240899085998535 -11.749488830566406 0.035813108086586 -0.865874171257019 -0.28583014011383057 0.4089995324611664
1732804255.442066 -37.22047424316406 2.370547294616699 -12.199569702148438 0.034663692116737366 -0.8639129400253296 -0.2879200577735901 0.4117705523967743
1732804255.842084 -37.744903564453125 2.492926597595215 -12.629840850830078 0.03703778237104416 -0.862763524055481 -0.2882263958454132 0.41375449299812317
1732804256.242026 -38.252044677734375 2.6068763732910156 -13.03903579711914 0.037460070103406906 -0.8623607158660889 -0.28685253858566284 0.4155071973800659
1732804256.642715 -38.747764587402344 2.719686508178711 -13.42987060546875 0.03501712530851364 -0.8613744974136353 -0.2877179682254791 0.41716453433036804
1732804257.04203 -39.2490119934082 2.8293895721435547 -13.823295593261719 0.03546570986509323 -0.8612275123596191 -0.28579390048980713 0.41874969005584717
1732804257.442004 -39.74374008178711 2.9382495880126953 -14.21005630493164 0.035612717270851135 -0.8599745035171509 -0.2879592180252075 0.41982758045196533
1732804257.842041 -40.245086669921875 3.048135757446289 -14.602771759033203 0.037659090012311935 -0.8589097857475281 -0.28881505131721497 0.42123815417289734
1732804258.241994 -40.752906799316406 3.148874282836914 -14.994346618652344 0.038254473358392715 -0.8599569797515869 -0.28459432721138 0.4219202399253845
1732804258.642174 -41.244468688964844 3.2608070373535156 -15.381423950195312 0.03834648057818413 -0.8604283928871155 -0.2861151695251465 0.4199174642562866
1732804259.041935 -41.72138977050781 3.3680648803710938 -15.756019592285156 0.03757762908935547 -0.8618561625480652 -0.2870625853538513 0.41639769077301025
1732804259.441941 -42.1963996887207 3.4870243072509766 -16.148941040039062 0.03680557757616043 -0.8642833828926086 -0.2896791994571686 0.40956756472587585
1732804259.841926 -42.64149856567383 3.5956993103027344 -16.540523529052734 0.0376393161714077 -0.8690711259841919 -0.28834694623947144 0.40019333362579346
1732804260.242024 -43.083126068115234 3.7090911865234375 -16.933895111083984 0.03789898008108139 -0.8729215860366821 -0.28947195410728455 0.39086759090423584
1732804260.642025 -43.497283935546875 3.8313770294189453 -17.33273696899414 0.03716437891125679 -0.8763598203659058 -0.29449203610420227 0.3793239891529083
1732804261.041945 -43.91352462768555 3.9405040740966797 -17.728797912597656 0.03773033618927002 -0.8769669532775879 -0.2924460172653198 0.3794480264186859
1732804261.441956 -44.331642150878906 4.056108474731445 -18.128589630126953 0.03717100992798805 -0.878706693649292 -0.29021358489990234 0.3771854639053345
1732804261.841847 -44.746482849121094 4.167200088500977 -18.520320892333984 0.03571414202451706 -0.880397379398346 -0.28905555605888367 0.3742618262767792
1732804262.242104 -45.173057556152344 4.284252166748047 -18.92373275756836 0.03275109454989433 -0.8811708688735962 -0.2893735468387604 0.3724624812602997
1732804262.641836 -45.60335922241211 4.415794372558594 -19.341358184814453 0.03335820883512497 -0.8783985376358032 -0.2948983609676361 0.3746175169944763
1732804263.041833 -46.04749298095703 4.535919189453125 -19.744056701660156 0.0334957130253315 -0.8744953870773315 -0.293756365776062 0.38450363278388977
1732804263.442206 -46.504547119140625 4.6441802978515625 -20.132320404052734 0.03496226295828819 -0.8708708882331848 -0.289954274892807 0.39533284306526184
1732804263.841623 -46.9669303894043 4.756139755249023 -20.50159454345703 0.033911000937223434 -0.8664987683296204 -0.28854793310165405 0.4059189260005951
1732804264.241744 -47.43017578125 4.871910095214844 -20.886001586914062 0.03341411426663399 -0.8653585910797119 -0.29055505990982056 0.40695908665657043
1732804264.641761 -47.893455505371094 4.985633850097656 -21.26592254638672 0.03398185968399048 -0.8649676442146301 -0.29051244258880615 0.4077729284763336
1732804265.04177 -48.348541259765625 5.091524124145508 -21.64345932006836 0.034001998603343964 -0.8653312921524048 -0.2872113287448883 0.40933528542518616
1732804265.441777 -48.798851013183594 5.2036590576171875 -22.014354705810547 0.033208608627319336 -0.8647268414497375 -0.2894424796104431 0.4091060161590576
1732804265.841763 -49.25576400756836 5.3079376220703125 -22.387962341308594 0.033483367413282394 -0.8644378185272217 -0.2884633243083954 0.4103838801383972
1732804266.241743 -49.75596618652344 5.421640396118164 -22.796955108642578 0.032608117908239365 -0.8640897274017334 -0.2858820855617523 0.41298556327819824
1732804266.574907 -50.21234893798828 5.528614044189453 -23.171672821044922 0.030910871922969818 -0.8637654185295105 -0.2869555652141571 0.41305020451545715
1732804266.841874 -50.58501052856445 5.610378265380859 -23.472671508789062 0.029522184282541275 -0.8649287223815918 -0.28296172618865967 0.4134725034236908
1732804267.108376 -50.941566467285156 5.696208953857422 -23.766254425048828 0.029892977327108383 -0.8640875816345215 -0.2849091589450836 0.41386687755584717
1732804267.57501 -51.534481048583984 5.839960098266602 -24.24993133544922 0.026976656168699265 -0.8644090294837952 -0.28557080030441284 0.4129391014575958
1732804267.975019 -52.034576416015625 5.950298309326172 -24.657180786132812 0.02751091495156288 -0.8658131957054138 -0.279845267534256 0.4138808846473694
1732804268.375005 -52.539512634277344 6.063962936401367 -25.06366729736328 0.023882314562797546 -0.8650876879692078 -0.28208187222480774 0.4141048789024353
1732804268.841649 -53.06647491455078 6.183147430419922 -25.496925354003906 0.023896586149930954 -0.8651874661445618 -0.28097981214523315 0.4146444499492645
1732804269.241682 -53.5347900390625 6.287418365478516 -25.871070861816406 0.022295473143458366 -0.865568995475769 -0.2796567380428314 0.4148317277431488
1732804269.641616 -53.977210998535156 6.394687652587891 -26.225326538085938 0.0189286470413208 -0.8649576306343079 -0.2816251516342163 0.41494259238243103
1732804270.174992 -54.455421447753906 6.503644943237305 -26.606765747070312 0.019959459081292152 -0.8641418218612671 -0.27995723485946655 0.417713463306427
1732804270.641603 -54.899417877197266 6.58613395690918 -26.910545349121094 0.018427222967147827 -0.8564701080322266 -0.27833303809165955 0.43433865904808044
1732804271.374897 -55.57173156738281 6.711053848266602 -27.360763549804688 0.020895322784781456 -0.8507295846939087 -0.2748180627822876 0.4475463032722473
1732804271.841581 -56.00714111328125 6.792230606079102 -27.65648651123047 0.019852008670568466 -0.8494343161582947 -0.2755812704563141 0.4495800733566284
1732804272.57485 -56.66419219970703 6.9046478271484375 -28.09735870361328 0.022327831014990807 -0.8486258387565613 -0.27338576316833496 0.4523228406906128
1732804273.174843 -57.225852966308594 7.001470565795898 -28.46532440185547 0.0186461191624403 -0.8470427989959717 -0.27412149310112 0.45500364899635315
1732804273.774954 -57.79194641113281 7.105928421020508 -28.841697692871094 0.019303418695926666 -0.8458115458488464 -0.27307751774787903 0.4578852355480194
1732804274.374841 -58.364402770996094 7.201892852783203 -29.205718994140625 0.01542200893163681 -0.8443582653999329 -0.2745670676231384 0.45981982350349426
1732804274.974939 -58.942543029785156 7.303869247436523 -29.570053100585938 0.016566496342420578 -0.8431954383850098 -0.2729562222957611 0.4628627896308899
1732804275.374882 -59.33818435668945 7.369335174560547 -29.817665100097656 0.01646958477795124 -0.843680739402771 -0.2695704698562622 0.46396487951278687
1732804276.041681 -59.987831115722656 7.509695053100586 -30.238792419433594 0.010123588144779205 -0.8437066078186035 -0.2821105420589447 0.4565856158733368
1732804276.574731 -60.52117156982422 7.618385314941406 -30.596771240234375 0.012257911264896393 -0.8454821109771729 -0.283520370721817 0.4523559510707855
1732804277.174733 -61.09095001220703 7.72667121887207 -30.978790283203125 0.014666328206658363 -0.8494822382926941 -0.2752901613712311 0.44986692070961
1732804277.774842 -61.654396057128906 7.844814300537109 -31.356460571289062 0.009784628637135029 -0.8498969078063965 -0.2783287465572357 0.4473395347595215
1732804278.441346 -62.300010681152344 7.980873107910156 -31.79389190673828 0.00852828286588192 -0.8495578169822693 -0.2791789472103119 0.4474795162677765
1732804279.04134 -62.86100769042969 8.08187484741211 -32.18147277832031 0.011542248539626598 -0.8529562950134277 -0.2716835141181946 0.44555631279945374
1732804279.641342 -63.42767333984375 8.201452255249023 -32.56880187988281 0.01031790766865015 -0.8520039319992065 -0.2765887379646301 0.4443889558315277
1732804280.374693 -64.08113861083984 8.331790924072266 -33.03330993652344 0.01403075736016035 -0.8559567332267761 -0.27097779512405396 0.44012755155563354
1732804280.974614 -64.59884643554688 8.422927856445312 -33.42317199707031 0.015283643268048763 -0.8639829754829407 -0.2647903859615326 0.4280022382736206
1732804281.574924 -65.08798217773438 8.550695419311523 -33.84468078613281 0.013291679322719574 -0.8741963505744934 -0.2793538570404053 0.3969452381134033
1732804282.174603 -65.52178192138672 8.696983337402344 -34.32353973388672 0.014470366761088371 -0.8899617791175842 -0.290603905916214 0.3511523902416229
1732804282.77458 -65.9393310546875 8.837865829467773 -34.825439453125 0.02355588786303997 -0.896824061870575 -0.28848594427108765 0.3345559239387512
1732804283.374571 -66.3720474243164 9.012186050415039 -35.352012634277344 0.019495459273457527 -0.8981496095657349 -0.3003210425376892 0.3205534517765045
1732804284.041183 -66.82579040527344 9.208093643188477 -35.94702911376953 0.024617336690425873 -0.9017611145973206 -0.3055003881454468 0.3047795295715332
1732804284.774527 -67.29390716552734 9.436298370361328 -36.60392761230469 0.028161996975541115 -0.9047483205795288 -0.3126176595687866 0.28793686628341675
1732804285.374478 -67.670166015625 9.656383514404297 -37.18567657470703 0.03187823295593262 -0.9062551856040955 -0.3227405846118927 0.2711527645587921
1732804286.041297 -68.03956604003906 9.871866226196289 -37.79950714111328 0.03265349939465523 -0.9133129119873047 -0.3187185823917389 0.2514195144176483
1732804286.774609 -68.40414428710938 10.122701644897461 -38.50971984863281 0.03142356500029564 -0.9220176935195923 -0.3207741379737854 0.21447578072547913
1732804287.374523 -68.64170837402344 10.319831848144531 -39.11176300048828 0.026439856737852097 -0.9309976100921631 -0.3190857172012329 0.17529621720314026
1732804287.974524 -68.83142852783203 10.522523880004883 -39.722312927246094 0.02488599345088005 -0.9369642734527588 -0.3188081681728363 0.14085491001605988
1732804288.441117 -68.94585418701172 10.687061309814453 -40.20802307128906 0.027408568188548088 -0.9400792717933655 -0.31992796063423157 0.1146555170416832
1732804289.041072 -69.05299377441406 10.88871955871582 -40.80522537231445 0.030215993523597717 -0.9431024789810181 -0.32034122943878174 0.08382290601730347
1732804289.640879 -69.09681701660156 11.100509643554688 -41.4114875793457 0.027054714038968086 -0.9459132552146912 -0.32105597853660583 0.03793860226869583
1732804290.241034 -69.09858703613281 11.332803726196289 -42.01571273803711 0.02526591159403324 -0.9425989389419556 -0.33295121788978577 0.003526114160194993
1732804291.041002 -69.06961822509766 11.566740036010742 -42.66766357421875 0.028590725734829903 -0.9444179534912109 -0.32696062326431274 -0.01881556026637554
1732804291.574353 -69.04988098144531 11.717727661132812 -43.082340240478516 0.02556653879582882 -0.9435499310493469 -0.3289978504180908 -0.028642037883400917
1732804292.174396 -69.01963806152344 11.89138126373291 -43.539695739746094 0.02497664839029312 -0.9416398406028748 -0.3333898186683655 -0.03926656395196915
1732804292.641252 -68.98636627197266 12.016277313232422 -43.89214324951172 0.02552366815507412 -0.9423955082893372 -0.3300061523914337 -0.0483245849609375
1732804293.574368 -68.90087127685547 12.260196685791016 -44.55095672607422 0.02719108760356903 -0.9395901560783386 -0.334445059299469 -0.06765750050544739
1732804294.640998 -68.78728485107422 12.528278350830078 -45.30495071411133 0.024428971111774445 -0.9400678277015686 -0.3292200565338135 -0.08538076281547546
1732804295.574209 -68.66380310058594 12.784454345703125 -45.97686767578125 0.023723309859633446 -0.9369857907295227 -0.33370107412338257 -0.10068969428539276
1732804296.307508 -68.49134826660156 12.929766654968262 -46.3546257019043 0.023262983188033104 -0.9272298812866211 -0.32967516779899597 -0.17611928284168243
1732804297.307578 -68.22062683105469 13.152230262756348 -46.96764373779297 0.020632309839129448 -0.9238982200622559 -0.32489126920700073 -0.2010774165391922
1732804297.907499 -68.0074462890625 13.308515548706055 -47.39044189453125 0.01984667405486107 -0.9215891361236572 -0.3211154043674469 -0.21717394888401031
1732804298.173973 -67.88272094726562 13.398155212402344 -47.60072326660156 0.023095130920410156 -0.9177888035774231 -0.3245933949947357 -0.22752921283245087
1732804298.70742 -67.6424331665039 13.56286334991455 -48.00478744506836 0.026400374248623848 -0.9118753671646118 -0.3265957534313202 -0.24722783267498016
1732804299.107404 -67.43997955322266 13.690643310546875 -48.31156921386719 0.029700225219130516 -0.9075222015380859 -0.3272392749786377 -0.26160264015197754
1732804299.707396 -67.17399597167969 13.904556274414062 -48.78510284423828 0.03571777045726776 -0.9124546051025391 -0.33510592579841614 -0.23206666111946106
1732804300.707397 -67.05618286132812 14.130840301513672 -49.416954040527344 0.025214113295078278 -0.9342963099479675 -0.33357587456703186 -0.12321466207504272
1732804301.307337 -66.9173355102539 14.37403678894043 -50.01885223388672 0.03197767212986946 -0.9319007396697998 -0.3410041034221649 -0.11939291656017303
1732804301.907417 -66.78347778320312 14.590442657470703 -50.6067008972168 0.034570224583148956 -0.9373844265937805 -0.3251037001609802 -0.12009566277265549
1732804302.707325 -66.6302261352539 14.910449981689453 -51.39521789550781 0.03051890805363655 -0.9337599277496338 -0.3355526626110077 -0.12068772315979004
1732804303.173956 -66.53657531738281 15.077920913696289 -51.85102844238281 0.019434385001659393 -0.9340499043464661 -0.33435043692588806 -0.12402771413326263
1732804303.773791 -66.41279602050781 15.315813064575195 -52.424373626708984 0.018924620002508163 -0.9322949051856995 -0.3386814296245575 -0.12555089592933655
1732804304.374115 -66.29434967041016 15.526863098144531 -52.992706298828125 0.016571836546063423 -0.9353061318397522 -0.33054137229919434 -0.1251811534166336
1732804305.107248 -66.12765502929688 15.814453125 -53.708778381347656 0.0187746062874794 -0.9337126016616821 -0.33493947982788086 -0.12507586181163788
1732804305.907289 -65.9608383178711 16.10184669494629 -54.46466064453125 0.01889227330684662 -0.9340203404426575 -0.33403658866882324 -0.12517479062080383
1732804306.707057 -65.79218292236328 16.395261764526367 -55.22386932373047 0.01224513165652752 -0.9335311055183411 -0.33521944284439087 -0.12648218870162964
1732804307.707214 -65.57847595214844 16.738677978515625 -56.01726531982422 -0.0046171220019459724 -0.9203909635543823 -0.3485587239265442 -0.1771043837070465
1732804308.773843 -65.21939849853516 17.007793426513672 -56.64318084716797 -0.012677810154855251 -0.8982455134391785 -0.3462498188018799 -0.2703801095485687
1732804309.773634 -64.74169158935547 17.238489151000977 -57.15868377685547 -0.0259696077555418 -0.849702000617981 -0.33375391364097595 -0.4073578119277954
1732804310.773752 -64.08004760742188 17.42691421508789 -57.58915710449219 -0.03143245354294777 -0.8208520412445068 -0.3218461275100708 -0.47077491879463196
1732804311.573751 -63.40605926513672 17.601703643798828 -57.9977912902832 -0.03045310266315937 -0.8169883489608765 -0.3207739293575287 -0.4782330393791199
1732804312.307317 -62.92047882080078 17.73472023010254 -58.28656005859375 -0.02922821044921875 -0.8126025199890137 -0.3213244676589966 -0.4853591322898865
1732804313.173669 -62.420021057128906 17.860347747802734 -58.5799674987793 -0.029772968962788582 -0.8105514645576477 -0.31840765476226807 -0.49064895510673523
1732804314.173736 -61.832427978515625 18.009679794311523 -58.90414047241211 -0.026245323941111565 -0.8064154982566833 -0.3199038803577423 -0.49665558338165283
1732804315.106976 -61.25267028808594 18.152286529541016 -59.225337982177734 -0.025282619521021843 -0.8053736090660095 -0.3158612847328186 -0.5009649395942688
1732804315.973559 -60.68855285644531 18.283111572265625 -59.52977752685547 -0.02417687326669693 -0.804667055606842 -0.31165051460266113 -0.5047774910926819
1732804316.706905 -60.185977935791016 18.40382957458496 -59.79025650024414 -0.020896155387163162 -0.8022810220718384 -0.31232693791389465 -0.5082917809486389
1732804317.506931 -59.592037200927734 18.54090690612793 -60.098426818847656 -0.022301828488707542 -0.8010016083717346 -0.31087595224380493 -0.5111313462257385
1732804318.106927 -59.014137268066406 18.672168731689453 -60.38604736328125 -0.01931101642549038 -0.7995524406433105 -0.3095991909503937 -0.5142872333526611
1732804318.773783 -58.3503532409668 18.818458557128906 -60.69620132446289 -0.014283674769103527 -0.7968834042549133 -0.3101537227630615 -0.518244743347168
1732804319.306818 -57.81430435180664 18.933610916137695 -60.9454345703125 -0.010601299814879894 -0.7970569133758545 -0.30577802658081055 -0.5206607580184937
1732804319.906804 -57.21094512939453 19.07589340209961 -61.22779083251953 -0.008449160493910313 -0.794802725315094 -0.3083752989768982 -0.5226106643676758
1732804320.506817 -56.62763214111328 19.220600128173828 -61.5098876953125 -0.0021668404806405306 -0.7971846461296082 -0.31268927454948425 -0.5164468288421631
1732804320.973475 -56.168701171875 19.340106964111328 -61.761192321777344 -0.002645381260663271 -0.8052300810813904 -0.3116579055786133 -0.5044471621513367
1732804321.707017 -55.502098083496094 19.541616439819336 -62.181549072265625 0.0006620022468268871 -0.8227214217185974 -0.3169572353363037 -0.4718762934207916
1732804321.973412 -55.23804473876953 19.618576049804688 -62.34257125854492 -0.00016354286344721913 -0.8212512731552124 -0.31586363911628723 -0.4751594066619873
1732804322.706802 -54.58861541748047 19.812149047851562 -62.75206756591797 -0.0005258512101136148 -0.8231680393218994 -0.3152567446231842 -0.47223639488220215
1732804323.306768 -54.04572296142578 19.977346420288086 -63.09626770019531 -0.0011022478574886918 -0.823826014995575 -0.3171868622303009 -0.4697893261909485
1732804324.106514 -53.324859619140625 20.194271087646484 -63.556114196777344 -0.002246197545900941 -0.8242080211639404 -0.3196425139904022 -0.46744504570961
1732804324.773511 -52.7093505859375 20.378828048706055 -63.94401550292969 -0.0028249104507267475 -0.8228985667228699 -0.31801220774650574 -0.4708483815193176
1732804325.373374 -52.14103698730469 20.55203628540039 -64.2862777709961 -0.0006564846262335777 -0.8188388347625732 -0.3207131326198578 -0.47607311606407166
1732804325.906627 -51.63298797607422 20.690052032470703 -64.59053802490234 -0.003942453768104315 -0.8181318044662476 -0.31545236706733704 -0.48076462745666504
1732804326.57338 -50.98790740966797 20.88140106201172 -64.9509048461914 0.0012250355212017894 -0.8118084669113159 -0.3210873007774353 -0.4877176284790039
1732804326.906784 -50.650733947753906 20.964454650878906 -65.12767791748047 0.0025904930662363768 -0.8127909898757935 -0.3132173418998718 -0.49118128418922424
1732804327.373216 -50.191993713378906 21.093082427978516 -65.38285827636719 0.0028536170721054077 -0.809759259223938 -0.3155325949192047 -0.49469292163848877
1732804328.106588 -49.4539794921875 21.293804168701172 -65.77630615234375 0.004052610602229834 -0.8055912256240845 -0.3149176239967346 -0.5018298625946045
1732804328.773299 -48.76030731201172 21.48760223388672 -66.13804626464844 0.007430599071085453 -0.80317223072052 -0.31628331542015076 -0.5048010349273682
1732804329.439897 -48.073936462402344 21.678251266479492 -66.49615478515625 0.008369239047169685 -0.8059777617454529 -0.3125377893447876 -0.5026431083679199
1732804330.106501 -47.406890869140625 21.89009666442871 -66.89260864257812 0.009137453511357307 -0.8140038251876831 -0.3200491964817047 -0.48464715480804443
1732804330.706494 -46.84943389892578 22.09554100036621 -67.29381561279297 0.007952171377837658 -0.8324804306030273 -0.32655176520347595 -0.4475231468677521
1732804331.306496 -46.33185577392578 22.29865074157715 -67.70752716064453 0.00816353876143694 -0.8384259343147278 -0.3286632299423218 -0.4346904754638672
1732804331.906454 -45.80470275878906 22.509761810302734 -68.12535095214844 0.00908822100609541 -0.8391221761703491 -0.3306422233581543 -0.4318183660507202
1732804332.439836 -45.33647918701172 22.696247100830078 -68.49981689453125 0.008396578021347523 -0.8409333825111389 -0.3304068148136139 -0.42847609519958496
1732804333.039755 -44.797447204589844 22.908588409423828 -68.92001342773438 0.006653318181633949 -0.8429914712905884 -0.32683342695236206 -0.42720139026641846
1732804333.706719 -44.214141845703125 23.13936424255371 -69.38496398925781 0.004453924484550953 -0.8433291912078857 -0.33061134815216064 -0.4236416220664978
1732804334.439729 -43.597755432128906 23.368528366088867 -69.89088439941406 0.004101893398910761 -0.8466090559959412 -0.32550323009490967 -0.42105111479759216
1732804335.039775 -43.062652587890625 23.59305191040039 -70.31434631347656 0.007852470502257347 -0.8442957401275635 -0.33350393176078796 -0.4193783700466156
1732804335.639523 -42.53496551513672 23.797046661376953 -70.7394027709961 0.007759828120470047 -0.8459279537200928 -0.32854703068733215 -0.42000308632850647
1732804336.239742 -41.96815490722656 23.974037170410156 -71.08464050292969 0.006760906893759966 -0.8189371824264526 -0.3216581344604492 -0.4752182066440582
1732804336.839663 -41.3604736328125 24.131511688232422 -71.35914611816406 0.0040773749351501465 -0.7925252914428711 -0.3141437768936157 -0.5226861834526062
1732804337.506263 -40.666038513183594 24.270383834838867 -71.59088134765625 -0.0016859043389558792 -0.7576049566268921 -0.30619242787361145 -0.5764356851577759
1732804338.239643 -39.893882751464844 24.35605812072754 -71.70431518554688 -0.005803505890071392 -0.7017432451248169 -0.2817428410053253 -0.6543269753456116
1732804338.839697 -39.26333999633789 24.358840942382812 -71.67388916015625 -0.007363769691437483 -0.6197932958602905 -0.24842092394828796 -0.7443716526031494
1732804339.43962 -38.628082275390625 24.320510864257812 -71.49516296386719 -0.01278445590287447 -0.5343145728111267 -0.22424127161502838 -0.8148990273475647
1732804340.039556 -38.002220153808594 24.239429473876953 -71.25911712646484 -0.023377664387226105 -0.506393551826477 -0.2145223170518875 -0.8348647356033325
1732804340.639622 -37.37807083129883 24.132091522216797 -71.01205444335938 -0.03949027135968208 -0.5012732148170471 -0.20654860138893127 -0.8393470048904419
1732804341.239538 -36.73844909667969 24.023571014404297 -70.70933532714844 -0.025407636538147926 -0.48975831270217896 -0.19538931548595428 -0.8493021726608276
1732804341.839515 -36.13907241821289 23.917478561401367 -70.38580322265625 -0.021350456401705742 -0.44994524121284485 -0.1887049674987793 -0.8726304769515991
1732804342.43948 -35.663597106933594 23.7447566986084 -69.9910888671875 -0.044549696147441864 -0.331510990858078 -0.15018340945243835 -0.9303551912307739
1732804343.106141 -35.197967529296875 23.536861419677734 -69.42659759521484 -0.035218387842178345 -0.2782879173755646 -0.13610363006591797 -0.9501533508300781
1732804343.706136 -34.80036544799805 23.329151153564453 -68.92244720458984 -0.03753582015633583 -0.26954957842826843 -0.13226261734962463 -0.953121542930603
1732804344.43939 -34.37037658691406 23.12749481201172 -68.33977508544922 -0.025345290079712868 -0.25453367829322815 -0.13572563230991364 -0.9571565985679626
1732804345.506078 -33.94190979003906 22.881895065307617 -67.76273345947266 -0.04455115273594856 -0.25641974806785583 -0.1276615411043167 -0.9570614695549011
1732804346.239486 -33.63311004638672 22.708723068237305 -67.31416320800781 -0.03738376498222351 -0.2587914764881134 -0.12356866151094437 -0.9572670459747314
1732804347.239335 -33.25669860839844 22.479713439941406 -66.68846130371094 -0.026135079562664032 -0.19284185767173767 -0.10352661460638046 -0.9754031300544739
1732804348.239343 -33.05976104736328 22.208749771118164 -66.05770111083984 -0.041064247488975525 -0.11414051055908203 -0.07437381893396378 -0.9898253679275513
1732804349.239299 -32.94257736206055 21.904611587524414 -65.3310546875 -0.03711150959134102 -0.04008375108242035 -0.05163200572133064 -0.99717116355896
1732804349.839093 -32.87812042236328 21.670978546142578 -64.73422241210938 -0.030383795499801636 -0.03510796278715134 -0.04914061352610588 -0.9977121353149414
1732804350.439254 -32.82495880126953 21.42989730834961 -64.1165542602539 -0.02787894755601883 -0.0304894857108593 -0.04369239881634712 -0.9981904625892639
1732804351.039227 -32.648250579833984 21.20517921447754 -63.486366271972656 -0.01882227510213852 -0.10388212651014328 -0.07124210149049759 -0.9918562769889832
1732804351.439274 -32.417579650878906 21.108985900878906 -63.18098831176758 -0.010527302511036396 -0.23960480093955994 -0.11443407088518143 -0.9640454649925232
1732804352.639215 -31.699565887451172 20.917957305908203 -62.58970260620117 -0.007903617806732655 -0.3764830529689789 -0.15850409865379333 -0.9127292037010193
1732804353.439187 -31.153579711914062 20.77048683166504 -62.12812042236328 -0.007948803715407848 -0.3738713264465332 -0.16100303828716278 -0.9133647084236145
1732804354.039149 -30.728900909423828 20.648706436157227 -61.75096130371094 -0.007154710125178099 -0.3731631636619568 -0.15882141888141632 -0.9140426516532898
1732804354.839147 -30.113845825195312 20.4831485748291 -61.19681167602539 0.0004978497745469213 -0.3676217496395111 -0.1573386788368225 -0.9165688753128052
1732804355.439141 -29.631820678710938 20.342702865600586 -60.744041442871094 -0.002840785775333643 -0.358734130859375 -0.1470974236726761 -0.921772301197052
1732804355.905712 -29.26374053955078 20.227251052856445 -60.38555145263672 -0.0013114610919728875 -0.3536154627799988 -0.1414450705051422 -0.924633800983429
1732804356.505866 -28.837059020996094 20.072906494140625 -59.928932189941406 -0.009226745925843716 -0.33556392788887024 -0.13132154941558838 -0.9327734708786011
1732804357.039068 -28.45734405517578 19.940082550048828 -59.481746673583984 -0.0018054076936095953 -0.3151561915874481 -0.12985211610794067 -0.9401126503944397
1732804357.706149 -27.99286651611328 19.760475158691406 -58.91461181640625 -0.004006364848464727 -0.3035009205341339 -0.12018993496894836 -0.9452118873596191
1732804358.239497 -27.55169105529785 19.654296875 -58.555320739746094 -0.0014858481008559465 -0.3821636140346527 -0.14029717445373535 -0.9133813381195068
1732804358.639389 -27.215538024902344 19.571414947509766 -58.28192901611328 -0.0020956576336175203 -0.3833881616592407 -0.14289839565753937 -0.9124633073806763
1732804359.105717 -26.80925178527832 19.466476440429688 -57.93147659301758 0.001385162933729589 -0.37854650616645813 -0.14176616072654724 -0.9146600961685181
1732804359.572352 -26.408649444580078 19.36236572265625 -57.59209442138672 -0.0005220978637225926 -0.3756047487258911 -0.13998666405677795 -0.9161465764045715
1732804360.239368 -25.832008361816406 19.224437713623047 -57.1102294921875 0.0026226271875202656 -0.3932039439678192 -0.14209163188934326 -0.9084017276763916
1732804360.572335 -25.53182029724121 19.163240432739258 -56.919044494628906 0.0029878311324864626 -0.4231492280960083 -0.1514141857624054 -0.8933138251304626
1732804361.372119 -24.854598999023438 19.01667022705078 -56.42221450805664 0.0013700233539566398 -0.41463518142700195 -0.14711301028728485 -0.8980165719985962
1732804362.038926 -24.255786895751953 18.897891998291016 -55.980506896972656 0.005873654503375292 -0.40897485613822937 -0.14926084876060486 -0.9002367854118347
1732804362.438888 -23.88526725769043 18.805009841918945 -55.696022033691406 -0.0004957283963449299 -0.4072716534137726 -0.14507891237735748 -0.9017104506492615
1732804363.772258 -22.633544921875 18.5190486907959 -54.71371841430664 0.0010111380834132433 -0.39400234818458557 -0.14113731682300568 -0.9082078337669373
1732804364.772952 -21.625375747680664 18.308412551879883 -54.05270004272461 -7.170074241003022e-05 -0.45945388078689575 -0.16242997348308563 -0.8732231855392456
1732804365.438809 -20.910781860351562 18.178279876708984 -53.653831481933594 -0.008889865130186081 -0.4510158598423004 -0.16590021550655365 -0.8769166469573975
1732804365.972162 -20.304990768432617 18.08064079284668 -53.306861877441406 -0.007865498773753643 -0.4473661482334137 -0.17200657725334167 -0.877619206905365
1732804366.438803 -19.747602462768555 17.99127197265625 -52.98866271972656 -0.003428906435146928 -0.45119336247444153 -0.17557628452777863 -0.8749775290489197
1732804366.838842 -19.250003814697266 17.915390014648438 -52.708030700683594 -0.0016067292308434844 -0.45418548583984375 -0.17698998749256134 -0.8731480836868286
1732804367.371928 -18.622364044189453 17.80961036682129 -52.36198806762695 -0.007289238274097443 -0.4539799094200134 -0.1750977635383606 -0.8736074566841125
1732804367.972059 -17.946849822998047 17.698827743530273 -51.96265411376953 -0.0004753409302793443 -0.44843271374702454 -0.17320682108402252 -0.8768736124038696
1732804368.572049 -17.374916076660156 17.540685653686523 -51.514915466308594 -0.008151698857545853 -0.382129967212677 -0.14418262243270874 -0.912755012512207
1732804369.172033 -16.912776947021484 17.378828048706055 -51.010765075683594 -0.006257012952119112 -0.33681267499923706 -0.12619614601135254 -0.9330555200576782
1732804369.772036 -16.4896183013916 17.213171005249023 -50.502525329589844 -0.006461004726588726 -0.3102651834487915 -0.11695528775453568 -0.9434062242507935
1732804370.438663 -16.020404815673828 17.023550033569336 -49.938358306884766 -0.005441309884190559 -0.304941862821579 -0.11366922408342361 -0.9455476403236389
1732804370.771979 -15.777658462524414 16.926950454711914 -49.6425666809082 -0.0052546244114637375 -0.3042987287044525 -0.11230822652578354 -0.9459183812141418
1732804371.438701 -15.267956733703613 16.73995590209961 -49.10369110107422 -0.003477799240499735 -0.3318711817264557 -0.12098124623298645 -0.9355282187461853
1732804371.972004 -14.819936752319336 16.604469299316406 -48.68115234375 -0.004606518428772688 -0.34291526675224304 -0.12705285847187042 -0.9307231307029724
1732804372.572127 -14.323420524597168 16.45100975036621 -48.1905517578125 -0.001071252510882914 -0.3413933217525482 -0.12822045385837555 -0.9311332106590271
1732804373.038443 -13.938116073608398 16.315961837768555 -47.81062316894531 -0.006995258387178183 -0.343695729970932 -0.12470591068267822 -0.9307377934455872
1732804373.638706 -13.429584503173828 16.16414451599121 -47.33930587768555 -0.006406477652490139 -0.34508588910102844 -0.13310575485229492 -0.9290627241134644
1732804374.238605 -12.911903381347656 16.01042366027832 -46.86006164550781 -0.004719023127108812 -0.3450389504432678 -0.1354794204235077 -0.9287471771240234
1732804374.838553 -12.409727096557617 15.864105224609375 -46.388389587402344 -0.003896347712725401 -0.34631267189979553 -0.13854365050792694 -0.9278243184089661
1732804375.438564 -11.900102615356445 15.724608421325684 -45.9153938293457 -0.001625778735615313 -0.34965980052948 -0.1375918686389923 -0.9267167448997498
1732804376.038327 -11.401647567749023 15.56406021118164 -45.44456100463867 -0.006398914847522974 -0.3552268147468567 -0.13061663508415222 -0.9255875945091248
1732804376.638651 -10.902036666870117 15.408730506896973 -44.96926498413086 -0.006703248713165522 -0.3569762408733368 -0.12600372731685638 -0.9255517721176147
1732804377.238477 -10.408129692077637 15.254920959472656 -44.526309967041016 -0.006091546267271042 -0.35656991600990295 -0.12657883763313293 -0.9256341457366943
1732804377.838493 -9.920293807983398 15.098026275634766 -44.05894470214844 -0.0036215935833752155 -0.35148945450782776 -0.12349248677492142 -0.9280041456222534
1732804378.43845 -9.43452262878418 14.947400093078613 -43.56760025024414 0.0011567702749744058 -0.33952683210372925 -0.12186732888221741 -0.9326674938201904
1732804378.97174 -9.04856014251709 14.794983863830566 -43.11262512207031 -0.0001674982631811872 -0.30696696043014526 -0.10954173654317856 -0.9453951120376587
1732804379.571708 -8.745936393737793 14.612610816955566 -42.55180740356445 0.00021026608010288328 -0.2081935554742813 -0.08103741705417633 -0.9747247695922852
1732804380.171701 -8.481559753417969 14.408140182495117 -41.95970153808594 -0.002970981877297163 -0.18190792202949524 -0.07223283499479294 -0.9806544780731201
1732804380.771685 -8.218286514282227 14.198877334594727 -41.34510040283203 -0.0016361401649191976 -0.17755021154880524 -0.06545843929052353 -0.9819309711456299
1732804381.371758 -7.975866794586182 13.99425220489502 -40.75436019897461 -0.006541911978274584 -0.16943898797035217 -0.06376505643129349 -0.9834539890289307
1732804381.971666 -7.764365196228027 13.785093307495117 -40.1401481628418 -0.0037143940571695566 -0.14485251903533936 -0.05426245182752609 -0.9879572987556458
1732804382.571648 -7.596701145172119 13.580199241638184 -39.51727294921875 -0.0007455334416590631 -0.12320622056722641 -0.04631092771887779 -0.9912996292114258
1732804383.171643 -7.425502300262451 13.364863395690918 -38.8906135559082 0.00011488606105558574 -0.11900822818279266 -0.03961964324116707 -0.9921025037765503
1732804383.771618 -7.262547969818115 13.15308952331543 -38.261844635009766 -0.001190347597002983 -0.11272282898426056 -0.03598039969801903 -0.9929741621017456
1732804384.371434 -7.1149001121521 12.944287300109863 -37.646549224853516 -3.9229194953804836e-05 -0.10690261423587799 -0.03260793536901474 -0.9937347173690796
1732804384.971621 -6.976283073425293 12.734217643737793 -37.010711669921875 0.0025515835732221603 -0.10240102559328079 -0.028708692640066147 -0.9943256378173828
1732804385.571743 -6.8345232009887695 12.530552864074707 -36.39095687866211 0.0028677128721028566 -0.0986396074295044 -0.025913963094353676 -0.9947816729545593
1732804386.171537 -6.700333118438721 12.319936752319336 -35.78367614746094 -0.0009721248643472791 -0.0941161960363388 -0.02424030750989914 -0.9952656030654907
1732804386.838222 -6.564726829528809 12.08953857421875 -35.095672607421875 -0.0008810148574411869 -0.09033453464508057 -0.02272503264248371 -0.9956517815589905
1732804387.571349 -6.412953853607178 11.84703540802002 -34.356998443603516 0.0023119617253541946 -0.08508802205324173 -0.02426278032362461 -0.9960753321647644
1732804388.171553 -6.300816535949707 11.648650169372559 -33.74539566040039 0.00582282617688179 -0.08056975156068802 -0.0248126108199358 -0.996423065662384
1732804388.771471 -6.1917948722839355 11.444245338439941 -33.12884521484375 0.0006354088545776904 -0.07671333849430084 -0.026400238275527954 -0.9967035055160522
1732804389.371579 -6.08590030670166 11.240084648132324 -32.52207565307617 0.0017696040449663997 -0.07319153100252151 -0.025452157482504845 -0.9969915747642517
1732804389.971587 -5.949588298797607 11.033952713012695 -31.90788459777832 0.00035933576873503625 -0.09729485958814621 -0.032275229692459106 -0.9947320818901062
1732804390.571402 -5.750680446624756 10.825207710266113 -31.276090621948242 0.0021455001551657915 -0.1339627504348755 -0.042164623737335205 -0.9900866746902466
1732804391.104722 -5.5380377769470215 10.6466703414917 -30.745635986328125 -0.002772676292806864 -0.15858571231365204 -0.0487239807844162 -0.9861384034156799
1732804391.771462 -5.283464431762695 10.427215576171875 -30.084548950195312 0.00022485059162136167 -0.16377168893814087 -0.04810534045100212 -0.9853246808052063
1732804392.504725 -5.005660533905029 10.18097972869873 -29.375356674194336 0.000570396427065134 -0.16936159133911133 -0.04485061764717102 -0.9845327734947205
1732804393.171167 -4.733642578125 9.955522537231445 -28.70684242248535 0.002499764086678624 -0.17244604229927063 -0.04387279972434044 -0.9840382933616638
1732804393.771315 -4.501639366149902 9.753782272338867 -28.095638275146484 0.00378015567548573 -0.16100387275218964 -0.041022222489118576 -0.9860936403274536
1732804394.371288 -4.294084072113037 9.540141105651855 -27.485923767089844 -0.0011036209762096405 -0.14598920941352844 -0.03523891791701317 -0.9886577725410461
1732804394.971294 -4.118671894073486 9.332894325256348 -26.870403289794922 -0.0017178874695673585 -0.12391339987516403 -0.02905053086578846 -0.9918662309646606
1732804395.571321 -3.9849276542663574 9.11906909942627 -26.24541473388672 -0.0010080162901431322 -0.10003337264060974 -0.020545728504657745 -0.994771420955658
1732804396.171086 -3.8746564388275146 8.901629447937012 -25.606815338134766 -3.925188138964586e-05 -0.08042850345373154 -0.013758749701082706 -0.9966654181480408
1732804396.77123 -3.7839231491088867 8.67805004119873 -24.968515396118164 -0.0015661818906664848 -0.0659911260008812 -0.007197859697043896 -0.9977930188179016
1732804397.371205 -3.7215418815612793 8.452856063842773 -24.33346176147461 -0.005540889222174883 -0.05260811746120453 0.001699509215541184 -0.9985985159873962
1732804397.771201 -3.6822352409362793 8.304408073425293 -23.896163940429688 -0.004061137791723013 -0.04420407861471176 0.005828126799315214 -0.9989973306655884
1732804398.304525 -3.6364266872406006 8.106730461120605 -23.32420539855957 -0.002188641345128417 -0.03723064437508583 0.0065735215321183205 -0.9992826581001282
1732804398.90434 -3.5895330905914307 7.885818004608154 -22.682092666625977 -0.0018016011454164982 -0.030068065971136093 0.00791030190885067 -0.9995149970054626
1732804399.504475 -3.532125234603882 7.663579940795898 -22.021333694458008 -0.0016294114757329226 -0.03561732545495033 0.004987726919353008 -0.9993517398834229
1732804400.104452 -3.4829208850860596 7.450146675109863 -21.375572204589844 0.004224554169923067 -0.03745577111840248 0.007101752795279026 -0.999264121055603
1732804400.70652 -3.4403295516967773 7.2282819747924805 -20.74866485595703 -0.0017967344028875232 -0.03487619012594223 0.011549313552677631 -0.999323308467865
1732804401.304463 -3.3943400382995605 7.012092113494873 -20.108688354492188 -0.0005965708987787366 -0.030791524797677994 0.012743812054395676 -0.9994444251060486
1732804401.904251 -3.3522543907165527 6.795787811279297 -19.4857234954834 -0.0028822829481214285 -0.02634250372648239 0.011338381096720695 -0.9995845556259155
1732804402.571284 -3.311575174331665 6.558278560638428 -18.786781311035156 0.0028387559577822685 -0.022044122219085693 0.011123087257146835 -0.9996910691261292
1732804403.171062 -3.2748541831970215 6.345550060272217 -18.134410858154297 0.0034940452314913273 -0.023291710764169693 0.009969406761229038 -0.9996728897094727
1732804403.771027 -3.247908592224121 6.124365329742432 -17.51996612548828 -0.006675356067717075 -0.01902403123676777 0.01275881938636303 -0.9997153282165527
1732804404.371035 -3.2136712074279785 5.905924320220947 -16.889022827148438 -0.004642569925636053 -0.015840817242860794 0.011026334948837757 -0.9998029470443726
1732804404.9042 -3.1939480304718018 5.71904993057251 -16.309829711914062 0.0008657138678245246 -0.014189225621521473 0.010427740402519703 -0.9998446106910706
1732804405.504268 -3.1338160037994385 5.494555950164795 -15.665911674499512 -0.0004950039437972009 -0.02902190200984478 0.0031600554939359426 -0.9995736479759216
1732804406.104282 -3.0571236610412598 5.281042575836182 -15.03486156463623 -0.002413427457213402 -0.05362461134791374 -0.00829958263784647 -0.9985237717628479
1732804406.704262 -2.9631712436676025 5.0656328201293945 -14.413379669189453 0.0007657884270884097 -0.060684822499752045 -0.012016292661428452 -0.9980844259262085
1732804407.304321 -2.8734843730926514 4.849654197692871 -13.787924766540527 -0.0005638744332827628 -0.0635586753487587 -0.009908982552587986 -0.9979287981987
1732804407.904236 -2.701442003250122 4.627221584320068 -13.161848068237305 0.00048245274228975177 -0.12135843932628632 -0.031323280185461044 -0.9921143054962158
1732804408.504271 -2.519268274307251 4.414966106414795 -12.547894477844238 -0.0019616070203483105 -0.1236962229013443 -0.030150437727570534 -0.9918600916862488
1732804409.104213 -2.3289341926574707 4.201466083526611 -11.95018196105957 -0.005652011372148991 -0.12656313180923462 -0.033030517399311066 -0.9913923740386963
1732804409.704217 -2.13181734085083 3.993579387664795 -11.337871551513672 -0.0006125840591266751 -0.1294601857662201 -0.03661592677235603 -0.990908145904541
1732804410.3042 -1.9303959608078003 3.7871737480163574 -10.7496337890625 -0.004145334474742413 -0.13096840679645538 -0.03967485576868057 -0.9905836582183838
1732804410.904155 -1.7240853309631348 3.580345630645752 -10.163629531860352 -0.004381239414215088 -0.13105225563049316 -0.04409471154212952 -0.9903846979141235
1732804411.504161 -1.5151283740997314 3.37735915184021 -9.572247505187988 -0.0014584766468033195 -0.133168026804924 -0.04525398463010788 -0.9900587797164917
1732804412.104123 -1.3068759441375732 3.17923641204834 -8.978099822998047 0.001338432659395039 -0.13565796613693237 -0.04297839477658272 -0.9898222088813782
1732804412.704215 -1.0988283157348633 2.9728102684020996 -8.420392990112305 -0.00672175595536828 -0.13446664810180664 -0.04109512269496918 -0.9900428056716919
1732804413.303903 -0.9062854051589966 2.7638838291168213 -7.849386692047119 -0.007511792704463005 -0.12748534977436066 -0.03919046372175217 -0.9910374283790588
1732804413.90404 -0.7433035373687744 2.559908390045166 -7.279816150665283 -0.004053865093737841 -0.11014388501644135 -0.034559041261672974 -0.9933063983917236
1732804414.638419 -0.549931526184082 2.315025568008423 -6.637620449066162 -0.004123416263610125 -0.08407095074653625 -0.02696746587753296 -0.9960862994194031
1732804415.23736 -0.4363539516925812 2.1110222339630127 -6.072805881500244 -0.006779692601412535 -0.06370105594396591 -0.0205635204911232 -0.9977341890335083
1732804415.837327 -0.3372146785259247 1.907942295074463 -5.484185218811035 -0.0023697593715041876 -0.05367858335375786 -0.019881736487150192 -0.9983575940132141
1732804416.437148 -0.24943263828754425 1.6958683729171753 -4.901917934417725 -0.00358422938734293 -0.04485013708472252 -0.018043968826532364 -0.998824417591095
1732804417.037338 -0.16704830527305603 1.4883848428726196 -4.316184997558594 -0.004433640278875828 -0.03841111809015274 -0.017023349180817604 -0.9991072416305542
1732804417.637285 -0.10033904761075974 1.2875021696090698 -3.714811325073242 4.9232661694986746e-05 -0.030508365482091904 -0.017024634405970573 -0.9993895292282104
1732804418.237309 -0.03455523028969765 1.0794939994812012 -3.1179351806640625 -0.0035173892974853516 -0.0267535001039505 -0.016887420788407326 -0.9994933009147644
1732804418.837269 0.024832764640450478 0.8648452758789062 -2.5404298305511475 -0.011201689019799232 -0.020307328552007675 -0.015642909333109856 -0.9996086359024048
1732804419.437214 0.06264782696962357 0.6535317897796631 -1.9556715488433838 -0.013202968053519726 -0.021011685952544212 -0.010455694980919361 -0.9996373653411865
1732804420.03732 0.0925855040550232 0.4556918740272522 -1.3334870338439941 -7.888729305705056e-05 -0.01716754399240017 -0.008322708308696747 -0.999817967414856
1732804420.637187 0.12283177673816681 0.2385639101266861 -0.7294661402702332 -0.007872688584029675 -0.012891501188278198 -0.00876510702073574 -0.9998475313186646
1732804421.237294 0.14660440385341644 0.02122507244348526 -0.10019929707050323 -0.00812288373708725 -0.012229343876242638 -0.0035322674084454775 -0.9998860359191895
1732804421.83718 0.17028510570526123 -0.2116907387971878 0.5581613183021545 -0.007775846403092146 -0.012906518764793873 -0.003320678137242794 -0.9998809695243835
1732804422.036984 0.18331262469291687 -0.28097885847091675 0.7837290167808533 -0.004403818864375353 -0.01547052152454853 -0.004123575519770384 -0.9998621344566345
