1736528533.771018 -0.0 -0.0 -0.0 -0.0 -0.0 -0.0 1.0
1736528551.770487 0.003556671319529414 -0.0806550458073616 0.23867467045783997 -1.692853584245313e-05 0.00045547561603598297 -0.0009827481117099524 0.999999463558197
1736528553.570442 0.022728532552719116 -0.3475073575973511 1.034858226776123 0.0013535999460145831 -0.000895730743650347 -0.00026535711367614567 0.9999986886978149
1736528554.837081 0.042063791304826736 -0.6574817895889282 1.8981034755706787 0.011384938843548298 -0.0008542289724573493 -0.0023526293225586414 0.9999321103096008
1736528556.103746 0.0461387000977993 -0.9677514433860779 2.74520206451416 0.014675343409180641 -0.0013047527754679322 -0.006553123239427805 0.9998700618743896
1736528557.2373 0.04479037597775459 -1.2343027591705322 3.4647977352142334 0.014679552987217903 -0.0017124234000220895 -0.008581584319472313 0.9998539686203003
1736528558.573403 0.043394509702920914 -1.5330029726028442 4.282872676849365 0.016947941854596138 -0.004533159546554089 -0.00864846259355545 0.9998087286949158
1736528559.970315 0.03900540992617607 -1.8476715087890625 5.139728546142578 0.018182838335633278 -0.0050300974398851395 -0.00849953293800354 0.9997859001159668
1736528561.370233 0.030350135639309883 -2.1482675075531006 5.962038993835449 0.019346391782164574 -0.007412769366055727 -0.010472838766872883 0.9997305274009705
1736528562.770415 0.020425105467438698 -2.4577293395996094 6.767744064331055 0.021812204271554947 -0.008581990376114845 -0.013560325838625431 0.9996333718299866
1736528563.903492 0.009605862200260162 -2.7417964935302734 7.489789962768555 0.024269290268421173 -0.010994563810527325 -0.013604574836790562 0.9995524883270264
1736528565.169952 -0.004258992616087198 -3.06427264213562 8.345096588134766 0.022787662222981453 -0.011842707172036171 -0.01525484025478363 0.9995538592338562
1736528566.837051 -0.1147344559431076 -3.3324782848358154 9.07487964630127 0.0181674063205719 -0.07643362879753113 -0.038281772285699844 0.9961738586425781
1736528568.370028 -0.2849882245063782 -3.6661460399627686 9.911775588989258 0.025258691981434822 -0.09596157819032669 -0.04270124435424805 0.9941478967666626
1736528569.57 -0.4652591943740845 -3.98370361328125 10.740798950195312 0.017824048176407814 -0.10759729892015457 -0.04517906904220581 0.9930075407028198
1736528570.503319 -0.6169137358665466 -4.22670841217041 11.364731788635254 0.020903054624795914 -0.11637139320373535 -0.04336847737431526 0.992038369178772
1736528571.703366 -0.8274964690208435 -4.52493953704834 12.160359382629395 0.02009122632443905 -0.13421663641929626 -0.046436913311481476 0.9896594882011414
1736528572.636622 -1.0273611545562744 -4.751636981964111 12.758415222167969 0.024495834484696388 -0.14878740906715393 -0.049234241247177124 0.9873390197753906
1736528573.703222 -1.2768986225128174 -5.015615463256836 13.439581871032715 0.0245453380048275 -0.16792376339435577 -0.0542757622897625 0.9839986562728882
1736528574.903184 -1.6030731201171875 -5.322448253631592 14.168709754943848 0.028802722692489624 -0.19429273903369904 -0.0639687180519104 0.978431761264801
1736528575.903179 -1.9122618436813354 -5.5778679847717285 14.745504379272461 0.03656119108200073 -0.21717005968093872 -0.07447414845228195 0.9726017117500305
1736528576.903153 -2.2750890254974365 -5.771717071533203 15.096363067626953 0.0662003681063652 -0.29231777787208557 -0.11441493034362793 0.9471414685249329
1736528578.036429 -2.77705454826355 -5.854632377624512 15.266326904296875 0.0594465546309948 -0.3927200436592102 -0.17263463139533997 0.9013514518737793
1736528579.169884 -3.4926724433898926 -5.995487213134766 15.628110885620117 0.047653086483478546 -0.4642043113708496 -0.20839805901050568 0.8595428466796875
1736528579.969732 -4.027797222137451 -6.067038536071777 15.764530181884766 0.053066760301589966 -0.5325562953948975 -0.22748741507530212 0.8135215044021606
1736528580.703046 -4.538898468017578 -6.092531204223633 15.803964614868164 0.053961534053087234 -0.5947942137718201 -0.24848031997680664 0.7626044154167175
1736528581.703078 -5.251193046569824 -6.0508527755737305 15.733829498291016 0.0496671199798584 -0.6714329123497009 -0.2810728847980499 0.6838926076889038
1736528582.836281 -6.0635175704956055 -5.958323955535889 15.571346282958984 0.01934518851339817 -0.7342678308486938 -0.29091084003448486 0.6130640506744385
1736528583.969579 -6.838972091674805 -5.8957319259643555 15.36707878112793 0.0203342717140913 -0.7573493123054504 -0.27441856265068054 0.5922018885612488
1736528585.169438 -7.665504455566406 -5.799353122711182 15.109992027282715 0.018735161051154137 -0.7695850133895874 -0.27729159593582153 0.5748890042304993
1736528586.236202 -8.40335750579834 -5.712370872497559 14.875834465026855 0.018063735216856003 -0.7706980109214783 -0.2794383764266968 0.5723745226860046
1736528587.302829 -9.128299713134766 -5.640627384185791 14.648233413696289 0.02310672402381897 -0.7691183090209961 -0.27525630593299866 0.5763306617736816
1736528588.2361 -9.848797798156738 -5.556731224060059 14.408343315124512 0.02448284812271595 -0.7707011699676514 -0.27757298946380615 0.5730389952659607
1736528589.169921 -10.635851860046387 -5.479097366333008 14.153663635253906 0.03032972291111946 -0.7765364646911621 -0.27283287048339844 0.567127525806427
1736528589.836119 -11.181775093078613 -5.438227653503418 13.967025756835938 0.03386002406477928 -0.7814338207244873 -0.2653968036174774 0.5637192130088806
1736528590.902716 -11.92105484008789 -5.367528915405273 13.660615921020508 0.034304674714803696 -0.7997979521751404 -0.2702977955341339 0.5348696708679199
1736528592.102723 -12.45442008972168 -5.240790367126465 13.224258422851562 0.033496227115392685 -0.8524778485298157 -0.28453126549720764 0.43726590275764465
1736528593.836016 -13.38713264465332 -5.026918888092041 12.50443172454834 0.031820476055145264 -0.860763430595398 -0.29171958565711975 0.41590073704719543
1736528595.835941 -14.250844955444336 -4.754059314727783 11.600130081176758 0.03561737760901451 -0.8921430110931396 -0.2939659357070923 0.3411688804626465
1736528597.502744 -14.924915313720703 -4.530709266662598 10.760897636413574 0.03850086033344269 -0.9020763635635376 -0.2904624342918396 0.316871702671051
1736528599.302657 -15.62684440612793 -4.257488250732422 9.82293701171875 0.03814080357551575 -0.9076653718948364 -0.29408544301986694 0.29698947072029114
1736528600.902521 -16.216930389404297 -4.006828308105469 8.9517822265625 0.0372033417224884 -0.9121728539466858 -0.29333022236824036 0.28374990820884705
1736528602.302392 -16.725868225097656 -3.7925071716308594 8.208404541015625 0.03633852303028107 -0.9141409993171692 -0.2960226237773895 0.27458423376083374
1736528603.835737 -17.28068733215332 -3.5538928508758545 7.380852222442627 0.03774062544107437 -0.9083886742591858 -0.2966907024383545 0.2921990156173706
1736528605.435685 -18.02080535888672 -3.3622279167175293 6.65250301361084 0.035285212099552155 -0.8765063285827637 -0.28024348616600037 0.38981443643569946
1736528607.035628 -18.878765106201172 -3.236748218536377 6.085092544555664 0.03773000091314316 -0.8448774814605713 -0.2682236135005951 0.4613184928894043
1736528608.368983 -19.653059005737305 -3.1302428245544434 5.609580993652344 0.035122573375701904 -0.8378612399101257 -0.264475554227829 0.4762432873249054
1736528609.435525 -20.23537254333496 -3.052424430847168 5.236488342285156 0.03512610122561455 -0.8429512977600098 -0.2664027512073517 0.4660782814025879
1736528611.368785 -20.9914493560791 -2.865584373474121 4.499172210693359 0.03836197778582573 -0.8808807730674744 -0.28545838594436646 0.3756208121776581
1736528613.301926 -21.846420288085938 -2.6330337524414062 3.5894203186035156 0.04938465729355812 -0.8875479698181152 -0.2850136458873749 0.35859042406082153
1736528615.302244 -22.798145294189453 -2.326079845428467 2.4923057556152344 0.06462627649307251 -0.890504777431488 -0.30113017559051514 0.3348813056945801
1736528617.302014 -23.74837303161621 -2.0070858001708984 1.3682842254638672 0.06473149359226227 -0.8976296186447144 -0.3052096366882324 0.3113164007663727
1736528618.635306 -24.408931732177734 -1.7275538444519043 0.38905906677246094 0.05857982113957405 -0.9109976887702942 -0.3053973913192749 0.2708951234817505
1736528619.301775 -24.69637680053711 -1.5779881477355957 -0.11203575134277344 0.05458087474107742 -0.9158389568328857 -0.306412935256958 0.25371429324150085
1736528620.235243 -25.103567123413086 -1.3579187393188477 -0.8193950653076172 0.0425766184926033 -0.9184209108352661 -0.30855679512023926 0.24389152228832245
1736528621.101924 -25.47514533996582 -1.1577024459838867 -1.4834766387939453 0.03814172372221947 -0.920878529548645 -0.30645161867141724 0.23794002830982208
1736528621.901713 -25.80437660217285 -0.9595932960510254 -2.107229232788086 0.03409627079963684 -0.921419620513916 -0.309100866317749 0.23298095166683197
1736528622.835198 -26.168106079101562 -0.7358131408691406 -2.8207340240478516 0.032061561942100525 -0.9226845502853394 -0.30911535024642944 0.22819525003433228
1736528623.835148 -26.542078018188477 -0.5017027854919434 -3.568988800048828 0.03216618299484253 -0.9241772294044495 -0.307892382144928 0.22375018894672394
1736528624.568491 -26.810428619384766 -0.3335094451904297 -4.120014190673828 0.03303377330303192 -0.9252570271492004 -0.30659690499305725 0.2209223061800003
1736528625.568423 -27.191194534301758 -0.09706974029541016 -4.867137908935547 0.032185837626457214 -0.9242179989814758 -0.30570080876350403 0.22656618058681488
1736528626.501713 -27.626270294189453 0.09062862396240234 -5.523935317993164 0.03321694955229759 -0.9097248911857605 -0.2984279990196228 0.286771684885025
1736528627.768796 -28.260656356811523 0.34226036071777344 -6.354398727416992 0.0316634438931942 -0.8984590172767639 -0.293771356344223 0.3247572183609009
1736528628.836466 -28.915119171142578 0.4937915802001953 -6.945171356201172 0.030878406018018723 -0.8731167912483215 -0.27982622385025024 0.3980088531970978
1736528630.634791 -30.027503967285156 0.7357664108276367 -7.879871368408203 0.02919117361307144 -0.8652152419090271 -0.278766930103302 0.4157397150993347
1736528633.635062 -31.70810890197754 1.0448808670043945 -9.15207290649414 0.028789730742573738 -0.8581444621086121 -0.2762281000614166 0.43180710077285767
1736528636.034624 -32.805931091308594 1.2719621658325195 -10.054901123046875 0.031303200870752335 -0.8700870871543884 -0.2818309962749481 0.40316247940063477
1736528638.96791 -33.7995719909668 1.5525970458984375 -11.020164489746094 0.03200358524918556 -0.8849402666091919 -0.2911314368247986 0.36207613348960876
1736528641.834469 -34.5052490234375 1.8701047897338867 -12.077625274658203 0.031716782599687576 -0.900442898273468 -0.2962261736392975 0.31693336367607117
1736528643.034636 -34.997474670410156 2.050267219543457 -12.710296630859375 0.030377870425581932 -0.9038963317871094 -0.2952808737754822 0.30799004435539246
1736528644.367955 -35.554405212402344 2.2452211380004883 -13.377906799316406 0.030081873759627342 -0.8959590792655945 -0.2927952706813812 0.33260098099708557
1736528645.901336 -36.23493957519531 2.4303369522094727 -14.048175811767578 0.029895786195993423 -0.8752272725105286 -0.28349584341049194 0.3907857835292816
1736528648.167768 -37.24207305908203 2.6337881088256836 -14.820182800292969 0.032344140112400055 -0.8595541715621948 -0.27773958444595337 0.42776307463645935
1736528650.301047 -38.16417694091797 2.8062744140625 -15.509147644042969 0.031100809574127197 -0.855669379234314 -0.27552035450935364 0.43697965145111084
1736528652.167688 -38.96233367919922 2.9512500762939453 -16.075424194335938 0.031143272295594215 -0.8518864512443542 -0.2753811180591583 0.44439268112182617
1736528656.367387 -40.588233947753906 3.246492385864258 -17.207298278808594 0.02860294282436371 -0.8471323251724243 -0.2741208076477051 0.4543198347091675
1736528659.034203 -41.709266662597656 3.4197349548339844 -17.94666290283203 0.025809139013290405 -0.8475406765937805 -0.272764652967453 0.45454171299934387
1736528661.767255 -42.821189880371094 3.5988311767578125 -18.686466217041016 0.025162748992443085 -0.8469738960266113 -0.26965686678886414 0.45747923851013184
1736528666.300619 -44.2906379699707 3.7969112396240234 -19.587543487548828 0.01875649392604828 -0.8448713421821594 -0.2651708722114563 0.4642468988895416
1736528668.36725 -45.4105224609375 3.963085174560547 -20.294918060302734 0.017122050747275352 -0.8440344333648682 -0.2644463777542114 0.4662413001060486
1736528670.76721 -46.60791778564453 4.1207733154296875 -21.011390686035156 0.014377644285559654 -0.8442076444625854 -0.2642209529876709 0.46614813804626465
1736528673.03382 -47.761268615722656 4.324644088745117 -21.829936981201172 0.013361947610974312 -0.8585706949234009 -0.2721441686153412 0.4342987835407257
1736528674.433773 -48.505615234375 4.471437454223633 -22.388179779052734 0.013163499534130096 -0.8617892265319824 -0.27293384075164795 0.4273796081542969
1736528676.035271 -49.255584716796875 4.636920928955078 -22.96114730834961 0.004916010424494743 -0.8619951605796814 -0.2818607985973358 0.4213012754917145
1736528677.43915 -49.90237045288086 4.785058975219727 -23.482067108154297 0.007649991195648909 -0.8647444248199463 -0.27895382046699524 0.417544424533844
1736528679.168278 -50.73577117919922 4.973842620849609 -24.147167205810547 0.005371693056076765 -0.8683977127075195 -0.27599066495895386 0.4119291305541992
1736528680.566883 -51.400787353515625 5.117887496948242 -24.694812774658203 0.007684681098908186 -0.8722750544548035 -0.2710869610309601 0.4069262742996216
1736528682.234609 -52.1582145690918 5.293342590332031 -25.350296020507812 0.010262483730912209 -0.8742746114730835 -0.27068468928337097 0.4028255343437195
1736528685.966703 -52.93641662597656 5.460224151611328 -26.046142578125 0.013914374634623528 -0.8763278722763062 -0.27129149436950684 0.39781516790390015
1736528690.433288 -53.92575454711914 5.701993942260742 -26.92919158935547 0.01621801033616066 -0.8762530088424683 -0.2747397720813751 0.3955196440219879
1736528694.166482 -54.73357391357422 5.88958740234375 -27.654808044433594 0.0194711796939373 -0.875909149646759 -0.27710843086242676 0.39448070526123047
1736528748.098154 -55.420467376708984 6.0440521240234375 -28.251136779785156 0.01898064836859703 -0.8750121593475342 -0.27936261892318726 0.39490512013435364
1736528749.765087 -56.13262176513672 6.238574981689453 -28.925125122070312 0.017337758094072342 -0.8812839388847351 -0.2885449528694153 0.3738715350627899
1736528751.764887 -56.9313850402832 6.511957168579102 -29.838096618652344 0.020244615152478218 -0.8968567252159119 -0.29433220624923706 0.32955557107925415
1736528753.831326 -57.760231018066406 6.8466033935546875 -30.887168884277344 0.014629824087023735 -0.9105591177940369 -0.3062569200992584 0.27726301550865173
1736528755.431615 -58.254730224609375 7.123392105102539 -31.76744842529297 0.020098738372325897 -0.9226481914520264 -0.3035612404346466 0.23699578642845154
1736528756.364612 -58.56205749511719 7.29771614074707 -32.32417297363281 0.020054800435900688 -0.9243614077568054 -0.30557382106781006 0.22754891216754913
1736528757.364735 -58.87906265258789 7.487348556518555 -32.922019958496094 0.016987115144729614 -0.9261264204978943 -0.30698198080062866 0.21854868531227112
1736528758.698061 -59.27818298339844 7.754156112670898 -33.73389434814453 0.016361916437745094 -0.928189218044281 -0.30894941091537476 0.20675423741340637
1736528759.697838 -59.561973571777344 7.959774017333984 -34.37956237792969 0.013247429393231869 -0.9310544729232788 -0.3116438686847687 0.1893153339624405
1736528760.831309 -59.88287353515625 8.215869903564453 -35.100746154785156 0.008792752400040627 -0.9319257736206055 -0.3147740662097931 0.17987334728240967
1736528761.964667 -60.18498992919922 8.466592788696289 -35.83094787597656 0.005174563266336918 -0.9325306415557861 -0.3163629174232483 0.17399565875530243
1736528763.031265 -60.467002868652344 8.698163986206055 -36.526100158691406 0.004062939900904894 -0.9340807795524597 -0.3154929280281067 0.16715499758720398
1736528764.031236 -60.71415328979492 8.92703628540039 -37.19078063964844 0.0009891391964629292 -0.9355184435844421 -0.3176846504211426 0.15453407168388367
1736528765.297711 -60.95695877075195 9.226659774780273 -38.01609802246094 -0.0043778386898338795 -0.9380407333374023 -0.32665449380874634 0.1155734434723854
1736528766.497837 -61.077178955078125 9.520851135253906 -38.822357177734375 -0.0019444396020844579 -0.9439194798469543 -0.32482394576072693 0.05917537584900856
1736528767.697928 -60.98530578613281 9.75678825378418 -39.542449951171875 0.003045529592782259 -0.9490636587142944 -0.3116936981678009 -0.04599947854876518
1736528768.831071 -60.846221923828125 10.015260696411133 -40.28266906738281 0.005534370429813862 -0.9459494352340698 -0.31194955110549927 -0.08852466195821762
1736528770.097751 -60.58788299560547 10.285033226013184 -41.079261779785156 0.008811058476567268 -0.9367323517799377 -0.3128688931465149 -0.15674173831939697
1736528771.164186 -60.29388427734375 10.507794380187988 -41.71862030029297 0.004866604693233967 -0.9254487156867981 -0.3116006553173065 -0.21546722948551178
1736528772.164325 -59.977760314941406 10.724876403808594 -42.32427215576172 0.0010421760380268097 -0.9167559742927551 -0.31469279527664185 -0.2460201233625412
1736528773.297644 -59.593292236328125 10.944015502929688 -42.957725524902344 -0.0030390762258321047 -0.9113150238990784 -0.3151565492153168 -0.2649000585079193
1736528775.497567 -59.188438415527344 11.17392349243164 -43.58332824707031 -0.004898063838481903 -0.9062529802322388 -0.31324100494384766 -0.28383398056030273
1736528777.8976 -58.702667236328125 11.455705642700195 -44.27972412109375 -0.00464516831561923 -0.8987122774124146 -0.32057008147239685 -0.2992149591445923
1736528780.230771 -58.17980194091797 11.723712921142578 -44.96799850463867 -0.008275098167359829 -0.8924522995948792 -0.32352909445762634 -0.3143078088760376
1736528781.964164 -57.734344482421875 11.946586608886719 -45.53771209716797 -0.00944056548178196 -0.8898940086364746 -0.3203241229057312 -0.32464149594306946
1736528783.164133 -57.29664611816406 12.157017707824707 -46.08287811279297 -0.008736850693821907 -0.8873317837715149 -0.32008710503578186 -0.33182862401008606
1736528784.564001 -56.81079864501953 12.3939208984375 -46.6703987121582 -0.010804016143083572 -0.8831337094306946 -0.3234269917011261 -0.339636892080307
1736528786.097297 -56.259918212890625 12.64261245727539 -47.304508209228516 -0.01733928918838501 -0.8817883729934692 -0.32251155376434326 -0.3437076508998871
1736528787.630602 -55.75978088378906 12.872750282287598 -47.88985061645508 -0.01782187633216381 -0.8819667100906372 -0.32050004601478577 -0.3451041281223297
1736528789.163898 -55.22602081298828 13.105460166931152 -48.51170349121094 -0.017213279381394386 -0.8814750909805298 -0.3174082934856415 -0.3492240607738495
1736528790.301108 -54.78600311279297 13.3001127243042 -49.017826080322266 -0.01565634459257126 -0.8808558583259583 -0.3175538182258606 -0.35072430968284607
1736528791.363621 -54.29753875732422 13.498017311096191 -49.55311965942383 -0.01656961627304554 -0.8786017298698425 -0.31567296385765076 -0.35795968770980835
1736528792.497631 -53.707916259765625 13.687714576721191 -50.04351043701172 -0.017179077491164207 -0.8489881753921509 -0.308912068605423 -0.4283658564090729
1736528793.565103 -53.12824249267578 13.819646835327148 -50.38539505004883 -0.017276739701628685 -0.8233667612075806 -0.3000241219997406 -0.4814085364341736
1736528794.56368 -52.524085998535156 13.909936904907227 -50.62812423706055 -0.018409395590424538 -0.7927426695823669 -0.2872914671897888 -0.537293016910553
1736528795.697002 -51.77458190917969 13.983363151550293 -50.85152053833008 -0.0202822033315897 -0.7585689425468445 -0.27127715945243835 -0.5920899510383606
1736528796.830124 -51.02654266357422 14.015594482421875 -50.93619155883789 -0.014720221050083637 -0.7110148668289185 -0.257856547832489 -0.654026985168457
1736528797.963603 -50.25000762939453 14.071226119995117 -51.02552795410156 -0.010192636400461197 -0.7106702923774719 -0.2605721652507782 -0.6534110307693481
1736528798.896919 -49.65702438354492 14.164629936218262 -51.26103973388672 -0.006064699497073889 -0.7649890184402466 -0.27362334728240967 -0.5829969048500061
1736528799.763503 -48.9168815612793 14.28592586517334 -51.51951217651367 0.0006823185249231756 -0.7801376581192017 -0.28001657128334045 -0.5594422221183777
1736528800.696852 -48.187950134277344 14.457077026367188 -51.91362762451172 0.006460967939347029 -0.816299319267273 -0.29375654458999634 -0.4973136782646179
1736528801.430701 -47.642539978027344 14.598609924316406 -52.2606315612793 0.008071241900324821 -0.8328518867492676 -0.29520079493522644 -0.46813374757766724
1736528802.363501 -47.00098419189453 14.799261093139648 -52.756874084472656 0.007413832470774651 -0.850513219833374 -0.2981839179992676 -0.43319588899612427
1736528803.096647 -46.439109802246094 14.994213104248047 -53.23310089111328 0.007451795507222414 -0.8560745120048523 -0.30320504307746887 -0.4185064136981964
1736528803.630099 -45.968528747558594 15.15976333618164 -53.63856506347656 0.008612602017819881 -0.8591026067733765 -0.3043571710586548 -0.41138213872909546
1736528804.296789 -45.42169189453125 15.353696823120117 -54.12508010864258 0.008480002172291279 -0.8633040189743042 -0.3033113181591034 -0.4032823145389557
1736528804.963451 -44.89092254638672 15.55859375 -54.62784957885742 0.008602666668593884 -0.8656279444694519 -0.30812764167785645 -0.3945523798465729
1736528805.630059 -44.36878204345703 15.766569137573242 -55.134735107421875 0.009232964366674423 -0.8660310506820679 -0.3131822347640991 -0.3896433115005493
1736528806.363529 -43.764183044433594 15.998946189880371 -55.707000732421875 0.00802818313241005 -0.8655937314033508 -0.3108648955821991 -0.39248690009117126
1736528806.896731 -43.268470764160156 16.170743942260742 -56.11036682128906 0.0050691221840679646 -0.8551831841468811 -0.30983734130859375 -0.4154960811138153
1736528807.430154 -42.72582244873047 16.3522891998291 -56.56401824951172 0.005574498791247606 -0.856941819190979 -0.30961284041404724 -0.4120188057422638
1736528808.030054 -42.171714782714844 16.55640983581543 -57.057220458984375 0.003080037422478199 -0.8581666946411133 -0.311667799949646 -0.407926082611084
1736528808.563319 -41.632537841796875 16.75033187866211 -57.52507400512695 0.0018815606599673629 -0.858311653137207 -0.31232377886772156 -0.4071260094642639
1736528809.296635 -41.003936767578125 16.985076904296875 -58.10032272338867 -0.00022563248057849705 -0.8598790168762207 -0.31213265657424927 -0.4039570987224579
1736528809.697118 -40.6085205078125 17.1376895904541 -58.45189666748047 0.00032281727180816233 -0.8592081665992737 -0.31460490822792053 -0.4034663140773773
1736528810.429926 -39.91990661621094 17.41325569152832 -59.082157135009766 0.0015516283456236124 -0.8583024740219116 -0.3195987641811371 -0.4014612138271332
1736528810.82989 -39.483306884765625 17.585105895996094 -59.48484802246094 -0.00036732415901497006 -0.858726441860199 -0.3187829554080963 -0.40120601654052734
1736528811.22971 -39.02106475830078 17.773473739624023 -59.9005012512207 -0.0013779094442725182 -0.8572900891304016 -0.3237968981266022 -0.40025925636291504
1736528811.629749 -38.56854248046875 17.950611114501953 -60.31288146972656 -0.0035931700840592384 -0.8583498001098633 -0.3225979208946228 -0.39894023537635803
1736528812.096536 -38.039207458496094 18.143848419189453 -60.777442932128906 -0.0025981648359447718 -0.8573030233383179 -0.31890904903411865 -0.4041310250759125
1736528812.563434 -37.46845245361328 18.338674545288086 -61.22412872314453 -0.00031233124900609255 -0.8470016717910767 -0.3140122890472412 -0.4289340674877167
1736528812.896592 -37.025054931640625 18.46194839477539 -61.51923370361328 0.001241212710738182 -0.8360163569450378 -0.30671051144599915 -0.45497676730155945
1736528813.430159 -36.314476013183594 18.637882232666016 -61.95726013183594 0.0018091965466737747 -0.8272612690925598 -0.29968759417533875 -0.47520825266838074
1736528813.831097 -35.766136169433594 18.78742790222168 -62.286895751953125 0.002740760101005435 -0.822162389755249 -0.3019309639930725 -0.4825756847858429
1736528814.163007 -35.29546356201172 18.895387649536133 -62.554664611816406 0.0032770447432994843 -0.8189942240715027 -0.2961103320121765 -0.4914839565753937
1736528814.629663 -34.61662292480469 19.049179077148438 -62.90040588378906 0.007992198690772057 -0.8086996674537659 -0.29192280769348145 -0.51060950756073
1736528815.096499 -33.91771697998047 19.184322357177734 -63.17316436767578 0.011255784891545773 -0.7784679532051086 -0.2863622009754181 -0.5584421753883362
1736528815.49644 -33.31603240966797 19.265201568603516 -63.3200569152832 0.011427701450884342 -0.7403504252433777 -0.2764770984649658 -0.6126263737678528
1736528816.09643 -32.5036506652832 19.34354019165039 -63.418949127197266 0.013458560220897198 -0.7073286771774292 -0.26561465859413147 -0.6549457907676697
1736528817.296223 -31.662094116210938 19.387176513671875 -63.438011169433594 0.014490272849798203 -0.6730307936668396 -0.2484557032585144 -0.6964835524559021
1736528818.429763 -30.883085250854492 19.404354095458984 -63.364013671875 0.015618517063558102 -0.6338852047920227 -0.2333086133003235 -0.7372332215309143
1736528819.629681 -30.086450576782227 19.396352767944336 -63.21228790283203 0.014854112640023232 -0.5878741145133972 -0.21928319334983826 -0.7785232067108154
1736528820.829628 -29.311485290527344 19.325468063354492 -62.95905303955078 0.00274008815176785 -0.5470566749572754 -0.20057350397109985 -0.812706470489502
1736528822.029607 -28.518009185791016 19.23818016052246 -62.703651428222656 -0.009730212390422821 -0.5316434502601624 -0.1926155984401703 -0.8247179985046387
1736528823.229418 -27.711227416992188 19.133037567138672 -62.395233154296875 -0.004212170373648405 -0.5176882147789001 -0.1908421367406845 -0.8340027928352356
1736528824.496201 -26.84443473815918 19.039560317993164 -62.038597106933594 0.0013971670996397734 -0.5039639472961426 -0.18965603411197662 -0.8426439762115479
1736528825.562639 -26.104211807250977 18.96141815185547 -61.679786682128906 0.010757006704807281 -0.47577136754989624 -0.18747520446777344 -0.859289824962616
1736528826.829468 -25.312070846557617 18.838947296142578 -61.230873107910156 0.00671859085559845 -0.44992420077323914 -0.1798439472913742 -0.87474524974823
1736528827.829448 -24.66473960876465 18.742137908935547 -60.81645965576172 0.013775745406746864 -0.43083617091178894 -0.17870360612869263 -0.8844521045684814
1736528829.095903 -23.90386962890625 18.61135482788086 -60.30162811279297 0.003618950955569744 -0.4126585125923157 -0.17260050773620605 -0.8943762183189392
1736528829.829382 -23.54327964782715 18.515708923339844 -59.96046829223633 0.0011774374870583415 -0.34768733382225037 -0.15360578894615173 -0.9249418377876282
1736528830.962694 -23.218276977539062 18.31804847717285 -59.35426712036133 -0.0034482390619814396 -0.22288940846920013 -0.10796603560447693 -0.968840479850769
1736528832.095816 -22.918235778808594 18.087936401367188 -58.62751770019531 0.0021698882337659597 -0.1648070216178894 -0.09044867753982544 -0.9821675419807434
1736528833.295962 -22.542438507080078 17.85252571105957 -57.84756851196289 0.005306108854711056 -0.1693822741508484 -0.0963645875453949 -0.9808136820793152
1736528834.36243 -22.267433166503906 17.650733947753906 -57.2042121887207 0.00427847309038043 -0.16424860060214996 -0.0940600037574768 -0.9819148778915405
1736528835.429219 -21.921878814697266 17.46036148071289 -56.56501007080078 0.006947693880647421 -0.20073634386062622 -0.10403332859277725 -0.9740809798240662
1736528836.562575 -21.537006378173828 17.28713607788086 -55.96653747558594 0.009894615970551968 -0.21960978209972382 -0.11229436099529266 -0.9690530300140381
1736528837.562353 -21.2100887298584 17.129865646362305 -55.409515380859375 0.012845476157963276 -0.2209397405385971 -0.1121891587972641 -0.9687281250953674
1736528838.629135 -20.864940643310547 16.94930648803711 -54.89599609375 -0.00827085692435503 -0.22610819339752197 -0.12105362862348557 -0.9665157794952393
1736528839.562457 -20.388206481933594 16.88909149169922 -54.66388702392578 -0.018005838617682457 -0.3600611686706543 -0.17329058051109314 -0.9165163636207581
1736528840.162251 -19.966575622558594 16.990442276000977 -54.70094299316406 0.02234542928636074 -0.5208659172058105 -0.22141654789447784 -0.824120283126831
1736528841.295774 -19.159696578979492 17.002531051635742 -54.54267883300781 0.024149348959326744 -0.570320725440979 -0.2226542830467224 -0.7903013825416565
1736528842.429199 -18.339200973510742 16.988460540771484 -54.31597900390625 0.020959455519914627 -0.55582195520401 -0.21768929064273834 -0.8020188212394714
1736528843.295498 -17.822717666625977 16.935184478759766 -54.01172637939453 0.021361185237765312 -0.46252068877220154 -0.19268040359020233 -0.8651546835899353
1736528844.362297 -17.25107192993164 16.8226375579834 -53.559478759765625 0.016185233369469643 -0.40990567207336426 -0.17240844666957855 -0.8955393433570862
1736528845.695415 -16.55884552001953 16.734394073486328 -53.12813949584961 0.017877383157610893 -0.4226348102092743 -0.17451855540275574 -0.8891589045524597
1736528846.628902 -16.00948143005371 16.641605377197266 -52.72917938232422 0.015356729738414288 -0.4086715281009674 -0.1682760864496231 -0.8969029784202576
1736528847.495609 -15.497013092041016 16.559810638427734 -52.34177780151367 0.019084826111793518 -0.4053761959075928 -0.1678110659122467 -0.8984127044677734
1736528848.428876 -14.905855178833008 16.47327423095703 -51.949073791503906 0.018592363223433495 -0.42603105306625366 -0.17293547093868256 -0.8878318071365356
1736528849.49548 -14.183650970458984 16.40797233581543 -51.56940841674805 0.02162855491042137 -0.4679904878139496 -0.18564830720424652 -0.8637429475784302
1736528850.428816 -13.490304946899414 16.356273651123047 -51.26055908203125 0.019218869507312775 -0.4930727779865265 -0.19170229136943817 -0.848386824131012
1736528851.362288 -12.63926887512207 16.297191619873047 -50.883548736572266 0.021650807932019234 -0.4968957304954529 -0.19404761493206024 -0.8455598950386047
1736528852.095254 -11.947164535522461 16.24028968811035 -50.539329528808594 0.021288543939590454 -0.4874383807182312 -0.19103753566741943 -0.8517366647720337
1736528852.828724 -11.157746315002441 16.160411834716797 -50.14686584472656 0.017968960106372833 -0.47276052832603455 -0.18527115881443024 -0.8613067269325256
1736528853.428732 -10.575348854064941 16.048477172851562 -49.689292907714844 0.01452402863651514 -0.393257737159729 -0.15873870253562927 -0.9055050611495972
1736528854.162053 -9.857852935791016 15.93012809753418 -49.169166564941406 0.018324624747037888 -0.42245301604270935 -0.16960488259792328 -0.8901864290237427
1736528854.762138 -9.182816505432129 15.858602523803711 -48.82040023803711 0.017807627096772194 -0.4701567590236664 -0.18126702308654785 -0.8635842800140381
1736528855.428644 -8.400455474853516 15.803173065185547 -48.53295135498047 0.0199056938290596 -0.5314587950706482 -0.19862036406993866 -0.8232285976409912
1736528855.961996 -7.800752639770508 15.747042655944824 -48.269615173339844 0.019175658002495766 -0.5005345940589905 -0.18686439096927643 -0.8450912237167358
1736528856.495427 -7.255046844482422 15.667551040649414 -47.90989303588867 0.020031780004501343 -0.444558322429657 -0.16821283102035522 -0.8795856833457947
1736528857.095312 -6.6819658279418945 15.57356071472168 -47.507301330566406 0.022192612290382385 -0.4258141815662384 -0.1582580804824829 -0.8905864357948303
1736528857.761761 -6.109747886657715 15.464099884033203 -47.09968948364258 0.020011959597468376 -0.41704922914505005 -0.1525094211101532 -0.8957736492156982
1736528858.361895 -5.585454940795898 15.365158081054688 -46.683387756347656 0.021098637953400612 -0.4020134210586548 -0.14598537981510162 -0.9036749005317688
1736528859.028576 -5.036529064178467 15.234720230102539 -46.216400146484375 0.01866171509027481 -0.38675862550735474 -0.13934177160263062 -0.9114019274711609
1736528859.628579 -4.511927604675293 15.115377426147461 -45.76349639892578 0.01945004239678383 -0.37754178047180176 -0.13559500873088837 -0.9158045649528503
1736528860.295014 -3.915771007537842 14.961771011352539 -45.21640396118164 0.01942155696451664 -0.3678569495677948 -0.13124284148216248 -0.9203692078590393
1736528860.961845 -3.3660669326782227 14.81521987915039 -44.687625885009766 0.01909085549414158 -0.3559694290161133 -0.12871873378753662 -0.925393283367157
1736528861.561885 -2.935110330581665 14.671223640441895 -44.159549713134766 0.021011797711253166 -0.2946760952472687 -0.10999549180269241 -0.9490128755569458
1736528862.095179 -2.670140266418457 14.509872436523438 -43.59907531738281 0.01878947950899601 -0.20962758362293243 -0.08353692293167114 -0.9740250706672668
1736528862.695149 -2.2013964653015137 14.32787799835205 -42.90567398071289 0.025456838309764862 -0.2709372937679291 -0.10704462230205536 -0.9562878608703613
1736528863.294996 -1.7184700965881348 14.182415962219238 -42.36298751831055 0.022940535098314285 -0.31768733263015747 -0.12126985192298889 -0.9401288032531738
1736528864.028408 -1.208113670349121 14.028714179992676 -41.78410339355469 0.025059130042791367 -0.3163115978240967 -0.11965899914503098 -0.9407447576522827
1736528864.762784 -0.7088627815246582 13.880414962768555 -41.183441162109375 0.028789494186639786 -0.31103694438934326 -0.11875823885202408 -0.9425092339515686
1736528865.628392 -0.1677379608154297 13.709407806396484 -40.54765701293945 0.023851903155446053 -0.3090248107910156 -0.11647070944309235 -0.9435939192771912
1736528866.228378 0.3295307159423828 13.555115699768066 -39.94578170776367 0.025453753769397736 -0.2995797097682953 -0.11753448098897934 -0.9464617967605591
1736528866.761694 0.824763298034668 13.385848999023438 -39.3297004699707 0.023525679484009743 -0.28616586327552795 -0.1158936619758606 -0.9508545398712158
1736528867.295029 1.2832536697387695 13.223613739013672 -38.73200607299805 0.020632831379771233 -0.284449964761734 -0.11545936018228531 -0.9514892101287842
1736528867.894985 1.7706513404846191 13.05830192565918 -38.100154876708984 0.020966092124581337 -0.28026729822158813 -0.11526615172624588 -0.9527456760406494
1736528868.561631 2.2675065994262695 12.868343353271484 -37.4266357421875 0.01724749058485031 -0.27596741914749146 -0.112500861287117 -0.9544045925140381
1736528869.028158 2.6049458980560303 12.720000267028809 -36.883323669433594 0.018756143748760223 -0.24444958567619324 -0.10271669924259186 -0.964023768901825
1736528869.361434 2.762382745742798 12.600478172302246 -36.469635009765625 0.017732681706547737 -0.1678682267665863 -0.07806703448295593 -0.9825534820556641
1736528869.961579 2.964901924133301 12.376564025878906 -35.7016716003418 0.01826363429427147 -0.12241321057081223 -0.05969274789094925 -0.9905141592025757
1736528870.56267 3.4142441749572754 12.178475379943848 -34.95439910888672 0.021519238129258156 -0.255411297082901 -0.09937704354524612 -0.9614708423614502
1736528871.294902 3.840670347213745 12.00464153289795 -34.30001449584961 0.02329537458717823 -0.23267671465873718 -0.09390664100646973 -0.9677295684814453
1736528871.894698 3.942971706390381 11.85706901550293 -33.78246307373047 0.024867746978998184 -0.10779489576816559 -0.05571874976158142 -0.9922990202903748
1736528872.694833 4.198161602020264 11.628385543823242 -33.002174377441406 0.02228306047618389 -0.1431473195552826 -0.06444694101810455 -0.9873494505882263
1736528873.294824 4.453184604644775 11.438172340393066 -32.32197952270508 0.023151693865656853 -0.1532704085111618 -0.0678660050034523 -0.9855793118476868
1736528873.894827 4.7067365646362305 11.245909690856934 -31.623323440551758 0.022815214470028877 -0.1578948199748993 -0.06880920380353928 -0.9847913384437561
1736528874.494628 4.994945049285889 11.06677532196045 -30.951040267944336 0.024602409452199936 -0.17507818341255188 -0.07406692206859589 -0.9814563393592834
1736528875.161567 5.336085319519043 10.86937427520752 -30.246408462524414 0.022820133715867996 -0.18784426152706146 -0.07822994887828827 -0.9788125157356262
1736528876.961664 5.544987678527832 10.643085479736328 -29.446971893310547 0.021655336022377014 -0.10574221611022949 -0.05043516308069229 -0.9928776025772095
1736528877.761384 5.739102840423584 10.432883262634277 -28.705549240112305 0.023158742114901543 -0.10302069783210754 -0.049436166882514954 -0.9931800365447998
1736528878.42802 5.892705917358398 10.256596565246582 -28.076078414916992 0.022639084607362747 -0.09920894354581833 -0.04900316894054413 -0.9936014413833618
1736528879.361378 6.063931941986084 10.054241180419922 -27.360029220581055 0.023672053590416908 -0.0959535464644432 -0.047697633504867554 -0.9939605593681335
1736528880.82781 6.185309886932373 9.830706596374512 -26.58787727355957 0.023037640377879143 -0.05284005403518677 -0.03374304249882698 -0.9977668523788452
1736528881.761262 6.250978469848633 9.590977668762207 -25.768756866455078 0.019429778680205345 -0.032214004546403885 -0.028831541538238525 -0.99887615442276
1736528882.361257 6.303772926330566 9.38912296295166 -25.108558654785156 0.017832811921834946 -0.02633661963045597 -0.026481732726097107 -0.9991432428359985
1736528883.161068 6.366145610809326 9.127076148986816 -24.230451583862305 0.019738195464015007 -0.02091921865940094 -0.025425784289836884 -0.9992629289627075
1736528883.827719 6.404073715209961 8.910760879516602 -23.501934051513672 0.020272113382816315 -0.017007462680339813 -0.024003472179174423 -0.9993616342544556
1736528884.427863 6.445944309234619 8.711868286132812 -22.820140838623047 0.019962800666689873 -0.014593350701034069 -0.023013854399323463 -0.9994292855262756
1736528885.02784 6.485307216644287 8.511649131774902 -22.141700744628906 0.01930914632976055 -0.009927907027304173 -0.022696619853377342 -0.9995065927505493
1736528885.827815 6.524204730987549 8.256423950195312 -21.239166259765625 0.022047564387321472 -0.007350511848926544 -0.02045355550944805 -0.9995206594467163
1736528886.627679 6.5936479568481445 8.020573616027832 -20.38784408569336 0.024646952748298645 -0.025508981198072433 -0.027387339621782303 -0.9989953637123108
1736528887.694565 6.70338249206543 7.7815327644348145 -19.54721450805664 0.022418886423110962 -0.043094608932733536 -0.032535623759031296 -0.9982894062995911
1736528888.561091 6.779561519622803 7.598121643066406 -18.91559410095215 0.01924588531255722 -0.04325288534164429 -0.0314248651266098 -0.9983843564987183
1736528889.560869 6.869130611419678 7.391242027282715 -18.20081901550293 0.020499898120760918 -0.04390806332230568 -0.029367215931415558 -0.9983934760093689
1736528890.561797 6.969059944152832 7.1588358879089355 -17.394153594970703 0.020584918558597565 -0.04561517387628555 -0.02882704697549343 -0.9983308911323547
1736528891.094356 7.022233009338379 6.96488094329834 -16.71236801147461 0.021026022732257843 -0.026437954977154732 -0.02223006822168827 -0.9991820454597473
1736528891.62747 6.983965873718262 6.725921630859375 -15.908825874328613 0.016344089061021805 0.03318125009536743 -0.0011018161894753575 -0.9993151426315308
1736528892.160807 6.861738204956055 6.490664482116699 -15.128676414489746 0.016772782430052757 0.07185870409011841 0.014576149173080921 -0.9971672892570496
1736528892.694275 6.899460315704346 6.267925262451172 -14.341609001159668 0.01871265470981598 -0.026061538606882095 -0.014545626007020473 -0.9993793368339539
1736528893.094297 7.021698474884033 6.08906364440918 -13.750810623168945 0.01854788139462471 -0.09188352525234222 -0.036466795951128006 -0.9949290156364441
1736528893.694335 7.208736419677734 5.830576419830322 -12.882598876953125 0.016401873901486397 -0.08602254837751389 -0.03820006176829338 -0.9954254627227783
1736528894.294256 7.3833909034729 5.5949387550354 -12.090510368347168 0.01718398928642273 -0.08515871316194534 -0.037167783826589584 -0.995525598526001
1736528894.894058 7.541903972625732 5.362964153289795 -11.317232131958008 0.01670065149664879 -0.08343896269798279 -0.03577027469873428 -0.9957306385040283
1736528895.560864 7.715093612670898 5.115052700042725 -10.484091758728027 0.015592938289046288 -0.08241181820631027 -0.03612569347023964 -0.9958213567733765
1736528896.160882 7.859115123748779 4.888363361358643 -9.723771095275879 0.017126796767115593 -0.08111683279275894 -0.03508163243532181 -0.9959397912025452
1736528896.760848 8.01258373260498 4.664566516876221 -8.971633911132812 0.017031237483024597 -0.07846418768167496 -0.03684356436133385 -0.996090292930603
1736528897.360638 8.146321296691895 4.452442646026611 -8.281424522399902 0.013996358960866928 -0.07397027313709259 -0.03576284274458885 -0.9965207576751709
1736528897.960761 8.258028984069824 4.251920700073242 -7.594416618347168 0.01948174275457859 -0.05941496044397354 -0.033131860196590424 -0.9974932074546814
1736528899.027438 8.229843139648438 4.000471591949463 -6.765078544616699 0.01727968640625477 0.01111254096031189 -0.010100831277668476 -0.9997379183769226
1736528899.7609 8.232515335083008 3.7905337810516357 -6.067099094390869 0.015148701146245003 0.009376001544296741 -0.011387214995920658 -0.9997764825820923
1736528900.627265 8.266302108764648 3.5581471920013428 -5.2913713455200195 0.015307481400668621 -0.0024804461281746626 -0.016505280509591103 -0.9997435808181763
1736528901.894038 8.354991912841797 3.2995243072509766 -4.430600166320801 0.017387114465236664 -0.03600166738033295 -0.027744155377149582 -0.9988152384757996
1736528903.227408 8.446663856506348 3.0640785694122314 -3.664663076400757 0.01498835813254118 -0.04026751592755318 -0.030200600624084473 -0.9986199736595154
1736528903.960469 8.509065628051758 2.8292720317840576 -2.907409906387329 0.012872371822595596 -0.02538757212460041 -0.024248434230685234 -0.9993006587028503
1736528904.560652 8.510228157043457 2.6135008335113525 -2.17156982421875 0.016024049371480942 0.0028312578797340393 -0.016284888610243797 -0.9997349977493286
1736528905.160606 8.540778160095215 2.373786449432373 -1.3747202157974243 0.013342870399355888 -0.0016371706733480096 -0.020675675943493843 -0.999695897102356
1736528905.760603 8.586577415466309 2.1379473209381104 -0.5825281739234924 0.017572032287716866 -0.01237916387617588 -0.026842288672924042 -0.9994086027145386
1736528906.427073 8.703776359558105 1.9281092882156372 0.10341936349868774 0.016308316960930824 -0.05627366527915001 -0.04309438169002533 -0.9973516464233398
1736528907.293884 8.836000442504883 1.6673990488052368 0.9503384232521057 0.010446934029459953 -0.058566875755786896 -0.04579812288284302 -0.9971776604652405
1736528908.027981 8.959858894348145 1.4462465047836304 1.6675424575805664 0.00860583782196045 -0.05945154279470444 -0.047238294035196304 -0.9970757365226746
1736528908.760322 9.086459159851074 1.2230310440063477 2.394061326980591 0.006244434043765068 -0.06293181329965591 -0.04945674166083336 -0.9967721104621887
1736528909.693842 9.248148918151855 0.9595765471458435 3.2352874279022217 0.010564801283180714 -0.06486643850803375 -0.050378017127513885 -0.9965655207633972
1736528910.693832 9.419873237609863 0.6977948546409607 4.038985729217529 0.004276603925973177 -0.06291316449642181 -0.05364827811717987 -0.996566891670227
1736528911.693579 9.557659149169922 0.4794754087924957 4.764254093170166 0.013349045068025589 -0.06678616255521774 -0.05591896176338196 -0.996109664440155
1736528912.626904 9.688332557678223 0.2633979618549347 5.491313934326172 0.014647330157458782 -0.0688142254948616 -0.052189212292432785 -0.996155858039856
1736528913.560369 9.828776359558105 0.04124928638339043 6.224422931671143 0.012509863823652267 -0.07254255563020706 -0.04830920696258545 -0.9961161613464355
1736528914.493489 9.976397514343262 -0.17951959371566772 6.967036247253418 0.015137413516640663 -0.07323884218931198 -0.04620546102523804 -0.9961285591125488
1736528915.360151 10.11152458190918 -0.39348742365837097 7.644017696380615 0.012400737963616848 -0.07462381571531296 -0.0455605573952198 -0.9960932731628418
1736528916.160307 10.219950675964355 -0.5922854542732239 8.27746868133545 0.011551742441952229 -0.06660343706607819 -0.04181512072682381 -0.9968360066413879
1736528916.493621 10.211743354797363 -0.6477810740470886 8.456925392150879 0.012432796880602837 -0.03583628311753273 -0.030898891389369965 -0.9988025426864624
