1748443579.992992 -0.0 -0.0 -0.0 -0.0 -0.0 -0.0 1.0
1748443581.259884 -0.0012663512025028467 -0.0416329950094223 0.08123140037059784 0.008357573300600052 -0.0026260782033205032 -0.0011719167232513428 0.9999610185623169
1748443582.926262 -0.04125181585550308 -0.2903444468975067 0.808182418346405 0.003992751240730286 -0.02981013059616089 -0.012475389055907726 0.9994697570800781
1748443584.19288 -0.14060205221176147 -0.5381453633308411 1.5074948072433472 0.011620789766311646 -0.05565841495990753 -0.023451846092939377 0.998106837272644
1748443584.992884 -0.2079329639673233 -0.7608693838119507 2.119178295135498 0.01245974563062191 -0.055986467748880386 -0.02226872742176056 0.9981054067611694
1748443585.792852 -0.3266700506210327 -1.0359469652175903 2.861192226409912 0.018178654834628105 -0.06469215452671051 -0.02671690471470356 0.9973819255828857
1748443586.392916 -0.41936954855918884 -1.2947328090667725 3.602463722229004 0.013228697702288628 -0.06408233940601349 -0.024873489513993263 0.997546911239624
1748443586.992781 -0.5185862183570862 -1.5529265403747559 4.313480854034424 0.012735608033835888 -0.06306034326553345 -0.024943189695477486 0.997616708278656
1748443587.59302 -0.6032421588897705 -1.7835781574249268 4.9495849609375 0.01359313540160656 -0.06303238868713379 -0.023400524631142616 0.9976445436477661
1748443588.32628 -0.6969420909881592 -2.0509963035583496 5.655494213104248 0.020197583362460136 -0.06356091797351837 -0.02343481406569481 0.9974983930587769
1748443588.926189 -0.7665179967880249 -2.332717180252075 6.411468029022217 0.016676567494869232 -0.05294528231024742 -0.019965652376413345 0.9982585310935974
1748443589.526248 -0.8480628132820129 -2.605232000350952 7.170340061187744 0.019165577366948128 -0.049071408808231354 -0.019822828471660614 0.9984146356582642
1748443590.192948 -0.9408159255981445 -2.8877573013305664 7.946788787841797 0.014895503409206867 -0.0638779029250145 -0.02479400485754013 0.9975385069847107
1748443590.99282 -1.0760207176208496 -3.1611006259918213 8.665634155273438 0.01843222603201866 -0.09268876165151596 -0.034088656306266785 0.9949407577514648
1748443591.792844 -1.2813924551010132 -3.407806396484375 9.355147361755371 0.016359511762857437 -0.1289578676223755 -0.04678975045681 0.9904105067253113
1748443592.59285 -1.547493577003479 -3.6384809017181396 9.975295066833496 0.020236307755112648 -0.178574800491333 -0.06456933170557022 0.9815968871116638
1748443593.392741 -1.9057931900024414 -3.885684013366699 10.611595153808594 0.019745927304029465 -0.23398491740226746 -0.08203168213367462 0.9685721397399902
1748443594.126096 -2.3325579166412354 -4.115171432495117 11.198472023010254 0.02330692671239376 -0.27813076972961426 -0.09704695641994476 0.9553439021110535
1748443594.926049 -2.837013006210327 -4.357947826385498 11.737544059753418 0.03376491740345955 -0.3368673622608185 -0.11246330291032791 0.9342014789581299
1748443595.79273 -3.463066816329956 -4.557559490203857 12.249124526977539 0.02175953797996044 -0.39465072751045227 -0.13804900646209717 0.9081408977508545
1748443596.326049 -3.987145185470581 -4.681099891662598 12.568317413330078 0.02078855223953724 -0.440407931804657 -0.15667133033275604 0.8837776184082031
1748443597.592686 -4.659644603729248 -4.828572750091553 12.916833877563477 0.02454182505607605 -0.4784729480743408 -0.17353937029838562 0.8604333400726318
1748443598.592594 -5.344755172729492 -4.948141098022461 13.20307731628418 0.02853206917643547 -0.5064244866371155 -0.1819303333759308 0.8423903584480286
1748443599.39261 -6.032576560974121 -5.057268142700195 13.445671081542969 0.031283292919397354 -0.5333771705627441 -0.18948109447956085 0.8237882256507874
1748443600.325927 -6.784472942352295 -5.137495517730713 13.626386642456055 0.03029647096991539 -0.5769473314285278 -0.20548726618289948 0.7899296879768372
1748443601.192545 -7.511875152587891 -5.1872429847717285 13.698514938354492 0.029938839375972748 -0.6244997382164001 -0.22543112933635712 0.7471843957901001
1748443601.992571 -8.21660327911377 -5.182988166809082 13.661186218261719 0.03168809786438942 -0.6686444878578186 -0.24347367882728577 0.7018767595291138
1748443602.725828 -8.921908378601074 -5.162200927734375 13.558756828308105 0.031133372336626053 -0.7045682072639465 -0.2556910216808319 0.6612386107444763
1748443603.525828 -9.592220306396484 -5.128330707550049 13.380178451538086 0.0375676229596138 -0.7432399392127991 -0.2674011290073395 0.6121108531951904
1748443604.392478 -10.374236106872559 -4.998237609863281 13.120401382446289 0.031298790127038956 -0.7549804449081421 -0.30483633279800415 0.5797411203384399
1748443605.192452 -11.003976821899414 -4.9334821701049805 12.792535781860352 0.05686455965042114 -0.8000127077102661 -0.2886359989643097 0.522910475730896
1748443605.792304 -11.569507598876953 -4.8530659675598145 12.459328651428223 0.051957663148641586 -0.8277440667152405 -0.2846831679344177 0.4807240664958954
1748443606.325773 -12.122193336486816 -4.7270355224609375 12.082071304321289 0.03884430602192879 -0.8397391438484192 -0.2984665036201477 0.4519370496273041
1748443606.925794 -12.671091079711914 -4.607171535491943 11.664247512817383 0.0392538346350193 -0.8535577654838562 -0.29727575182914734 0.426057904958725
1748443607.592396 -13.31735610961914 -4.441283702850342 11.13127326965332 0.038856230676174164 -0.8663971424102783 -0.2970643639564514 0.3994983434677124
1748443608.125723 -13.847295761108398 -4.31973934173584 10.683279037475586 0.04047892615199089 -0.8672657012939453 -0.2917359173297882 0.4013749659061432
1748443608.792361 -14.37916374206543 -4.175253391265869 10.172161102294922 0.039458662271499634 -0.8778710961341858 -0.2922675907611847 0.3773129880428314
1748443609.392373 -14.923530578613281 -4.035135269165039 9.618884086608887 0.044892288744449615 -0.8866173624992371 -0.28355056047439575 0.36262014508247375
1748443609.992314 -15.443359375 -3.877474784851074 9.040821075439453 0.04363982006907463 -0.8908621668815613 -0.2890152037143707 0.34775057435035706
1748443610.592329 -15.961774826049805 -3.721275806427002 8.464442253112793 0.039508309215307236 -0.8912877440452576 -0.28909599781036377 0.34708622097969055
1748443611.192411 -16.471084594726562 -3.554957628250122 7.863508224487305 0.040972936898469925 -0.8938912153244019 -0.2868063151836395 0.34208473563194275
1748443611.725643 -16.955245971679688 -3.425240993499756 7.369376182556152 0.03932897746562958 -0.8892204761505127 -0.2850801646709442 0.35562562942504883
1748443612.325607 -17.48401641845703 -3.2647817134857178 6.793320655822754 0.03892149776220322 -0.8865180015563965 -0.2879709005355835 0.36006078124046326
1748443612.925636 -18.033065795898438 -3.127650260925293 6.238378524780273 0.03897031024098396 -0.884516179561615 -0.2839035987854004 0.36811837553977966
1748443613.525435 -18.579397201538086 -2.9859261512756348 5.703793525695801 0.03799921274185181 -0.8815426230430603 -0.285248339176178 0.37426212430000305
1748443614.192445 -19.20189666748047 -2.8318450450897217 5.130921363830566 0.037363167852163315 -0.8781933188438416 -0.28463777899742126 0.38257285952568054
1748443614.792247 -19.737255096435547 -2.6990694999694824 4.645931243896484 0.03702163323760033 -0.8747135400772095 -0.2869872450828552 0.38877245783805847
1748443615.32536 -20.215042114257812 -2.5831589698791504 4.211124420166016 0.03740778565406799 -0.8741773962974548 -0.2868383228778839 0.3900493085384369
1748443615.992168 -20.80738639831543 -2.440335750579834 3.6684398651123047 0.04169183969497681 -0.8754801154136658 -0.28622910380363464 0.38712969422340393
1748443616.725481 -21.377586364746094 -2.285208225250244 3.128408432006836 0.04669696092605591 -0.876565158367157 -0.2899355888366699 0.38130083680152893
1748443617.392138 -21.97161102294922 -2.1312570571899414 2.5606346130371094 0.04677911102771759 -0.8782258033752441 -0.2905190885066986 0.37700119614601135
1748443617.992092 -22.494722366333008 -1.985044002532959 2.0586299896240234 0.046976037323474884 -0.8793771862983704 -0.2938428223133087 0.3716791868209839
1748443618.592121 -23.02729034423828 -1.8325681686401367 1.5170345306396484 0.04770270362496376 -0.8807429671287537 -0.2942067086696625 0.3680471181869507
1748443619.12526 -23.51774024963379 -1.6986169815063477 1.0224590301513672 0.05009576305747032 -0.8830268979072571 -0.293805867433548 0.36253562569618225
1748443619.79247 -24.113954544067383 -1.5433220863342285 0.40497779846191406 0.04897412285208702 -0.8866995573043823 -0.2915160357952118 0.3555051386356354
1748443620.392083 -24.621051788330078 -1.3889350891113281 -0.1567554473876953 0.048100270330905914 -0.8886851668357849 -0.29231661558151245 0.34996581077575684
1748443620.992448 -25.099828720092773 -1.2472796440124512 -0.6972465515136719 0.047030653804540634 -0.8901065587997437 -0.29160869121551514 0.3470776379108429
1748443621.592022 -25.614582061767578 -1.1045970916748047 -1.248819351196289 0.04478836804628372 -0.8896461725234985 -0.2920496165752411 0.3481820225715637
1748443622.19205 -26.092567443847656 -0.9672203063964844 -1.7796859741210938 0.046282023191452026 -0.890291154384613 -0.29006901383399963 0.3479938209056854
1748443622.791862 -26.606613159179688 -0.8114404678344727 -2.350971221923828 0.044843319803476334 -0.8899028897285461 -0.29226598143577576 0.3473362624645233
1748443623.391985 -27.103591918945312 -0.6588478088378906 -2.8893375396728516 0.04428846389055252 -0.8893469572067261 -0.29443803429603577 0.346996933221817
1748443623.991984 -27.59627342224121 -0.4980430603027344 -3.422342300415039 0.04066931828856468 -0.889254629611969 -0.29567453265190125 0.3466250002384186
1748443624.525342 -28.02865982055664 -0.3586549758911133 -3.903959274291992 0.03724253922700882 -0.8881159424781799 -0.2963119447231293 0.34937432408332825
1748443625.125288 -28.54434585571289 -0.20543384552001953 -4.448463439941406 0.0344318188726902 -0.8869981169700623 -0.2928563356399536 0.3553646504878998
1748443625.725339 -29.038835525512695 -0.05235576629638672 -4.979621887207031 0.036168742924928665 -0.8846778273582458 -0.29020336270332336 0.36306875944137573
1748443626.391944 -29.613740921020508 0.0956411361694336 -5.531475067138672 0.03568446636199951 -0.882104218006134 -0.2916923463344574 0.36814993619918823
1748443626.925204 -30.068958282470703 0.22631263732910156 -5.999225616455078 0.03614925220608711 -0.8804042935371399 -0.2905062437057495 0.37307867407798767
1748443627.458549 -30.536962509155273 0.3454294204711914 -6.460517883300781 0.03836802393198013 -0.8794604539871216 -0.28869321942329407 0.3764749765396118
1748443628.058555 -31.053462982177734 0.4820871353149414 -6.9642333984375 0.038709238171577454 -0.8791477084159851 -0.28701773285865784 0.378446489572525
1748443628.658364 -31.568317413330078 0.6247453689575195 -7.470024108886719 0.03718806058168411 -0.8768627047538757 -0.28986629843711853 0.3817151188850403
1748443629.325208 -32.17732238769531 0.7648992538452148 -8.020069122314453 0.03454650938510895 -0.8746365904808044 -0.28561586141586304 0.3901807963848114
1748443629.92519 -32.74708557128906 0.8991670608520508 -8.51993179321289 0.03262827917933464 -0.8718169927597046 -0.28468501567840576 0.3972720205783844
1748443630.524959 -33.337162017822266 1.0331048965454102 -8.977241516113281 0.03158631548285484 -0.8703437447547913 -0.28500059247016907 0.40034833550453186
1748443631.125116 -33.89387512207031 1.1664800643920898 -9.461273193359375 0.034484121948480606 -0.8701356053352356 -0.2824047803878784 0.40239596366882324
1748443631.725106 -34.427146911621094 1.291229248046875 -9.932785034179688 0.03680188208818436 -0.871443510055542 -0.2808378338813782 0.400452196598053
1748443632.324936 -34.90687561035156 1.4034290313720703 -10.381114959716797 0.036495842039585114 -0.8730474710464478 -0.2820083498954773 0.3961406648159027
1748443632.9251 -35.435752868652344 1.5327033996582031 -10.868263244628906 0.03756798431277275 -0.8724426627159119 -0.2838238775730133 0.3960763216018677
1748443633.525154 -35.964595794677734 1.6646947860717773 -11.365089416503906 0.03799356892704964 -0.8736494779586792 -0.2838328778743744 0.3933599591255188
1748443634.258393 -36.610355377197266 1.8157644271850586 -11.947799682617188 0.037719689309597015 -0.8749901652336121 -0.2866421341896057 0.3883371949195862
1748443634.925027 -37.2048225402832 1.972334861755371 -12.522125244140625 0.036815300583839417 -0.8769290447235107 -0.2873457074165344 0.3835003972053528
1748443635.725081 -37.91421890258789 2.1547069549560547 -13.217586517333984 0.0370766781270504 -0.8762452602386475 -0.2877202332019806 0.3847554326057434
1748443636.324824 -38.49251937866211 2.2954235076904297 -13.750629425048828 0.03930545225739479 -0.8750922679901123 -0.28671523928642273 0.3878956735134125
1748443636.925005 -39.08392333984375 2.432832717895508 -14.295524597167969 0.039153411984443665 -0.8714081048965454 -0.28501462936401367 0.3973432183265686
1748443637.525001 -39.70064163208008 2.569814682006836 -14.828681945800781 0.040022268891334534 -0.8658778071403503 -0.28310278058052063 0.4104958474636078
1748443638.058105 -40.262577056884766 2.6830482482910156 -15.279350280761719 0.03950363025069237 -0.8617010712623596 -0.2803979814052582 0.4210554361343384
1748443638.65826 -40.92372131347656 2.8035240173339844 -15.770442962646484 0.0403282530605793 -0.8557626008987427 -0.2778666019439697 0.43455052375793457
1748443639.258273 -41.61710739135742 2.930208206176758 -16.252803802490234 0.0395875908434391 -0.8534859418869019 -0.2762143611907959 0.4401138424873352
1748443639.858058 -42.29754638671875 3.0385875701904297 -16.735309600830078 0.036968231201171875 -0.8496495485305786 -0.2740418314933777 0.4490324854850769
1748443640.458203 -43.02970504760742 3.1549320220947266 -17.21121597290039 0.03655305132269859 -0.8416787981987 -0.2714468836784363 0.4653572142124176
1748443641.058209 -43.698760986328125 3.2547435760498047 -17.643360137939453 0.03595682606101036 -0.8459092378616333 -0.27147895097732544 0.4576503038406372
1748443641.724676 -44.375099182128906 3.3799476623535156 -18.131771087646484 0.03474637493491173 -0.8480186462402344 -0.2752838432788849 0.4515261948108673
1748443642.324836 -44.999305725097656 3.490612030029297 -18.574153900146484 0.03449486941099167 -0.8520711064338684 -0.274443119764328 0.44437137246131897
1748443642.924865 -45.59722900390625 3.614614486694336 -19.02337646484375 0.035172972828149796 -0.854702353477478 -0.2778121829032898 0.43711233139038086
1748443643.657966 -46.359458923339844 3.778980255126953 -19.625564575195312 0.03290340676903725 -0.8587595820426941 -0.2829824686050415 0.4258759021759033
1748443644.258114 -46.94477081298828 3.9024295806884766 -20.104293823242188 0.035462044179439545 -0.8643788695335388 -0.2815748155117035 0.415099173784256
1748443644.85811 -47.49977111816406 4.0397796630859375 -20.599102020263672 0.03524317964911461 -0.867058277130127 -0.2823335528373718 0.4089690148830414
1748443645.457907 -48.10706329345703 4.179176330566406 -21.11849594116211 0.033760592341423035 -0.8691677451133728 -0.27993008494377136 0.40625956654548645
1748443646.058142 -48.68934631347656 4.318792343139648 -21.633495330810547 0.03231798857450485 -0.8665018677711487 -0.2807137072086334 0.41149717569351196
1748443646.658057 -49.35558319091797 4.453376770019531 -22.172344207763672 0.029999032616615295 -0.8647760152816772 -0.2769891917705536 0.4177792966365814
1748443647.324525 -50.09670639038086 4.589578628540039 -22.734779357910156 0.03039557859301567 -0.8605153560638428 -0.2740928530693054 0.428325355052948
1748443647.925003 -50.780242919921875 4.70777702331543 -23.218929290771484 0.029264012351632118 -0.8528918027877808 -0.26934316754341125 0.4462886154651642
1748443648.39195 -51.33039474487305 4.797481536865234 -23.590721130371094 0.029514146968722343 -0.8488608002662659 -0.2678520977497101 0.45477429032325745
1748443648.991459 -52.01719665527344 4.898021697998047 -24.031757354736328 0.0291204322129488 -0.8445626497268677 -0.26378315687179565 0.4650638997554779
1748443649.591149 -52.69203186035156 5.00590705871582 -24.479446411132812 0.02750176377594471 -0.843643844127655 -0.26547813415527344 0.46586495637893677
1748443650.191303 -53.360435485839844 5.113807678222656 -24.935256958007812 0.028235387057065964 -0.8439255356788635 -0.26632851362228394 0.4648241400718689
1748443650.791301 -54.05406951904297 5.218879699707031 -25.397945404052734 0.027643095701932907 -0.8477427959442139 -0.2660617232322693 0.4580165445804596
1748443651.391101 -54.75041961669922 5.331230163574219 -25.86511993408203 0.02654355578124523 -0.8496124148368835 -0.2666086256504059 0.454284131526947
1748443651.991286 -55.31070327758789 5.4318084716796875 -26.304710388183594 0.025124212726950645 -0.8590736389160156 -0.2657163739204407 0.4367562532424927
1748443652.591258 -55.91197204589844 5.547323226928711 -26.767852783203125 0.021743565797805786 -0.8632522225379944 -0.27074432373046875 0.4254648983478546
1748443653.191114 -56.531585693359375 5.692859649658203 -27.30841827392578 0.020453445613384247 -0.8692676424980164 -0.27418282628059387 0.41082751750946045
1748443653.791291 -57.145084381103516 5.838436126708984 -27.840301513671875 0.02148905210196972 -0.8703044056892395 -0.27789875864982605 0.406055212020874
1748443654.391201 -57.72904968261719 5.967916488647461 -28.362083435058594 0.02423316054046154 -0.8729164004325867 -0.27335551381111145 0.4033689796924591
1748443654.990996 -58.37037658691406 6.122154235839844 -28.88481903076172 0.01722652278840542 -0.869409441947937 -0.2785678207874298 0.4077136516571045
1748443655.591152 -59.03154373168945 6.260257720947266 -29.42717742919922 0.02445467934012413 -0.8661615252494812 -0.2711166739463806 0.4191206097602844
1748443656.191194 -59.66656494140625 6.397886276245117 -29.92499542236328 0.028132718056440353 -0.8598898649215698 -0.27670446038246155 0.42805689573287964
1748443656.790983 -60.34333801269531 6.532447814941406 -30.420135498046875 0.026223724707961082 -0.8568856716156006 -0.27822092175483704 0.43318870663642883
1748443657.391091 -61.01544189453125 6.638309478759766 -30.896163940429688 0.028864670544862747 -0.855814516544342 -0.26493534445762634 0.44334831833839417
1748443657.991192 -61.68531799316406 6.741235733032227 -31.33544158935547 0.024142973124980927 -0.8494296073913574 -0.2650113105773926 0.45569226145744324
1748443658.590902 -62.33938217163086 6.839479446411133 -31.795875549316406 0.020714564248919487 -0.8562828302383423 -0.25960299372673035 0.44604599475860596
1748443659.190927 -62.898590087890625 6.939973831176758 -32.28673553466797 0.026911381632089615 -0.877366304397583 -0.260943740606308 0.40176185965538025
1748443659.9912 -63.42653274536133 7.092861175537109 -32.84736633300781 0.02509825862944126 -0.892246425151825 -0.2780739963054657 0.354882150888443
1748443660.591072 -63.87424850463867 7.266515731811523 -33.435203552246094 0.028270462527871132 -0.903379499912262 -0.29325002431869507 0.31162604689598083
1748443661.191159 -64.28607177734375 7.454877853393555 -34.074951171875 0.033371515572071075 -0.9108569025993347 -0.2988688349723816 0.2826719880104065
1748443661.791417 -64.7246322631836 7.676654815673828 -34.778358459472656 0.040139090269804 -0.9125068187713623 -0.30831602215766907 0.26582229137420654
1748443662.391352 -65.14912414550781 7.899761199951172 -35.46977233886719 0.035398244857788086 -0.9115197658538818 -0.3160513937473297 0.2607496380805969
1748443662.991532 -65.57703399658203 8.12277603149414 -36.14850616455078 0.04462616518139839 -0.9120913147926331 -0.3130258321762085 0.2609843313694
1748443663.591822 -65.98133087158203 8.331888198852539 -36.781158447265625 0.04216206073760986 -0.9104120135307312 -0.31797975301742554 0.26126828789711
1748443664.192092 -66.38345336914062 8.534833908081055 -37.447547912597656 0.03862723335623741 -0.9159746170043945 -0.31077665090560913 0.25083127617836
1748443664.792042 -66.73274230957031 8.697664260864258 -38.12854766845703 0.03614722564816475 -0.9309229850769043 -0.2878052294254303 0.22190989553928375
1748443665.392204 -67.07225799560547 8.901500701904297 -38.830162048339844 0.030104609206318855 -0.9322207570075989 -0.2997468411922455 0.20052433013916016
1748443665.992196 -67.34947204589844 9.123222351074219 -39.53156280517578 0.025861646980047226 -0.9353249669075012 -0.3090899586677551 0.17018195986747742
1748443666.592228 -67.4931640625 9.329666137695312 -40.1883430480957 0.029066946357488632 -0.9436928629875183 -0.3109530508518219 0.10911964625120163
1748443667.192325 -67.61605834960938 9.565061569213867 -40.91140365600586 0.02686178870499134 -0.9457533955574036 -0.31673121452331543 0.06715872883796692
1748443667.792497 -67.65812683105469 9.781691551208496 -41.57033157348633 0.03262517228722572 -0.9478312730789185 -0.31538456678390503 0.032924000173807144
1748443668.392505 -67.65953063964844 10.042716979980469 -42.31278991699219 0.033436212688684464 -0.9453664422035217 -0.3242867588996887 -0.0015748750884085894
1748443668.992798 -67.609619140625 10.270151138305664 -42.967979431152344 0.03228982165455818 -0.9435681104660034 -0.32731467485427856 -0.03875163197517395
1748443669.592899 -67.52005004882812 10.486688613891602 -43.60906219482422 0.03472469374537468 -0.9444568157196045 -0.3202601671218872 -0.06503085792064667
1748443669.992805 -67.4150161743164 10.677972793579102 -44.136749267578125 0.0385282002389431 -0.9412761926651001 -0.3246799409389496 -0.08424843102693558
1748443670.392814 -67.31195831298828 10.872859001159668 -44.67331314086914 0.042983684688806534 -0.9397451281547546 -0.32681936025619507 -0.09066712856292725
1748443670.993041 -67.1489028930664 11.144058227539062 -45.442684173583984 0.048355989158153534 -0.9400010704994202 -0.32257080078125 -0.10003931075334549
1748443671.593114 -66.97541809082031 11.422530174255371 -46.19356918334961 0.047769591212272644 -0.9377039074897766 -0.32491251826286316 -0.11340785771608353
1748443671.992974 -66.83428192138672 11.60817813873291 -46.694297790527344 0.052254389971494675 -0.937362790107727 -0.3207956850528717 -0.12534169852733612
1748443672.593066 -66.6314697265625 11.891701698303223 -47.46146774291992 0.058491963893175125 -0.9348838925361633 -0.3257319927215576 -0.12833407521247864
1748443673.193312 -66.41375732421875 12.14699935913086 -48.160240173339844 0.06024598702788353 -0.9358082413673401 -0.3177992105484009 -0.1401323825120926
1748443673.99323 -66.16304016113281 12.426483154296875 -48.882171630859375 0.05524030327796936 -0.9311828017234802 -0.3211706280708313 -0.1633908897638321
1748443674.593295 -65.91234588623047 12.6817045211792 -49.58919906616211 0.04257887601852417 -0.9286847114562988 -0.32005593180656433 -0.1824721246957779
1748443675.193525 -65.61109924316406 12.95236587524414 -50.290435791015625 0.035136621445417404 -0.9232991933822632 -0.32492005825042725 -0.20176969468593597
1748443675.793419 -65.28704071044922 13.190093994140625 -50.964195251464844 0.029852423816919327 -0.919659435749054 -0.3168945908546448 -0.23002895712852478
1748443676.393541 -64.90325164794922 13.425765991210938 -51.6096305847168 0.028741750866174698 -0.9130645394325256 -0.31469932198524475 -0.2577819526195526
1748443676.993699 -64.484130859375 13.678016662597656 -52.24475860595703 0.028285790234804153 -0.907024621963501 -0.3137916326522827 -0.2793583869934082
1748443677.593628 -64.03206634521484 13.920971870422363 -52.86614227294922 0.029904253780841827 -0.8975395560264587 -0.3160148859024048 -0.3060443699359894
1748443678.193722 -63.538414001464844 14.160774230957031 -53.44197082519531 0.03416096046566963 -0.8898023366928101 -0.3133440613746643 -0.33000048995018005
1748443678.793937 -63.01832580566406 14.396564483642578 -54.02422332763672 0.03612040728330612 -0.8824887871742249 -0.3118164539337158 -0.3502562344074249
1748443679.394011 -62.47559356689453 14.612811088562012 -54.58979034423828 0.03453228622674942 -0.8827491402626038 -0.29999032616615295 -0.35995471477508545
1748443679.993936 -61.92634582519531 14.837930679321289 -55.13264083862305 0.03736799582839012 -0.8762971758842468 -0.3046211004257202 -0.371366411447525
1748443680.594149 -61.502113342285156 15.002358436584473 -55.57963943481445 0.03638622909784317 -0.8793193101882935 -0.2989810109138489 -0.36889562010765076
1748443681.194223 -60.95521545410156 15.232781410217285 -56.10673522949219 0.04426397755742073 -0.876526415348053 -0.2987235486507416 -0.3748418688774109
1748443681.79413 -60.366065979003906 15.449539184570312 -56.649513244628906 0.045903872698545456 -0.8737695217132568 -0.2978043258190155 -0.38174885511398315
1748443682.394381 -59.788818359375 15.67383861541748 -57.17547607421875 0.04924354329705238 -0.8688008189201355 -0.3029778003692627 -0.3885417878627777
1748443682.794423 -59.3834228515625 15.8264741897583 -57.53945541381836 0.04821475222706795 -0.8688363432884216 -0.29743584990501404 -0.3928494453430176
1748443683.394311 -58.769493103027344 16.045574188232422 -58.05681610107422 0.04793519154191017 -0.8632413148880005 -0.2963053286075592 -0.405857115983963
1748443683.794391 -58.330787658691406 16.196243286132812 -58.396324157714844 0.049067460000514984 -0.8581101894378662 -0.2965677082538605 -0.4162774980068207
1748443684.194444 -57.89398193359375 16.349605560302734 -58.73725128173828 0.05205928534269333 -0.8559996485710144 -0.29670676589012146 -0.4201422333717346
1748443684.794994 -57.24401092529297 16.571067810058594 -59.21522521972656 0.050046321004629135 -0.8482540845870972 -0.29653462767601013 -0.4359215795993805
1748443685.194515 -56.79016876220703 16.709985733032227 -59.518409729003906 0.05071282386779785 -0.8424663543701172 -0.2941930592060089 -0.4484741985797882
1748443685.594595 -56.329872131347656 16.849647521972656 -59.82304382324219 0.0499088317155838 -0.8373073935508728 -0.2935173809528351 -0.45855531096458435
1748443686.194656 -55.660606384277344 17.047748565673828 -60.250404357910156 0.046113550662994385 -0.8330376148223877 -0.2917376756668091 -0.467772513628006
1748443686.795537 -54.997344970703125 17.24665069580078 -60.67550277709961 0.0449233315885067 -0.8352543711662292 -0.2955344319343567 -0.46150994300842285
1748443687.394954 -54.347450256347656 17.443214416503906 -61.096275329589844 0.044149432331323624 -0.8363152742385864 -0.2937639653682709 -0.46079328656196594
1748443687.994888 -53.6927490234375 17.64599609375 -61.535682678222656 0.04112662374973297 -0.8377789855003357 -0.2967212498188019 -0.45649924874305725
1748443688.595085 -53.01946258544922 17.85650634765625 -61.99663543701172 0.042314961552619934 -0.839123547077179 -0.2977934181690216 -0.4532109498977661
1748443689.195025 -52.36628723144531 18.063047409057617 -62.45048141479492 0.0434538871049881 -0.8415404558181763 -0.29670271277427673 -0.44932055473327637
1748443689.595067 -51.924949645996094 18.205123901367188 -62.753570556640625 0.04555705934762955 -0.8414135575294495 -0.2971058785915375 -0.44908344745635986
1748443689.995273 -51.46674346923828 18.35449981689453 -63.08620834350586 0.04365111514925957 -0.8421247601509094 -0.29830268025398254 -0.4471419155597687
1748443690.595338 -50.820167541503906 18.547107696533203 -63.53900909423828 0.04299098625779152 -0.8451602458953857 -0.29458269476890564 -0.4439335763454437
1748443691.192964 -50.20411682128906 18.749061584472656 -63.99002456665039 0.03852298855781555 -0.8446158766746521 -0.2980395257472992 -0.44307175278663635
1748443691.723407 -49.64984893798828 18.93136215209961 -64.39408111572266 0.03734581917524338 -0.842318058013916 -0.30375659465789795 -0.44366371631622314
1748443692.323536 -48.997833251953125 19.14617156982422 -64.8547134399414 0.033535391092300415 -0.8397263884544373 -0.3060051202774048 -0.4473209083080292
1748443692.923511 -48.3319091796875 19.351865768432617 -65.30852508544922 0.032412201166152954 -0.8361658453941345 -0.3031587600708008 -0.4559287428855896
1748443693.523364 -47.64655303955078 19.55372428894043 -65.73150634765625 0.030540375038981438 -0.8236929178237915 -0.3018723428249359 -0.47903063893318176
1748443694.124055 -46.927757263183594 19.748268127441406 -66.10409545898438 0.03053036518394947 -0.8102332353591919 -0.30030015110969543 -0.5024041533470154
1748443694.723486 -46.2008056640625 19.927024841308594 -66.46630096435547 0.02874220348894596 -0.8046737313270569 -0.29408198595046997 -0.5149659514427185
1748443695.323297 -45.422088623046875 20.124378204345703 -66.79306030273438 0.029209338128566742 -0.7854112386703491 -0.3002723455429077 -0.5404744744300842
1748443695.923302 -44.672523498535156 20.28835678100586 -67.11630249023438 0.026006173342466354 -0.7880591750144958 -0.2910310924053192 -0.5418370366096497
1748443696.523434 -43.915626525878906 20.452342987060547 -67.41281127929688 0.02697024494409561 -0.7846659421920776 -0.2872704863548279 -0.5486781001091003
1748443697.123245 -43.14598846435547 20.63345718383789 -67.6983642578125 0.03450295329093933 -0.7698547840118408 -0.2962353229522705 -0.5642498731613159
1748443697.723256 -42.3878173828125 20.775726318359375 -67.96504211425781 0.0239484291523695 -0.7642971873283386 -0.2871042788028717 -0.5769293308258057
1748443698.323389 -41.63620376586914 20.888938903808594 -68.1859359741211 0.004288691096007824 -0.7487146854400635 -0.27906084060668945 -0.6012762188911438
1748443698.923256 -40.87097930908203 20.976354598999023 -68.34561157226562 -0.006283327005803585 -0.7304139137268066 -0.27057838439941406 -0.6270912289619446
1748443699.523203 -40.05887985229492 21.05323028564453 -68.45838928222656 0.0017081566620618105 -0.7103350162506104 -0.2657769024372101 -0.6517544388771057
1748443700.123321 -39.269657135009766 21.110736846923828 -68.51739501953125 0.002137877279892564 -0.6867704391479492 -0.25906601548194885 -0.6791366934776306
1748443700.72315 -38.55108642578125 21.146318435668945 -68.51673889160156 0.004806787706911564 -0.6557935476303101 -0.25165262818336487 -0.7117462158203125
1748443701.323144 -37.795013427734375 21.155014038085938 -68.4412841796875 0.006543172523379326 -0.6254406571388245 -0.241885244846344 -0.741803765296936
1748443701.923283 -37.04579162597656 21.146072387695312 -68.30198669433594 0.005672265309840441 -0.5966183543205261 -0.23517565429210663 -0.7672722935676575
1748443702.523094 -36.28076171875 21.12204360961914 -68.13563537597656 0.002268973970785737 -0.5731623768806458 -0.22651922702789307 -0.7875080108642578
1748443703.123096 -35.54570388793945 21.07620620727539 -67.90547180175781 0.003032625885680318 -0.5455372333526611 -0.21624073386192322 -0.8097035884857178
1748443703.723107 -34.802494049072266 21.039966583251953 -67.6046142578125 0.016353271901607513 -0.5142872333526611 -0.21412813663482666 -0.8302953839302063
1748443704.323232 -34.209991455078125 20.97088623046875 -67.33438873291016 0.0015801190165802836 -0.4858129024505615 -0.2007882446050644 -0.8506864309310913
1748443704.923064 -33.619712829589844 20.909971237182617 -67.00318145751953 0.013184829615056515 -0.45412522554397583 -0.19793513417243958 -0.868572473526001
1748443705.523058 -33.0102653503418 20.821147918701172 -66.611083984375 0.013257559388875961 -0.4273608922958374 -0.19077694416046143 -0.8836238384246826
1748443706.123184 -32.358280181884766 20.723583221435547 -66.139892578125 0.018012698739767075 -0.4138874113559723 -0.18551146984100342 -0.8910433650016785
1748443706.722995 -31.79266357421875 20.6121768951416 -65.70110321044922 0.010017029009759426 -0.39690107107162476 -0.17668943107128143 -0.9006386995315552
1748443707.322999 -31.220680236816406 20.50949478149414 -65.22348022460938 0.018792226910591125 -0.3807393014431 -0.1732524335384369 -0.9081123471260071
1748443707.923153 -30.710025787353516 20.392688751220703 -64.79051208496094 0.00985900778323412 -0.36885106563568115 -0.16408060491085052 -0.914838433265686
1748443708.522945 -30.132762908935547 20.264881134033203 -64.2498779296875 0.01658153533935547 -0.3533438742160797 -0.15931738913059235 -0.9216784834861755
1748443709.12297 -29.582630157470703 20.12750244140625 -63.69630432128906 0.016761548817157745 -0.3408409655094147 -0.1554137021303177 -0.9270345568656921
1748443709.723088 -29.030569076538086 19.978843688964844 -63.119667053222656 0.01881941594183445 -0.3445071876049042 -0.15208950638771057 -0.9261908531188965
1748443710.389571 -28.481542587280273 19.852893829345703 -62.5780029296875 0.028673989698290825 -0.3460121154785156 -0.15187647938728333 -0.9254118204116821
1748443710.922897 -28.00076675415039 19.73727035522461 -62.103416442871094 0.02525133080780506 -0.34958434104919434 -0.14890529215335846 -0.9246515035629272
1748443711.389608 -27.50641632080078 19.646892547607422 -61.68657302856445 0.026391075924038887 -0.37414631247520447 -0.1570948213338852 -0.9135859608650208
1748443711.923256 -26.93686294555664 19.550437927246094 -61.22303009033203 0.028225120157003403 -0.391408234834671 -0.16144175827503204 -0.9055051207542419
1748443712.389523 -26.41925048828125 19.47467041015625 -60.833248138427734 0.029600217938423157 -0.401833713054657 -0.1671651303768158 -0.8998385071754456
1748443712.922847 -25.815750122070312 19.39995765686035 -60.43669891357422 0.029427113011479378 -0.42786943912506104 -0.17152531445026398 -0.8869277834892273
1748443713.389517 -25.29764175415039 19.329120635986328 -60.09550476074219 0.02701445110142231 -0.42904895544052124 -0.17191092669963837 -0.8863599300384521
1748443713.989495 -24.623594284057617 19.250104904174805 -59.675437927246094 0.029530741274356842 -0.44188475608825684 -0.17293153703212738 -0.8797503113746643
1748443714.522799 -24.023235321044922 19.17375946044922 -59.31064987182617 0.028633495792746544 -0.446904718875885 -0.17276550829410553 -0.8772733211517334
1748443715.122802 -23.3726806640625 19.097951889038086 -58.90570831298828 0.03044961392879486 -0.4475526511669159 -0.17176879942417145 -0.8770774602890015
1748443715.589604 -22.8443660736084 19.034116744995117 -58.591758728027344 0.03409874066710472 -0.4435039162635803 -0.1696879267692566 -0.8794018030166626
1748443716.12277 -22.268417358398438 18.94747543334961 -58.196983337402344 0.02887110412120819 -0.44166550040245056 -0.16252180933952332 -0.8818643093109131
1748443716.722787 -21.617053985595703 18.863662719726562 -57.78605270385742 0.028261881321668625 -0.4403238594532013 -0.16671770811080933 -0.8817717432975769
1748443717.322762 -20.97498893737793 18.778139114379883 -57.3781623840332 0.028275927528738976 -0.4336674213409424 -0.16666752099990845 -0.8850734233856201
1748443717.922744 -20.31553840637207 18.689239501953125 -56.92966079711914 0.028445128351449966 -0.42904096841812134 -0.16411863267421722 -0.8877949714660645
1748443718.522883 -19.65474510192871 18.59103775024414 -56.45151901245117 0.029003893956542015 -0.42096400260925293 -0.163219153881073 -0.8918002843856812
1748443719.122712 -19.047502517700195 18.486988067626953 -56.01012420654297 0.025532135739922523 -0.4045584499835968 -0.15766790509223938 -0.9004562497138977
1748443719.722842 -18.449398040771484 18.36884880065918 -55.53724670410156 0.021705955266952515 -0.3869389295578003 -0.1555492877960205 -0.9086316823959351
1748443720.322653 -17.849512100219727 18.248565673828125 -55.036033630371094 0.022733047604560852 -0.3851512372493744 -0.15580429136753082 -0.909322202205658
1748443720.922712 -17.26465606689453 18.14177131652832 -54.55022048950195 0.022670095786452293 -0.38021618127822876 -0.15481817722320557 -0.9115663170814514
1748443721.522778 -16.662155151367188 18.009769439697266 -54.03728485107422 0.020380014553666115 -0.37751081585884094 -0.15077970921993256 -0.913419783115387
1748443722.122664 -16.07837677001953 17.887104034423828 -53.52698516845703 0.02053120732307434 -0.3741106390953064 -0.14941133558750153 -0.9150388240814209
1748443722.52263 -15.687485694885254 17.808198928833008 -53.19304656982422 0.02335348166525364 -0.3738457262516022 -0.1492535024881363 -0.9151051640510559
1748443723.122625 -15.086116790771484 17.67280387878418 -52.654747009277344 0.0239010788500309 -0.371317058801651 -0.14868339896202087 -0.9162126779556274
1748443723.722583 -14.491153717041016 17.54417610168457 -52.111488342285156 0.02405063435435295 -0.3643900454044342 -0.14555183053016663 -0.9194868803024292
1748443724.322777 -13.921112060546875 17.408523559570312 -51.58258056640625 0.023513704538345337 -0.3593009114265442 -0.1433917135000229 -0.9218399524688721
1748443724.722617 -13.537686347961426 17.312116622924805 -51.21632385253906 0.024615611881017685 -0.3541037142276764 -0.14028775691986084 -0.924296498298645
1748443725.189342 -13.090178489685059 17.189828872680664 -50.77510070800781 0.019313447177410126 -0.3414207696914673 -0.13736052811145782 -0.9296187162399292
1748443725.789266 -12.576345443725586 17.039003372192383 -50.158973693847656 0.01971612125635147 -0.32089802622795105 -0.13318072259426117 -0.9374959468841553
1748443726.322601 -12.130508422851562 16.903018951416016 -49.613258361816406 0.023126302286982536 -0.2975365221500397 -0.13161242008209229 -0.9453123211860657
1748443726.789286 -11.764815330505371 16.78411293029785 -49.113834381103516 0.021945364773273468 -0.28239017724990845 -0.12786318361759186 -0.9504868388175964
1748443727.389299 -11.327805519104004 16.616775512695312 -48.49708938598633 0.020657746121287346 -0.26045966148376465 -0.12212733924388885 -0.9575066566467285
1748443727.989146 -10.925949096679688 16.4604549407959 -47.876434326171875 0.021469654515385628 -0.24516600370407104 -0.1141388863325119 -0.9624994397163391
1748443728.522483 -10.584393501281738 16.295516967773438 -47.33302307128906 0.01709429919719696 -0.22824519872665405 -0.10743832588195801 -0.9675065875053406
1748443729.18924 -10.197110176086426 16.11041831970215 -46.64829635620117 0.021686900407075882 -0.21749989688396454 -0.09984706342220306 -0.9706977605819702
1748443729.789093 -9.884922981262207 15.945624351501465 -46.031951904296875 0.02370704710483551 -0.20908181369304657 -0.0955968052148819 -0.9729254841804504
1748443730.322678 -9.566442489624023 15.793822288513184 -45.4657096862793 0.024293547496199608 -0.2049327790737152 -0.09488545358181 -0.9738630056381226
1748443730.922451 -9.220574378967285 15.62127685546875 -44.8160285949707 0.024537401273846626 -0.20761734247207642 -0.09505458921194077 -0.9732716083526611
1748443731.522382 -8.881882667541504 15.45201587677002 -44.199493408203125 0.024416746571660042 -0.2072172611951828 -0.09269509464502335 -0.9735874533653259
1748443732.122383 -8.54675579071045 15.276941299438477 -43.555694580078125 0.023189589381217957 -0.20646995306015015 -0.09081683307886124 -0.9739531874656677
1748443732.722393 -8.22159194946289 15.095845222473145 -42.88819122314453 0.02362232841551304 -0.20323744416236877 -0.08620646595954895 -0.9750410318374634
1748443733.322348 -7.8932929039001465 14.917600631713867 -42.2360725402832 0.02563624083995819 -0.20295561850070953 -0.08315414190292358 -0.9753139019012451
1748443733.922347 -7.56848669052124 14.748254776000977 -41.58932113647461 0.02682049758732319 -0.19898894429206848 -0.08374103903770447 -0.9760489463806152
1748443734.522344 -7.217494010925293 14.561964988708496 -40.93183517456055 0.025519080460071564 -0.20219548046588898 -0.08423657715320587 -0.9753819704055786
1748443735.122431 -6.892402172088623 14.38153076171875 -40.25975036621094 0.02680642530322075 -0.20012621581554413 -0.08379373699426651 -0.9758122563362122
1748443735.655612 -6.5997161865234375 14.22158145904541 -39.681827545166016 0.02539682574570179 -0.1988266110420227 -0.08243124932050705 -0.9762316346168518
1748443736.122287 -6.3542962074279785 14.08085823059082 -39.17105484008789 0.02393847517669201 -0.1963478922843933 -0.08197551220655441 -0.9768083691596985
1748443736.722283 -6.081560134887695 13.908882141113281 -38.51726531982422 0.023050952702760696 -0.1802341789007187 -0.07656782865524292 -0.9803681373596191
1748443737.322233 -5.819787502288818 13.732181549072266 -37.8747673034668 0.0252983495593071 -0.17062747478485107 -0.07383745163679123 -0.9822394251823425
1748443737.922232 -5.589410781860352 13.563064575195312 -37.248748779296875 0.022045986726880074 -0.15596270561218262 -0.0677306056022644 -0.9851915240287781
1748443738.52223 -5.348606109619141 13.375327110290527 -36.57376480102539 0.023315802216529846 -0.14675383269786835 -0.06605450063943863 -0.9866896867752075
1748443739.055512 -5.151287078857422 13.21723461151123 -35.992408752441406 0.022925348952412605 -0.14267566800117493 -0.06417859345674515 -0.9874204993247986
1748443739.655592 -4.923361301422119 13.012803077697754 -35.296142578125 0.019309233874082565 -0.13509386777877808 -0.06211056560277939 -0.9886956810951233
1748443740.25552 -4.721776962280273 12.834529876708984 -34.628196716308594 0.0223220344632864 -0.12561647593975067 -0.05875066667795181 -0.9900861978530884
1748443740.855629 -4.53164005279541 12.640460968017578 -33.96875 0.02093191258609295 -0.11969686299562454 -0.05457146465778351 -0.9910886287689209
1748443741.455465 -4.336986541748047 12.440189361572266 -33.275203704833984 0.018755000084638596 -0.1147172749042511 -0.04970032721757889 -0.9919769167900085
1748443742.055983 -4.1614155769348145 12.248194694519043 -32.5738639831543 0.022841358557343483 -0.1079755425453186 -0.04837934672832489 -0.9927129745483398
1748443742.65549 -3.9866578578948975 12.066141128540039 -31.855348587036133 0.03038061037659645 -0.10760367661714554 -0.04553414136171341 -0.9926857948303223
1748443743.255428 -3.795947313308716 11.866011619567871 -31.202390670776367 0.018366821110248566 -0.11514818668365479 -0.04545891657471657 -0.9921376705169678
1748443743.855424 -3.587273597717285 11.65986156463623 -30.48943328857422 0.01892392337322235 -0.11758185923099518 -0.0483318455517292 -0.9917058944702148
1748443744.455412 -3.4057846069335938 11.4590482711792 -29.79164695739746 0.018077919259667397 -0.11604207754135132 -0.047081660479307175 -0.9919630289077759
1748443745.122093 -3.2351622581481934 11.260605812072754 -29.084117889404297 0.02019018679857254 -0.09770584106445312 -0.03836207836866379 -0.9942707419395447
1748443745.722102 -3.1110916137695312 11.080622673034668 -28.532495498657227 0.013000392355024815 -0.09807991236448288 -0.034936875104904175 -0.9944801330566406
1748443746.322038 -2.9551148414611816 10.861943244934082 -27.832815170288086 0.013160881586372852 -0.09314069151878357 -0.03283169865608215 -0.9950245022773743
1748443746.921992 -2.8022098541259766 10.639688491821289 -27.074337005615234 0.017199229449033737 -0.08864935487508774 -0.030510449782013893 -0.9954469799995422
1748443747.521981 -2.658215284347534 10.42241382598877 -26.337305068969727 0.0181743074208498 -0.08548567444086075 -0.030802980065345764 -0.9956973195075989
1748443748.121985 -2.5056912899017334 10.184976577758789 -25.541305541992188 0.016743291169404984 -0.08376528322696686 -0.029833538457751274 -0.9958981275558472
1748443748.72194 -2.3360509872436523 9.959097862243652 -24.767576217651367 0.012659471482038498 -0.08856537938117981 -0.034770626574754715 -0.9953828454017639
1748443749.322095 -2.1669864654541016 9.73005199432373 -24.005290985107422 0.014571999199688435 -0.09105020016431808 -0.03401897847652435 -0.9951584339141846
1748443749.92194 -2.008657455444336 9.49634838104248 -23.23807716369629 0.012137618847191334 -0.09050849825143814 -0.0340079702436924 -0.9952408671379089
1748443750.455269 -1.8662036657333374 9.296706199645996 -22.553739547729492 0.017170611768960953 -0.0919329896569252 -0.03579847887158394 -0.994973361492157
1748443751.055214 -1.7072283029556274 9.065671920776367 -21.785415649414062 0.015479323454201221 -0.08986452221870422 -0.03384701535105705 -0.9952583909034729
1748443751.655357 -1.5579990148544312 8.82530689239502 -21.020368576049805 0.009279743768274784 -0.08337714523077011 -0.033995646983385086 -0.9958948493003845
1748443752.255362 -1.4021550416946411 8.591629028320312 -20.24840545654297 0.013983526267111301 -0.07469946891069412 -0.03355180844664574 -0.9965434074401855
1748443752.855309 -1.2661335468292236 8.352254867553711 -19.460739135742188 0.01760234870016575 -0.06933139264583588 -0.033679697662591934 -0.9968696236610413
1748443753.455281 -1.1425085067749023 8.103754043579102 -18.676576614379883 0.014355736784636974 -0.0685834065079689 -0.031170351430773735 -0.997054934501648
1748443754.055308 -1.0100573301315308 7.862831115722656 -17.899961471557617 0.013664386235177517 -0.06725452095270157 -0.03203321248292923 -0.997127890586853
1748443754.655256 -0.8827435374259949 7.633816719055176 -17.115345001220703 0.016301659867167473 -0.06989353895187378 -0.03062252141535282 -0.9969510436058044
1748443755.255266 -0.7251363396644592 7.401895999908447 -16.342992782592773 0.016623005270957947 -0.07753848284482956 -0.03609214723110199 -0.9961971640586853
1748443755.855232 -0.5473107695579529 7.164278030395508 -15.572684288024902 0.013226700946688652 -0.08877863734960556 -0.04194675013422966 -0.9950798749923706
1748443756.455218 -0.42053505778312683 6.943367004394531 -14.825072288513184 0.013561488129198551 -0.062450431287288666 -0.03480545058846474 -0.9973488450050354
1748443757.055246 -0.2793735861778259 6.725263595581055 -14.071121215820312 0.013963552191853523 -0.06460782885551453 -0.03804992884397507 -0.9970873594284058
1748443757.655247 -0.17064544558525085 6.495790004730225 -13.311205863952637 0.013509325683116913 -0.053539905697107315 -0.035478625446558 -0.997843861579895
1748443758.255265 -0.049214765429496765 6.247527599334717 -12.513447761535645 0.010258459486067295 -0.054084718227386475 -0.03749994561076164 -0.9977791905403137
1748443758.855152 0.10917474329471588 6.006981372833252 -11.76730728149414 0.007849055342376232 -0.07618680596351624 -0.0449102520942688 -0.9960507154464722
1748443759.32181 0.23053331673145294 5.818444728851318 -11.169931411743164 0.0067267646081745625 -0.07333043217658997 -0.04340049624443054 -0.9963402152061462
1748443759.921843 0.3989045321941376 5.572326183319092 -10.406235694885254 0.006862287409603596 -0.07902078330516815 -0.04474512115120888 -0.9958446025848389
1748443760.455136 0.5523859262466431 5.354991912841797 -9.706412315368652 0.007597067393362522 -0.07913903146982193 -0.04722660779953003 -0.9957153797149658
1748443761.05511 0.7132126092910767 5.103776454925537 -8.938471794128418 0.007450997829437256 -0.07749702781438828 -0.047200970351696014 -0.9958468079566956
1748443761.655101 0.8251743912696838 4.858950138092041 -8.178325653076172 0.010217827744781971 -0.05176224559545517 -0.04057999700307846 -0.997782289981842
1748443762.455055 0.9145415425300598 4.600489616394043 -7.35758113861084 0.006397229619324207 -0.038054294884204865 -0.03532940149307251 -0.9986305236816406
1748443763.05513 0.9791011810302734 4.361294746398926 -6.649764537811279 0.004379346966743469 -0.026476256549358368 -0.03262152150273323 -0.9991074800491333
1748443763.655081 1.0220927000045776 4.100490093231201 -5.865225791931152 0.0062073878943920135 -0.016751933842897415 -0.026410752907395363 -0.9994915723800659
1748443764.25501 1.0632487535476685 3.8475935459136963 -5.068879127502441 0.009191465564072132 -0.007773635908961296 -0.021389774978160858 -0.9996987581253052
1748443764.921665 1.0780177116394043 3.615798234939575 -4.409409999847412 0.0017572329379618168 -0.004297628998756409 -0.019123444333672523 -0.9998064041137695
1748443767.521686 1.123883843421936 3.3591768741607666 -3.646899461746216 -0.005355501547455788 -0.006840017158538103 -0.018987204879522324 -0.9997820258140564
1748443769.255017 1.189624309539795 3.1184933185577393 -2.8511903285980225 0.013618165627121925 -0.029448051005601883 -0.02419404685497284 -0.9991806745529175
1748443771.388558 1.3289752006530762 2.8584768772125244 -2.1075918674468994 -0.0034855466801673174 -0.06755083799362183 -0.0336725115776062 -0.997141420841217
1748443771.588502 1.360844373703003 2.8163859844207764 -1.925849199295044 0.011957271955907345 -0.06852054595947266 -0.035564325749874115 -0.9969438910484314
1748443771.788305 1.3868725299835205 2.7817606925964355 -1.8145779371261597 0.011884392239153385 -0.0695992112159729 -0.036131877452135086 -0.9968496561050415
