1748443579.992992 -0.0 -0.0 -0.0 -0.0 -0.0 -0.0 1.0
1748443581.259884 -0.0020396022591739893 -0.041140925139188766 0.08100353181362152 0.008358935825526714 -0.0023751999251544476 -0.0011430479353293777 0.9999616146087646
1748443582.926262 -0.040344055742025375 -0.28896641731262207 0.811854898929596 0.004094630945473909 -0.029675420373678207 -0.012441462837159634 0.9994738101959229
1748443584.19288 -0.1361536681652069 -0.5366485118865967 1.5132571458816528 0.011753636412322521 -0.055665239691734314 -0.02349606156349182 0.9981038570404053
1748443584.992884 -0.20205387473106384 -0.7574816942214966 2.123178243637085 0.012642379850149155 -0.05607303977012634 -0.022285254672169685 0.9980978965759277
1748443585.792852 -0.32155802845954895 -1.0332962274551392 2.8647801876068115 0.018344821408391 -0.06476704031229019 -0.026734592393040657 0.9973735213279724
1748443586.392916 -0.4147484004497528 -1.291793942451477 3.6047048568725586 0.013396911323070526 -0.06416518986225128 -0.024883942678570747 0.9975391030311584
1748443586.992781 -0.5145206451416016 -1.5499709844589233 4.315079689025879 0.012908253818750381 -0.06314622610807419 -0.024949967861175537 0.9976088404655457
1748443587.59302 -0.6001432538032532 -1.7804335355758667 4.949663162231445 0.013753749430179596 -0.06308888643980026 -0.023402946069836617 0.9976386427879333
1748443588.32628 -0.6941684484481812 -2.048018217086792 5.655189037322998 0.020355701446533203 -0.0636114552617073 -0.023434272035956383 0.9974918961524963
1748443588.926189 -0.7641067504882812 -2.329928398132324 6.410295486450195 0.01682727038860321 -0.05298568308353424 -0.019956078380346298 0.9982540607452393
1748443589.526248 -0.8447338938713074 -2.6026511192321777 7.16975212097168 0.019326746463775635 -0.04912542179226875 -0.019825529307127 0.998408854007721
1748443590.192948 -0.9381564259529114 -2.885319471359253 7.946061134338379 0.015061993151903152 -0.06390788406133652 -0.02479490265250206 0.9975340366363525
1748443590.99282 -1.0732239484786987 -3.15897798538208 8.665053367614746 0.01860145851969719 -0.09272099286317825 -0.03409247100353241 0.9949344396591187
1748443591.792844 -1.2786442041397095 -3.405956506729126 9.35451602935791 0.016526352614164352 -0.12898296117782593 -0.04679778963327408 0.9904040694236755
1748443592.59285 -1.5447883605957031 -3.6367597579956055 9.974481582641602 0.020405838266015053 -0.1785915046930313 -0.06458158791065216 0.9815894961357117
1748443593.392741 -1.9030348062515259 -3.8841047286987305 10.61054515838623 0.019915394484996796 -0.2339959740638733 -0.08205185830593109 0.9685643315315247
1748443594.126096 -2.3296875953674316 -4.113668441772461 11.197094917297363 0.02347741089761257 -0.2781342566013336 -0.0970740020275116 0.9553360342979431
1748443594.926049 -2.833953380584717 -4.356504917144775 11.73581600189209 0.03393566980957985 -0.33686500787734985 -0.11249316483736038 0.9341924786567688
1748443595.79273 -3.45973539352417 -4.556269645690918 12.247077941894531 0.021923517808318138 -0.3946448266506195 -0.13808521628379822 0.9081339240074158
1748443596.326049 -3.983687400817871 -4.67982292175293 12.566041946411133 0.020952461287379265 -0.44039371609687805 -0.15671220421791077 0.8837735652923584
1748443597.592686 -4.655952453613281 -4.827388286590576 12.914337158203125 0.02470293641090393 -0.47845467925071716 -0.1735852062702179 0.8604296445846558
1748443598.592594 -5.340727806091309 -4.947070121765137 13.200439453125 0.02869078703224659 -0.5064037442207336 -0.1819799542427063 0.8423867225646973
1748443599.39261 -6.028061389923096 -5.056217193603516 13.442832946777344 0.031442493200302124 -0.5333532691001892 -0.1895347684621811 0.8237853646278381
1748443600.325927 -6.779243469238281 -5.136417388916016 13.623315811157227 0.030451105907559395 -0.5769202709197998 -0.20554694533348083 0.7899280190467834
1748443601.192545 -7.505476474761963 -5.186392784118652 13.695369720458984 0.03008730709552765 -0.6244673132896423 -0.22550147771835327 0.7471843957901001
1748443601.992571 -8.208989143371582 -5.182281970977783 13.658153533935547 0.031832531094551086 -0.6686065793037415 -0.2435559630393982 0.7018778324127197
1748443602.725828 -8.912922859191895 -5.161700248718262 13.555989265441895 0.031272564083337784 -0.7045272588729858 -0.2557815909385681 0.6612406969070435
1748443603.525828 -9.581945419311523 -5.128107070922852 13.377815246582031 0.037706244736909866 -0.7431941032409668 -0.26750755310058594 0.6121116280555725
1748443604.392478 -10.362133979797363 -4.998115062713623 13.118690490722656 0.0314297080039978 -0.7549294233322144 -0.30493536591529846 0.579748272895813
1748443605.192452 -10.990242958068848 -4.933547019958496 12.791550636291504 0.05699804052710533 -0.7999526262283325 -0.2887558043003082 0.522921621799469
1748443605.792304 -11.554268836975098 -4.853363513946533 12.459409713745117 0.05208653211593628 -0.8276875615119934 -0.2848037779331207 0.48073598742485046
1748443606.325773 -12.105368614196777 -4.727882385253906 12.083398818969727 0.038955509662628174 -0.8396730422973633 -0.2986125946044922 0.45195379853248596
1748443606.925794 -12.652139663696289 -4.607901573181152 11.66682243347168 0.03937666118144989 -0.8534831404685974 -0.29742106795310974 0.42609483003616333
1748443607.592396 -13.295734405517578 -4.442659378051758 11.135812759399414 0.03897963836789131 -0.8663069605827332 -0.2972095012664795 0.39957395195961
1748443608.125723 -13.822647094726562 -4.320919990539551 10.68912124633789 0.0406479611992836 -0.8671405911445618 -0.29189908504486084 0.40150952339172363
1748443608.792361 -14.351552963256836 -4.17852783203125 10.182109832763672 0.039617497473955154 -0.8777387142181396 -0.29250285029411316 0.37742185592651367
1748443609.392373 -14.892940521240234 -4.039030075073242 9.632877349853516 0.045037075877189636 -0.8865078687667847 -0.2837598919868469 0.3627062439918518
1748443609.992314 -15.410737991333008 -3.883305549621582 9.05955696105957 0.043780844658613205 -0.8907508850097656 -0.28928932547569275 0.34779006242752075
1748443610.592329 -15.926493644714355 -3.7275173664093018 8.486528396606445 0.03959659859538078 -0.8912015557289124 -0.2893209159374237 0.34711000323295593
1748443611.192411 -16.43366050720215 -3.561556339263916 7.889009952545166 0.04104253277182579 -0.8938235640525818 -0.2870102524757385 0.34208211302757263
1748443611.725643 -16.91663932800293 -3.4325718879699707 7.397103309631348 0.039392273873090744 -0.8891569972038269 -0.2852957844734192 0.3556042015552521
1748443612.325607 -17.444419860839844 -3.27112078666687 6.821711540222168 0.03901144862174988 -0.8864434361457825 -0.28815799951553345 0.36008498072624207
1748443612.925636 -17.99295425415039 -3.1343724727630615 6.268133163452148 0.039039336144924164 -0.8844500184059143 -0.28410178422927856 0.3681173622608185
1748443613.525435 -18.5390625 -2.9925968647003174 5.7336578369140625 0.03807386755943298 -0.8814683556556702 -0.2854476273059845 0.3742773234844208
1748443614.192445 -19.161571502685547 -2.83870267868042 5.161121368408203 0.037420112639665604 -0.8781231641769409 -0.2848411798477173 0.38257676362991333
1748443614.792247 -19.69671630859375 -2.705411911010742 4.675617218017578 0.03707912564277649 -0.8746352195739746 -0.2871807813644409 0.3888002038002014
1748443615.32536 -20.174190521240234 -2.5891571044921875 4.2402496337890625 0.03746418654918671 -0.8740874528884888 -0.2870337963104248 0.3901013433933258
1748443615.992168 -20.766878128051758 -2.446110248565674 3.6969680786132812 0.04172383248806 -0.8753934502601624 -0.2864164710044861 0.3871835768222809
1748443616.725481 -21.338329315185547 -2.290225028991699 3.1556129455566406 0.046734925359487534 -0.8764756917953491 -0.29011914134025574 0.3813621997833252
1748443617.392138 -21.934364318847656 -2.1356210708618164 2.5862789154052734 0.04680557921528816 -0.8781378865242004 -0.2907008230686188 0.37706252932548523
1748443617.992092 -22.458711624145508 -1.9886107444763184 2.0827255249023438 0.047006864100694656 -0.8792860507965088 -0.2940230667591095 0.37174853682518005
1748443618.592121 -22.992874145507812 -1.835190773010254 1.5393600463867188 0.04772452637553215 -0.8806484341621399 -0.29438742995262146 0.3681260645389557
1748443619.12526 -23.485668182373047 -1.6999225616455078 1.0424652099609375 0.05017665773630142 -0.8829207420349121 -0.29397961497306824 0.3626420497894287
1748443619.79247 -24.085350036621094 -1.543846607208252 0.42348670959472656 0.049047358334064484 -0.8866055607795715 -0.29168403148651123 0.35559168457984924
1748443620.392083 -24.594303131103516 -1.3884963989257812 -0.1404094696044922 0.04817601293325424 -0.8885891437530518 -0.2924734055995941 0.3500680923461914
1748443620.992448 -25.07513427734375 -1.2457060813903809 -0.682769775390625 0.04712306335568428 -0.8900125622749329 -0.2917483448982239 0.347188800573349
1748443621.592022 -25.591737747192383 -1.102508544921875 -1.2358951568603516 0.04488053545355797 -0.8895512223243713 -0.29219359159469604 0.3482919931411743
1748443622.19205 -26.071502685546875 -0.9644956588745117 -1.7686347961425781 0.046374063938856125 -0.890195906162262 -0.29020559787750244 0.3481113612651825
1748443622.791862 -26.58793830871582 -0.8078489303588867 -2.342313766479492 0.04495074972510338 -0.8898012042045593 -0.2923954129219055 0.347474068403244
1748443623.391985 -27.087295532226562 -0.654693603515625 -2.882366180419922 0.04441050812602043 -0.8892401456832886 -0.2945757806301117 0.34713801741600037
1748443623.991984 -27.581401824951172 -0.49315738677978516 -3.4172229766845703 0.04079004004597664 -0.8891414403915405 -0.2958042323589325 0.3467903137207031
1748443624.525342 -28.015134811401367 -0.35293006896972656 -3.900196075439453 0.03738478943705559 -0.8879964351654053 -0.29643625020980835 0.34955722093582153
1748443625.125288 -28.532337188720703 -0.19896984100341797 -4.446842193603516 0.03459716588258743 -0.8868622779846191 -0.29297176003456116 0.35559242963790894
1748443625.725339 -29.03034019470215 -0.04693126678466797 -4.976470947265625 0.036297183483839035 -0.8845677375793457 -0.2903420329093933 0.36321330070495605
1748443626.391944 -29.605205535888672 0.1014699935913086 -5.5282440185546875 0.035759370774030685 -0.8819898366928101 -0.2917819023132324 0.3683456778526306
1748443626.858538 -30.0172176361084 0.2106771469116211 -5.930049896240234 0.03583761304616928 -0.8805834054946899 -0.29122915863990784 0.3721211850643158
1748443627.458549 -30.540700912475586 0.34716033935546875 -6.442901611328125 0.03847253695130348 -0.8795711398124695 -0.28882697224617004 0.3761030435562134
1748443628.058555 -31.063976287841797 0.48450756072998047 -6.950206756591797 0.03883249685168266 -0.8792454600334167 -0.28715968132019043 0.3780989646911621
1748443628.72501 -31.623706817626953 0.6405677795410156 -7.488117218017578 0.0373234823346138 -0.8768803477287292 -0.29019051790237427 0.3814149796962738
1748443629.325208 -32.18419647216797 0.7695522308349609 -7.996910095214844 0.03489137068390846 -0.8748143911361694 -0.28572729229927063 0.38966941833496094
1748443629.92519 -32.75458908081055 0.9049787521362305 -8.495124816894531 0.03306829184293747 -0.8719997406005859 -0.28479519486427307 0.396755188703537
1748443630.524959 -33.3412971496582 1.0384244918823242 -8.953105926513672 0.032016295939683914 -0.8704947829246521 -0.28509125113487244 0.39992114901542664
1748443631.125116 -33.89274597167969 1.1729211807250977 -9.43582534790039 0.0349556989967823 -0.8702981472015381 -0.28246986865997314 0.40195780992507935
1748443631.725106 -34.42234420776367 1.2987804412841797 -9.906394958496094 0.03737378120422363 -0.8715987801551819 -0.28087884187698364 0.4000324308872223
1748443632.324936 -34.90269088745117 1.4102115631103516 -10.356937408447266 0.03695831447839737 -0.8731817603111267 -0.28207358717918396 0.39575526118278503
1748443632.9251 -35.43143081665039 1.5398683547973633 -10.843215942382812 0.03805466741323471 -0.8725953102111816 -0.28387022018432617 0.3956601023674011
1748443633.525154 -35.96136474609375 1.6721506118774414 -11.339641571044922 0.03852926194667816 -0.8738113641738892 -0.28386834263801575 0.39292243123054504
1748443634.258393 -36.60484313964844 1.8236541748046875 -11.922603607177734 0.03832327201962471 -0.8751493692398071 -0.28665295243263245 0.3879111409187317
1748443634.925027 -37.197166442871094 1.97857666015625 -12.49609375 0.03736375644803047 -0.8770774006843567 -0.2873936891555786 0.3830719590187073
1748443635.725081 -37.905250549316406 2.159796714782715 -13.190113067626953 0.03758770972490311 -0.8764142394065857 -0.28776946663856506 0.38428381085395813
1748443636.324824 -38.48524856567383 2.2998104095458984 -13.72457504272461 0.039764512330293655 -0.8752648830413818 -0.28677108883857727 0.38741785287857056
1748443636.925005 -39.07411575317383 2.435556411743164 -14.266990661621094 0.03961332514882088 -0.871601402759552 -0.2850826382637024 0.39682453870773315
1748443637.525001 -39.69099426269531 2.572734832763672 -14.801334381103516 0.040484026074409485 -0.8660880923271179 -0.28314992785453796 0.4099739193916321
1748443638.058105 -40.25233459472656 2.685659408569336 -15.25189208984375 0.03995098918676376 -0.86192786693573 -0.2804478108882904 0.42051559686660767
1748443638.65826 -40.913761138916016 2.805746078491211 -15.743545532226562 0.04076464846730232 -0.8560054898262024 -0.277913361787796 0.43400123715400696
1748443639.258273 -41.604827880859375 2.9323959350585938 -16.226398468017578 0.04003790393471718 -0.8537343740463257 -0.27625957131385803 0.4395626485347748
1748443639.858058 -42.28321838378906 3.0405101776123047 -16.709156036376953 0.037410568445920944 -0.8499065637588501 -0.2740901708602905 0.4484795331954956
1748443640.458203 -43.014854431152344 3.156492233276367 -17.185253143310547 0.03699025511741638 -0.8419556021690369 -0.271488219499588 0.46479734778404236
1748443641.058209 -43.68221664428711 3.2560977935791016 -17.61804962158203 0.036394521594047546 -0.8461794853210449 -0.27152329683303833 0.45708948373794556
1748443641.724676 -44.35724639892578 3.381246566772461 -18.106887817382812 0.03519660234451294 -0.8482839465141296 -0.2753257751464844 0.45096713304519653
1748443642.324836 -44.97968292236328 3.4917221069335938 -18.55023956298828 0.03493129834532738 -0.8523277044296265 -0.27449169754981995 0.4438149929046631
1748443642.924865 -45.57709503173828 3.6155548095703125 -19.000064849853516 0.035609759390354156 -0.854955792427063 -0.2778635323047638 0.4365484416484833
1748443643.657966 -46.33869171142578 3.7796478271484375 -19.603103637695312 0.033333197236061096 -0.8590076565742493 -0.2830331325531006 0.4253082275390625
1748443644.258114 -46.92157745361328 3.9033584594726562 -20.082176208496094 0.0359540656208992 -0.8646034598350525 -0.28162840008735657 0.4145524501800537
1748443644.85811 -47.47529602050781 4.040925979614258 -20.577198028564453 0.035767775028944016 -0.8672822713851929 -0.282363623380661 0.40842747688293457
1748443645.457907 -48.08161926269531 4.179571151733398 -21.097511291503906 0.034229911863803864 -0.8693872094154358 -0.2799919843673706 0.4057076871395111
1748443646.058142 -48.66305160522461 4.31904411315918 -21.612762451171875 0.03278541937470436 -0.866727352142334 -0.28078728914260864 0.41093477606773376
1748443646.658057 -49.327667236328125 4.453462600708008 -22.152164459228516 0.03049331158399582 -0.8650047183036804 -0.2770596146583557 0.4172230064868927
1748443647.324525 -50.06888198852539 4.589345932006836 -22.715251922607422 0.030870791524648666 -0.8607593774795532 -0.2741551101207733 0.4277607202529907
1748443647.925003 -50.75086975097656 4.707391738891602 -23.19994354248047 0.029743416234850883 -0.8531505465507507 -0.2693955898284912 0.4457302391529083
1748443648.39195 -51.30028533935547 4.796854019165039 -23.57229232788086 0.029985256493091583 -0.849126398563385 -0.2679048180580139 0.454215943813324
1748443648.991459 -51.98625564575195 4.897245407104492 -24.01401138305664 0.029590746387839317 -0.8448385000228882 -0.2638329267501831 0.4645046293735504
1748443649.591149 -52.660179138183594 5.005014419555664 -24.462318420410156 0.02797515131533146 -0.84392249584198 -0.26552823185920715 0.4653031527996063
1748443650.191303 -53.32731246948242 5.112697601318359 -24.91879653930664 0.028705589473247528 -0.8442043662071228 -0.26637962460517883 0.46425944566726685
1748443650.791301 -54.02001953125 5.217611312866211 -25.382312774658203 0.02811039425432682 -0.8480186462402344 -0.266115665435791 0.45744588971138
1748443651.391101 -54.71552658081055 5.329854965209961 -25.85041046142578 0.027011029422283173 -0.8498856425285339 -0.2666642963886261 0.4537124037742615
1748443651.991286 -55.27503204345703 5.430368423461914 -26.290687561035156 0.02558761276304722 -0.8593366146087646 -0.2657783031463623 0.43617409467697144
1748443652.591258 -55.87548065185547 5.545839309692383 -26.75457763671875 0.02220791205763817 -0.8635077476501465 -0.27081069350242615 0.4248798191547394
1748443653.191114 -56.494117736816406 5.691324234008789 -27.29589080810547 0.02091890014708042 -0.8695124983787537 -0.2742542624473572 0.41023778915405273
1748443653.791291 -57.10660171508789 5.836854934692383 -27.8284912109375 0.021956758573651314 -0.8705458045005798 -0.27797067165374756 0.4054630398750305
1748443654.391201 -57.689666748046875 5.966312408447266 -28.3509521484375 0.024696243926882744 -0.8731566071510315 -0.27342548966407776 0.4027732312679291
1748443654.990996 -58.3299560546875 6.120471954345703 -28.8746337890625 0.017694732174277306 -0.8696526885032654 -0.2786429524421692 0.40712326765060425
1748443655.591152 -58.98997497558594 6.258539199829102 -29.417892456054688 0.024917829781770706 -0.866412878036499 -0.27118441462516785 0.4185293912887573
1748443656.191194 -59.62437438964844 6.396039962768555 -29.91631317138672 0.028598520904779434 -0.8601484298706055 -0.27676501870155334 0.4274669587612152
1748443656.790983 -60.30030822753906 6.530475616455078 -30.41242218017578 0.026690630242228508 -0.857148289680481 -0.27828165888786316 0.43260127305984497
1748443657.391091 -60.971473693847656 6.636114120483398 -30.889198303222656 0.02932063676416874 -0.8560870885848999 -0.264993280172348 0.4427570402622223
1748443657.991192 -61.6405029296875 6.738836288452148 -31.329185485839844 0.024599576368927956 -0.8497137427330017 -0.2650696337223053 0.4551037847995758
1748443658.590902 -62.293861389160156 6.836938858032227 -31.79051971435547 0.02116396650671959 -0.8565616011619568 -0.2596690058708191 0.4454508125782013
1748443659.190927 -62.852394104003906 6.937458038330078 -32.282318115234375 0.027356943115592003 -0.8776110410690308 -0.26101723313331604 0.4011489748954773
1748443659.9912 -63.37958526611328 7.090383529663086 -32.84375 0.025548379868268967 -0.8924535512924194 -0.27816179394721985 0.354259729385376
1748443660.591072 -63.82652282714844 7.264245986938477 -33.43250274658203 0.02872588485479355 -0.9035508632659912 -0.29334285855293274 0.3109996020793915
1748443661.191159 -64.23753356933594 7.4528350830078125 -34.07318878173828 0.03382666036486626 -0.9110046625137329 -0.2989639639854431 0.28204068541526794
1748443661.791417 -64.6751708984375 7.67473030090332 -34.77735137939453 0.040596313774585724 -0.9126389026641846 -0.3084098696708679 0.26518964767456055
1748443662.391352 -65.09869384765625 7.898128509521484 -35.46986389160156 0.03586036339402199 -0.9116461277008057 -0.3161502778530121 0.2601238489151001
1748443662.991532 -65.52571868896484 8.121362686157227 -36.148963928222656 0.04508819431066513 -0.9122199416160583 -0.31310999393463135 0.26035362482070923
1748443663.591822 -65.92916870117188 8.330633163452148 -36.78215026855469 0.042628318071365356 -0.9105402827262878 -0.318065881729126 0.26064014434814453
1748443664.192092 -66.3303451538086 8.533662796020508 -37.44926452636719 0.03908935934305191 -0.9160947799682617 -0.31087157130241394 0.2502022683620453
1748443664.792042 -66.67875671386719 8.696687698364258 -38.13103485107422 0.03658945485949516 -0.9310263395309448 -0.28791022300720215 0.22126677632331848
1748443665.392204 -67.01736450195312 8.900749206542969 -38.833412170410156 0.030550438910722733 -0.9323074817657471 -0.29985949397087097 0.1998845636844635
1748443665.992196 -67.29352569580078 9.122747421264648 -39.53535461425781 0.026313187554478645 -0.9353872537612915 -0.30921271443367004 0.16954612731933594
1748443666.592228 -67.4364242553711 9.329479217529297 -40.19246292114258 0.029507283121347427 -0.9437095522880554 -0.3110842704772949 0.10848157852888107
1748443667.192325 -67.55823516845703 9.565252304077148 -40.91590118408203 0.027293018996715546 -0.9457390904426575 -0.316870778799057 0.06652543693780899
1748443667.792497 -67.59922790527344 9.78228759765625 -41.57495880126953 0.033050693571567535 -0.9477914571762085 -0.3155253231525421 0.03229435533285141
1748443668.392505 -67.599609375 10.043710708618164 -42.31755065917969 0.033860594034194946 -0.9452999234199524 -0.32443293929100037 -0.0021998139563947916
1748443668.992798 -67.548828125 10.271499633789062 -42.972808837890625 0.03270890563726425 -0.9434749484062195 -0.3274674117565155 -0.039372753351926804
1748443669.592899 -67.45834350585938 10.48841667175293 -43.61399459838867 0.035135213285684586 -0.9443457722663879 -0.32041633129119873 -0.06565073132514954
1748443669.992805 -67.35250091552734 10.68002700805664 -44.141700744628906 0.03893713280558586 -0.9411500692367554 -0.32483652234077454 -0.08486314862966537
1748443670.392814 -67.24871826171875 10.875284194946289 -44.67845153808594 0.043393924832344055 -0.9396135210990906 -0.3269736170768738 -0.09127821773290634
1748443670.993041 -67.08464813232422 11.147130012512207 -45.44813919067383 0.0487641766667366 -0.9398636817932129 -0.32272017002105713 -0.10064838826656342
1748443671.593114 -66.9100570678711 11.426423072814941 -46.19922637939453 0.04818391054868698 -0.9375597238540649 -0.325058251619339 -0.11400572210550308
1748443671.992974 -66.76830291748047 11.61211109161377 -46.69970703125 0.05265624821186066 -0.9372094869613647 -0.32094353437423706 -0.1259400099515915
1748443672.593066 -66.56433868408203 11.895157814025879 -47.465362548828125 0.058885037899017334 -0.9347212314605713 -0.3258914053440094 -0.12893261015415192
1748443673.193312 -66.34571075439453 12.150901794433594 -48.163795471191406 0.060634586960077286 -0.9356408715248108 -0.317955881357193 -0.14072580635547638
1748443673.99323 -66.09407806396484 12.43069076538086 -48.88513946533203 0.05562411621212959 -0.9310001134872437 -0.3213352560997009 -0.16397720575332642
1748443674.593295 -65.84247589111328 12.686248779296875 -49.591617584228516 0.04295693710446358 -0.9284922480583191 -0.320232629776001 -0.1830519288778305
1748443675.193525 -65.54036712646484 12.957265853881836 -50.292388916015625 0.03551065921783447 -0.9230948090553284 -0.3251045048236847 -0.20234154164791107
1748443675.793419 -65.21528625488281 13.195449829101562 -50.96559524536133 0.030214646831154823 -0.9194406270980835 -0.31708481907844543 -0.23059314489364624
1748443676.393541 -64.8305435180664 13.431492805480957 -51.61054992675781 0.02909492515027523 -0.9128282070159912 -0.3148956298828125 -0.2583387792110443
1748443676.993699 -64.41027069091797 13.684229850769043 -52.24519348144531 0.028634514659643173 -0.9067771434783936 -0.3139909505844116 -0.2799018323421478
1748443677.593628 -63.957366943359375 13.927645683288574 -52.86597442626953 0.030249543488025665 -0.897274374961853 -0.3162167966365814 -0.3065788745880127
1748443678.193722 -63.462921142578125 14.167903900146484 -53.441226959228516 0.0344969667494297 -0.8895215392112732 -0.3135479986667633 -0.3305285573005676
1748443678.793937 -62.94200897216797 14.404151916503906 -54.02277374267578 0.036450885236263275 -0.8821958899497986 -0.3120225965976715 -0.350775808095932
1748443679.394011 -62.3985595703125 14.620874404907227 -54.58760070800781 0.03485456854104996 -0.8824530839920044 -0.3001995384693146 -0.36047467589378357
1748443679.993936 -61.84857177734375 14.84648323059082 -55.12983322143555 0.037689484655857086 -0.8759929537773132 -0.3048305809497833 -0.37187933921813965
1748443680.594149 -61.42376708984375 15.011268615722656 -55.57627868652344 0.036705877631902695 -0.8790189623832703 -0.2991916239261627 -0.36940863728523254
1748443681.194223 -60.876243591308594 15.24212646484375 -56.10258102416992 0.04458222538232803 -0.8762218952178955 -0.29892945289611816 -0.3753516376018524
1748443681.79413 -60.286407470703125 15.459345817565918 -56.64455795288086 0.04622025042772293 -0.8734620809555054 -0.2980104982852936 -0.38225317001342773
1748443682.394381 -59.708587646484375 15.68398666381836 -57.169612884521484 0.049560002982616425 -0.8684871792793274 -0.3031841218471527 -0.38904133439064026
1748443682.794423 -59.30278015136719 15.836904525756836 -57.53304672241211 0.04852626100182533 -0.8685218095779419 -0.2976444959640503 -0.39334824681282043
1748443683.394311 -58.687965393066406 16.05654525756836 -58.04975509643555 0.04824330657720566 -0.8629204630851746 -0.2965160012245178 -0.40634846687316895
1748443683.794391 -58.24888610839844 16.207538604736328 -58.388710021972656 0.04937277361750603 -0.8577830791473389 -0.296779602766037 -0.4167642891407013
1748443684.194444 -57.8116455078125 16.36124038696289 -58.729095458984375 0.052363090217113495 -0.8556700944900513 -0.2969183027744293 -0.420626163482666
1748443684.794994 -57.16094207763672 16.58318328857422 -59.206356048583984 0.05034751445055008 -0.8479164242744446 -0.29675018787384033 -0.4363968074321747
1748443685.194515 -56.70668029785156 16.722442626953125 -59.50896453857422 0.051008325070142746 -0.8421223163604736 -0.29441022872924805 -0.4489440619945526
1748443685.594595 -56.24591064453125 16.86245346069336 -59.813087463378906 0.050201497972011566 -0.8369578123092651 -0.2937368154525757 -0.45902079343795776
1748443686.194656 -55.57575988769531 17.06110382080078 -60.23976516723633 0.046404242515563965 -0.832685649394989 -0.2919607162475586 -0.4682309329509735
1748443686.795537 -54.911895751953125 17.260509490966797 -60.664100646972656 0.04521828889846802 -0.8349074721336365 -0.2957566976547241 -0.4619663953781128
1748443687.394954 -54.261444091796875 17.45757293701172 -61.083984375 0.0444435179233551 -0.8359705209732056 -0.29398685693740845 -0.46124815940856934
1748443687.994888 -53.605934143066406 17.660966873168945 -61.52272033691406 0.04142383858561516 -0.8374390006065369 -0.29694533348083496 -0.456950306892395
1748443688.595085 -52.93193817138672 17.871978759765625 -61.98279571533203 0.04261459782719612 -0.8387869596481323 -0.2980164587497711 -0.4536592960357666
1748443689.195025 -52.277992248535156 18.079044342041016 -62.435935974121094 0.043753962963819504 -0.8412073254585266 -0.2969253957271576 -0.44976806640625
1748443689.595067 -51.83613586425781 18.22146224975586 -62.73851776123047 0.045858804136514664 -0.841080904006958 -0.29732710123062134 -0.44952917098999023
1748443689.995273 -51.37749481201172 18.37125015258789 -63.070709228515625 0.04395381733775139 -0.8417943120002747 -0.29852530360221863 -0.44758591055870056
1748443690.595338 -50.730140686035156 18.56439781188965 -63.52283477783203 0.04329342767596245 -0.8448336124420166 -0.294805645942688 -0.4443776309490204
1748443691.192964 -50.11328887939453 18.76685333251953 -63.9732666015625 0.03882855549454689 -0.844291090965271 -0.29826653003692627 -0.4435110092163086
1748443691.723407 -49.55846405029297 18.94960594177246 -64.37674713134766 0.03765559941530228 -0.8419931530952454 -0.3039844036102295 -0.4440981149673462
1748443692.323536 -48.90605163574219 19.164915084838867 -64.83665466308594 0.033843521028757095 -0.8393991589546204 -0.306237131357193 -0.4477526545524597
1748443692.923511 -48.23951721191406 19.37112045288086 -65.28971862792969 0.03271862491965294 -0.8358361721038818 -0.30339276790618896 -0.45635539293289185
1748443693.523364 -47.553497314453125 19.573532104492188 -65.7120132446289 0.03083903156220913 -0.8233515024185181 -0.3021118640899658 -0.4794473648071289
1748443694.124055 -46.83403778076172 19.768617630004883 -66.08379364013672 0.030822524800896645 -0.8098799586296082 -0.3005433678627014 -0.5028102993965149
1748443694.723486 -46.10633850097656 19.947940826416016 -66.44520568847656 0.02902669832110405 -0.8043167591094971 -0.2943296730518341 -0.5153658986091614
1748443695.323297 -45.326812744140625 20.145917892456055 -66.7711181640625 0.02949184738099575 -0.7850401997566223 -0.30052241683006287 -0.5408588647842407
1748443695.923302 -44.57664489746094 20.310379028320312 -67.09356689453125 0.026283839717507362 -0.7876902222633362 -0.2912856340408325 -0.5422231554985046
1748443696.523434 -43.818946838378906 20.47494125366211 -67.38936614990234 0.02724391035735607 -0.7842947244644165 -0.2875259220600128 -0.5490614175796509
1748443697.123245 -43.0482177734375 20.656749725341797 -67.67424011230469 0.034776315093040466 -0.7694733738899231 -0.2964884340763092 -0.564620316028595
1748443697.723256 -42.289039611816406 20.799694061279297 -67.94029235839844 0.024212289601564407 -0.7639131546020508 -0.28736618161201477 -0.5772964954376221
1748443698.323389 -41.53647994995117 20.913497924804688 -68.16046142578125 0.0045396252535283566 -0.7483242750167847 -0.27933812141418457 -0.6016315221786499
1748443698.923256 -40.77043533325195 21.00141143798828 -68.31935119628906 -0.006045612506568432 -0.7300128936767578 -0.2708665132522583 -0.6274360418319702
1748443699.523203 -39.95736312866211 21.078842163085938 -68.43130493164062 0.0019325651228427887 -0.7099182605743408 -0.2660640478134155 -0.6520907878875732
1748443700.123321 -39.16722869873047 21.136850357055664 -68.48945617675781 0.0023455435875803232 -0.6863364577293396 -0.25935521721839905 -0.6794642806053162
1748443700.72315 -38.448020935058594 21.17281723022461 -68.488037109375 0.00499454140663147 -0.6553375124931335 -0.2519419491291046 -0.7120625376701355
1748443701.323144 -37.69126510620117 21.18187713623047 -68.41166687011719 0.006708713714033365 -0.624964714050293 -0.2421790510416031 -0.7421073913574219
1748443701.923283 -36.941280364990234 21.17331886291504 -68.27142333984375 0.0058213574811816216 -0.5961171984672546 -0.23547014594078064 -0.7675703763961792
1748443702.523094 -36.175289154052734 21.14963150024414 -68.10408020019531 0.0023989060427993536 -0.5726330280303955 -0.22681303322315216 -0.7878080606460571
1748443703.123096 -35.439491271972656 21.103973388671875 -67.87277221679688 0.003143943613395095 -0.5449830889701843 -0.21652819216251373 -0.8099994659423828
1748443703.723107 -34.695594787597656 21.06777572631836 -67.57096862792969 0.01645689830183983 -0.5136959552764893 -0.21440629661083221 -0.8305875062942505
1748443704.323232 -34.102195739746094 20.998716354370117 -67.29960632324219 0.0016564163379371166 -0.48521187901496887 -0.20109540224075317 -0.8509567975997925
1748443704.923064 -33.511112213134766 20.937808990478516 -66.96734619140625 0.013249650597572327 -0.4534803628921509 -0.1982395499944687 -0.8688389658927917
1748443705.523058 -32.900638580322266 20.84891128540039 -66.57401275634766 0.013307948596775532 -0.426666796207428 -0.1910884827375412 -0.8838911652565002
1748443706.123184 -32.247772216796875 20.751232147216797 -66.10160827636719 0.018070325255393982 -0.4131154716014862 -0.18581926822662354 -0.8913362622261047
1748443706.722995 -31.681379318237305 20.639678955078125 -65.66136932373047 0.010094637982547283 -0.3960830569267273 -0.17697224020957947 -0.9009423851966858
1748443707.322999 -31.1092472076416 20.53703498840332 -65.18174743652344 0.018840402364730835 -0.37991636991500854 -0.1735304743051529 -0.9084029197692871
1748443707.923153 -30.599021911621094 20.420127868652344 -64.74739074707031 0.009895351715385914 -0.36803001165390015 -0.16436059772968292 -0.9151183366775513
1748443708.522945 -30.022018432617188 20.292070388793945 -64.20532989501953 0.016631240025162697 -0.35250669717788696 -0.15960313379764557 -0.9219486117362976
1748443709.12297 -29.472816467285156 20.154706954956055 -63.65086364746094 0.016811732202768326 -0.3399888873100281 -0.15568651258945465 -0.927300751209259
1748443709.723088 -28.922611236572266 20.00647735595703 -63.074317932128906 0.01883489452302456 -0.3436267375946045 -0.15239669382572174 -0.9264670610427856
1748443710.389571 -28.375568389892578 19.880773544311523 -62.53294372558594 0.02868540957570076 -0.3451178967952728 -0.15219271183013916 -0.9256933927536011
1748443710.922897 -27.89630126953125 19.765609741210938 -62.05872344970703 0.02524157240986824 -0.3486626148223877 -0.14922122657299042 -0.9249487519264221
1748443711.389608 -27.40311050415039 19.67542266845703 -61.64168167114258 0.02639392763376236 -0.3732188940048218 -0.15741737186908722 -0.9139096736907959
1748443711.923256 -26.83448028564453 19.579242706298828 -61.17781448364258 0.02821667678654194 -0.3904547095298767 -0.161773219704628 -0.9058578610420227
1748443712.389523 -26.31817626953125 19.50359535217285 -60.78759002685547 0.02960231713950634 -0.40088120102882385 -0.167500838637352 -0.9002008438110352
1748443712.922847 -25.715801239013672 19.42906951904297 -60.390811920166016 0.029414178803563118 -0.4268905520439148 -0.17189130187034607 -0.8873289823532104
1748443713.389517 -25.19869613647461 19.358238220214844 -60.04890823364258 0.027001352980732918 -0.42806893587112427 -0.1722801923751831 -0.8867623805999756
1748443713.989495 -24.525611877441406 19.27950668334961 -59.62774658203125 0.029489362612366676 -0.44089457392692566 -0.17331570386886597 -0.8801727294921875
1748443714.522799 -23.926355361938477 19.20331573486328 -59.262245178222656 0.0285910926759243 -0.4459075331687927 -0.1731555014848709 -0.8777050375938416
1748443715.122802 -23.27684783935547 19.127639770507812 -58.85643768310547 0.030393995344638824 -0.4465424120426178 -0.17216640710830688 -0.8775162696838379
1748443715.589604 -22.74944305419922 19.06391716003418 -58.54180908203125 0.03402692824602127 -0.44248104095458984 -0.17008604109287262 -0.8798428773880005
1748443716.12277 -22.174663543701172 18.977346420288086 -58.14659881591797 0.02878962829709053 -0.440632164478302 -0.1629277616739273 -0.8823089003562927
1748443716.722787 -21.524887084960938 18.893619537353516 -57.73530197143555 0.02817947417497635 -0.43927329778671265 -0.16713380813598633 -0.8822195529937744
1748443717.322762 -20.88455581665039 18.808361053466797 -57.32689666748047 0.028172293677926064 -0.4325987696647644 -0.16709241271018982 -0.8855195045471191
1748443717.922744 -20.227031707763672 18.71965789794922 -56.87750244140625 0.02832295000553131 -0.4279668629169464 -0.16454680263996124 -0.8882378935813904
1748443718.522883 -19.56822395324707 18.6214656829834 -56.398773193359375 0.02888236753642559 -0.41987845301628113 -0.1636442244052887 -0.8922379612922668
1748443719.122712 -18.962568283081055 18.51732063293457 -55.95748519897461 0.025392992421984673 -0.4034439027309418 -0.15810656547546387 -0.900883138179779
1748443719.722842 -18.36632537841797 18.39934730529785 -55.482086181640625 0.021549060940742493 -0.38585302233695984 -0.15598638355731964 -0.9090222120285034
1748443720.322653 -17.768390655517578 18.278976440429688 -54.98039245605469 0.022566452622413635 -0.3840768039226532 -0.15623360872268677 -0.9097070097923279
1748443720.922712 -17.186010360717773 18.172391891479492 -54.495269775390625 0.02248363010585308 -0.37913909554481506 -0.15528231859207153 -0.9119405150413513
1748443721.522778 -16.586509704589844 18.040740966796875 -53.985618591308594 0.02019467018544674 -0.37636032700538635 -0.15123936533927917 -0.9138226509094238
1748443722.122664 -16.006832122802734 17.91940689086914 -53.46953582763672 0.02025870606303215 -0.3730906844139099 -0.14972954988479614 -0.9154092073440552
1748443722.722638 -15.429830551147461 17.795181274414062 -52.962623596191406 0.0237007774412632 -0.3721437454223633 -0.1486712545156479 -0.9158844351768494
1748443723.122625 -15.028003692626953 17.70469856262207 -52.62002944946289 0.023677794262766838 -0.37002450227737427 -0.14887340366840363 -0.9167104363441467
1748443723.722583 -14.429510116577148 17.5736141204834 -52.07017517089844 0.02380969189107418 -0.3631543517112732 -0.14578530192375183 -0.9199449419975281
1748443724.322777 -13.857725143432617 17.439565658569336 -51.53507995605469 0.023170683532953262 -0.3581657111644745 -0.14364823698997498 -0.9222503304481506
1748443724.789262 -13.409184455871582 17.322864532470703 -51.103458404541016 0.025001076981425285 -0.3507033884525299 -0.14015866816043854 -0.9256012439727783
1748443725.389353 -12.856204986572266 17.15547752380371 -50.54167938232422 0.012401029467582703 -0.33088889718055725 -0.13387714326381683 -0.9340426325798035
1748443725.989198 -12.316657066345215 17.006710052490234 -49.918827056884766 0.023800531402230263 -0.3094238042831421 -0.13506388664245605 -0.9409825801849365
1748443726.589206 -11.82914924621582 16.85533905029297 -49.290828704833984 0.021520012989640236 -0.28713950514793396 -0.13206031918525696 -0.9484976530075073
1748443727.122532 -11.415205001831055 16.700485229492188 -48.71121597290039 0.021082215011119843 -0.26633206009864807 -0.12638357281684875 -0.9553272128105164
1748443727.722661 -10.992938041687012 16.534076690673828 -48.07466125488281 0.021603060886263847 -0.2500103712081909 -0.12046417593955994 -0.9604772329330444
1748443728.189239 -10.679367065429688 16.39141273498535 -47.54800033569336 0.019501810893416405 -0.23569245636463165 -0.11281042546033859 -0.9650608897209167
1748443728.722575 -10.351655960083008 16.225515365600586 -46.975643157958984 0.016632791608572006 -0.22335942089557648 -0.10586274415254593 -0.9688276648521423
1748443729.322577 -10.003748893737793 16.057039260864258 -46.35194778442383 0.021264174953103065 -0.21406513452529907 -0.09932905435562134 -0.9715234041213989
1748443729.922516 -9.665421485900879 15.88150405883789 -45.68921661376953 0.023478850722312927 -0.20407432317733765 -0.09622439742088318 -0.9739319086074829
1748443730.522506 -9.333314895629883 15.714366912841797 -45.0421257019043 0.024525731801986694 -0.20671851933002472 -0.096302829682827 -0.9733405113220215
1748443730.922451 -9.095937728881836 15.593749046325684 -44.601314544677734 0.023730479180812836 -0.20581889152526855 -0.09587039798498154 -0.9735934734344482
1748443731.455715 -8.80647087097168 15.446378707885742 -44.03864288330078 0.0228112880140543 -0.20425385236740112 -0.0933295339345932 -0.9741917848587036
1748443731.922376 -8.545819282531738 15.311652183532715 -43.546913146972656 0.022932089865207672 -0.20743046700954437 -0.09368163347244263 -0.9734837412834167
1748443732.522379 -8.228410720825195 15.136700630187988 -42.90264129638672 0.02221904881298542 -0.20211492478847504 -0.08818799257278442 -0.9751301407814026
1748443733.122478 -7.8857502937316895 14.951608657836914 -42.222965240478516 0.023650631308555603 -0.20296813547611237 -0.0854480117559433 -0.9751632213592529
1748443733.655839 -7.605653285980225 14.800315856933594 -41.65388488769531 0.025003090500831604 -0.20035168528556824 -0.08364278078079224 -0.9758268594741821
1748443734.122331 -7.337409973144531 14.658342361450195 -41.129356384277344 0.024634454399347305 -0.19980475306510925 -0.08523274213075638 -0.9758107662200928
1748443734.722336 -7.014986038208008 14.480602264404297 -40.47322082519531 0.023725613951683044 -0.20120669901371002 -0.08431382477283478 -0.9756250381469727
1748443735.322297 -6.689720630645752 14.308501243591309 -39.83225631713867 0.02495773509144783 -0.19914516806602478 -0.08373009413480759 -0.9760674238204956
1748443735.922423 -6.374338626861572 14.12932014465332 -39.167945861816406 0.022572163492441177 -0.19666308164596558 -0.08271276950836182 -0.9767153263092041
1748443736.455686 -6.109317779541016 13.970178604125977 -38.60560607910156 0.020789332687854767 -0.19138754904270172 -0.08126695454120636 -0.9779234528541565
1748443737.056162 -5.837989330291748 13.79626178741455 -37.96575164794922 0.022285940125584602 -0.17647504806518555 -0.07648298889398575 -0.9810760617256165
1748443737.655636 -5.597629547119141 13.626359939575195 -37.326778411865234 0.020867908373475075 -0.16123166680335999 -0.07179833203554153 -0.9840802550315857
1748443738.255561 -5.361464500427246 13.440156936645508 -36.65327072143555 0.02136050909757614 -0.1480490118265152 -0.06763536483049393 -0.9864333271980286
1748443738.85566 -5.1100239753723145 13.246295928955078 -35.97556686401367 0.02082665264606476 -0.14342835545539856 -0.06572239845991135 -0.9872563481330872
1748443739.255675 -4.973561763763428 13.118756294250488 -35.513362884521484 0.019591476768255234 -0.13945364952087402 -0.06407371163368225 -0.9879592657089233
1748443739.855542 -4.753284454345703 12.917913436889648 -34.83736038208008 0.01729208044707775 -0.1310059279203415 -0.06196553260087967 -0.9892920255661011
1748443740.455524 -4.5571064949035645 12.736800193786621 -34.166038513183594 0.020128659904003143 -0.12160036712884903 -0.05776745080947876 -0.9906922578811646
1748443741.122133 -4.3439040184021 12.514005661010742 -33.41661834716797 0.018339965492486954 -0.1172391027212143 -0.0518033541738987 -0.9915821552276611
1748443741.72213 -4.157021999359131 12.304903030395508 -32.71000671386719 0.017170270904898643 -0.10988684743642807 -0.04907425120472908 -0.9925834536552429
1748443742.322133 -3.981609582901001 12.117674827575684 -32.004207611083984 0.025732384994626045 -0.10823272913694382 -0.04844889044761658 -0.9926108121871948
1748443742.922078 -3.807654857635498 11.916975021362305 -31.32346534729004 0.01870686002075672 -0.10996522009372711 -0.046224404126405716 -0.9926837682723999
1748443743.522087 -3.6088309288024902 11.711997032165527 -30.61459732055664 0.018602978438138962 -0.11460158973932266 -0.04792824387550354 -0.9920803308486938
1748443744.055492 -3.4349546432495117 11.52396297454834 -29.99403953552246 0.015357078984379768 -0.11471118032932281 -0.04892900958657265 -0.9920743703842163
1748443744.655427 -3.239739418029785 11.313355445861816 -29.274065017700195 0.018692128360271454 -0.11442303657531738 -0.047217901796102524 -0.9921333193778992
1748443745.255537 -3.114180326461792 11.132020950317383 -28.688343048095703 0.016723109409213066 -0.09844034165143967 -0.03863059729337692 -0.9942522644996643
1748443745.922097 -2.971709728240967 10.921278953552246 -28.023603439331055 0.011611081659793854 -0.09716738760471344 -0.035021405667066574 -0.9945839643478394
1748443746.455373 -2.8388218879699707 10.718179702758789 -27.355209350585938 0.010868148878216743 -0.09199030697345734 -0.032521385699510574 -0.9951694011688232
1748443747.055313 -2.6918160915374756 10.496689796447754 -26.60702896118164 0.01549299992620945 -0.08821310102939606 -0.03001042641699314 -0.9955289363861084
1748443747.65549 -2.5437002182006836 10.261984825134277 -25.83804702758789 0.015039036981761456 -0.08490151166915894 -0.030534842982888222 -0.9958078265190125
1748443748.121985 -2.4221341609954834 10.076838493347168 -25.209640502929688 0.015181398950517178 -0.08352892845869064 -0.029705284163355827 -0.9959468245506287
1748443748.521993 -2.3160789012908936 9.914068222045898 -24.694791793823242 0.012938323430716991 -0.0840669721364975 -0.032423317432403564 -0.9958484768867493
1748443749.12194 -2.1476943492889404 9.682722091674805 -23.92657470703125 0.012238905765116215 -0.08903621882200241 -0.03465144708752632 -0.995350182056427
1748443749.655344 -1.9935144186019897 9.472372055053711 -23.232173919677734 0.012028527446091175 -0.08876964449882507 -0.03463025763630867 -0.9953773617744446
1748443750.255265 -1.8436057567596436 9.242887496948242 -22.457204818725586 0.010657267645001411 -0.089048832654953 -0.03361582010984421 -0.9954027533531189
1748443750.855285 -1.6711504459381104 9.010777473449707 -21.684764862060547 0.01745798997581005 -0.08976514637470245 -0.03598708286881447 -0.9951595067977905
1748443751.455357 -1.5308833122253418 8.755558013916016 -20.926416397094727 0.009153242222964764 -0.084062859416008 -0.034072890877723694 -0.9958357214927673
1748443752.055365 -1.3860644102096558 8.507181167602539 -20.147350311279297 0.011504274792969227 -0.07870514690876007 -0.03548041358590126 -0.9961999654769897
1748443752.655297 -1.2600504159927368 8.266093254089355 -19.362703323364258 0.015156923793256283 -0.06790691614151001 -0.03341246023774147 -0.9970168471336365
1748443753.255347 -1.1277484893798828 8.02570629119873 -18.56789207458496 0.015998657792806625 -0.0681673139333725 -0.0326627753674984 -0.9970107674598694
1748443753.855305 -0.9992120862007141 7.775036811828613 -17.784666061401367 0.013261139392852783 -0.06604644656181335 -0.03271002694964409 -0.9971921443939209
1748443754.455266 -0.8766961097717285 7.528170585632324 -17.000497817993164 0.014300540089607239 -0.06697487831115723 -0.03169243037700653 -0.9971486926078796
1748443755.055262 -0.7217584252357483 7.302213668823242 -16.19243812561035 0.018943842500448227 -0.07177989184856415 -0.035389404743909836 -0.9966124296188354
1748443755.655469 -0.5537436604499817 7.055870532989502 -15.414377212524414 0.013834064826369286 -0.08619212359189987 -0.04233643412590027 -0.9952824711799622
1748443756.255222 -0.3890719413757324 6.824553489685059 -14.65580940246582 0.012620311230421066 -0.07177837193012238 -0.039361901581287384 -0.9965637922286987
1748443756.855192 -0.2613493502140045 6.597571849822998 -13.891448974609375 0.014935913495719433 -0.06423971801996231 -0.03995135799050331 -0.9970226287841797
1748443757.455186 -0.1391523778438568 6.358510971069336 -13.136570930480957 0.013345248065888882 -0.05491829290986061 -0.038565002381801605 -0.9976565837860107
1748443758.055347 -0.029746800661087036 6.125851154327393 -12.356785774230957 0.011478372849524021 -0.05331020429730415 -0.038278620690107346 -0.997778058052063
1748443758.655212 0.11176112294197083 5.880087375640869 -11.57939338684082 0.008840259164571762 -0.06589282304048538 -0.04323519021272659 -0.9968504309654236
1748443759.121821 0.23586806654930115 5.687990188598633 -10.985831260681152 0.006913060322403908 -0.0727519616484642 -0.0447281152009964 -0.9963226318359375
1748443759.655143 0.38172647356987 5.475616931915283 -10.309769630432129 0.007781757973134518 -0.07903096824884415 -0.045771222561597824 -0.995790421962738
1748443760.121834 0.5039958357810974 5.2891621589660645 -9.733587265014648 0.007178176194429398 -0.0788000151515007 -0.046353355050086975 -0.9957863688468933
1748443760.721779 0.6736742258071899 5.046045780181885 -8.968239784240723 0.00771425710991025 -0.0789162889122963 -0.04882911965250969 -0.9956547617912292
1748443761.321887 0.8212799429893494 4.798427581787109 -8.196676254272461 0.007845450192689896 -0.06683569401502609 -0.046935707330703735 -0.9966285824775696
1748443762.055126 0.920249342918396 4.550755023956299 -7.4230546951293945 0.008626122958958149 -0.046384431421756744 -0.041145626455545425 -0.9980387091636658
1748443762.721744 1.0007269382476807 4.304096221923828 -6.648392200469971 0.007603848353028297 -0.029572391882538795 -0.03695189580321312 -0.9988505244255066
1748443763.321707 1.054579496383667 4.065816879272461 -5.911942958831787 0.008258845657110214 -0.020866980776190758 -0.03073263168334961 -0.9992757439613342
1748443763.855198 1.0976502895355225 3.8320884704589844 -5.2101569175720215 0.005731400102376938 -0.012905195355415344 -0.027185697108507156 -0.9995306730270386
1748443764.45503 1.1170645952224731 3.5937206745147705 -4.486660957336426 0.008265528827905655 -0.002923529827967286 -0.02022280916571617 -0.9997570514678955
1748443765.121685 1.1584621667861938 3.3481459617614746 -3.770432949066162 0.004632656462490559 -0.010552918538451195 -0.02308938466012478 -0.9996670484542847
1748443767.722928 1.1876929998397827 3.126530885696411 -3.110171318054199 -0.0001405447837896645 -0.007007885258644819 -0.020148970186710358 -0.9997724890708923
1748443769.988354 1.2774758338928223 2.8687374591827393 -2.298471689224243 0.0007693174993619323 -0.03623254597187042 -0.02850642055273056 -0.9989364743232727
1748443771.588502 1.4201483726501465 2.636098861694336 -1.545264720916748 0.012968041934072971 -0.06713563203811646 -0.0371633917093277 -0.9969671964645386
1748443771.788305 1.447481393814087 2.601635694503784 -1.432958960533142 0.012946372851729393 -0.06824745237827301 -0.037733837962150574 -0.9968705773353577
