1762212615.166659 -0.0 -0.0 -0.0 -0.0 -0.0 -0.0 1.0
1762212617.166618 -0.05320263281464577 -0.04862881824374199 0.09100477397441864 0.0088767409324646 -0.032350264489650726 -0.01080367062240839 0.9993788003921509
1762212619.366625 -0.28647804260253906 -0.3896537721157074 1.0316112041473389 0.01325551513582468 -0.03976762294769287 -0.014628267847001553 0.9990139603614807
1762212622.56659 -0.32216551899909973 -0.956326425075531 2.5303151607513428 0.015517525374889374 -0.014771342277526855 -0.009525158442556858 0.9997251033782959
1762212624.433226 -0.492777943611145 -1.2732466459274292 3.3878066539764404 0.014896346256136894 -0.08353335410356522 -0.031572360545396805 0.9958932995796204
1762212626.499859 -0.5675203204154968 -1.6832622289657593 4.450896263122559 0.014501667581498623 -0.17698290944099426 -0.062253471463918686 0.982136070728302
1762212627.366517 -0.6959502696990967 -1.8488235473632812 4.955343246459961 0.0318872332572937 -0.25680890679359436 -0.0826028361916542 0.9623976349830627
1762212628.166534 -0.9254603981971741 -1.986138105392456 5.496899604797363 0.03491002321243286 -0.400195837020874 -0.13767068088054657 0.9053570628166199
1762212629.099839 -1.245307445526123 -2.0507001876831055 5.889993667602539 0.04836280643939972 -0.5468719601631165 -0.19251739978790283 0.8133444786071777
1762212687.366001 -1.5234646797180176 -1.9036245346069336 5.535391807556152 0.07040081173181534 -0.508563756942749 -0.19169172644615173 0.836457371711731
1762212687.899264 -1.628183126449585 -1.9734747409820557 5.651956081390381 0.06261174380779266 -0.5188701748847961 -0.19094012677669525 0.8309003710746765
1762212688.499275 -1.6776946783065796 -2.001164197921753 5.6684064865112305 0.05700065195560455 -0.5168390870094299 -0.19229823350906372 0.8322557806968689
1762212689.499283 -1.6294933557510376 -2.0005931854248047 5.634233474731445 0.055459558963775635 -0.5164405703544617 -0.19159357249736786 0.8327696323394775
1762212803.298165 -2.1657886505126953 -2.012063503265381 6.298311233520508 -0.07420793920755386 -0.4616747200489044 -0.13687796890735626 0.8732777833938599
1762212804.564811 -2.174229383468628 -2.0139517784118652 6.30884313583374 -0.07275020331144333 -0.46315139532089233 -0.1371997892856598 0.8725677132606506
