1748443579.992992 -0.0 -0.0 -0.0 -0.0 -0.0 -0.0 1.0
1748443581.259884 -0.0015391958877444267 -0.042845968157052994 0.08357438445091248 0.008267189376056194 -0.002563590882346034 -0.0011300728656351566 0.9999619126319885
1748443582.926262 -0.042765434831380844 -0.2898660898208618 0.8096246123313904 0.00395102659240365 -0.029707344248890877 -0.012339786626398563 0.9994746446609497
1748443584.19288 -0.14051391184329987 -0.5366289019584656 1.5078550577163696 0.01158950012177229 -0.05555570498108864 -0.02337692119181156 0.9981146454811096
1748443584.992884 -0.20701897144317627 -0.7581712603569031 2.1183767318725586 0.01242760382592678 -0.055914632976055145 -0.02215159870684147 0.9981124401092529
1748443585.792852 -0.3258974850177765 -1.0329023599624634 2.859713315963745 0.01816532388329506 -0.0646100714802742 -0.02659955620765686 0.997390627861023
1748443586.392916 -0.4185061752796173 -1.291890025138855 3.6009905338287354 0.013211581856012344 -0.06399817764759064 -0.024757595732808113 0.9975554347038269
1748443586.992781 -0.5177925229072571 -1.5505539178848267 4.312591075897217 0.012719335965812206 -0.06298030912876129 -0.02481798455119133 0.9976250529289246
1748443587.59302 -0.6032078862190247 -1.780306339263916 4.9456868171691895 0.013560240156948566 -0.06292476505041122 -0.02326934225857258 0.9976548552513123
1748443588.32628 -0.696823239326477 -2.047419548034668 5.650445461273193 0.020162338390946388 -0.0634504035115242 -0.02329609915614128 0.9975093603134155
1748443588.926189 -0.7659319639205933 -2.328831672668457 6.405642509460449 0.016641199588775635 -0.05283898487687111 -0.01982654072344303 0.9982675909996033
1748443589.526248 -0.8471463918685913 -2.6010379791259766 7.163653373718262 0.019128985702991486 -0.048967644572257996 -0.01968371868133545 0.998423159122467
1748443590.192948 -0.9399071931838989 -2.8830726146698 7.939446926116943 0.014871465042233467 -0.06377007067203522 -0.024647999554872513 0.9975493550300598
1748443590.99282 -1.0749571323394775 -3.155827283859253 8.657424926757812 0.018416566774249077 -0.0925794243812561 -0.03393661975860596 0.9949564337730408
1748443591.792844 -1.2799229621887207 -3.402336359024048 9.346390724182129 0.01634717360138893 -0.1288502961397171 -0.04663645476102829 0.9904319643974304
1748443592.59285 -1.5458499193191528 -3.632854461669922 9.966341972351074 0.020235344767570496 -0.17846274375915527 -0.06441415846347809 0.9816274642944336
1748443593.392741 -1.9037976264953613 -3.880028009414673 10.602519035339355 0.019753526896238327 -0.23387537896633148 -0.08188217878341675 0.9686111211776733
1748443594.126096 -2.330287456512451 -4.109452724456787 11.189271926879883 0.02332310564815998 -0.27801990509033203 -0.09690101444721222 0.9553905725479126
1748443594.926049 -2.8344109058380127 -4.352287769317627 11.728281021118164 0.03378833830356598 -0.33676034212112427 -0.11232335865497589 0.9342560172080994
1748443595.79273 -3.460211992263794 -4.552180290222168 12.239949226379395 0.021784381940960884 -0.3945542573928833 -0.13791120052337646 0.908203125
1748443596.326049 -3.984217405319214 -4.675854206085205 12.55925178527832 0.020817996934056282 -0.44031432271003723 -0.15653537213802338 0.8838475346565247
1748443597.592686 -4.656590461730957 -4.82354211807251 12.907973289489746 0.024574078619480133 -0.4783875048160553 -0.17340587079524994 0.8605068325996399
1748443598.592594 -5.34170389175415 -4.943337440490723 13.194390296936035 0.02856678143143654 -0.5063443779945374 -0.1817994862794876 0.8424655795097351
1748443599.39261 -6.02943229675293 -5.052513599395752 13.437009811401367 0.03132452443242073 -0.5332987904548645 -0.18935059010982513 0.8238674402236938
1748443600.325927 -6.781161785125732 -5.132948398590088 13.617798805236816 0.0303413737565279 -0.5768765211105347 -0.20536212623119354 0.7900123000144958
1748443601.192545 -7.507875442504883 -5.18320369720459 13.690225601196289 0.02998911589384079 -0.6244341731071472 -0.22532086074352264 0.7472704648971558
1748443601.992571 -8.212333679199219 -5.179340839385986 13.65323257446289 0.031742196530103683 -0.6685855388641357 -0.24337254464626312 0.7019655704498291
1748443602.725828 -8.91744327545166 -5.158990859985352 13.551136016845703 0.031191440299153328 -0.7045144438743591 -0.25560057163238525 0.6613281965255737
1748443603.525828 -9.587624549865723 -5.125472545623779 13.37272834777832 0.037633951753377914 -0.7431881427764893 -0.2673236131668091 0.6122035980224609
1748443604.392478 -10.369467735290527 -4.995303153991699 13.112947463989258 0.03135592117905617 -0.7549362182617188 -0.3047478199005127 0.579842209815979
1748443605.192452 -10.9988431930542 -4.930888652801514 12.785307884216309 0.05693387612700462 -0.7999614477157593 -0.28856879472732544 0.5230183601379395
1748443605.792304 -11.564034461975098 -4.850693702697754 12.452476501464844 0.05203097686171532 -0.8276993632316589 -0.28461331129074097 0.4808345139026642
1748443606.325773 -12.116344451904297 -4.72490119934082 12.07505989074707 0.038919322192668915 -0.8396831750869751 -0.2984265983104706 0.4520608186721802
1748443606.925794 -12.664188385009766 -4.605749607086182 11.65872859954834 0.03931504115462303 -0.8535060882568359 -0.2972492277622223 0.4261744022369385
1748443607.592396 -13.309938430786133 -4.440714359283447 11.126352310180664 0.038915958255529404 -0.8663312196731567 -0.29706108570098877 0.3996380567550659
1748443608.125723 -13.838827133178711 -4.319241523742676 10.679462432861328 0.04055585339665413 -0.867205023765564 -0.29171106219291687 0.4015163481235504
1748443608.792361 -14.369718551635742 -4.177097320556641 10.170921325683594 0.03953191637992859 -0.8777861595153809 -0.292351633310318 0.3774377405643463
1748443609.392373 -14.912410736083984 -4.037752628326416 9.620874404907227 0.04496149718761444 -0.8865510821342468 -0.28364208340644836 0.36270222067832947
1748443609.992314 -15.431291580200195 -3.882681369781494 9.046430587768555 0.04368838667869568 -0.8907912373542786 -0.2891927659511566 0.3477783501148224
1748443610.592329 -15.948385238647461 -3.727677822113037 8.473474502563477 0.03948555886745453 -0.8912437558174133 -0.2892467975616455 0.3470759391784668
1748443611.192411 -16.455211639404297 -3.561368942260742 7.874096870422363 0.04094865545630455 -0.8938279151916504 -0.2869657576084137 0.3421191871166229
1748443611.725643 -16.936981201171875 -3.432292938232422 7.381545066833496 0.039330657571554184 -0.8891385793685913 -0.28524529933929443 0.3556978106498718
1748443612.325607 -17.462846755981445 -3.2726783752441406 6.809666633605957 0.03885437175631523 -0.8864420652389526 -0.2881612777709961 0.36010271310806274
1748443612.925636 -18.01045036315918 -3.1353068351745605 6.258216857910156 0.03891836851835251 -0.8844627737998962 -0.28413838148117065 0.3680712580680847
1748443613.592195 -18.609272003173828 -2.970445394515991 5.667370796203613 0.03833404555916786 -0.8811296224594116 -0.2852703034877777 0.37518250942230225
1748443614.192445 -19.17041778564453 -2.835944652557373 5.156643867492676 0.037415895611047745 -0.8781470656394958 -0.2847970128059387 0.38255539536476135
1748443614.792247 -19.700538635253906 -2.7015061378479004 4.671148300170898 0.03716689720749855 -0.8746036291122437 -0.2871367335319519 0.3888954818248749
1748443615.32536 -20.173179626464844 -2.5861878395080566 4.238639831542969 0.03750259056687355 -0.8740600347518921 -0.2869839072227478 0.3901960551738739
1748443615.992168 -20.765249252319336 -2.4427809715270996 3.6963119506835938 0.04183897376060486 -0.8753491640090942 -0.2863615155220032 0.38731181621551514
1748443616.725481 -21.3342227935791 -2.2879738807678223 3.1579952239990234 0.046780504286289215 -0.8764369487762451 -0.29007527232170105 0.3814789354801178
1748443617.392138 -21.924503326416016 -2.1341795921325684 2.5938796997070312 0.04685565456748009 -0.8781023621559143 -0.2906562387943268 0.37717345356941223
1748443617.992092 -22.44347381591797 -1.9891562461853027 2.0968666076660156 0.04700798541307449 -0.8792735934257507 -0.29397180676460266 0.37181830406188965
1748443618.592121 -22.973377227783203 -1.8374128341674805 1.558187484741211 0.04771348834037781 -0.8806397914886475 -0.29434823989868164 0.3681795597076416
1748443619.12526 -23.461610794067383 -1.7037353515625 1.0659122467041016 0.05010233074426651 -0.8829303979873657 -0.2939379811286926 0.3626626133918762
1748443619.79247 -24.057998657226562 -1.5488648414611816 0.4517192840576172 0.04898267611861229 -0.8866238594055176 -0.2916432321071625 0.35558828711509705
1748443620.392083 -24.563472747802734 -1.394808292388916 -0.108123779296875 0.04809403046965599 -0.8886080980300903 -0.2924455404281616 0.3500545024871826
1748443620.992448 -25.040817260742188 -1.2530837059020996 -0.6468505859375 0.04703279212117195 -0.8900365233421326 -0.2917124927043915 0.3471696078777313
1748443621.592022 -25.553932189941406 -1.1111130714416504 -1.1963062286376953 0.044775258749723434 -0.8895747065544128 -0.292171835899353 0.34826382994651794
1748443622.19205 -26.030567169189453 -0.9740934371948242 -1.725320816040039 0.04625733569264412 -0.8902239203453064 -0.29019734263420105 0.3480621576309204
1748443622.791862 -26.5428466796875 -0.8184337615966797 -2.2952022552490234 0.044818099588155746 -0.8898313641548157 -0.29239219427108765 0.34741657972335815
1748443623.391985 -27.037761688232422 -0.6660861968994141 -2.8317794799804688 0.044274866580963135 -0.8892687559127808 -0.29457229375839233 0.34708505868911743
1748443623.991984 -27.52920150756836 -0.5054931640625 -3.362943649291992 0.04065099358558655 -0.8891842365264893 -0.29580867290496826 0.3466932475566864
1748443624.525342 -27.960304260253906 -0.3668041229248047 -3.8428077697753906 0.0371926985681057 -0.8880496025085449 -0.29647016525268555 0.3494138717651367
1748443625.125288 -28.474252700805664 -0.21353816986083984 -4.3854827880859375 0.03439164534211159 -0.8869482278823853 -0.2929888665676117 0.3553837239742279
1748443625.725339 -28.968843460083008 -0.06144428253173828 -4.914527893066406 0.03608992323279381 -0.8846399188041687 -0.29036378860473633 0.36304089426994324
1748443626.391944 -29.545452117919922 0.08637428283691406 -5.466419219970703 0.03559628874063492 -0.8820854425430298 -0.29184311628341675 0.3680839240550995
1748443626.925204 -30.00340461730957 0.2171611785888672 -5.932464599609375 0.036110665649175644 -0.8804101347923279 -0.2906733751296997 0.37293845415115356
1748443627.458549 -30.4754695892334 0.3386220932006836 -6.395286560058594 0.03837893530726433 -0.8794710040092468 -0.2887900769710541 0.3763749599456787
1748443628.058555 -31.000263214111328 0.47434043884277344 -6.895721435546875 0.03872225061058998 -0.8792540431022644 -0.28710371255874634 0.3781328797340393
1748443628.72501 -31.5626277923584 0.6314468383789062 -7.438083648681641 0.03721456602215767 -0.8768334984779358 -0.2901129126548767 0.3815923035144806
1748443629.325208 -32.122859954833984 0.7607097625732422 -7.945610046386719 0.0348125584423542 -0.8747852444648743 -0.28566184639930725 0.3897898197174072
1748443629.92519 -32.69401931762695 0.8966588973999023 -8.44296646118164 0.033027831465005875 -0.871978759765625 -0.2847229242324829 0.3968566060066223
1748443630.524959 -33.28144836425781 1.029719352722168 -8.900257110595703 0.031954385340213776 -0.8704823851585388 -0.2849978506565094 0.4000195562839508
1748443631.125116 -33.833831787109375 1.1629104614257812 -9.381301879882812 0.034902215003967285 -0.870302677154541 -0.28239795565605164 0.4020030200481415
1748443631.725106 -34.364925384521484 1.2877140045166016 -9.8499755859375 0.0372539758682251 -0.8716202974319458 -0.2808052599430084 0.40004846453666687
1748443632.324936 -34.834808349609375 1.397730827331543 -10.296150207519531 0.03682747483253479 -0.8731942176818848 -0.2820110321044922 0.39578455686569214
1748443632.9251 -35.35711669921875 1.526860237121582 -10.779670715332031 0.03793766349554062 -0.8725884556770325 -0.2838083803653717 0.39573097229003906
1748443633.525154 -35.884742736816406 1.6581125259399414 -11.273063659667969 0.03839844465255737 -0.8738016486167908 -0.28381311893463135 0.39299672842025757
1748443634.258393 -36.52293395996094 1.8083677291870117 -11.85195541381836 0.03814966604113579 -0.875134289264679 -0.28661230206489563 0.38799232244491577
1748443634.925027 -37.11396026611328 1.9635391235351562 -12.42318344116211 0.03721204772591591 -0.8770741820335388 -0.2873234450817108 0.3831467032432556
1748443635.725081 -37.818206787109375 2.1439990997314453 -13.114604949951172 0.03742913156747818 -0.8763941526412964 -0.2877182960510254 0.3843834102153778
1748443636.324824 -38.39775848388672 2.284666061401367 -13.648696899414062 0.03964097425341606 -0.8752291202545166 -0.2867017090320587 0.38756248354911804
1748443636.925005 -38.987449645996094 2.4205474853515625 -14.19277572631836 0.039523255079984665 -0.8715326189994812 -0.28502577543258667 0.39702534675598145
1748443637.458318 -39.533973693847656 2.537149429321289 -14.65920639038086 0.03993534669280052 -0.8667529821395874 -0.2834566831588745 0.40840744972229004
1748443638.058105 -40.170127868652344 2.667783737182617 -15.173137664794922 0.03987341746687889 -0.8618931770324707 -0.280406653881073 0.42062145471572876
1748443638.65826 -40.83037567138672 2.7870750427246094 -15.665809631347656 0.0406014584004879 -0.8559349179267883 -0.27788543701171875 0.43417346477508545
1748443639.258273 -41.51759719848633 2.9123573303222656 -16.145244598388672 0.039775170385837555 -0.8536854386329651 -0.2762170135974884 0.43970823287963867
1748443639.858058 -42.18846893310547 3.0199337005615234 -16.625286102294922 0.03717123344540596 -0.8498101830482483 -0.274059921503067 0.4487006366252899
1748443640.458203 -42.91590118408203 3.134929656982422 -17.099258422851562 0.03671454265713692 -0.8418352603912354 -0.2714744806289673 0.4650452435016632
1748443641.058209 -43.5811882019043 3.2341346740722656 -17.52987289428711 0.03612496331334114 -0.8460583686828613 -0.2715049982070923 0.4573459327220917
1748443641.724676 -44.253807067871094 3.3589229583740234 -18.016475677490234 0.03493962436914444 -0.8481533527374268 -0.2753068506717682 0.4512442946434021
1748443642.324836 -44.874305725097656 3.4686756134033203 -18.457252502441406 0.03464584797620773 -0.8522051572799683 -0.27447688579559326 0.444081574678421
1748443642.924865 -45.469764709472656 3.5921554565429688 -18.904659271240234 0.03531317785382271 -0.8548377752304077 -0.2778376042842865 0.43681982159614563
1748443643.657966 -46.22754669189453 3.7557945251464844 -19.50507354736328 0.033002324402332306 -0.858884871006012 -0.2830140292644501 0.4255945086479187
1748443644.258114 -46.80790328979492 3.8792572021484375 -19.98166275024414 0.03563601151108742 -0.8644837737083435 -0.2815990447998047 0.41484925150871277
1748443644.85811 -47.360206604003906 4.016508102416992 -20.474510192871094 0.03545926511287689 -0.8671678900718689 -0.28232115507125854 0.40872642397880554
1748443645.457907 -47.96495056152344 4.154277801513672 -20.993648529052734 0.033881694078445435 -0.8692611455917358 -0.27996891736984253 0.4060227572917938
1748443646.058142 -48.54280090332031 4.293336868286133 -21.507434844970703 0.0324220284819603 -0.8665795922279358 -0.28078481554985046 0.41127681732177734
1748443646.658057 -49.20636749267578 4.428384780883789 -22.04482650756836 0.0301820021122694 -0.8648543953895569 -0.27702516317367554 0.4175799787044525
1748443647.324525 -49.94513702392578 4.564273834228516 -22.606285095214844 0.030554478988051414 -0.8605932593345642 -0.27413368225097656 0.4281312823295593
1748443647.925003 -50.626922607421875 4.682088851928711 -23.09027862548828 0.02942747436463833 -0.8529712557792664 -0.2693764567375183 0.44610580801963806
1748443648.39195 -51.176353454589844 4.771728515625 -23.461978912353516 0.029674964025616646 -0.8489395976066589 -0.2678830325603485 0.45459842681884766
1748443648.991459 -51.86224365234375 4.872041702270508 -23.902847290039062 0.029276182875037193 -0.8446410298347473 -0.2638164162635803 0.4648928940296173
1748443649.591149 -52.53623962402344 4.979862213134766 -24.350360870361328 0.027660423889756203 -0.8437213897705078 -0.26551029086112976 0.46569666266441345
1748443650.191303 -53.20355987548828 5.08759880065918 -24.806076049804688 0.02839023992419243 -0.8440002799034119 -0.2663620412349701 0.46465981006622314
1748443650.791301 -53.89647674560547 5.192575454711914 -25.268787384033203 0.027795057743787766 -0.8478142023086548 -0.2660961449146271 0.4578552544116974
1748443651.391101 -54.59222412109375 5.304845809936523 -25.736007690429688 0.026693182066082954 -0.8496802449226379 -0.26664406061172485 0.454127699136734
1748443651.991286 -55.15201187133789 5.405364990234375 -26.175582885742188 0.02527064085006714 -0.8591375946998596 -0.26575300097465515 0.43659988045692444
1748443652.591258 -55.75264358520508 5.520839691162109 -26.638710021972656 0.021888861432671547 -0.8633125424385071 -0.2707812190055847 0.42531171441078186
1748443653.191114 -56.37158966064453 5.666313171386719 -27.179153442382812 0.020599400624632835 -0.8693236112594604 -0.27422022819519043 0.41067683696746826
1748443653.791291 -56.984397888183594 5.81181526184082 -27.710968017578125 0.021635588258504868 -0.8703573942184448 -0.27793648838996887 0.40590807795524597
1748443654.391201 -57.567710876464844 5.941205978393555 -28.232521057128906 0.024378083646297455 -0.8729679584503174 -0.2733921408653259 0.40322384238243103
1748443654.990996 -58.20840072631836 6.095302581787109 -28.755165100097656 0.01737098954617977 -0.86946040391922 -0.27860504388809204 0.40757355093955994
1748443655.591152 -58.868831634521484 6.233308792114258 -29.29730224609375 0.024599367752671242 -0.8662133812904358 -0.2711508274078369 0.41898277401924133
1748443656.191194 -59.50305938720703 6.370813369750977 -29.79503631591797 0.028277724981307983 -0.859941303730011 -0.2767353653907776 0.42792394757270813
1748443656.790983 -60.17906188964844 6.5052490234375 -30.29010009765625 0.02636832557618618 -0.8569360971450806 -0.2782512605190277 0.4330607056617737
1748443657.391091 -60.85028839111328 6.610912322998047 -30.76593780517578 0.02900581620633602 -0.8558658361434937 -0.264964759349823 0.44322237372398376
1748443657.991192 -61.51943588256836 6.713661193847656 -31.204917907714844 0.024284766986966133 -0.8494835495948792 -0.26503878831863403 0.4555683434009552
1748443658.590902 -62.17300033569336 6.811717987060547 -31.66516876220703 0.02085312269628048 -0.8563341498374939 -0.259633868932724 0.44592294096946716
1748443659.190927 -62.73167419433594 6.912109375 -32.15582275390625 0.02704753912985325 -0.8774095177650452 -0.260977566242218 0.4016363024711609
1748443659.9912 -63.25914001464844 7.064905166625977 -32.71630859375 0.025232641026377678 -0.8922799229621887 -0.27811339497566223 0.35475748777389526
1748443660.591072 -63.706459045410156 7.238569259643555 -33.304046630859375 0.02840578928589821 -0.9034044146537781 -0.29328984022140503 0.31150397658348083
1748443661.191159 -64.117919921875 7.426897048950195 -33.943641662597656 0.03350542113184929 -0.9108767509460449 -0.29890844225883484 0.28255024552345276
1748443661.791417 -64.5560073852539 7.648599624633789 -34.646759033203125 0.040271855890750885 -0.9125218987464905 -0.30835554003715515 0.26570451259613037
1748443662.391352 -64.98003387451172 7.87164306640625 -35.33788299560547 0.03552969917654991 -0.911532998085022 -0.3160918951034546 0.2606360614299774
1748443662.991532 -65.4075698852539 8.094625473022461 -36.016265869140625 0.04475615546107292 -0.9121043682098389 -0.3130626976490021 0.2608722448348999
1748443663.591822 -65.81146240234375 8.303733825683594 -36.648406982421875 0.0422944575548172 -0.9104276895523071 -0.3180083632469177 0.26115769147872925
1748443664.192092 -66.21312713623047 8.506536483764648 -37.314361572265625 0.038757823407649994 -0.9159860610961914 -0.310812771320343 0.2507247030735016
1748443664.792042 -66.56201171875 8.669378280639648 -37.995086669921875 0.036273740231990814 -0.9309313297271729 -0.2878454029560089 0.2218019664287567
1748443665.392204 -66.90119171142578 8.873493194580078 -38.69702911376953 0.03022821806371212 -0.9322263598442078 -0.2997877597808838 0.20041875541210175
1748443665.992196 -67.1780776977539 9.095359802246094 -39.39836883544922 0.025989308953285217 -0.9353265762329102 -0.30912894010543823 0.17008286714553833
1748443666.592228 -67.32162475585938 9.301998138427734 -40.05520248413086 0.0291881263256073 -0.9436874985694885 -0.31099119782447815 0.10902510583400726
1748443667.192325 -67.44418334960938 9.537576675415039 -40.77834701538086 0.026976434513926506 -0.9457441568374634 -0.31676778197288513 0.06707041710615158
1748443667.792497 -67.48593139648438 9.754413604736328 -41.43722152709961 0.03273684158921242 -0.947818398475647 -0.31542032957077026 0.03284207358956337
1748443668.392505 -67.48712921142578 10.015564918518066 -42.17963790893555 0.033546559512615204 -0.9453498721122742 -0.32432323694229126 -0.001651486149057746
1748443668.992798 -67.4371109008789 10.243110656738281 -42.834842681884766 0.0323992595076561 -0.9435486793518066 -0.32735127210617065 -0.038824137300252914
1748443669.592899 -67.3473892211914 10.459784507751465 -43.476051330566406 0.03483220189809799 -0.944435715675354 -0.3202969431877136 -0.06509868055582047
1748443669.992805 -67.24224853515625 10.651168823242188 -44.00386047363281 0.03863479569554329 -0.9412534236907959 -0.32471662759780884 -0.08431246876716614
1748443670.392814 -67.13905334472656 10.84622859954834 -44.540679931640625 0.043091971427202225 -0.9397220611572266 -0.3268553912639618 -0.09072564542293549
1748443670.993041 -66.97587585449219 11.117795944213867 -45.3104248046875 0.04846734553575516 -0.939979076385498 -0.32260212302207947 -0.10009132325649261
1748443671.593114 -66.80218505859375 11.396782875061035 -46.06151580810547 0.04788902774453163 -0.9376848340034485 -0.3249365985393524 -0.11344622075557709
1748443671.992974 -66.66101837158203 11.58226490020752 -46.56207275390625 0.05236628279089928 -0.937342643737793 -0.3208225667476654 -0.1253776252269745
1748443672.593066 -66.45795440673828 11.864970207214355 -47.327877044677734 0.05859370529651642 -0.9348586797714233 -0.3257730007171631 -0.12836717069149017
1748443673.193312 -66.24009704589844 12.120464324951172 -48.026451110839844 0.06035113334655762 -0.9357864856719971 -0.31783372163772583 -0.1401539295911789
1748443673.99323 -65.98943328857422 12.39991283416748 -48.747947692871094 0.05534325912594795 -0.9311617016792297 -0.321206659078598 -0.16340559720993042
1748443674.593295 -65.73877716064453 12.655177116394043 -49.4546012878418 0.042681172490119934 -0.9286657571792603 -0.3200910985469818 -0.1824827343225479
1748443675.193525 -65.43754577636719 12.925880432128906 -50.15542984008789 0.03523566946387291 -0.9232824444770813 -0.32495421171188354 -0.20177383720874786
1748443675.793419 -65.1135025024414 13.163663864135742 -50.828773498535156 0.029951099306344986 -0.9196456074714661 -0.3169272243976593 -0.23002643883228302
1748443676.393541 -64.72972869873047 13.399362564086914 -51.473876953125 0.02884065918624401 -0.913051962852478 -0.31473270058631897 -0.2577745318412781
1748443676.993699 -64.31053161621094 13.651759147644043 -52.10881805419922 0.028383893892169 -0.9070152640342712 -0.31382331252098083 -0.27934327721595764
1748443677.593628 -63.85846710205078 13.894822120666504 -52.73004150390625 0.030003858730196953 -0.8975319266319275 -0.316046804189682 -0.30602389574050903
1748443678.193722 -63.36491394042969 14.134722709655762 -53.30583572387695 0.034259628504514694 -0.8897953033447266 -0.3133784234523773 -0.3299766778945923
1748443678.793937 -62.84485626220703 14.37060260772705 -53.887939453125 0.036219894886016846 -0.8824844360351562 -0.3118510842323303 -0.3502260446548462
1748443679.394011 -62.302345275878906 14.586920738220215 -54.45329284667969 0.034633129835128784 -0.8827464580535889 -0.30002492666244507 -0.3599226474761963
1748443679.993936 -61.75321960449219 14.8121337890625 -54.99602127075195 0.0374700203537941 -0.8762965202331543 -0.3046553134918213 -0.3713296055793762
1748443680.594149 -61.32902526855469 14.976617813110352 -55.44297409057617 0.0364886038005352 -0.8793213963508606 -0.2990148961544037 -0.3688531517982483
1748443681.194223 -60.782379150390625 15.207151412963867 -55.969818115234375 0.044367771595716476 -0.8765299916267395 -0.2987557351589203 -0.3747956156730652
1748443681.79413 -60.19347381591797 15.423971176147461 -56.51246643066406 0.04600822180509567 -0.8737748861312866 -0.29783713817596436 -0.38169848918914795
1748443682.394381 -59.616355895996094 15.648346900939941 -57.03825378417969 0.04934929311275482 -0.868809163570404 -0.30300965905189514 -0.38848480582237244
1748443682.794423 -59.21112823486328 15.801011085510254 -57.402103424072266 0.04832091182470322 -0.868846595287323 -0.29746732115745544 -0.3927899897098541
1748443683.394311 -58.597496032714844 16.020170211791992 -57.91924285888672 0.048042718321084976 -0.8632534742355347 -0.29633641242980957 -0.405795693397522
1748443683.794391 -58.159027099609375 16.170846939086914 -58.25860595703125 0.049173664301633835 -0.8581246137619019 -0.2965998351573944 -0.4162123203277588
1748443684.194444 -57.72245788574219 16.324249267578125 -58.59941482543945 0.052167054265737534 -0.8560149669647217 -0.29673996567726135 -0.4200744032859802
1748443684.794994 -57.072532653808594 16.545825958251953 -59.0775260925293 0.05015464127063751 -0.8482723832130432 -0.2965700626373291 -0.4358493685722351
1748443685.194515 -56.6187744140625 16.684856414794922 -59.380714416503906 0.05082099139690399 -0.8424866199493408 -0.29422909021377563 -0.44840025901794434
1748443685.594595 -56.1585693359375 16.824623107910156 -59.685386657714844 0.050016582012176514 -0.8373298048973083 -0.29355475306510925 -0.4584788382053375
1748443686.194656 -55.48926544189453 17.022871017456055 -60.11285400390625 0.04622359946370125 -0.8330632448196411 -0.2917758822441101 -0.4676920771598816
1748443686.795537 -54.826332092285156 17.22189712524414 -60.53782653808594 0.04503200948238373 -0.8352822065353394 -0.29557058215141296 -0.46142578125
1748443687.394954 -54.17662048339844 17.418560028076172 -60.95855712890625 0.04425841197371483 -0.8363445997238159 -0.29379990696907043 -0.46070656180381775
1748443687.994888 -53.52210235595703 17.621469497680664 -61.397891998291016 0.041236501187086105 -0.8378105759620667 -0.2967556416988373 -0.4564087688922882
1748443688.595085 -52.849029541015625 17.832075119018555 -61.858768463134766 0.04242534935474396 -0.8391568660736084 -0.29782649874687195 -0.4531172811985016
1748443689.195025 -52.19610595703125 18.038724899291992 -62.3125 0.04356330260634422 -0.8415746688842773 -0.2967348098754883 -0.4492245316505432
1748443689.595067 -51.75492858886719 18.18086051940918 -62.61558532714844 0.04566749557852745 -0.8414486050605774 -0.2971373200416565 -0.4489857256412506
1748443689.995273 -51.29689025878906 18.330305099487305 -62.94820785522461 0.04376053065061569 -0.8421609997749329 -0.29833343625068665 -0.4470425248146057
1748443690.595338 -50.650718688964844 18.52301025390625 -63.400821685791016 0.043100204318761826 -0.8451975584030151 -0.29461169242858887 -0.4438326954841614
1748443691.192964 -50.03511047363281 18.724971771240234 -63.8516960144043 0.038631293922662735 -0.8446545004844666 -0.298067569732666 -0.4429697096347809
1748443691.723407 -49.48124694824219 18.90730857849121 -64.25563049316406 0.03745337575674057 -0.842358410358429 -0.3037842810153961 -0.4435591995716095
1748443692.323536 -48.82989501953125 19.122114181518555 -64.716064453125 0.03364091366529465 -0.8397673964500427 -0.30603381991386414 -0.4472162425518036
1748443692.923511 -48.16453552246094 19.327829360961914 -65.16964721679688 0.03251830115914345 -0.8362097144126892 -0.30318644642829895 -0.45582228899002075
1748443693.523364 -47.47954559326172 19.529773712158203 -65.592529296875 0.03064580075442791 -0.8237408399581909 -0.30190205574035645 -0.47892263531684875
1748443694.124055 -46.76115417480469 19.724393844604492 -65.96499633789062 0.03063398227095604 -0.8102856874465942 -0.3003314435482025 -0.5022944211959839
1748443694.723486 -46.034629821777344 19.903263092041016 -66.32710266113281 0.02884538285434246 -0.8047287464141846 -0.29411590099334717 -0.5148548483848572
1748443695.323297 -45.25627136230469 20.100727081298828 -66.6537857055664 0.029313426464796066 -0.7854719758033752 -0.3003077208995819 -0.5403609275817871
1748443695.923302 -44.50730895996094 20.264680862426758 -66.97689819335938 0.02611059509217739 -0.7881212830543518 -0.2910660207271576 -0.5417228937149048
1748443696.523434 -43.75060272216797 20.428815841674805 -67.27349853515625 0.02707674168050289 -0.7847306728363037 -0.2873050570487976 -0.5485621690750122
1748443697.123245 -42.98078918457031 20.610218048095703 -67.559326171875 0.03460799530148506 -0.7699239253997803 -0.2962721288204193 -0.5641297698020935
1748443697.723256 -42.222618103027344 20.752716064453125 -67.82618713378906 0.024054577574133873 -0.7643705010414124 -0.28714075684547424 -0.5768096446990967
1748443698.323389 -41.47099685668945 20.866138458251953 -68.04724884033203 0.004397198092192411 -0.7487951517105103 -0.2790987193584442 -0.6011576056480408
1748443698.923256 -40.705745697021484 20.953754425048828 -68.20706939697266 -0.006172501016408205 -0.730501115322113 -0.2706184983253479 -0.6269734501838684
1748443699.523203 -39.89339828491211 21.030893325805664 -68.31999206542969 0.0018179016187787056 -0.7104271054267883 -0.26582083106040955 -0.6516359448432922
1748443700.123321 -39.103668212890625 21.08864974975586 -68.37911987304688 0.002247717697173357 -0.6868680715560913 -0.259113609790802 -0.6790193915367126
1748443700.72315 -38.38447952270508 21.12448501586914 -68.37845611572266 0.004916076548397541 -0.6559003591537476 -0.2517022490501404 -0.7116294503211975
1748443701.323144 -37.62781524658203 21.133407592773438 -68.30305480957031 0.006655755918473005 -0.6255552172660828 -0.2419385015964508 -0.7416887283325195
1748443701.923283 -36.87779235839844 21.124732971191406 -68.16370391845703 0.005786349531263113 -0.5967423319816589 -0.2352331578731537 -0.7671574354171753
1748443702.523094 -36.11164093017578 21.100914001464844 -67.99732208251953 0.0023816425818949938 -0.5732914805412292 -0.2265779674053192 -0.7873967289924622
1748443703.123096 -35.3751106262207 21.055273056030273 -67.7669677734375 0.003141779685392976 -0.5456857681274414 -0.21630799770355225 -0.8095851540565491
1748443703.723107 -34.63082504272461 21.018978118896484 -67.4660415649414 0.016486525535583496 -0.514438807964325 -0.21419523656368256 -0.8301815390586853
1748443704.323232 -34.037574768066406 20.949790954589844 -67.19577026367188 0.0017239549197256565 -0.48597419261932373 -0.2008734494447708 -0.8505739569664001
1748443704.923064 -33.44609832763672 20.889102935791016 -66.86418151855469 0.013319650664925575 -0.4542822241783142 -0.1980353444814682 -0.8684654831886292
1748443705.523058 -32.835655212402344 20.80035972595215 -66.47163391113281 0.013398141600191593 -0.42751312255859375 -0.19087541103363037 -0.8835267424583435
1748443706.123184 -32.18251419067383 20.70283317565918 -66.00008392333984 0.018160734325647354 -0.4140225350856781 -0.18561606109142303 -0.8909558057785034
1748443706.722995 -31.616069793701172 20.5916748046875 -65.56071472167969 0.010157834738492966 -0.39704251289367676 -0.1767912060022354 -0.9005547761917114
1748443707.322999 -31.043865203857422 20.489364624023438 -65.08284759521484 0.018924353644251823 -0.38088458776474 -0.17333295941352844 -0.9080333113670349
1748443707.923153 -30.53337860107422 20.372817993164062 -64.64974212646484 0.009975709021091461 -0.36900460720062256 -0.1641508936882019 -0.914762556552887
1748443708.522945 -29.956100463867188 20.245014190673828 -64.10865020751953 0.016739774495363235 -0.35351893305778503 -0.15938138961791992 -0.921597421169281
1748443709.12297 -29.4061222076416 20.10805320739746 -63.555328369140625 0.01694507710635662 -0.34102463722229004 -0.15545138716697693 -0.9269573092460632
1748443709.723088 -28.85491180419922 19.96002769470215 -62.98004150390625 0.018978547304868698 -0.34465646743774414 -0.15215358138084412 -0.9261215329170227
1748443710.389571 -28.306991577148438 19.834714889526367 -62.43995666503906 0.028824059292674065 -0.34614279866218567 -0.15195311605930328 -0.9253456592559814
1748443710.922897 -27.826732635498047 19.71953582763672 -61.966163635253906 0.025389986112713814 -0.34969207644462585 -0.1489725559949875 -0.9245961308479309
1748443711.389608 -27.33275032043457 19.62944793701172 -61.54969024658203 0.02653314359486103 -0.3742503225803375 -0.15714611113071442 -0.9135304689407349
1748443711.923256 -26.762981414794922 19.533329010009766 -61.08635330200195 0.02835077978670597 -0.39149534702301025 -0.16149477660655975 -0.9054540991783142
1748443712.389523 -26.245460510253906 19.457658767700195 -60.69660949707031 0.029750611633062363 -0.40192803740501404 -0.1672087162733078 -0.8997833132743835
1748443712.922847 -25.641857147216797 19.383255004882812 -60.300445556640625 0.029550857841968536 -0.4279380440711975 -0.1715860217809677 -0.8868788480758667
1748443713.389517 -25.123912811279297 19.312623977661133 -59.95925521850586 0.02714148536324501 -0.42912757396698 -0.1719694584608078 -0.886306643486023
1748443713.989495 -24.449928283691406 19.234031677246094 -59.53925323486328 0.02962019480764866 -0.4419475197792053 -0.17299726605415344 -0.8797028660774231
1748443714.522799 -23.8500919342041 19.157981872558594 -59.17500305175781 0.02872280962765217 -0.4469643235206604 -0.17282605171203613 -0.8772280812263489
1748443715.122802 -23.199993133544922 19.082374572753906 -58.77067184448242 0.030539732426404953 -0.44759896397590637 -0.17183268070220947 -0.8770382404327393
1748443715.589604 -22.671960830688477 19.01872444152832 -58.45698165893555 0.034186650067567825 -0.4435478150844574 -0.16974960267543793 -0.8793643712997437
1748443716.12277 -22.096622467041016 18.932262420654297 -58.06370544433594 0.028979800641536713 -0.44168856739997864 -0.16257891058921814 -0.8818387389183044
1748443716.722787 -21.445472717285156 18.84870147705078 -57.65367126464844 0.028383299708366394 -0.440329372882843 -0.16676941514015198 -0.8817552924156189
1748443717.322762 -20.803741455078125 18.76348876953125 -57.246742248535156 0.028379257768392563 -0.43364837765693665 -0.1667323112487793 -0.885067343711853
1748443717.922744 -20.14419174194336 18.67496109008789 -56.797855377197266 0.02852698042988777 -0.4290201663970947 -0.16418860852718353 -0.8877894282341003
1748443718.522883 -19.483047485351562 18.57669448852539 -56.31915283203125 0.02908816933631897 -0.42092421650886536 -0.16328419744968414 -0.8918043375015259
1748443719.122712 -18.874343872070312 18.472272872924805 -55.877296447753906 0.025617655366659164 -0.4045024514198303 -0.15775299072265625 -0.9004640579223633
1748443719.722842 -18.273517608642578 18.353857040405273 -55.40019226074219 0.021766910329461098 -0.38690075278282166 -0.15562006831169128 -0.90863436460495
1748443720.322653 -17.67069435119629 18.232799530029297 -54.89586639404297 0.022793618962168694 -0.38513022661209106 -0.1559152454137802 -0.909310519695282
1748443720.922712 -17.084609985351562 18.12624740600586 -54.40913391113281 0.022698592394590378 -0.38010692596435547 -0.15488727390766144 -0.9115993976593018
1748443721.522778 -16.481203079223633 17.996898651123047 -53.89778518676758 0.0203708428889513 -0.3773769736289978 -0.15072840452194214 -0.9134837985038757
1748443721.989308 -16.02770233154297 17.89678955078125 -53.504051208496094 0.02115730196237564 -0.3741393983364105 -0.1503005176782608 -0.914867103099823
1748443722.52263 -15.494407653808594 17.792938232421875 -53.05147933959961 0.023281177505850792 -0.3735087513923645 -0.1494070142507553 -0.9152195453643799
1748443723.122625 -14.888497352600098 17.657424926757812 -52.50865173339844 0.023806730285286903 -0.37099790573120117 -0.1488984376192093 -0.9163094758987427
1748443723.722583 -14.288663864135742 17.5280704498291 -51.96245574951172 0.02393709495663643 -0.36405327916145325 -0.14572690427303314 -0.9195955395698547
1748443724.322777 -13.713656425476074 17.393665313720703 -51.429752349853516 0.023279501125216484 -0.3589402735233307 -0.14359652996063232 -0.9219543933868408
1748443724.789262 -13.264059066772461 17.277935028076172 -50.99961471557617 0.02510841004550457 -0.3514159619808197 -0.14008280634880066 -0.9253395199775696
1748443725.389353 -12.710245132446289 17.11074447631836 -50.43781280517578 0.012509634718298912 -0.3315736651420593 -0.13377614319324493 -0.9338127970695496
1748443725.989198 -12.172110557556152 16.962017059326172 -49.813507080078125 0.02390139363706112 -0.31017833948135376 -0.13493235409259796 -0.9407504796981812
1748443726.589206 -11.684192657470703 16.810571670532227 -49.184967041015625 0.021640129387378693 -0.28791359066963196 -0.13192056119441986 -0.9482797384262085
1748443727.122532 -11.269054412841797 16.656082153320312 -48.60526657104492 0.02120625413954258 -0.2671128213405609 -0.126222163438797 -0.9551277756690979
1748443727.722661 -10.846046447753906 16.490081787109375 -47.97064971923828 0.02173985354602337 -0.2507825791835785 -0.12031500786542892 -0.9602915644645691
1748443728.189239 -10.532581329345703 16.348011016845703 -47.446311950683594 0.019656484946608543 -0.23645448684692383 -0.11266018450260162 -0.964888870716095
1748443728.722575 -10.205160140991211 16.18320083618164 -46.87797546386719 0.016795726493000984 -0.22408638894557953 -0.10571694374084473 -0.9686728715896606
1748443729.322577 -9.856932640075684 16.016429901123047 -46.26050567626953 0.021411903202533722 -0.21473753452301025 -0.09917201101779938 -0.9713878035545349
1748443729.922516 -9.52023696899414 15.843729019165039 -45.60858154296875 0.02365936152637005 -0.20462104678153992 -0.09602299332618713 -0.9738326668739319
1748443730.522506 -9.184574127197266 15.678208351135254 -44.975486755371094 0.02478228509426117 -0.20718057453632355 -0.09638242423534393 -0.9732279181480408
1748443731.122657 -8.84453010559082 15.502227783203125 -44.324623107910156 0.022897008806467056 -0.20489539206027985 -0.09376021474599838 -0.9740137457847595
1748443731.722376 -8.516036987304688 15.3408203125 -43.714569091796875 0.024261590093374252 -0.20718424022197723 -0.09373347461223602 -0.9734988808631897
1748443732.322387 -8.19957160949707 15.168264389038086 -43.08478546142578 0.022863417863845825 -0.20241235196590424 -0.0886351615190506 -0.975013017654419
1748443732.85572 -7.899825096130371 15.005364418029785 -42.50446701049805 0.02344549633562565 -0.2031983733177185 -0.08720356225967407 -0.9749647378921509
1748443733.45582 -7.567780494689941 14.826648712158203 -41.83748245239258 0.025831473991274834 -0.20076711475849152 -0.08372683823108673 -0.9757126569747925
1748443734.055852 -7.24005126953125 14.656322479248047 -41.21200180053711 0.025097638368606567 -0.1983145773410797 -0.0846920907497406 -0.9761499762535095
1748443734.655693 -6.889194488525391 14.47157096862793 -40.55223846435547 0.0245469082146883 -0.20060177147388458 -0.08477688580751419 -0.9756891131401062
1748443735.255764 -6.5615739822387695 14.295056343078613 -39.90336227416992 0.025923190638422966 -0.19925305247306824 -0.08401628583669662 -0.975995659828186
1748443735.855768 -6.24758768081665 14.124258041381836 -39.25443649291992 0.023547178134322166 -0.1975461095571518 -0.08256042003631592 -0.9765269756317139
1748443736.455686 -5.94445276260376 13.952150344848633 -38.63447189331055 0.02180440165102482 -0.19114121794700623 -0.0815175399184227 -0.9779286980628967
1748443737.056162 -5.671980857849121 13.777737617492676 -37.98899459838867 0.02332249842584133 -0.17623966932296753 -0.0766834244132042 -0.9810786247253418
1748443737.655636 -5.432558536529541 13.609785079956055 -37.35187530517578 0.021892530843615532 -0.16099654138088226 -0.07198372483253479 -0.9840829372406006
1748443738.255561 -5.195172309875488 13.423648834228516 -36.67478561401367 0.022405527532100677 -0.14775243401527405 -0.06778492033481598 -0.986444354057312
1748443738.85566 -4.939549446105957 13.227249145507812 -35.98821258544922 0.021903766319155693 -0.14312180876731873 -0.06591036915779114 -0.9872650504112244
1748443739.322346 -4.776295185089111 13.076281547546387 -35.455387115478516 0.020522067323327065 -0.1382671296596527 -0.06444504857063293 -0.9880828857421875
1748443739.922184 -4.560513973236084 12.883675575256348 -34.78288650512695 0.018410801887512207 -0.12962357699871063 -0.061486538499593735 -0.9894838333129883
1748443740.455524 -4.380631446838379 12.71324634552002 -34.15225601196289 0.02122393622994423 -0.1211664006114006 -0.058309465646743774 -0.9906908273696899
1748443741.055479 -4.181221008300781 12.506775856018066 -33.46311569213867 0.019582031294703484 -0.11709876358509064 -0.053360044956207275 -0.9914924502372742
1748443741.655468 -3.99080228805542 12.300880432128906 -32.75471496582031 0.018871301785111427 -0.10985134541988373 -0.04964954033493996 -0.9925278425216675
1748443742.255464 -3.821317195892334 12.112902641296387 -32.03898239135742 0.025720901787281036 -0.10761738568544388 -0.04846753552556038 -0.9926770925521851
1748443742.85542 -3.636972188949585 11.913965225219727 -31.33382225036621 0.02252885140478611 -0.1076393574476242 -0.046519454568624496 -0.9928455352783203
1748443743.45541 -3.44818377494812 11.712182998657227 -30.641014099121094 0.01971397176384926 -0.11429601907730103 -0.04808276519179344 -0.9920865893363953
1748443744.055492 -3.250244140625 11.504462242126465 -29.92945098876953 0.01616249792277813 -0.11415638774633408 -0.04996097460389137 -0.9920740723609924
1748443744.522087 -3.0984039306640625 11.339414596557617 -29.37293243408203 0.018247505649924278 -0.11369805783033371 -0.04848896712064743 -0.9921635985374451
1748443745.255537 -2.931440830230713 11.110142707824707 -28.62229347229004 0.01750522293150425 -0.09773316979408264 -0.039874367415905 -0.9942594766616821
1748443745.922097 -2.796255111694336 10.899150848388672 -27.958486557006836 0.012356635183095932 -0.09641068428754807 -0.03613942861557007 -0.9946086406707764
1748443746.522039 -2.645733594894409 10.669178009033203 -27.231189727783203 0.012012194842100143 -0.09058842808008194 -0.03329240530729294 -0.9952592849731445
1748443747.122007 -2.517146348953247 10.445657730102539 -26.46438217163086 0.01728161610662937 -0.08682262152433395 -0.03097405843436718 -0.9955921769142151
1748443747.65549 -2.3838090896606445 10.238368034362793 -25.7868709564209 0.015875481069087982 -0.08384715765714645 -0.0317111574113369 -0.9958474636077881
1748443748.121985 -2.2634594440460205 10.053625106811523 -25.158018112182617 0.015919417142868042 -0.08227790892124176 -0.030860520899295807 -0.9960042834281921
1748443748.72194 -2.10005259513855 9.824602127075195 -24.388336181640625 0.011951952241361141 -0.08696558326482773 -0.03582832217216492 -0.9954952001571655
1748443749.322095 -1.928717017173767 9.591468811035156 -23.617525100708008 0.013893947936594486 -0.08935519307851791 -0.03504400700330734 -0.9952861666679382
1748443749.92194 -1.7697964906692505 9.355734825134277 -22.84552001953125 0.011437920853495598 -0.0887286439538002 -0.035004500299692154 -0.995374858379364
1748443750.455269 -1.6273020505905151 9.154313087463379 -22.156723022460938 0.016465751454234123 -0.09008728712797165 -0.03677546977996826 -0.9951184391975403
1748443751.055214 -1.468870759010315 8.921038627624512 -21.383281707763672 0.014764267019927502 -0.08797807991504669 -0.034809984266757965 -0.9954045414924622
1748443751.655357 -1.3208487033843994 8.678712844848633 -20.614341735839844 0.008544355630874634 -0.08145074546337128 -0.034961897879838943 -0.996027410030365
1748443752.255362 -1.1662832498550415 8.44293212890625 -19.838285446166992 0.013234831392765045 -0.07272674888372421 -0.034480366855859756 -0.9966679215431213
1748443752.855309 -1.032053828239441 8.201473236083984 -19.04783821105957 0.01685098558664322 -0.0673273578286171 -0.03458964452147484 -0.996988832950592
1748443753.455281 -0.9102163910865784 7.951031684875488 -18.26137924194336 0.013592925854027271 -0.06655397266149521 -0.03207821771502495 -0.9971744418144226
1748443754.055308 -0.7791587114334106 7.708313465118408 -17.482507705688477 0.012907047756016254 -0.06519613415002823 -0.03292735666036606 -0.9972456097602844
1748443754.655256 -0.653491735458374 7.477744102478027 -16.696216583251953 0.015540523454546928 -0.0677936002612114 -0.03150184452533722 -0.9970808625221252
1748443755.255266 -0.49738436937332153 7.244227886199951 -15.922271728515625 0.015872696414589882 -0.07540058344602585 -0.036973416805267334 -0.9963412284851074
1748443755.855232 -0.3208409547805786 7.005497932434082 -15.150814056396484 0.01249824557453394 -0.08659996837377548 -0.04282255843281746 -0.9952439665794373
1748443756.455218 -0.19675375521183014 6.783476829528809 -14.402666091918945 0.012794170528650284 -0.060260869562625885 -0.03564523905515671 -0.9974639415740967
1748443757.055246 -0.058586642146110535 6.563655376434326 -13.647255897521973 0.013209582306444645 -0.06244280934333801 -0.038901399821043015 -0.9972026348114014
1748443757.655247 0.046423234045505524 6.3334641456604 -12.888260841369629 0.012726503424346447 -0.05141652002930641 -0.03633436560630798 -0.9979349374771118
1748443758.255265 0.1642167866230011 6.084753036499023 -12.091545104980469 0.00946996733546257 -0.05202019587159157 -0.03835570812225342 -0.997864305973053
1748443758.855152 0.31921014189720154 5.8435235023498535 -11.344949722290039 0.007068268023431301 -0.07421053946018219 -0.04577406123280525 -0.9961664080619812
1748443759.32181 0.4390304982662201 5.654317378997803 -10.74936294555664 0.005965248215943575 -0.07131943106651306 -0.04431108757853508 -0.9964509606361389
1748443759.921843 0.6067712903022766 5.403225421905518 -9.983728408813477 0.006190506741404533 -0.07707887142896652 -0.04572615399956703 -0.9959566593170166
1748443760.521831 0.7758234739303589 5.159396171569824 -9.210342407226562 0.007217272650450468 -0.07721801102161407 -0.048561010509729385 -0.9958047866821289
1748443761.12176 0.925889253616333 4.9075493812561035 -8.441457748413086 0.007004478480666876 -0.07415275275707245 -0.048426754772663116 -0.9960457682609558
1748443761.655101 1.0206881761550903 4.688864231109619 -7.772058963775635 0.009673576802015305 -0.04977566376328468 -0.04180487245321274 -0.9978383183479309
1748443762.321749 1.0939114093780518 4.480528354644775 -7.129546642303467 0.005882419180124998 -0.035522956401109695 -0.0370258130133152 -0.998665452003479
1748443762.85526 1.1645379066467285 4.270129203796387 -6.498495578765869 0.0010724921012297273 -0.029209215193986893 -0.035509321838617325 -0.9989418387413025
1748443763.321707 1.2039772272109985 4.083558082580566 -5.891022205352783 0.007433019112795591 -0.019764529541134834 -0.0302840918302536 -0.9993183016777039
1748443763.855198 1.2417736053466797 3.84617280960083 -5.187480449676514 0.00497434800490737 -0.012058926746249199 -0.026687312871217728 -0.9995587468147278
1748443764.45503 1.261426568031311 3.604904890060425 -4.460799694061279 0.007580396719276905 -0.0020056951325386763 -0.019746985286474228 -0.9997743368148804
1748443765.121685 1.3022533655166626 3.357083320617676 -3.741129159927368 0.003929579630494118 -0.009583569131791592 -0.0226011723279953 -0.9996908903121948
1748443767.722928 1.3299219608306885 3.134061813354492 -3.080864906311035 -0.0008248233352787793 -0.006042811553925276 -0.019656680524349213 -0.999788224697113
1748443769.988354 1.4175249338150024 2.874866247177124 -2.268906593322754 8.36691542644985e-05 -0.03529474884271622 -0.02802927792072296 -0.9989838600158691
1748443771.588502 1.5586762428283691 2.640820264816284 -1.5151472091674805 0.012284868396818638 -0.06620024144649506 -0.03669621795415878 -0.9970557689666748
1748443771.788305 1.585794448852539 2.60616397857666 -1.402768611907959 0.01226144190877676 -0.06731079518795013 -0.03726568818092346 -0.9969605207443237
