1741639992.621248 -0.0 -0.0 -0.0 -0.0 -0.0 -0.0 1.0
1741639997.953276 0.005059244576841593 -0.05955596640706062 0.17152035236358643 -0.00024280152865685523 0.0008496034424751997 0.00046074611600488424 0.9999995231628418
1741639998.753113 0.006085475441068411 -0.18092486262321472 0.5445473790168762 -0.005062955431640148 0.0010736178373917937 -0.001292882370762527 0.9999858140945435
1741639999.68608 -0.00465485779568553 -0.325940877199173 0.988395631313324 -0.003329463303089142 -0.010705146007239819 -0.0025689746253192425 0.9999338984489441
1741640000.419405 -0.02377181686460972 -0.49084562063217163 1.480189561843872 -0.003578601637855172 -0.022281602025032043 -0.002449200488626957 0.999742329120636
1741640001.019264 -0.04891160875558853 -0.6397697925567627 1.8904179334640503 0.0061399429105222225 -0.030735714361071587 -0.0045967004261910915 0.9994981288909912
1741640001.619168 -0.0913146510720253 -0.7871662974357605 2.2816457748413086 0.012525318190455437 -0.048783205449581146 -0.008111309260129929 0.9986979365348816
1741640002.685555 -0.17615896463394165 -1.0435177087783813 2.9933338165283203 0.01170005276799202 -0.0541907474398613 -0.012639329768717289 0.9983820915222168
1741640003.618754 -0.2550199627876282 -1.2808934450149536 3.640359878540039 0.01286394614726305 -0.0592276006937027 -0.015159562230110168 0.9980465173721313
1741640004.618299 -0.3497428297996521 -1.5554351806640625 4.374384880065918 0.015960024669766426 -0.061686720699071884 -0.017084931954741478 0.9978216886520386
1741640005.551625 -0.4607565104961395 -1.866650938987732 5.210147380828857 0.01810724474489689 -0.06414683908224106 -0.018496820703148842 0.9976047873497009
1741640006.418365 -0.5634597539901733 -2.1531176567077637 5.9802470207214355 0.016805266961455345 -0.06542488187551498 -0.01983974315226078 0.9975187182426453
1741640007.351103 -0.6872703433036804 -2.4654157161712646 6.786653518676758 0.020201755687594414 -0.07093963772058487 -0.022706540301442146 0.9970175623893738
1741640008.284451 -0.8171338438987732 -2.7791504859924316 7.593349456787109 0.020142873749136925 -0.0755201131105423 -0.024997100234031677 0.9966274499893188
1741640009.284262 -0.9508715867996216 -3.0935277938842773 8.412246704101562 0.018961135298013687 -0.08149678260087967 -0.025115812197327614 0.9961767196655273
1741640010.2172 -1.0821186304092407 -3.385293483734131 9.177542686462402 0.018599286675453186 -0.08533959835767746 -0.024019325152039528 0.9958887696266174
1741640011.217295 -1.2280813455581665 -3.701375722885132 9.990937232971191 0.01966112293303013 -0.09057340770959854 -0.024685367941856384 0.9953896999359131
1741640012.017058 -1.3639744520187378 -3.9766480922698975 10.723796844482422 0.022141531109809875 -0.09607841074466705 -0.023372674360871315 0.9948530197143555
1741640012.883395 -1.4956467151641846 -4.267396926879883 11.510522842407227 0.021299872547388077 -0.0998402088880539 -0.020682867616415024 0.9945604801177979
1741640014.016675 -1.6685891151428223 -4.5595879554748535 12.298481941223145 0.019855661317706108 -0.11684195697307587 -0.028096646070480347 0.9925544857978821
1741640015.616625 -2.096404790878296 -4.87061071395874 13.048480987548828 0.022838503122329712 -0.22914741933345795 -0.07243955135345459 0.9704238176345825
1741640016.816179 -2.5994932651519775 -5.117310047149658 13.662324905395508 0.021717648953199387 -0.3095054030418396 -0.09838195145130157 0.9455452561378479
1741640017.882478 -3.135274648666382 -5.294556617736816 14.024393081665039 0.03590351343154907 -0.38820305466651917 -0.12759509682655334 0.9119916558265686
1741640019.015819 -3.8209125995635986 -5.458034515380859 14.418497085571289 0.029592784121632576 -0.44951269030570984 -0.1540766954421997 0.8793879151344299
1741640020.082309 -4.469423294067383 -5.603120803833008 14.69184684753418 0.0480433888733387 -0.4877765476703644 -0.17067663371562958 0.85477215051651
1741640021.01546 -5.110427379608154 -5.691441535949707 14.897116661071777 0.03658037632703781 -0.527637779712677 -0.19530394673347473 0.825903594493866
1741640021.949267 -5.728425025939941 -5.786093235015869 15.067344665527344 0.038459789007902145 -0.5538782477378845 -0.19766604900360107 0.8078786730766296
1741640023.148303 -6.543951034545898 -5.8272905349731445 15.121217727661133 0.03356776759028435 -0.6302652359008789 -0.22885635495185852 0.7411232590675354
1741640024.281597 -7.296405792236328 -5.849172592163086 15.113866806030273 0.026176825165748596 -0.6670292019844055 -0.24047742784023285 0.7046682834625244
1741640025.348327 -8.012030601501465 -5.840137481689453 15.045011520385742 0.026908233761787415 -0.7025032639503479 -0.24908390641212463 0.6661249399185181
1741640026.347934 -8.68940544128418 -5.803537368774414 14.892526626586914 0.02797158621251583 -0.740705132484436 -0.26279759407043457 0.6176658272743225
1741640027.281176 -9.290094375610352 -5.727038860321045 14.649137496948242 0.03045588545501232 -0.7779291272163391 -0.279494047164917 0.5619447231292725
1741640028.480808 -10.065954208374023 -5.634770393371582 14.336450576782227 0.03111576847732067 -0.7838476300239563 -0.2806796729564667 0.5530222654342651
1741640029.480798 -10.721799850463867 -5.574172496795654 14.095722198486328 0.03196518123149872 -0.7845726013183594 -0.2753142714500427 0.554640531539917
1741640030.613986 -11.446638107299805 -5.491305828094482 13.789632797241211 0.03683739900588989 -0.7920107841491699 -0.2732222378253937 0.5447123646736145
1741640031.813788 -12.159882545471191 -5.404646396636963 13.409628868103027 0.04167955741286278 -0.8179493546485901 -0.27570968866348267 0.503195583820343
1741640032.813691 -12.694866180419922 -5.283257007598877 12.972437858581543 0.0399751178920269 -0.8510468602180481 -0.2831660807132721 0.4403842091560364
1741640033.346946 -13.1456298828125 -5.171842575073242 12.571855545043945 0.037161655724048615 -0.8665979504585266 -0.2874627411365509 0.40619251132011414
1741640033.813319 -13.571792602539062 -5.058952331542969 12.186812400817871 0.03603706508874893 -0.8706516623497009 -0.28927937150001526 0.39621275663375854
1741640034.346738 -14.060354232788086 -4.93099308013916 11.73629379272461 0.03605130314826965 -0.8744860291481018 -0.2917666435241699 0.38580673933029175
1741640035.013364 -14.653656005859375 -4.789627552032471 11.185773849487305 0.03666304796934128 -0.8787088990211487 -0.2859986126422882 0.38043564558029175
1741640035.746591 -15.252893447875977 -4.63455057144165 10.565422058105469 0.0413285568356514 -0.8850074410438538 -0.27961787581443787 0.36995625495910645
1741640036.213006 -15.682548522949219 -4.5291056632995605 10.12614631652832 0.04249941557645798 -0.8868746161460876 -0.2765105366706848 0.36768096685409546
1741640036.746264 -16.27341651916504 -4.368142127990723 9.467657089233398 0.04307849705219269 -0.8973576426506042 -0.283054918050766 0.33581751585006714
1741640037.146378 -16.65565299987793 -4.231872081756592 8.93791389465332 0.04211188852787018 -0.9059979915618896 -0.28695446252822876 0.30830398201942444
1741640037.412986 -16.93659782409668 -4.129827499389648 8.558246612548828 0.04245787113904953 -0.9067080020904541 -0.28852126002311707 0.3046858310699463
1741640037.746281 -17.26968002319336 -4.012486457824707 8.094282150268555 0.043738432228565216 -0.9082662463188171 -0.2884635627269745 0.29988035559654236
1741640038.146253 -17.662527084350586 -3.8507766723632812 7.531772136688232 0.04377034679055214 -0.9094416499137878 -0.29123345017433167 0.2935697138309479
1741640038.479642 -17.997230529785156 -3.7192914485931396 7.048557758331299 0.044148046523332596 -0.9098754525184631 -0.29283156991004944 0.2905636131763458
1741640038.812652 -18.324466705322266 -3.5894198417663574 6.573558807373047 0.04445931315422058 -0.9113321900367737 -0.29182547330856323 0.28694069385528564
1741640039.279226 -18.78564453125 -3.398122787475586 5.891980171203613 0.04153502732515335 -0.9112523198127747 -0.29663121700286865 0.2826729118824005
1741640039.679551 -19.18545150756836 -3.236353635787964 5.308751106262207 0.04175372049212456 -0.9106789827346802 -0.2953818440437317 0.28577983379364014
1741640040.079335 -19.592140197753906 -3.082174301147461 4.748021125793457 0.04262484982609749 -0.9075911641120911 -0.29372140765190125 0.2969667911529541
1741640040.479239 -20.001399993896484 -2.91689395904541 4.172574996948242 0.043153222650289536 -0.9076828360557556 -0.29571449756622314 0.2946230173110962
1741640040.87923 -20.414329528808594 -2.761108636856079 3.6005306243896484 0.04420283064246178 -0.9085367321968079 -0.2951412796974182 0.2924017906188965
1741640041.279146 -20.83177947998047 -2.6024763584136963 3.01654052734375 0.044386230409145355 -0.9075185656547546 -0.29494166374206543 0.2957186996936798
1741640041.678904 -21.24600601196289 -2.431136131286621 2.4371070861816406 0.04571276158094406 -0.9052507877349854 -0.29692909121513367 0.30044054985046387
1741640042.07889 -21.685237884521484 -2.2775955200195312 1.8803749084472656 0.04646383225917816 -0.8992027044296265 -0.29395413398742676 0.32072824239730835
1741640042.479046 -22.1317195892334 -2.131755828857422 1.3344001770019531 0.047581542283296585 -0.899925172328949 -0.29163992404937744 0.320650577545166
1741640042.87927 -22.578516006469727 -1.9778919219970703 0.7809009552001953 0.0474870502948761 -0.8978977203369141 -0.2947891056537628 0.32345661520957947
1741640043.27935 -23.0223445892334 -1.8281731605529785 0.22209548950195312 0.04745790734887123 -0.8982043862342834 -0.29381150007247925 0.3234989047050476
1741640043.678834 -23.460811614990234 -1.681002140045166 -0.3263282775878906 0.04717196524143219 -0.898628830909729 -0.2915535271167755 0.324403315782547
1741640044.078776 -23.899547576904297 -1.5348997116088867 -0.8698959350585938 0.04721444845199585 -0.8993732333183289 -0.2906176745891571 0.32317185401916504
1741640044.411871 -24.266258239746094 -1.4169068336486816 -1.3336849212646484 0.0449945442378521 -0.9010046720504761 -0.2877211570739746 0.32153183221817017
1741640044.8787 -24.789766311645508 -1.2473459243774414 -1.9714241027832031 0.04404484108090401 -0.9003901481628418 -0.2883557379245758 0.32281365990638733
1741640045.278595 -25.248706817626953 -1.1073017120361328 -2.5031604766845703 0.046136677265167236 -0.8959325551986694 -0.2887607216835022 0.33435526490211487
1741640045.678551 -25.69843864440918 -0.9745883941650391 -3.0252838134765625 0.046786118298769 -0.8932501077651978 -0.2854998707771301 0.34410059452056885
1741640046.211851 -26.276363372802734 -0.8164653778076172 -3.649261474609375 0.04396136477589607 -0.8852955102920532 -0.28833019733428955 0.36219459772109985
1741640046.611874 -26.755979537963867 -0.6978778839111328 -4.126201629638672 0.044389549642801285 -0.8829911947250366 -0.2824825048446655 0.3722362816333771
1741640047.078384 -27.338333129882812 -0.5504703521728516 -4.686767578125 0.039229609072208405 -0.8793357014656067 -0.2840254604816437 0.38020962476730347
1741640047.611613 -27.94429588317871 -0.3849010467529297 -5.304386138916016 0.03794093430042267 -0.8871256709098816 -0.28708842396736145 0.3593728840351105
1741640048.144891 -28.509090423583984 -0.21900653839111328 -5.919242858886719 0.03896568343043327 -0.889356255531311 -0.2878105342388153 0.35311800241470337
1741640048.54485 -28.921995162963867 -0.10305023193359375 -6.387939453125 0.0397237204015255 -0.8923106789588928 -0.2830774784088135 0.3493863642215729
1741640048.944805 -29.34222412109375 0.014183998107910156 -6.849796295166016 0.039220958948135376 -0.8906239867210388 -0.2843972444534302 0.3526598811149597
1741640049.34483 -29.751705169677734 0.12580204010009766 -7.289459228515625 0.03807162493467331 -0.8900848031044006 -0.28457167744636536 0.3540036380290985
1741640050.011154 -30.263446807861328 0.27555274963378906 -7.8788909912109375 0.039067335426807404 -0.8899325132369995 -0.28597530722618103 0.3531460165977478
1741640051.077897 -31.00823211669922 0.49684810638427734 -8.71710205078125 0.03632790595293045 -0.8895463347434998 -0.2836207151412964 0.356296181678772
1741640051.677925 -31.453567504882812 0.6149311065673828 -9.213523864746094 0.0372578501701355 -0.8897931575775146 -0.2819738984107971 0.3568904399871826
1741640052.877612 -32.16791534423828 0.8126296997070312 -10.052440643310547 0.036145128309726715 -0.8877131342887878 -0.28503865003585815 0.3597387969493866
1741640054.477501 -32.6124153137207 0.9836177825927734 -10.634754180908203 0.03442969173192978 -0.8739514946937561 -0.282856285572052 0.39372020959854126
1741640057.277112 -33.24342346191406 1.2060575485229492 -11.398944854736328 0.04207408055663109 -0.8674957752227783 -0.27674663066864014 0.41120827198028564
1741640059.076871 -33.605743408203125 1.3296842575073242 -11.87484359741211 0.0399615652859211 -0.8643152713775635 -0.27542832493782043 0.41892895102500916
1741640061.743312 -34.14863204956055 1.5215301513671875 -12.535564422607422 0.038088735193014145 -0.8617970943450928 -0.27545639872550964 0.42423900961875916
1741640063.209549 -34.58964538574219 1.641800880432129 -12.984439849853516 0.036498453468084335 -0.8524327874183655 -0.2691578269004822 0.44674402475357056
1741640066.209342 -35.528465270996094 1.7504215240478516 -13.723064422607422 0.03006516955792904 -0.8526718616485596 -0.26509594917297363 0.449189156293869
1741640068.609034 -36.292240142822266 1.788752555847168 -14.21065902709961 0.02952384576201439 -0.84321129322052 -0.26852738857269287 0.46477535367012024
1741640070.475569 -36.94084930419922 1.8220100402832031 -14.505916595458984 0.02304144576191902 -0.8432667851448059 -0.2813051640987396 0.4574250876903534
1741640074.87502 -37.813148498535156 1.8280601501464844 -14.897525787353516 0.03385062515735626 -0.8454541563987732 -0.27726149559020996 0.45517852902412415
1741640077.208109 -38.922508239746094 1.9811553955078125 -15.614032745361328 0.03848832845687866 -0.8453680872917175 -0.27755430340766907 0.4547913074493408
1741640078.607983 -39.67043685913086 2.101633071899414 -16.09951400756836 0.03921240195631981 -0.8436351418495178 -0.2784985601902008 0.4573628604412079
1741640079.941118 -40.36198425292969 2.2168407440185547 -16.54419708251953 0.03898113965988159 -0.8425099849700928 -0.2811994254589081 0.4578039050102234
1741640080.741057 -40.80579376220703 2.2981929779052734 -16.843734741210938 0.038171667605638504 -0.843113899230957 -0.2832689881324768 0.45547837018966675
1741640081.740784 -41.36152267456055 2.404386520385742 -17.215984344482422 0.038796283304691315 -0.8423464298248291 -0.2843434512615204 0.45617571473121643
1741640083.074112 -42.04571533203125 2.5476322174072266 -17.70236587524414 0.035005055367946625 -0.8492090106010437 -0.2894156277179718 0.4402923583984375
1741640084.473787 -42.529624938964844 2.696317672729492 -18.16419219970703 0.03427603468298912 -0.8702256679534912 -0.29956454038619995 0.3896070420742035
1741640085.673862 -43.112430572509766 2.881683349609375 -18.725849151611328 0.0342630036175251 -0.8729959726333618 -0.30622756481170654 0.3780593276023865
1741640086.807053 -43.64409255981445 3.047639846801758 -19.257232666015625 0.03377888724207878 -0.8809560537338257 -0.2997681200504303 0.36457452178001404
1741640088.140284 -44.283077239990234 3.2561378479003906 -19.906890869140625 0.02538359723985195 -0.8839624524116516 -0.3028748035430908 0.35529282689094543
1741640089.140408 -44.69343185424805 3.408275604248047 -20.400314331054688 0.022715682163834572 -0.8975232839584351 -0.3039773106575012 0.3186437785625458
1741640090.340088 -45.19026565551758 3.611398696899414 -21.04163360595703 0.023096440359950066 -0.9029198884963989 -0.3028373420238495 0.30412477254867554
1741640091.739835 -45.64228057861328 3.8447399139404297 -21.772968292236328 0.022316662594676018 -0.9204959273338318 -0.3047052323818207 0.2436060756444931
1741640093.339643 -45.9082145690918 4.1980133056640625 -22.640182495117188 0.012284685857594013 -0.9330288767814636 -0.3394940495491028 0.11853297054767609
1741640094.806176 -45.964378356933594 4.5237016677856445 -23.495952606201172 0.0159296877682209 -0.9388496279716492 -0.3427468240261078 0.028849080204963684
1741640095.80606 -45.9700813293457 4.8336286544799805 -24.207489013671875 0.014999517239630222 -0.9342373013496399 -0.35633495450019836 0.0010746765183284879
1741640096.739516 -45.92780685424805 5.0792341232299805 -24.833890914916992 0.013831623829901218 -0.9376927614212036 -0.34538689255714417 -0.0353396050632
1741640097.939005 -45.839454650878906 5.3894758224487305 -25.6119384765625 0.0072707245126366615 -0.9357011914253235 -0.3442566394805908 -0.07679666578769684
1741640099.205722 -45.661312103271484 5.68244743347168 -26.398006439208984 0.010945171117782593 -0.9340962171554565 -0.3343966007232666 -0.12459321320056915
1741640100.538758 -45.316062927246094 5.959291934967041 -27.14654541015625 0.014820758253335953 -0.9227419495582581 -0.3253025412559509 -0.20616987347602844
1741640101.738749 -44.94025421142578 6.2427077293396 -27.840473175048828 0.013634087517857552 -0.9101700782775879 -0.3343939185142517 -0.24410104751586914
1741640102.938667 -44.546653747558594 6.499795913696289 -28.511245727539062 0.013161903247237206 -0.9121542572975159 -0.3247329890727997 -0.24969956278800964
1741640104.20518 -44.20613479614258 6.80724573135376 -29.269794464111328 0.017264679074287415 -0.9175390005111694 -0.3352120518684387 -0.21320635080337524
1741640105.005096 -43.969783782958984 7.006158351898193 -29.758583068847656 0.01651623845100403 -0.9168714284896851 -0.3343729078769684 -0.21741382777690887
1741640106.271442 -43.61140823364258 7.312986373901367 -30.519695281982422 0.013405239209532738 -0.9140344858169556 -0.33783063292503357 -0.22412438690662384
1741640107.471635 -43.27016067504883 7.610391616821289 -31.215011596679688 0.01294451393187046 -0.9117919206619263 -0.34150511026382446 -0.22768883407115936
1741640108.672923 -42.928993225097656 7.893901348114014 -31.881771087646484 0.008207336999475956 -0.9087717533111572 -0.34250500798225403 -0.23823726177215576
1741640109.937926 -42.516212463378906 8.16153335571289 -32.494606018066406 0.0036719010677188635 -0.8917049765586853 -0.34070372581481934 -0.2979426681995392
1741640110.671207 -42.05706024169922 8.406355857849121 -33.011043548583984 -0.0013237252132967114 -0.8751347661018372 -0.33844810724258423 -0.34581831097602844
1741640111.337568 -41.490108489990234 8.644895553588867 -33.52546691894531 -0.004861653316766024 -0.8538583517074585 -0.3345770537853241 -0.3986984193325043
1741640111.737587 -41.053993225097656 8.806556701660156 -33.86693572998047 -0.007229288574308157 -0.8428548574447632 -0.3308899700641632 -0.42432916164398193
1741640112.071256 -40.650840759277344 8.943098068237305 -34.1612434387207 -0.008075830526649952 -0.8400562405586243 -0.3268994987010956 -0.4328707158565521
1741640112.471009 -40.186973571777344 9.101261138916016 -34.50025939941406 -0.008653410710394382 -0.8367003202438354 -0.3265135586261749 -0.43959829211235046
1741640112.870994 -39.722782135009766 9.251243591308594 -34.830379486083984 -0.00923983845859766 -0.8354379534721375 -0.3247535228729248 -0.4432755410671234
1741640113.270876 -39.26494598388672 9.395295143127441 -35.152835845947266 -0.01051683072000742 -0.8334836363792419 -0.3229270875453949 -0.44823259115219116
1741640113.737532 -38.74660873413086 9.558913230895996 -35.506858825683594 -0.008319897577166557 -0.8291804194450378 -0.32434913516044617 -0.4551794230937958
1741640114.070613 -38.34776306152344 9.67617416381836 -35.76250457763672 -0.006591398268938065 -0.8286396861076355 -0.3205382823944092 -0.45887693762779236
1741640114.470566 -37.88193130493164 9.817510604858398 -36.05654525756836 -0.004488583188503981 -0.8258770704269409 -0.3219151496887207 -0.4629012942314148
1741640114.870702 -37.412803649902344 9.950119972229004 -36.335296630859375 -0.0011519870022311807 -0.8235771656036377 -0.3205767571926117 -0.46792078018188477
1741640116.603659 -36.94824981689453 10.00490951538086 -36.464942932128906 0.008375915698707104 -0.830683171749115 -0.3244272768497467 -0.45237410068511963
1741640125.002995 -36.5040283203125 10.003196716308594 -36.640201568603516 0.018135856837034225 -0.8550206422805786 -0.3370634913444519 -0.39369913935661316
1741640125.469785 -35.913818359375 10.288823127746582 -37.178321838378906 0.019346781075000763 -0.85129714012146 -0.34363627433776855 -0.3960215747356415
1741640125.936546 -35.30396270751953 10.55878734588623 -37.71500015258789 0.01752866618335247 -0.853161096572876 -0.33896246552467346 -0.3961229622364044
1741640126.402911 -34.731964111328125 10.822320938110352 -38.24665069580078 0.01091426145285368 -0.8548794388771057 -0.3356771171092987 -0.3954528570175171
1741640126.736134 -34.30200958251953 11.022988319396973 -38.63465118408203 0.013587125577032566 -0.8537124991416931 -0.3392358720302582 -0.3948536813259125
1741640127.069446 -33.892982482910156 11.18843936920166 -38.9993896484375 0.010289844125509262 -0.8537894487380981 -0.3332667946815491 -0.39983874559402466
1741640127.735833 -33.242061614990234 11.473733901977539 -39.55322265625 0.013707078993320465 -0.8513140678405762 -0.33557677268981934 -0.40306901931762695
1741640128.469295 -32.65568161010742 11.695990562438965 -40.00921630859375 0.013150600716471672 -0.8456993103027344 -0.3290560841560364 -0.4199308454990387
1741640129.669167 -31.945556640625 11.96048641204834 -40.531681060791016 0.012550147250294685 -0.8263970613479614 -0.32838308811187744 -0.45724713802337646
1741640131.135921 -31.186355590820312 12.081636428833008 -40.704856872558594 0.011738345958292484 -0.7437968850135803 -0.3004083037376404 -0.5969784259796143
1741640132.402208 -30.464202880859375 12.13645076751709 -40.7107048034668 0.0071316249668598175 -0.6600392460823059 -0.2712247967720032 -0.7005244493484497
1741640133.601919 -29.71273422241211 12.139913558959961 -40.561851501464844 0.005902737379074097 -0.5820155739784241 -0.2486332356929779 -0.7742123007774353
1741640134.801963 -29.01367950439453 12.057853698730469 -40.29292678833008 -0.007889853790402412 -0.5245946645736694 -0.21112412214279175 -0.8247210383415222
1741640136.201639 -28.244060516357422 11.927005767822266 -39.94624710083008 -0.02867036685347557 -0.48581406474113464 -0.19262199103832245 -0.8520912528038025
1741640137.601683 -27.407573699951172 11.817484855651855 -39.498817443847656 -0.017892973497509956 -0.44373607635498047 -0.2066766917705536 -0.8718159198760986
1741640138.934685 -26.710479736328125 11.659838676452637 -38.95952606201172 -0.013805418275296688 -0.37988096475601196 -0.18437989056110382 -0.906368613243103
1741640139.601534 -26.294921875 11.539499282836914 -38.597900390625 -0.015834759920835495 -0.3712431490421295 -0.17363427579402924 -0.9120191335678101
1741640140.134712 -25.777170181274414 11.390363693237305 -38.136329650878906 -0.018299097195267677 -0.36230483651161194 -0.1681053340435028 -0.9165920615196228
1741640140.534723 -25.318113327026367 11.273658752441406 -37.719058990478516 -0.0069663613103330135 -0.3603961169719696 -0.16769738495349884 -0.9175748825073242
1741640140.934682 -24.84381675720215 11.169578552246094 -37.353519439697266 -0.006839410401880741 -0.3902454674243927 -0.1746836006641388 -0.9039620757102966
1741640141.33445 -24.3421573638916 11.077413558959961 -37.03045654296875 -0.007340034004300833 -0.41273054480552673 -0.18724757432937622 -0.8913686275482178
1741640141.801123 -23.73106575012207 11.000368118286133 -36.68456268310547 -0.0025551379658281803 -0.4433537423610687 -0.2045573890209198 -0.8726896643638611
1741640142.401169 -22.99593734741211 10.901823997497559 -36.246788024902344 -0.0016030508559197187 -0.4402928054332733 -0.20424917340278625 -0.8743122816085815
1741640142.934452 -22.299297332763672 10.804027557373047 -35.82255172729492 0.004029673524200916 -0.4406752288341522 -0.20459549129009247 -0.8740307688713074
1741640143.334415 -21.695409774780273 10.729175567626953 -35.46397399902344 0.003950505517423153 -0.43969976902008057 -0.20416168868541718 -0.8746236562728882
1741640143.735993 -21.092090606689453 10.655073165893555 -35.102298736572266 0.005774845369160175 -0.4390852451324463 -0.20404325425624847 -0.8749498128890991
1741640144.134333 -20.502662658691406 10.58216667175293 -34.748619079589844 0.0036668251268565655 -0.43732893466949463 -0.20362268388271332 -0.8759382367134094
1741640144.534323 -19.912771224975586 10.505678176879883 -34.3873176574707 0.005842950660735369 -0.4365873634815216 -0.2020975947380066 -0.8766493201255798
1741640144.93428 -19.330894470214844 10.429506301879883 -34.02849578857422 0.0062023126520216465 -0.4341377317905426 -0.19984091818332672 -0.8783790469169617
1741640145.334207 -18.75421905517578 10.355911254882812 -33.67208480834961 0.005971395410597324 -0.4326119124889374 -0.20048213005065918 -0.8789870738983154
1741640145.734166 -18.177743911743164 10.275617599487305 -33.31342315673828 0.006192398257553577 -0.43264099955558777 -0.19934743642807007 -0.8792292475700378
1741640146.134124 -17.623836517333984 10.19959545135498 -32.97337341308594 0.007735749240964651 -0.431938111782074 -0.1983974128961563 -0.8797773122787476
1741640146.534095 -17.082332611083984 10.130987167358398 -32.622337341308594 0.008265785872936249 -0.43105843663215637 -0.1990637332201004 -0.8800534605979919
1741640147.067199 -16.41973304748535 10.044751167297363 -32.213958740234375 0.008025080896914005 -0.43283793330192566 -0.1990855485200882 -0.8791767954826355
1741640147.467313 -15.92934799194336 9.977335929870605 -31.904922485351562 0.004559344612061977 -0.4344828128814697 -0.19663672149181366 -0.8789414167404175
1741640147.867268 -15.448261260986328 9.908817291259766 -31.599477767944336 0.006547452416270971 -0.4324054718017578 -0.19550533592700958 -0.8802047967910767
1741640148.267239 -15.00269603729248 9.836755752563477 -31.292926788330078 0.008618222549557686 -0.41973721981048584 -0.19066575169563293 -0.8873516917228699
1741640148.800791 -14.468114852905273 9.744125366210938 -30.92604637145996 0.007894857786595821 -0.41131630539894104 -0.18439945578575134 -0.8926105499267578
1741640149.400284 -13.898399353027344 9.653056144714355 -30.536964416503906 0.007950862869620323 -0.40833044052124023 -0.18143387138843536 -0.894586443901062
1741640150.267086 -13.175411224365234 9.55539321899414 -30.070449829101562 0.007992962375283241 -0.40335747599601746 -0.18007993698120117 -0.8971121311187744
1741640151.666898 -11.964799880981445 9.379096984863281 -29.620447158813477 0.005134682636708021 -0.39023134112358093 -0.1780879646539688 -0.9033149480819702
1741640153.133385 -10.908188819885254 9.192266464233398 -28.96567153930664 0.012177085503935814 -0.35205376148223877 -0.15726345777511597 -0.9225931167602539
1741640154.000018 -10.295998573303223 9.047159194946289 -28.44442367553711 0.006492850836366415 -0.3366635739803314 -0.15235720574855804 -0.9291946887969971
1741640155.06636 -9.52051830291748 8.85876750946045 -27.768753051757812 0.001041616778820753 -0.3214738965034485 -0.15427793562412262 -0.9342654347419739
1741640156.599918 -8.477352142333984 8.568671226501465 -26.77646255493164 0.0030421873088926077 -0.31344151496887207 -0.1536470353603363 -0.9370900988578796
1741640156.999678 -8.163073539733887 8.47940444946289 -26.460094451904297 0.0029627997428178787 -0.31027647852897644 -0.15278297662734985 -0.938284158706665
1741640157.39965 -7.836702823638916 8.38062572479248 -26.11019515991211 0.004882209934294224 -0.308944433927536 -0.1505557894706726 -0.9390753507614136
1741640158.066074 -7.296649932861328 8.213800430297852 -25.53067398071289 0.006804449483752251 -0.30958470702171326 -0.1448718011379242 -0.9397463798522949
1741640158.59959 -6.818851470947266 8.06153392791748 -24.971792221069336 0.006993004586547613 -0.28945404291152954 -0.14089138805866241 -0.9467403292655945
1741640158.999498 -6.494062423706055 7.930087566375732 -24.526081085205078 0.0039170305244624615 -0.26028335094451904 -0.13172036409378052 -0.9564972519874573
1741640159.53275 -6.071245193481445 7.744239807128906 -23.847454071044922 0.011129703372716904 -0.22876660525798798 -0.12387876957654953 -0.9655030965805054
1741640159.732735 -5.902864456176758 7.6534104347229 -23.578767776489258 0.001007060636766255 -0.22225023806095123 -0.12351642549037933 -0.9671337008476257
1741640160.13288 -5.568145275115967 7.4931182861328125 -23.030292510986328 0.0003996466693934053 -0.21866968274116516 -0.12262964993715286 -0.968062698841095
1741640160.532459 -5.236351013183594 7.319155693054199 -22.460947036743164 -0.00029818061739206314 -0.21348994970321655 -0.1221022754907608 -0.9692848324775696
1741640160.932871 -4.8947834968566895 7.144864082336426 -21.852222442626953 0.00630423566326499 -0.21139393746852875 -0.12428245693445206 -0.96944659948349
1741640161.265913 -4.608151435852051 6.996444225311279 -21.349323272705078 0.0037236746866256 -0.21028593182563782 -0.12172164022922516 -0.9700256586074829
1741640161.732561 -4.211507797241211 6.790180206298828 -20.628992080688477 0.006409347523003817 -0.20501095056533813 -0.11834508180618286 -0.9715574979782104
1741640162.066619 -3.929795980453491 6.63342809677124 -20.10908317565918 0.0031807515770196915 -0.20387066900730133 -0.11692667007446289 -0.9719850420951843
1741640162.532456 -3.5761122703552246 6.417539119720459 -19.416015625 -7.117889617802575e-05 -0.1837366372346878 -0.11295995116233826 -0.9764634966850281
1741640162.999115 -3.2825894355773926 6.194616794586182 -18.717161178588867 -0.002684010425582528 -0.1499052494764328 -0.10218194127082825 -0.9834023118019104
1741640163.398841 -3.076218843460083 6.007332801818848 -18.122217178344727 -0.0017404279205948114 -0.13010521233081818 -0.0939038097858429 -0.9870418906211853
1741640163.732274 -2.8847086429595947 5.8394880294799805 -17.57929039001465 -0.00033405915019102395 -0.12683652341365814 -0.09265203773975372 -0.987587034702301
1741640164.132261 -2.6734158992767334 5.629319667816162 -16.921110153198242 -0.001627537771128118 -0.12002980709075928 -0.08968216925859451 -0.9887099266052246
1741640164.532217 -2.462116241455078 5.418564796447754 -16.25289535522461 0.00045074059744365513 -0.116641104221344 -0.08564484119415283 -0.9894744157791138
1741640164.865529 -2.288900852203369 5.236812114715576 -15.704822540283203 0.00045279337791725993 -0.11224251985549927 -0.08358075469732285 -0.9901594519615173
1741640165.265526 -2.0986690521240234 5.034631252288818 -15.06020450592041 0.0023124744184315205 -0.10928881913423538 -0.08218532055616379 -0.990604043006897
1741640165.665492 -1.9258708953857422 4.841216564178467 -14.474859237670898 9.351726475870237e-05 -0.1067032516002655 -0.08055315911769867 -0.991022527217865
1741640166.065227 -1.7652103900909424 4.660064697265625 -13.891810417175293 0.0031216468196362257 -0.10358350723981857 -0.07916365563869476 -0.9914605021476746
1741640166.665195 -1.5596418380737305 4.402121067047119 -13.127917289733887 -0.001757401623763144 -0.09903104603290558 -0.07628681510686874 -0.9921543002128601
1741640167.265281 -1.3423633575439453 4.1490654945373535 -12.355158805847168 -0.0011652641696855426 -0.09377749264240265 -0.07819957286119461 -0.9925166368484497
1741640167.665354 -1.1919286251068115 3.9591283798217773 -11.79269027709961 -0.0028951873537153006 -0.09312684834003448 -0.0777573511004448 -0.9926091432571411
1741640168.065243 -1.0206925868988037 3.7498867511749268 -11.136850357055664 0.0009396001696586609 -0.09028857201337814 -0.07646903395652771 -0.992975115776062
1741640168.398539 -0.8852643370628357 3.5628139972686768 -10.587987899780273 -0.002441363176330924 -0.091054767370224 -0.07599766552448273 -0.992938756942749
1741640168.798468 -0.703840434551239 3.342153310775757 -9.94154167175293 -0.005238398909568787 -0.08924028277397156 -0.07884202152490616 -0.9928709864616394
1741640169.198252 -0.5766547918319702 3.135193347930908 -9.312335014343262 -0.004141964949667454 -0.06183837726712227 -0.06985948234796524 -0.9956297278404236
1741640169.598359 -0.5089417695999146 2.9335312843322754 -8.721497535705566 -0.005458749830722809 -0.027765624225139618 -0.05650998651981354 -0.9980010390281677
1741640169.998324 -0.5008429288864136 2.7254207134246826 -8.140850067138672 -0.008532808162271976 0.012601143680512905 -0.04294988885521889 -0.998961329460144
1741640170.398288 -0.5005178451538086 2.5031208992004395 -7.502575874328613 -0.0050472295843064785 0.018550429493188858 -0.03568176552653313 -0.9991782903671265
1741640170.798262 -0.5082755088806152 2.269199848175049 -6.8286848068237305 -0.006656624376773834 0.02475343644618988 -0.03218848630785942 -0.9991530776023865
1741640171.198236 -0.5195345878601074 2.0341625213623047 -6.146342754364014 -0.002447075443342328 0.02187386341392994 -0.02880617417395115 -0.999342679977417
1741640171.598119 -0.533341109752655 1.8157083988189697 -5.516801834106445 -0.0025681788101792336 0.023237384855747223 -0.025606239214539528 -0.9993987083435059
1741640172.197981 -0.5115018486976624 1.554441213607788 -4.78660249710083 -0.005372338462620974 -0.001756435725837946 -0.03301924467086792 -0.9994387626647949
1741640172.798115 -0.4869673252105713 1.2794450521469116 -4.014562129974365 -0.008434104733169079 8.493256609654054e-05 -0.03289192542433739 -0.9994233846664429
1741640173.199356 -0.46560779213905334 1.0427734851837158 -3.34258770942688 -0.0090018380433321 0.000563930079806596 -0.03201735019683838 -0.99944669008255
1741640173.531317 -0.44506070017814636 0.8415316939353943 -2.7679390907287598 -0.00852116383612156 0.001018728711642325 -0.03265458717942238 -0.9994299411773682
1741640173.864619 -0.43167391419410706 0.6354760527610779 -2.1898090839385986 -0.008422702550888062 0.0009259844082407653 -0.03042902611196041 -0.9995010495185852
1741640174.264381 -0.4121457636356354 0.385166198015213 -1.5087285041809082 -0.013297365047037601 0.0010910674463957548 -0.028704378753900528 -0.9994989633560181
1741640174.664392 -0.3753846287727356 0.14922165870666504 -0.8313246369361877 -0.00905782449990511 -0.008938021026551723 -0.0294162817299366 -0.9994862675666809
1741640175.064471 -0.3247068524360657 -0.08998801559209824 -0.15635475516319275 -0.009403932839632034 -0.020048415288329124 -0.0345124714076519 -0.9991589188575745
1741640175.464457 -0.26365047693252563 -0.3304443657398224 0.5479443669319153 -0.006086993031203747 -0.022732160985469818 -0.037934593856334686 -0.9990031123161316
1741640175.864412 -0.19884297251701355 -0.5805972218513489 1.2278474569320679 -0.011065968312323093 -0.026196667924523354 -0.03847081959247589 -0.9988549947738647
1741640176.264365 -0.1357622742652893 -0.8242948651313782 1.9205106496810913 -0.006925645750015974 -0.02572297863662243 -0.039602410048246384 -0.9988604187965393
1741640176.664358 -0.06239677220582962 -1.0723934173583984 2.614380359649658 -0.009028354659676552 -0.028728503733873367 -0.041068363934755325 -0.9987024664878845
1741640177.064108 0.005505414679646492 -1.323103427886963 3.3166894912719727 -0.009662256576120853 -0.030026806518435478 -0.03858222812414169 -0.9987574815750122
1741640177.46426 0.07447219640016556 -1.5640844106674194 4.016520023345947 -0.0066525936126708984 -0.027836373075842857 -0.040805634111166 -0.9987571835517883
1741640177.864203 0.13587011396884918 -1.7941974401474 4.667571067810059 -0.007163259666413069 -0.026782747358083725 -0.040990184992551804 -0.9987748861312866
1741640178.330827 0.19792616367340088 -2.0566325187683105 5.384212970733643 -0.006885583512485027 -0.030991284176707268 -0.041021209210157394 -0.9986538290977478
1741640178.730775 0.2734226584434509 -2.2777581214904785 6.010124206542969 -0.00929364375770092 -0.033250413835048676 -0.04338083788752556 -0.998461902141571
1741640179.130774 0.34334897994995117 -2.489532470703125 6.607666492462158 -0.011325758881866932 -0.03389771655201912 -0.04392850771546364 -0.9983952045440674
1741640179.66404 0.4286114275455475 -2.7775137424468994 7.438309669494629 -0.007995369844138622 -0.036568839102983475 -0.04265493527054787 -0.998388409614563
1741640179.997144 0.49439966678619385 -2.9596004486083984 7.958443641662598 -0.009743492119014263 -0.03591608256101608 -0.044246282428503036 -0.998327374458313
1741640180.264168 0.5392268896102905 -3.1073760986328125 8.372746467590332 -0.0096537871286273 -0.03535701707005501 -0.0436650887131691 -0.9983737468719482
1741640180.797241 0.6416063904762268 -3.400961399078369 9.214598655700684 -0.008222872391343117 -0.03167581558227539 -0.04480985179543495 -0.9984593987464905
1741640181.197219 0.6728100776672363 -3.618058681488037 9.820717811584473 -0.01288637239485979 -0.008704353123903275 -0.03749866783618927 -0.9991757273674011
1741640181.797292 0.6129384636878967 -3.9272124767303467 10.650382041931152 -0.010783013887703419 0.04473242908716202 -0.01894295960664749 -0.9987612366676331
1741640182.397099 0.5715494751930237 -4.209847927093506 11.483152389526367 -0.005761273205280304 0.03810351341962814 -0.02644219622015953 -0.9989073276519775
1741640182.996875 0.6023557782173157 -4.442723274230957 12.131926536560059 -0.008547200821340084 0.004310954827815294 -0.03689979761838913 -0.9992731213569641
1741640183.596935 0.6325362324714661 -4.728830814361572 12.987588882446289 -0.0015849957708269358 0.0017523717833682895 -0.03572285547852516 -0.9993589520454407
1741640184.196914 0.6712127923965454 -5.0233869552612305 13.82170581817627 -0.009883062914013863 0.0010321104200556874 -0.04156660661101341 -0.999086320400238
1741640184.730178 0.702116847038269 -5.290653228759766 14.593757629394531 -0.005353006534278393 0.009752425365149975 -0.04147287830710411 -0.9990777373313904
1741640185.329932 0.7001696825027466 -5.605280876159668 15.456616401672363 -0.011961047537624836 0.029395969584584236 -0.0374116376042366 -0.9987958669662476
1741640185.92987 0.6582127213478088 -5.924397945404053 16.327951431274414 -0.014234371483325958 0.04070982336997986 -0.037463415414094925 -0.9983669519424438
1741640186.529965 0.6152320504188538 -6.243831157684326 17.167041778564453 -0.013800486922264099 0.04004145786166191 -0.038206230849027634 -0.998371958732605
1741640187.129924 0.583689272403717 -6.556410789489746 17.970218658447266 -0.019397851079702377 0.04222603887319565 -0.03761190176010132 -0.9982114434242249
1741640188.129673 0.5490834712982178 -6.814814567565918 18.64693260192871 -0.018836280331015587 0.04793563112616539 -0.03620085492730141 -0.9980164766311646
1741640189.263041 0.5148440003395081 -7.099185943603516 19.394052505493164 -0.019611597061157227 0.04865773767232895 -0.036985382437705994 -0.9979378581047058
1741640191.062692 0.44008633494377136 -7.4325361251831055 20.293001174926758 -0.015257405117154121 0.053301405161619186 -0.030453527346253395 -0.9979974031448364
1741640192.596028 0.36143386363983154 -7.761615753173828 21.181386947631836 -0.011855616234242916 0.0533621720969677 -0.024963175877928734 -0.9981927871704102
1741640197.062058 0.2313637137413025 -8.069994926452637 21.986183166503906 -0.01709139719605446 0.08350005745887756 -0.01060084905475378 -0.9963048696517944
1741640198.662082 0.07192304730415344 -8.39390754699707 22.832704544067383 -0.016332149505615234 0.09452540427446365 -0.0003637785848695785 -0.9953884482383728
1741640199.795153 -0.028360040858387947 -8.668001174926758 23.524396896362305 -0.021972086280584335 0.06835897266864777 -0.007711024489253759 -0.997389018535614
1741640201.261808 -0.07576370239257812 -8.953304290771484 24.278759002685547 -0.021357478573918343 0.03603748232126236 -0.015550593845546246 -0.9990012049674988
1741640201.6618 -0.08390573412179947 -9.020644187927246 24.467485427856445 -0.019690314307808876 0.03381773829460144 -0.015893984586000443 -0.9991077184677124
