1744746716.134416 -0.0 -0.0 -0.0 -0.0 -0.0 -0.0 1.0
1744746718.13433 0.008432581089437008 -0.06380008906126022 0.16812197864055634 0.0027618021704256535 0.007823999971151352 0.0013178709195926785 0.999964714050293
1744746719.600927 0.06623949855566025 -0.36740100383758545 1.014262080192566 0.008526021614670753 0.023957496508955956 0.005690688733011484 0.9996604323387146
1744746721.334196 0.11638682335615158 -0.6489885449409485 1.7880581617355347 0.008864949457347393 0.027971701696515083 0.003914874512702227 0.9995617866516113
1744746722.734278 0.12587805092334747 -0.888443648815155 2.452183723449707 0.009854928590357304 0.015171363949775696 -0.0031414912082254887 0.9998314380645752
1744746724.334289 0.09463495016098022 -1.162153959274292 3.1979260444641113 0.010864099487662315 -0.01626838929951191 -0.015502652153372765 0.999688446521759
1744746725.734089 0.003978478256613016 -1.4401403665542603 3.974604368209839 0.009329638443887234 -0.05478264391422272 -0.027806339785456657 0.9980674982070923
1744746727.134219 -0.13443516194820404 -1.7022253274917603 4.711445331573486 0.010268108919262886 -0.08671411871910095 -0.036027852445840836 0.9955286383628845
1744746728.734008 -0.2905716598033905 -1.9779572486877441 5.457780361175537 0.01106773316860199 -0.09869015961885452 -0.03754851222038269 0.9943479895591736
1744746730.334544 -0.445038378238678 -2.257444381713867 6.210530757904053 0.011990448459982872 -0.09192239493131638 -0.0350467711687088 0.9950770139694214
1744746731.73401 -0.5415076613426208 -2.528517484664917 6.937414169311523 0.01281319372355938 -0.07183285057544708 -0.026783160865306854 0.9969747066497803
1744746733.200654 -0.6089777946472168 -2.8404345512390137 7.802237510681152 0.011345675215125084 -0.04420692101120949 -0.016115618869662285 0.9988279938697815
1744746734.60052 -0.6325939297676086 -3.1197004318237305 8.559730529785156 0.01190020889043808 -0.026760101318359375 -0.00873944815248251 0.9995328783988953
1744746736.133888 -0.6443970203399658 -3.391390800476074 9.304619789123535 0.012211419641971588 -0.024853140115737915 -0.007525625638663769 0.9995881915092468
1744746737.733887 -0.7042698264122009 -3.668696403503418 10.041626930236816 0.014400487765669823 -0.043729960918426514 -0.013215881772339344 0.9988521933555603
1744746739.067214 -0.8122573494911194 -3.9178307056427 10.700363159179688 0.01562943123281002 -0.07282344251871109 -0.022762620821595192 0.9969625473022461
1744746740.467162 -1.0040315389633179 -4.214621543884277 11.45650577545166 0.0157027505338192 -0.12134332209825516 -0.03707602247595787 0.9917936325073242
1744746741.867167 -1.3246538639068604 -4.484930515289307 12.146849632263184 0.017114100977778435 -0.2062821090221405 -0.06198162958025932 0.976377546787262
1744746743.067149 -1.7716237306594849 -4.707580089569092 12.660408020019531 0.0170515775680542 -0.29572081565856934 -0.09125161170959473 0.9507532119750977
1744746744.267042 -2.334754467010498 -4.898349285125732 13.137443542480469 0.017429973930120468 -0.379397988319397 -0.12346088886260986 0.9167937636375427
1744746745.067026 -2.7743611335754395 -5.008594036102295 13.384424209594727 0.017168745398521423 -0.43337482213974 -0.14383485913276672 0.8894959688186646
1744746746.266989 -3.4574191570281982 -5.153091907501221 13.720687866210938 0.015902450308203697 -0.4845004975795746 -0.16456946730613708 0.8590246438980103
1744746747.466932 -4.129274368286133 -5.272907257080078 13.982606887817383 0.01944011263549328 -0.5189249515533447 -0.17593355476856232 0.8362931609153748
1744746748.733754 -4.870314598083496 -5.377499580383301 14.213756561279297 0.018935879692435265 -0.5452482104301453 -0.1850453019142151 0.8173763155937195
1744746750.066865 -5.6461405754089355 -5.473468780517578 14.416084289550781 0.02125588059425354 -0.5751447677612305 -0.19366417825222015 0.7945129871368408
1744746751.266917 -6.3360276222229 -5.5276994705200195 14.505863189697266 0.02255798690021038 -0.6137523651123047 -0.20894281566143036 0.7610138058662415
1744746752.666878 -7.0599822998046875 -5.545043468475342 14.499946594238281 0.02383430488407612 -0.6634979248046875 -0.22771677374839783 0.7122833728790283
1744746753.866802 -7.782575607299805 -5.528792381286621 14.399887084960938 0.022043367847800255 -0.7097976207733154 -0.2449938803911209 0.6600602269172668
1744746755.066801 -8.515693664550781 -5.473745822906494 14.196073532104492 0.02096785604953766 -0.752865731716156 -0.261066734790802 0.6038193106651306
1744746756.466765 -9.280810356140137 -5.386000156402588 13.854853630065918 0.026314714923501015 -0.7952945232391357 -0.2685607373714447 0.5428529977798462
1744746758.066733 -10.004793167114258 -5.2892584800720215 13.505873680114746 0.025298988446593285 -0.8045780658721924 -0.2755410969257355 0.5254438519477844
1744746759.53338 -10.68905258178711 -5.20949649810791 13.201541900634766 0.02810877189040184 -0.8043665289878845 -0.27127060294151306 0.5278416275978088
1744746760.866649 -11.385566711425781 -5.153684616088867 12.918365478515625 0.029187876731157303 -0.799835741519928 -0.2577826678752899 0.541256844997406
1744746762.266574 -12.063287734985352 -5.093502044677734 12.629539489746094 0.025836724787950516 -0.7954087257385254 -0.2578064203262329 0.5478989481925964
1744746764.866513 -12.756537437438965 -5.027365684509277 12.304210662841797 0.030668076127767563 -0.8068171143531799 -0.2585044205188751 0.5303595066070557
1744746767.266527 -13.156756401062012 -4.943454265594482 11.984899520874023 0.03396840766072273 -0.843231201171875 -0.27407681941986084 0.46118250489234924
1744746768.866486 -13.586427688598633 -4.767688274383545 11.395297050476074 0.03550219163298607 -0.8925057053565979 -0.2881726920604706 0.3451518416404724
1744746770.266383 -14.058420181274414 -4.616870880126953 10.830251693725586 0.03605387732386589 -0.8982740044593811 -0.2858802378177643 0.3317778408527374
1744746771.666345 -14.533330917358398 -4.484012603759766 10.30337905883789 0.037335168570280075 -0.8972727656364441 -0.2784912884235382 0.34051477909088135
1744746773.266294 -15.120134353637695 -4.36821174621582 9.714988708496094 0.04014471545815468 -0.8877231478691101 -0.2649425268173218 0.37435492873191833
1744746774.666291 -15.727943420410156 -4.260313034057617 9.209508895874023 0.03441648185253143 -0.8719143271446228 -0.26871126890182495 0.4078911244869232
1744746776.266256 -16.27715301513672 -4.173763275146484 8.7766695022583 0.03292772173881531 -0.8670215010643005 -0.2637709975242615 0.4214431643486023
1744746778.599549 -16.840290069580078 -4.073263168334961 8.287604331970215 0.03502620756626129 -0.8763095736503601 -0.2645166218280792 0.401105672121048
1744746780.466101 -17.348106384277344 -3.9357497692108154 7.699495315551758 0.035289909690618515 -0.8973372578620911 -0.27548277378082275 0.3430010974407196
1744746781.866072 -17.712100982666016 -3.7837679386138916 7.10982608795166 0.03741645812988281 -0.9177227020263672 -0.2828700542449951 0.2763504683971405
1744746783.066062 -18.028200149536133 -3.6193127632141113 6.513363838195801 0.03735704347491264 -0.9250683784484863 -0.2895895540714264 0.24288028478622437
1744746784.399341 -18.36317253112793 -3.458237648010254 5.888636589050293 0.036413952708244324 -0.92724609375 -0.29012808203697205 0.2339109182357788
1744746785.666019 -18.728408813476562 -3.3057796955108643 5.2883687019348145 0.034044455736875534 -0.924030065536499 -0.2871989607810974 0.2500523328781128
1744746787.199234 -19.167205810546875 -3.1544268131256104 4.685609817504883 0.03198938071727753 -0.9144313335418701 -0.28150129318237305 0.2890487015247345
1744746788.665895 -19.71274185180664 -2.9986209869384766 4.066755294799805 0.030099276453256607 -0.8956314921379089 -0.2783280909061432 0.3456469476222992
1744746790.068244 -20.286956787109375 -2.8740429878234863 3.515890121459961 0.03369754180312157 -0.8836814165115356 -0.2707434296607971 0.38035479187965393
1744746791.265854 -20.761520385742188 -2.7831945419311523 3.1026477813720703 0.03644193708896637 -0.880211591720581 -0.27072423696517944 0.38808244466781616
1744746792.865764 -21.348587036132812 -2.6372523307800293 2.504230499267578 0.0381399467587471 -0.8869085311889648 -0.2764201760292053 0.36814481019973755
1744746794.199041 -21.860702514648438 -2.505749225616455 1.9531192779541016 0.03926249220967293 -0.8955749273300171 -0.28123828768730164 0.34250396490097046
1744746795.465906 -22.30805206298828 -2.3439102172851562 1.3386917114257812 0.03996396064758301 -0.9040616750717163 -0.2873888909816742 0.31381988525390625
1744746796.865633 -22.770984649658203 -2.1767053604125977 0.6991443634033203 0.04229496791958809 -0.909913182258606 -0.2877264618873596 0.2957746982574463
1744746798.265638 -23.205028533935547 -2.0153818130493164 0.06976318359375 0.043151166290044785 -0.9109839797019958 -0.2860654890537262 0.2939603328704834
1744746799.665645 -23.68363380432129 -1.867945671081543 -0.55804443359375 0.0417882464826107 -0.9066466093063354 -0.2812826633453369 0.31165000796318054
1744746800.865573 -24.136306762695312 -1.7391090393066406 -1.0959606170654297 0.04017364978790283 -0.8994012475013733 -0.2782508134841919 0.3347237706184387
1744746801.998889 -24.605056762695312 -1.6264996528625488 -1.5932464599609375 0.0388636440038681 -0.8916999101638794 -0.2744883894920349 0.35779455304145813
1744746803.198835 -25.12425994873047 -1.5102272033691406 -2.1118297576904297 0.03847596049308777 -0.8844832181930542 -0.2724308669567108 0.3768163323402405
1744746804.665585 -25.769784927368164 -1.3877286911010742 -2.6887989044189453 0.0399697870016098 -0.8802991509437561 -0.2689773142337799 0.38875073194503784
1744746805.998864 -26.338905334472656 -1.2706375122070312 -3.2095985412597656 0.03859560564160347 -0.8784166574478149 -0.27214565873146057 0.39093640446662903
1744746807.198732 -26.861347198486328 -1.1632461547851562 -3.683614730834961 0.03834795579314232 -0.8793814778327942 -0.272051066160202 0.38885194063186646
1744746808.665239 -27.527456283569336 -1.0222997665405273 -4.276180267333984 0.03414296731352806 -0.8803826570510864 -0.2762547433376312 0.38398438692092896
1744746810.065354 -28.115097045898438 -0.8804244995117188 -4.844882965087891 0.03077121078968048 -0.8832939863204956 -0.2761547863483429 0.3776022493839264
1744746811.465259 -28.70326042175293 -0.7394304275512695 -5.440311431884766 0.029990922659635544 -0.8859382271766663 -0.27604833245277405 0.37149882316589355
1744746812.798577 -29.211624145507812 -0.6080284118652344 -5.987705230712891 0.03109799697995186 -0.8900474309921265 -0.27569639682769775 0.36171814799308777
1744746814.198784 -29.76104164123535 -0.46701812744140625 -6.566333770751953 0.03088400699198246 -0.8910390138626099 -0.27992141246795654 0.35600540041923523
1744746815.532003 -30.28246307373047 -0.3396644592285156 -7.1116943359375 0.031744133681058884 -0.891286313533783 -0.2798227071762085 0.3553875684738159
1744746816.931831 -30.81322479248047 -0.20761680603027344 -7.677494049072266 0.033750973641872406 -0.8890344500541687 -0.27696675062179565 0.3629988431930542
1744746818.331846 -31.379396438598633 -0.0631399154663086 -8.269500732421875 0.032753631472587585 -0.8842440843582153 -0.27725160121917725 0.3743945062160492
1744746819.531727 -31.891372680664062 0.048781394958496094 -8.746688842773438 0.030802514404058456 -0.8813874125480652 -0.27627819776535034 0.38193953037261963
1744746820.798423 -32.42778778076172 0.16561031341552734 -9.236099243164062 0.030352678149938583 -0.8797681927680969 -0.27493080496788025 0.38665202260017395
1744746822.131697 -32.98798370361328 0.29463958740234375 -9.76688003540039 0.028856728225946426 -0.8802785277366638 -0.2756495773792267 0.38509008288383484
1744746823.531473 -33.54428482055664 0.4389944076538086 -10.337226867675781 0.028588494285941124 -0.8820182085037231 -0.2787977159023285 0.3788119852542877
1744746824.731631 -34.02836990356445 0.5556621551513672 -10.821220397949219 0.030948037281632423 -0.886466383934021 -0.27691617608070374 0.36950936913490295
1744746825.998083 -34.51426315307617 0.6848430633544922 -11.33538818359375 0.03153608739376068 -0.888512134552002 -0.27966129779815674 0.36241039633750916
1744746827.331558 -35.03227233886719 0.8204174041748047 -11.884681701660156 0.03307202085852623 -0.8892623782157898 -0.2802777886390686 0.3599485456943512
1744746828.531346 -35.51374435424805 0.9429550170898438 -12.367538452148438 0.03353164345026016 -0.8883166313171387 -0.28005552291870117 0.3624058663845062
1744746829.998174 -36.081451416015625 1.098611831665039 -12.955188751220703 0.033541884273290634 -0.8843778371810913 -0.2795969247817993 0.37225860357284546
1744746831.331422 -36.630008697509766 1.2197694778442383 -13.456077575683594 0.033945873379707336 -0.877395749092102 -0.2768426537513733 0.39036211371421814
1744746832.731393 -37.20429229736328 1.3360366821289062 -13.919139862060547 0.033652618527412415 -0.8656647801399231 -0.27267515659332275 0.41849759221076965
1744746834.131462 -37.821651458740234 1.4352893829345703 -14.34579086303711 0.032757069915533066 -0.853300154209137 -0.26770684123039246 0.44624993205070496
1744746835.531326 -38.479736328125 1.5371780395507812 -14.774799346923828 0.03475068882107735 -0.8447766900062561 -0.26327648758888245 0.4645754396915436
1744746836.931306 -39.10746383666992 1.6206722259521484 -15.182929992675781 0.034948259592056274 -0.8442001938819885 -0.262084424495697 0.4662794768810272
1744746837.997949 -39.597469329833984 1.6869258880615234 -15.499778747558594 0.035173818469047546 -0.8478167653083801 -0.26324501633644104 0.45898985862731934
1744746839.331228 -40.14298629760742 1.7729778289794922 -15.914791107177734 0.03596958518028259 -0.8579302430152893 -0.2679600417613983 0.4368744194507599
1744746840.664368 -40.63067626953125 1.8788604736328125 -16.357017517089844 0.03754689544439316 -0.8682104349136353 -0.27380213141441345 0.4121083617210388
1744746842.131149 -41.14679718017578 2.0030975341796875 -16.895137786865234 0.03940505161881447 -0.8782557845115662 -0.27832502126693726 0.386845201253891
1744746843.664474 -41.69852828979492 2.1342239379882812 -17.42733383178711 0.0396285243332386 -0.8812911510467529 -0.2820136249065399 0.37712588906288147
1744746845.264403 -42.29644012451172 2.2657337188720703 -17.98617935180664 0.038970280438661575 -0.878762423992157 -0.2798594534397125 0.3846253454685211
1744746846.731097 -42.896629333496094 2.378612518310547 -18.49111557006836 0.037555985152721405 -0.8684983253479004 -0.2744748592376709 0.4110519289970398
1744746848.330965 -43.61473846435547 2.499124526977539 -19.010639190673828 0.035501472651958466 -0.8544136881828308 -0.26957693696022034 0.44276994466781616
1744746849.46428 -44.14658737182617 2.5782127380371094 -19.36697006225586 0.03389981389045715 -0.8460743427276611 -0.26653721928596497 0.4603988230228424
1744746850.664097 -44.66387176513672 2.651334762573242 -19.698570251464844 0.034622982144355774 -0.8410065770149231 -0.2636317014694214 0.4711766541004181
1744746852.130941 -45.25797653198242 2.7436771392822266 -20.097984313964844 0.03285539150238037 -0.8409169316291809 -0.26759129762649536 0.46922725439071655
1744746853.864158 -45.95030975341797 2.8552207946777344 -20.588443756103516 0.033979061990976334 -0.8514094948768616 -0.2707137167453766 0.44795241951942444
1744746855.330648 -46.536598205566406 2.9753074645996094 -21.08346939086914 0.03512813150882721 -0.866353452205658 -0.275422602891922 0.4151385724544525
1744746856.664094 -47.06263732910156 3.1027565002441406 -21.59473419189453 0.034288521856069565 -0.8788673281669617 -0.2772444486618042 0.3867194950580597
1744746858.330787 -47.64862060546875 3.259553909301758 -22.191879272460938 0.03069882281124592 -0.8823861479759216 -0.28006643056869507 0.3768489360809326
1744746860.263841 -48.30256271362305 3.3969764709472656 -22.747127532958984 0.028284495696425438 -0.8762047290802002 -0.2734685242176056 0.3958286941051483
1744746861.664054 -48.905799865722656 3.5066776275634766 -23.196033477783203 0.026766493916511536 -0.8607121706008911 -0.26764747500419617 0.43223023414611816
1744746863.063809 -49.595619201660156 3.5929813385009766 -23.618946075439453 0.025446442887187004 -0.843447208404541 -0.25968676805496216 0.469587117433548
1744746864.530588 -50.3181266784668 3.6636428833007812 -23.99553680419922 0.02656753733754158 -0.8324494361877441 -0.2535514533519745 0.4919692277908325
1744746866.130544 -51.04948806762695 3.742033004760742 -24.403182983398438 0.026120111346244812 -0.8337001800537109 -0.2551688849925995 0.4890301823616028
1744746867.663697 -51.72976303100586 3.835512161254883 -24.843379974365234 0.02444826439023018 -0.8463574647903442 -0.26140686869621277 0.46340876817703247
1744746868.930659 -52.31828308105469 3.938608169555664 -25.293895721435547 0.024773623794317245 -0.8590026497840881 -0.2655434310436249 0.4370211958885193
1744746870.26358 -52.92000961303711 4.0565643310546875 -25.799697875976562 0.025074578821659088 -0.8701517581939697 -0.26841115951538086 0.4125078022480011
1744746871.530414 -53.46360778808594 4.1776275634765625 -26.29155731201172 0.02446826919913292 -0.8753772377967834 -0.27209383249282837 0.3988495469093323
1744746872.730179 -53.930267333984375 4.27674674987793 -26.71392822265625 0.026152607053518295 -0.8772469758987427 -0.26915284991264343 0.3966238796710968
1744746874.063686 -54.514892578125 4.392902374267578 -27.195510864257812 0.024298803880810738 -0.8711516261100769 -0.2681105434894562 0.4106351137161255
1744746875.530127 -55.14813232421875 4.50311279296875 -27.655868530273438 0.019881365820765495 -0.8599029183387756 -0.2659633755683899 0.4352415204048157
1744746876.663603 -55.72134780883789 4.579721450805664 -28.00959014892578 0.016693543642759323 -0.847507894039154 -0.25944623351097107 0.462752103805542
1744746877.796719 -56.34077453613281 4.647909164428711 -28.34329605102539 0.013236952014267445 -0.8348608016967773 -0.25508031249046326 0.48761290311813354
1744746878.996877 -56.960697174072266 4.7088775634765625 -28.67352294921875 0.01618465967476368 -0.8294010162353516 -0.24870970845222473 0.4999755322933197
1744746880.46332 -57.707698822021484 4.853199005126953 -29.0802001953125 0.003032795386388898 -0.8219648599624634 -0.28096961975097656 0.4953995645046234
1744746881.596825 -58.22709274291992 4.907855987548828 -29.41655731201172 0.018694235011935234 -0.8379287719726562 -0.2655143439769745 0.4764746427536011
1744746882.863618 -58.8263053894043 5.036083221435547 -29.856124877929688 0.025739779695868492 -0.8502108454704285 -0.28296157717704773 0.44318369030952454
1744746884.196735 -59.41255187988281 5.17448616027832 -30.37871551513672 0.040870122611522675 -0.8654954433441162 -0.2870308756828308 0.4084858298301697
1744746885.396541 -59.861473083496094 5.2536163330078125 -30.805892944335938 0.04288257285952568 -0.8823842406272888 -0.2692394256591797 0.38349607586860657
1744746886.996668 -60.47776412963867 5.3763580322265625 -31.319580078125 0.028371993452310562 -0.8739612102508545 -0.2735731601715088 0.4006802439689636
1744746888.396618 -61.05461120605469 5.461095809936523 -31.72644805908203 0.029974279925227165 -0.8580116629600525 -0.26439735293388367 0.4393308162689209
1744746889.596679 -61.67628860473633 5.520856857299805 -32.091156005859375 0.02892599068582058 -0.8424762487411499 -0.2505122721195221 0.4760679602622986
1744746891.06322 -62.436859130859375 5.602373123168945 -32.49433135986328 0.022325221449136734 -0.8287085294723511 -0.25366920232772827 0.49839329719543457
1744746892.396339 -63.07377624511719 5.681121826171875 -32.854591369628906 0.024696798995137215 -0.8311725854873657 -0.25668200850486755 0.4926019012928009
1744746893.86322 -63.747840881347656 5.77764892578125 -33.301902770996094 0.029789108783006668 -0.8454861044883728 -0.26329952478408813 0.4636152386665344
1744746895.196279 -64.37367248535156 5.887477874755859 -33.78998565673828 0.027669019997119904 -0.8628295660018921 -0.2677842378616333 0.4278448820114136
1744746896.596415 -64.983642578125 6.02979850769043 -34.29573059082031 0.02387423999607563 -0.8670915365219116 -0.28201037645339966 0.409942090511322
1744746898.19635 -65.57701110839844 6.166399002075195 -34.812400817871094 0.036053262650966644 -0.8688028454780579 -0.2833646237850189 0.40445786714553833
1744746899.396357 -66.07829284667969 6.277261734008789 -35.223060607910156 0.03430309519171715 -0.8650452494621277 -0.2853560149669647 0.4112079441547394
1744746900.596286 -66.61516571044922 6.372995376586914 -35.62646484375 0.03927895799279213 -0.858825147151947 -0.27651041746139526 0.4294396936893463
1744746901.862942 -67.25029754638672 6.474271774291992 -36.03645324707031 0.03433005139231682 -0.8475393056869507 -0.27272868156433105 0.4540019631385803
1744746903.26291 -67.96923828125 6.583507537841797 -36.476470947265625 0.028819875791668892 -0.8421488404273987 -0.27261048555374146 0.4643687605857849
1744746905.396008 -68.61431884765625 6.676446914672852 -36.94590759277344 0.035698045045137405 -0.8568913340568542 -0.2619425356388092 0.44254830479621887
1744746907.262613 -69.24176025390625 6.82615852355957 -37.5125732421875 0.025105711072683334 -0.8797038197517395 -0.27575990557670593 0.38658416271209717
1744746908.462755 -69.70990753173828 6.957828521728516 -38.017662048339844 0.021247325465083122 -0.8910436034202576 -0.2824592590332031 0.3546924889087677
1744746909.596285 -70.1856918334961 7.111888885498047 -38.54161834716797 0.02045702002942562 -0.8941916227340698 -0.2880905568599701 0.3420625627040863
1744746910.796317 -70.7167739868164 7.285343170166016 -39.099525451660156 0.015211783349514008 -0.8929653763771057 -0.29027238488197327 0.3436909019947052
1744746912.196021 -71.28431701660156 7.468170166015625 -39.703529357910156 0.012481829151511192 -0.8945940136909485 -0.28995421528816223 0.3398122191429138
1744746913.595982 -71.78059387207031 7.640972137451172 -40.27699279785156 0.01614750549197197 -0.897543728351593 -0.2923458218574524 0.32967931032180786
1744746914.862636 -72.194091796875 7.827857971191406 -40.85804748535156 0.018661130219697952 -0.9081883430480957 -0.30144640803337097 0.28978586196899414
1744746916.395961 -72.39881134033203 8.045553207397461 -41.51976013183594 0.019980909302830696 -0.937511682510376 -0.31331682205200195 0.15001752972602844
1744746917.795674 -72.38351440429688 8.273892402648926 -42.2711181640625 0.02252846769988537 -0.949979841709137 -0.3114278316497803 0.006594535429030657
1744746918.995837 -72.27701568603516 8.539335250854492 -43.0037841796875 0.022113019600510597 -0.9428481459617615 -0.3250802755355835 -0.06979452818632126
1744746920.395783 -72.1423110961914 8.785160064697266 -43.644439697265625 0.014841010794043541 -0.9353088140487671 -0.33554038405418396 -0.11131013184785843
1744746921.862442 -72.00814056396484 9.057387351989746 -44.362274169921875 0.005317202303558588 -0.9359952807426453 -0.3354688882827759 -0.10651428252458572
1744746923.129048 -71.93477630615234 9.312262535095215 -45.09531021118164 0.009402074851095676 -0.9427958726882935 -0.3270953595638275 -0.0636892095208168
1744746924.329019 -71.88217163085938 9.550882339477539 -45.747276306152344 0.022086216136813164 -0.9440560340881348 -0.3265315592288971 -0.04059090092778206
1744746926.928955 -71.73934173583984 9.81031608581543 -46.49702072143555 0.02918434888124466 -0.941301167011261 -0.32166215777397156 -0.09815192222595215
1744746928.928918 -71.478271484375 9.930779457092285 -46.82878875732422 0.026594508439302444 -0.9225888252258301 -0.3175864517688751 -0.21739697456359863
1744746930.328694 -70.9577865600586 10.160748481750488 -47.391414642333984 0.027743086218833923 -0.8860085010528564 -0.3165164291858673 -0.33769330382347107
1744746932.128635 -70.38709259033203 10.33731460571289 -47.85120391845703 0.017159052193164825 -0.8554816246032715 -0.29983487725257874 -0.42184820771217346
1744746944.528302 -69.79295349121094 10.496393203735352 -48.232723236083984 0.015169646590948105 -0.8383963704109192 -0.2970481216907501 -0.4567537009716034
1744746951.928121 -69.68302917480469 10.639386177062988 -48.605224609375 0.01729738339781761 -0.9080230593681335 -0.3173505961894989 -0.272916704416275
1744746952.728116 -69.77818298339844 10.742264747619629 -48.926185607910156 0.018836742267012596 -0.942037045955658 -0.32187673449516296 -0.09277292340993881
1744746954.128241 -69.92073059082031 10.880096435546875 -49.33955383300781 0.020153477787971497 -0.9440203905105591 -0.321956068277359 0.06901872158050537
1744746968.461179 -69.92473602294922 11.14834213256836 -50.0875358581543 0.01688767969608307 -0.9382098913192749 -0.32943540811538696 -0.10463926196098328
1744746969.261201 -69.63133239746094 11.274547576904297 -50.401580810546875 0.013523438014090061 -0.9054685831069946 -0.32488569617271423 -0.27275097370147705
1744746970.327647 -69.004150390625 11.498456954956055 -50.91229248046875 0.012357824482023716 -0.8627797961235046 -0.31938421726226807 -0.3917296528816223
1744746971.127788 -68.44124603271484 11.696157455444336 -51.35826873779297 0.009146727621555328 -0.8496537208557129 -0.31381893157958984 -0.4237009882926941
1744746973.727784 -67.79508972167969 11.924410820007324 -51.880252838134766 0.008310878649353981 -0.8563480377197266 -0.31511929631233215 -0.4090217649936676
1744746975.12751 -67.43063354492188 12.199509620666504 -52.513465881347656 0.015629110857844353 -0.8959813714027405 -0.3337540924549103 -0.2925431728363037
1744746977.327453 -67.17562103271484 12.460262298583984 -53.13386535644531 0.013808156363666058 -0.912159264087677 -0.3400839567184448 -0.22829321026802063
1744746986.927196 -66.81616973876953 12.733352661132812 -53.79721450805664 0.004857117775827646 -0.9078209400177002 -0.3361603617668152 -0.2506667673587799
1744746988.127344 -66.44635772705078 12.882302284240723 -54.10306930541992 -0.00041571512701921165 -0.8657459616661072 -0.3347729742527008 -0.37203603982925415
1744746989.260473 -65.9001693725586 13.065252304077148 -54.52469253540039 -0.003744908142834902 -0.8496002554893494 -0.32297542691230774 -0.41695600748062134
1744746990.127133 -65.27717590332031 13.279397010803223 -54.97264099121094 -0.003121091751381755 -0.8379503488540649 -0.32253026962280273 -0.4402315020561218
1744746990.860632 -64.73763275146484 13.44604206085205 -55.347312927246094 -0.0036246157251298428 -0.8331728577613831 -0.31737908720970154 -0.45285817980766296
1744746991.660609 -64.1087417602539 13.637483596801758 -55.74378967285156 0.0009573338320478797 -0.8255659937858582 -0.3170197904109955 -0.4668388068675995
1744746992.460403 -63.457763671875 13.817022323608398 -56.12288284301758 0.0014815073227509856 -0.8193923830986023 -0.3112141788005829 -0.4813934862613678
1744746993.26057 -62.778499603271484 14.004595756530762 -56.50019454956055 0.004026493523269892 -0.8138247132301331 -0.3138442933559418 -0.48905521631240845
1744746994.06058 -62.18833923339844 14.167611122131348 -56.855045318603516 0.003890230553224683 -0.8212811350822449 -0.3116269111633301 -0.4778815507888794
1744746994.86036 -61.553672790527344 14.376951217651367 -57.29527282714844 0.007427094969898462 -0.8337165117263794 -0.31961995363235474 -0.45022740960121155
1744746995.660468 -61.000709533691406 14.574646949768066 -57.70496368408203 0.012954545207321644 -0.8389689922332764 -0.3216092884540558 -0.438783198595047
1744746996.460478 -60.49004364013672 14.746847152709961 -58.09278869628906 0.009763544425368309 -0.8427448868751526 -0.3143157362937927 -0.43691104650497437
1744746997.260262 -59.97765350341797 14.938640594482422 -58.483428955078125 0.011044788174331188 -0.8414592742919922 -0.3216887414455414 -0.4339822828769684
1744746998.060514 -59.48297882080078 15.107802391052246 -58.86421203613281 0.010862740688025951 -0.8442191481590271 -0.3171963095664978 -0.4319289028644562
1744746999.127048 -58.82274627685547 15.353813171386719 -59.375244140625 0.013959506526589394 -0.842727541923523 -0.3235684037208557 -0.43002215027809143
1744747002.193479 -58.3524169921875 15.428247451782227 -59.49875259399414 0.004316455218940973 -0.7649723887443542 -0.29535454511642456 -0.5723323822021484
1744747003.460283 -57.95454025268555 15.39862060546875 -59.362220764160156 -0.0022396494168788195 -0.6224453449249268 -0.24853892624378204 -0.7421490550041199
1744747004.793412 -57.2728157043457 15.500373840332031 -59.473567962646484 0.014778746291995049 -0.7143266201019287 -0.2812402546405792 -0.6406426429748535
1744747005.393565 -56.98912048339844 15.63176441192627 -59.77080535888672 0.027092138305306435 -0.8326228857040405 -0.30912262201309204 -0.45874664187431335
1744747006.193539 -56.49452209472656 15.839916229248047 -60.212371826171875 0.02971063181757927 -0.8520368933677673 -0.3152398467063904 -0.4168623387813568
1744747006.793338 -56.00865173339844 16.052431106567383 -60.66843795776367 0.030909063294529915 -0.8611056804656982 -0.31812983751296997 -0.39539244771003723
1744747007.393342 -55.532745361328125 16.274192810058594 -61.122623443603516 0.03139510005712509 -0.861473560333252 -0.32542502880096436 -0.38855665922164917
1744747007.993482 -55.06816101074219 16.478656768798828 -61.585487365722656 0.026531385257840157 -0.8661279082298279 -0.322351336479187 -0.3810617923736572
1744747008.66013 -54.56121063232422 16.710941314697266 -62.10215377807617 0.024704793468117714 -0.8687150478363037 -0.3228228986263275 -0.3748455345630646
1744747009.393308 -54.016754150390625 16.968822479248047 -62.66587829589844 0.02537715435028076 -0.8699823617935181 -0.3265746235847473 -0.3685590624809265
1744747009.993265 -53.55766296386719 17.179420471191406 -63.12742614746094 0.02458982728421688 -0.8687738180160522 -0.32590124011039734 -0.372042715549469
1744747010.793407 -52.933555603027344 17.440223693847656 -63.64252471923828 0.02071642130613327 -0.84418785572052 -0.326816201210022 -0.4243924021720886
1744747011.46007 -52.396461486816406 17.64145278930664 -64.05144500732422 0.017985327169299126 -0.8426312804222107 -0.3239346146583557 -0.4297853112220764
1744747012.059921 -51.87713623046875 17.825836181640625 -64.451171875 0.015854183584451675 -0.8425881862640381 -0.32206985354423523 -0.4313524663448334
1744747012.659903 -51.33629608154297 18.031932830810547 -64.86853790283203 0.016793137416243553 -0.8408222794532776 -0.32433652877807617 -0.4330609142780304
1744747013.193352 -50.865333557128906 18.21196174621582 -65.22325897216797 0.01570807211101055 -0.839702308177948 -0.32622116804122925 -0.43385839462280273
1744747013.660099 -50.446388244628906 18.3703556060791 -65.5472183227539 0.014215823262929916 -0.8397481441497803 -0.32602429389953613 -0.4339691400527954
1744747014.193145 -49.9866943359375 18.54253578186035 -65.89225006103516 0.013212139718234539 -0.8397912383079529 -0.3257278800010681 -0.4341399073600769
1744747014.793335 -49.47370147705078 18.743459701538086 -66.27569580078125 0.015807142481207848 -0.8378815650939941 -0.32925376296043396 -0.4350823760032654
1744747015.593289 -48.84911346435547 18.97385597229004 -66.74609375 0.012442074716091156 -0.8380091786384583 -0.3266739249229431 -0.436886727809906
1744747016.25994 -48.31874084472656 19.183095932006836 -67.13711547851562 0.016294382512569427 -0.8348578810691833 -0.33387789130210876 -0.4373471438884735
1744747016.993084 -47.757843017578125 19.382858276367188 -67.54308319091797 0.01392399612814188 -0.8344550728797913 -0.32762375473976135 -0.44289228320121765
1744747017.859745 -47.08708190917969 19.625932693481445 -67.99927520751953 0.017414981499314308 -0.8311774134635925 -0.3279741406440735 -0.44863542914390564
1744747018.459924 -46.59832000732422 19.796194076538086 -68.3099136352539 0.01801631972193718 -0.8246849775314331 -0.3258948028087616 -0.4619120657444
1744747019.193016 -45.993797302246094 19.984786987304688 -68.64817810058594 0.01953715644776821 -0.813872218132019 -0.321495920419693 -0.48360174894332886
1744747019.993037 -45.31379699707031 20.1817626953125 -68.96966552734375 0.021366292610764503 -0.7972483038902283 -0.3146634101867676 -0.5147092342376709
1744747020.859826 -44.54383087158203 20.362937927246094 -69.26177215576172 0.021090872585773468 -0.77504962682724 -0.30486294627189636 -0.5530930161476135
1744747021.659807 -43.836875915527344 20.504283905029297 -69.44522094726562 0.021328723058104515 -0.7441976070404053 -0.2952136695384979 -0.5988021492958069
1744747022.39298 -43.160377502441406 20.602439880371094 -69.53633117675781 0.020692653954029083 -0.7099506855010986 -0.28328150510787964 -0.6444327235221863
1744747023.193304 -42.40355682373047 20.688766479492188 -69.55020141601562 0.02119903825223446 -0.6748355627059937 -0.27591636776924133 -0.6841182112693787
1744747023.993089 -41.59172821044922 20.749961853027344 -69.53254699707031 0.01658026874065399 -0.6552897095680237 -0.26311028003692627 -0.7078796029090881
1744747024.792879 -40.79388427734375 20.770793914794922 -69.46527099609375 0.010491031222045422 -0.641856849193573 -0.2414502203464508 -0.7277441620826721
1744747025.392924 -40.124046325683594 20.788944244384766 -69.39823913574219 0.01334660965949297 -0.6346361041069031 -0.23594096302986145 -0.7357926964759827
1744747026.19301 -39.306182861328125 20.791975021362305 -69.31150817871094 0.004259919282048941 -0.620489239692688 -0.2341921627521515 -0.7484176754951477
1744747026.992828 -38.54182815551758 20.802520751953125 -69.1466064453125 0.010916169732809067 -0.5804827809333801 -0.2367062270641327 -0.7790319323539734
1744747027.792995 -37.87340545654297 20.77019691467285 -68.89468383789062 0.011748979799449444 -0.5174230933189392 -0.22194144129753113 -0.8263639211654663
1744747028.592974 -37.22724914550781 20.704227447509766 -68.49901580810547 0.012352250516414642 -0.44142818450927734 -0.20426824688911438 -0.8736493587493896
1744747029.392753 -36.64525604248047 20.595840454101562 -68.10958862304688 -0.0035345815122127533 -0.4186679422855377 -0.189345583319664 -0.8881738781929016
1744747033.059491 -35.967933654785156 20.464908599853516 -67.69232940673828 -0.013398322276771069 -0.42797747254371643 -0.1869281679391861 -0.8841457962989807
1744747034.793271 -35.34446716308594 20.362464904785156 -67.25010681152344 -0.0033117628190666437 -0.40532317757606506 -0.18872997164726257 -0.8944737315177917
1744747035.992762 -34.83668518066406 20.225683212280273 -66.84629821777344 -0.017950791865587234 -0.3825346529483795 -0.17187900841236115 -0.9076358079910278
1744747037.259214 -34.2352409362793 20.086097717285156 -66.3650131225586 -0.007581609766930342 -0.3895984888076782 -0.17330193519592285 -0.9045009613037109
1744747038.79272 -33.5826530456543 19.976144790649414 -65.90736389160156 0.0029463469982147217 -0.4059887230396271 -0.1888362020254135 -0.8941506743431091
1744747040.12582 -32.90388488769531 19.885108947753906 -65.52159118652344 -0.0029367697425186634 -0.43830201029777527 -0.1988195925951004 -0.8765577673912048
1744747041.525974 -32.15262985229492 19.81043243408203 -65.09502410888672 0.010052683763206005 -0.44553142786026 -0.20807750523090363 -0.8706920146942139
1744747042.592417 -31.573131561279297 19.75583267211914 -64.77147674560547 0.0120012816041708 -0.4526711404323578 -0.21139231324195862 -0.8661744594573975
1744747043.992581 -30.830703735351562 19.687416076660156 -64.3543701171875 0.015498337335884571 -0.45167168974876404 -0.21145711839199066 -0.8666247725486755
1744747045.392611 -30.14505386352539 19.600048065185547 -63.92071533203125 0.01053441222757101 -0.43124207854270935 -0.20217470824718475 -0.8792296051979065
1744747046.792309 -29.478261947631836 19.5125675201416 -63.45581817626953 0.00965732429176569 -0.4021953344345093 -0.195226788520813 -0.8944452404975891
1744747047.992289 -28.942138671875 19.411029815673828 -63.02777099609375 0.005458849016577005 -0.3851296305656433 -0.19039848446846008 -0.9029916524887085
1744747049.192418 -28.38332748413086 19.321928024291992 -62.6024169921875 0.0070935580879449844 -0.3819385766983032 -0.19276785850524902 -0.9038324952125549
1744747050.525556 -27.782703399658203 19.228649139404297 -62.167205810546875 0.011328966356813908 -0.3964195251464844 -0.1970405876636505 -0.8966037631034851
1744747051.925497 -27.06781768798828 19.13896369934082 -61.71831512451172 0.010631641373038292 -0.42301857471466064 -0.2028474360704422 -0.8830601572990417
1744747053.125649 -26.447078704833984 19.07540512084961 -61.367637634277344 0.011412196792662144 -0.4429015815258026 -0.2100141942501068 -0.871551513671875
1744747054.525455 -25.684410095214844 19.0195255279541 -60.97309494018555 0.011513515375554562 -0.4551096558570862 -0.2130405455827713 -0.8644977807998657
1744747055.792209 -25.032859802246094 18.957386016845703 -60.6029052734375 0.009966552257537842 -0.45113444328308105 -0.21094657480716705 -0.8671101331710815
1744747057.125366 -24.37762451171875 18.87795066833496 -60.191253662109375 0.008420383557677269 -0.426226407289505 -0.20433267951011658 -0.8811971545219421
1744747058.725487 -23.728364944458008 18.744836807250977 -59.625247955322266 0.004541412927210331 -0.3617918789386749 -0.18117469549179077 -0.9144734740257263
1744747060.125303 -23.21282958984375 18.576662063598633 -59.00296401977539 0.004409686662256718 -0.2967327833175659 -0.15643353760242462 -0.9420503377914429
1744747061.925267 -22.75070571899414 18.39472198486328 -58.34424591064453 0.007140708155930042 -0.26350703835487366 -0.13927467167377472 -0.9545238018035889
1744747064.125358 -22.280582427978516 18.188343048095703 -57.62834548950195 0.005598110146820545 -0.23938407003879547 -0.1269969493150711 -0.9625672698020935
1744747066.525372 -21.817638397216797 18.00794219970703 -56.947288513183594 0.011961597949266434 -0.25477996468544006 -0.13361218571662903 -0.9576492309570312
1744747068.925224 -21.26105499267578 17.875221252441406 -56.443660736083984 0.009380496107041836 -0.35500094294548035 -0.1588120460510254 -0.9212301969528198
1744747070.125204 -20.65402603149414 17.817108154296875 -56.104103088378906 0.019822899252176285 -0.44023579359054565 -0.18601147830486298 -0.8781794905662537
1744747071.391998 -19.977384567260742 17.771242141723633 -55.78929901123047 0.020660201087594032 -0.47638100385665894 -0.19938576221466064 -0.856083869934082
1744747073.52799 -19.244794845581055 17.707561492919922 -55.444419860839844 0.014325731433928013 -0.4712149500846863 -0.19709685444831848 -0.8595953583717346
1744747075.458237 -18.562654495239258 17.635807037353516 -55.032012939453125 0.014061070047318935 -0.4357295632362366 -0.18954519927501678 -0.8797810673713684
1744747077.258171 -17.954578399658203 17.50522232055664 -54.496299743652344 0.011096891015768051 -0.3505496680736542 -0.1642310470342636 -0.9219653010368347
1744747078.458286 -17.517501831054688 17.356653213500977 -53.931617736816406 0.010055048391222954 -0.2919464409351349 -0.14459948241710663 -0.9453873038291931
1744747080.058109 -17.062816619873047 17.16217803955078 -53.27327346801758 0.006255785934627056 -0.2566201388835907 -0.13055886328220367 -0.9576332569122314
1744747081.724895 -16.633686065673828 16.988037109375 -52.66105270385742 0.006839987356215715 -0.2587573826313019 -0.13080984354019165 -0.9570196866989136
1744747083.324738 -16.15726089477539 16.838481903076172 -52.09219741821289 0.007263395003974438 -0.29148852825164795 -0.14010904729366302 -0.9462299942970276
1744747084.657979 -15.619251251220703 16.709470748901367 -51.603660583496094 0.008684067986905575 -0.3432636857032776 -0.15730701386928558 -0.925931453704834
1744747085.924763 -15.035003662109375 16.60751724243164 -51.18632888793945 0.008557145483791828 -0.3908340334892273 -0.17038123309612274 -0.9045141339302063
1744747087.258361 -14.452357292175293 16.524824142456055 -50.79124450683594 0.012952815741300583 -0.40861836075782776 -0.17619112133979797 -0.8954440355300903
1744747088.9247 -13.787282943725586 16.413509368896484 -50.31235885620117 0.01048185583204031 -0.40229296684265137 -0.17249234020709991 -0.8990533351898193
1744747090.657834 -13.154489517211914 16.282339096069336 -49.77995300292969 0.012427481822669506 -0.36881595849990845 -0.1624031960964203 -0.915120542049408
1744747091.92444 -12.678825378417969 16.148311614990234 -49.269309997558594 0.011683724820613861 -0.3263542652130127 -0.14749224483966827 -0.9335965514183044
1744747093.257773 -12.19408893585205 15.973068237304688 -48.65413284301758 0.009900078177452087 -0.28574103116989136 -0.13197143375873566 -0.9491246938705444
1744747094.65816 -11.783355712890625 15.79642105102539 -48.04339599609375 0.005793155636638403 -0.25947651267051697 -0.1239452213048935 -0.9577452540397644
1744747096.257836 -11.314184188842773 15.613842010498047 -47.44123840332031 0.004262453876435757 -0.2683316469192505 -0.13086946308612823 -0.954386293888092
1744747097.857657 -10.765443801879883 15.445439338684082 -46.81925964355469 0.009927683509886265 -0.2954513430595398 -0.14599716663360596 -0.944084107875824
1744747099.257895 -10.169410705566406 15.29675006866455 -46.210853576660156 0.010143752209842205 -0.3220956027507782 -0.1578691601753235 -0.9333964586257935
1744747100.924257 -9.622466087341309 15.150846481323242 -45.64967727661133 0.0062860045582056046 -0.3294631242752075 -0.15565170347690582 -0.9312288761138916
1744747102.657787 -9.121600151062012 14.998666763305664 -45.092681884765625 0.006628009490668774 -0.313387006521225 -0.14738306403160095 -0.9380953907966614
1744747104.45764 -8.620121002197266 14.820141792297363 -44.48196029663086 0.00492073642089963 -0.29034411907196045 -0.13295775651931763 -0.9476277828216553
1744747106.057471 -8.265871047973633 14.633216857910156 -43.86296463012695 0.005397174507379532 -0.20893755555152893 -0.10426472127437592 -0.972339928150177
1744747107.457386 -8.019930839538574 14.40712833404541 -43.140098571777344 0.007166643626987934 -0.14851360023021698 -0.08068174868822098 -0.9855875372886658
1744747109.057527 -7.770333766937256 14.177450180053711 -42.41576385498047 0.005785068962723017 -0.14095887541770935 -0.07643507421016693 -0.9870434999465942
1744747110.657482 -7.411830902099609 13.953062057495117 -41.67708206176758 0.007126135285943747 -0.1899574249982834 -0.09412132948637009 -0.9772444367408752
1744747112.190706 -6.924748420715332 13.75505256652832 -40.992340087890625 0.009456870146095753 -0.2619030773639679 -0.11830958724021912 -0.9577683806419373
1744747115.39051 -6.3435893058776855 13.647676467895508 -40.570796966552734 0.00895913876593113 -0.38582026958465576 -0.15790897607803345 -0.9089154601097107
1744747117.590453 -5.869550704956055 13.665105819702148 -40.552391052246094 0.0116646159440279 -0.5483656525611877 -0.20961830019950867 -0.8094561100006104
1744747123.590343 -5.374460220336914 13.60873794555664 -40.301727294921875 0.01252870075404644 -0.4836443066596985 -0.1910354048013687 -0.8540707230567932
1744747124.19044 -5.271861553192139 13.525237083435059 -40.0265007019043 0.009998129680752754 -0.3471854329109192 -0.14815805852413177 -0.9259652495384216
1744747124.857098 -5.259770393371582 13.398191452026367 -39.64223861694336 0.004014604724943638 -0.16583634912967682 -0.08821003139019012 -0.9821920394897461
1744747125.456926 -5.259263038635254 13.254029273986816 -39.209564208984375 0.003396958112716675 -0.056822214275598526 -0.05172464996576309 -0.9970377683639526
1744747126.190249 -5.22130823135376 13.047735214233398 -38.55570983886719 0.008355815894901752 -0.023627379909157753 -0.03979974612593651 -0.9988933801651001
1744747126.990374 -5.19836950302124 12.81008529663086 -37.82857894897461 0.0052626305259764194 0.00345590990036726 -0.03221893683075905 -0.9994609951972961
1744747127.990209 -5.1575927734375 12.529346466064453 -36.97752380371094 0.003965171054005623 -0.015780538320541382 -0.03839755058288574 -0.999130129814148
1744747129.590303 -5.022335529327393 12.272140502929688 -36.18107604980469 0.005888116545975208 -0.07007953524589539 -0.055393606424331665 -0.9959848523139954
1744747131.59024 -4.728996753692627 12.166723251342773 -35.806880950927734 0.008310613222420216 -0.20699180662631989 -0.09972026199102402 -0.9732118248939514
1744747132.590097 -4.356173515319824 12.087328910827637 -35.51634216308594 0.01025024801492691 -0.3424948453903198 -0.1440584808588028 -0.9283530116081238
1744747134.590199 -3.672116279602051 11.969178199768066 -35.04570007324219 0.015245877206325531 -0.3779846429824829 -0.1543886363506317 -0.9127208590507507
1744747135.390013 -3.674149751663208 11.848094940185547 -34.68693923950195 0.009487241506576538 -0.19385668635368347 -0.09184275567531586 -0.976675271987915
1744747136.456784 -3.6769368648529053 11.61225414276123 -33.992069244384766 0.002816380700096488 -0.07216835021972656 -0.050250351428985596 -0.996121883392334
1744747137.256622 -3.6709401607513428 11.370595932006836 -33.265987396240234 0.003233193652704358 -0.002126723760738969 -0.02736053057014942 -0.9996181726455688
1744747137.989931 -3.6771090030670166 11.116480827331543 -32.535118103027344 0.002404158702120185 0.009051201865077019 -0.021967802196741104 -0.9997148513793945
1744747138.789916 -3.6501505374908447 10.841954231262207 -31.71230125427246 0.004061570856720209 -0.012594652362167835 -0.0297530610114336 -0.9994696974754333
1744747141.18998 -3.576746702194214 10.591626167297363 -30.963611602783203 0.0023009616415947676 -0.06739147007465363 -0.04932520166039467 -0.9965039491653442
1744747142.189975 -3.2654385566711426 10.515022277832031 -30.697580337524414 0.010408231988549232 -0.26359039545059204 -0.11399111151695251 -0.9578192830085754
1744747142.856475 -2.988408088684082 10.53645133972168 -30.73304557800293 0.012608771212399006 -0.46011582016944885 -0.17712604999542236 -0.869920015335083
1744747144.789735 -2.507343292236328 10.55470085144043 -30.743711471557617 0.009870149195194244 -0.5771751403808594 -0.20878054201602936 -0.7894189357757568
1744747146.456408 -2.144038200378418 10.482461929321289 -30.484743118286133 0.00921943224966526 -0.48709341883659363 -0.18006542325019836 -0.8545358180999756
1744747147.189863 -1.8279976844787598 10.3848876953125 -30.141714096069336 0.007819009944796562 -0.3875337541103363 -0.1476311832666397 -0.9099239706993103
1744747147.656513 -1.7166180610656738 10.270220756530762 -29.77674102783203 0.008235190995037556 -0.2343847155570984 -0.09726454317569733 -0.9672308564186096
1744747148.056334 -1.7576791048049927 10.16695785522461 -29.46185874938965 0.005695846397429705 -0.07913566380739212 -0.04574379324913025 -0.9957975745201111
1744747148.589674 -1.7907849550247192 10.021618843078613 -29.028701782226562 0.003961137495934963 0.0006444778991863132 -0.01785179227590561 -0.9998326301574707
1744747149.189776 -1.8349896669387817 9.832649230957031 -28.47262191772461 0.0031294580549001694 0.03148742765188217 -0.00735706090927124 -0.9994722008705139
1744747149.856268 -1.9134200811386108 9.616555213928223 -27.83418846130371 0.0032723236363381147 0.05601409450173378 0.002398355398327112 -0.9984217286109924
1744747150.589612 -1.961489200592041 9.374812126159668 -27.109493255615234 0.004206860437989235 0.04394223913550377 -0.0019434380810707808 -0.9990233778953552
1744747151.389625 -1.957660436630249 9.122095108032227 -26.364273071289062 0.0019665148574858904 0.006773049011826515 -0.014155569486320019 -0.999875009059906
1744747152.189723 -1.8776004314422607 8.870200157165527 -25.611204147338867 0.0013862686464563012 -0.030857982113957405 -0.02511497214436531 -0.9992072582244873
1744747152.923047 -1.829643726348877 8.61943244934082 -24.873146057128906 0.0009598404285497963 -0.023781726136803627 -0.02157374657690525 -0.9994839429855347
1744747153.789528 -1.7663968801498413 8.307455062866211 -23.97459602355957 -0.00484435074031353 -0.02189519628882408 -0.019476408138871193 -0.9995588064193726
1744747154.522981 -1.7188047170639038 8.050454139709473 -23.229887008666992 0.0005954291555099189 -0.02075079269707203 -0.01893332041800022 -0.9996052384376526
1744747155.322795 -1.6757440567016602 7.776451110839844 -22.416318893432617 0.002468616236001253 -0.020698556676506996 -0.018414104357361794 -0.9996131062507629
1744747156.056136 -1.610443115234375 7.5128912925720215 -21.666378021240234 0.0024951777886599302 -0.03192072734236717 -0.020448602735996246 -0.9992781281471252
1744747156.922916 -1.4777965545654297 7.208879470825195 -20.788654327392578 0.00021538877626881003 -0.055151261389255524 -0.030622407793998718 -0.9980083107948303
1744747157.522794 -1.4024105072021484 6.9975175857543945 -20.169818878173828 -0.0002611693344078958 -0.047235146164894104 -0.027831951156258583 -0.9984959363937378
1744747158.122742 -1.3540922403335571 6.789377689361572 -19.554668426513672 0.00045533498632721603 -0.02812052331864834 -0.021309861913323402 -0.9993772506713867
1744747158.722721 -1.3074545860290527 6.573685169219971 -18.92837905883789 -0.00265441439114511 -0.02681984007358551 -0.0215273667126894 -0.9994049668312073
1744747159.323751 -1.2576667070388794 6.370935916900635 -18.279827117919922 0.008067655377089977 -0.027000347152352333 -0.020148951560258865 -0.9993997812271118
1744747159.922885 -1.1850370168685913 6.15128231048584 -17.660741806030273 -0.001546069048345089 -0.042025819420814514 -0.025700274854898453 -0.9987847805023193
1744747160.522683 -1.1156363487243652 5.944016933441162 -17.050140380859375 -0.001505382009781897 -0.042030978947877884 -0.027153776958584785 -0.9987461566925049
1744747161.122669 -1.0394134521484375 5.738585948944092 -16.441343307495117 0.0006165585946291685 -0.04208517074584961 -0.029534395784139633 -0.9986773133277893
1744747161.722678 -0.9658697247505188 5.538251876831055 -15.830646514892578 0.004936445038765669 -0.04332439973950386 -0.030192852020263672 -0.9985926151275635
1744747162.522616 -0.8721681237220764 5.253638744354248 -15.012203216552734 0.0012050411896780133 -0.037526894360780716 -0.02748742885887623 -0.9989168047904968
1744747163.189261 -0.7990863919258118 5.028295516967773 -14.346976280212402 0.0007069730781950057 -0.04096194729208946 -0.028358854353427887 -0.9987578988075256
1744747163.922594 -0.7214557528495789 4.783931255340576 -13.600370407104492 0.005499262362718582 -0.042203839868307114 -0.028236081823706627 -0.9986948370933533
1744747164.72276 -0.6368718147277832 4.522452354431152 -12.80262565612793 0.0035336085129529238 -0.042067769914865494 -0.02985316887497902 -0.9986624717712402
1744747165.322937 -0.5666993260383606 4.32305383682251 -12.2066650390625 0.0003814848023466766 -0.0414767749607563 -0.03337036073207855 -0.9985819458961487
1744747165.989193 -0.504619836807251 4.108809471130371 -11.554728507995605 0.005210777744650841 -0.03202183544635773 -0.031097181141376495 -0.9989897012710571
1744747166.589203 -0.44424310326576233 3.9074668884277344 -10.948307991027832 0.003296570386737585 -0.027415525168180466 -0.03191601112484932 -0.9991090893745422
1744747167.122652 -0.40819600224494934 3.7259159088134766 -10.413728713989258 0.0036391776520758867 -0.02608298510313034 -0.03270820528268814 -0.9991179704666138
1744747167.722748 -0.35768115520477295 3.519995927810669 -9.820412635803223 0.002201890805736184 -0.02616181969642639 -0.03312404453754425 -0.9991064071655273
1744747168.322469 -0.31711992621421814 3.320629596710205 -9.233150482177734 0.001814651070162654 -0.024539764970541 -0.03324444219470024 -0.9991443157196045
1744747168.922465 -0.2727244198322296 3.1137733459472656 -8.64731216430664 -0.0018259049393236637 -0.02398638240993023 -0.03283771499991417 -0.9991711974143982
1744747169.7226 -0.2001815289258957 2.8341214656829834 -7.833901882171631 -8.543962758267298e-05 -0.022564232349395752 -0.031264930963516235 -0.999256432056427
1744747170.32246 -0.14784377813339233 2.616213321685791 -7.208423137664795 -0.003364390693604946 -0.022718988358974457 -0.03209681808948517 -0.9992209076881409
1744747170.989284 -0.06952636688947678 2.3889193534851074 -6.537135601043701 -0.0002487962774466723 -0.02987385168671608 -0.03681391850113869 -0.9988754987716675
1744747171.722398 0.001092494698241353 2.127063512802124 -5.779296398162842 -0.0024265963584184647 -0.028959818184375763 -0.038737036287784576 -0.998826801776886
1744747172.322517 0.06660109758377075 1.9151897430419922 -5.1354851722717285 0.0004036184982396662 -0.029153961688280106 -0.03927050530910492 -0.9988031983375549
1744747172.989206 0.1407233625650406 1.6675732135772705 -4.41201114654541 -0.002026328817009926 -0.029581405222415924 -0.03980815038084984 -0.9987673163414001
1744747173.72234 0.1936097890138626 1.4011132717132568 -3.6376729011535645 -0.0005938950343988836 -0.029357077553868294 -0.03679956495761871 -0.9988912343978882
1744747174.32234 0.20840688049793243 1.1694018840789795 -3.000718593597412 -0.0028752917423844337 -0.007634289562702179 -0.027301771566271782 -0.99959397315979
1744747175.122293 0.25424501299858093 0.8706548810005188 -2.176344156265259 -0.005092575680464506 -0.01270296797156334 -0.025462696328759193 -0.9995821118354797
1744747175.922285 0.3244607448577881 0.6040555834770203 -1.3950341939926147 -0.0021807588636875153 -0.029787251725792885 -0.02884342521429062 -0.9991376399993896
1744747176.722278 0.35318830609321594 0.3792659640312195 -0.7548954486846924 -0.005086416378617287 -0.017241593450307846 -0.021156681701540947 -0.9996145963668823
1744747177.722193 0.3810636103153229 0.12896455824375153 -0.0189227182418108 -0.004208798985928297 -0.01269435603171587 -0.017269723117351532 -0.9997614026069641
1744747178.188875 0.39176446199417114 0.028478512540459633 0.29135939478874207 0.002780943177640438 -0.00920873787254095 -0.015762239694595337 -0.9998295307159424
1744747178.589312 0.3968506455421448 -0.0074552795849740505 0.35837316513061523 -0.006559609901160002 -0.012536597438156605 -0.016356155276298523 -0.9997661709785461
