1744746716.200992 -0.0 -0.0 -0.0 -0.0 -0.0 -0.0 1.0
1744746718.13433 0.00851331278681755 -0.0644412487745285 0.17012858390808105 0.0027711058501154184 0.00795948226004839 0.0012664776295423508 0.9999637603759766
1744746719.600927 0.0701860785484314 -0.36677348613739014 1.0177028179168701 0.008623259142041206 0.02424694411456585 0.005506355315446854 0.999653697013855
1744746721.334196 0.12216862291097641 -0.6470543742179871 1.7885328531265259 0.008990155532956123 0.0281065721064806 0.003518343437463045 0.9995583891868591
1744746722.734278 0.1316424459218979 -0.8861774802207947 2.4515862464904785 0.009944715537130833 0.015317504294216633 -0.0035547411534935236 0.999826967716217
1744746724.334289 0.09822279214859009 -1.1592916250228882 3.194584369659424 0.010945446789264679 -0.01592526212334633 -0.015801217406988144 0.9996883869171143
1744746725.734089 0.006179444957524538 -1.4366729259490967 3.9691731929779053 0.009404582902789116 -0.054319508373737335 -0.028077229857444763 0.998084545135498
1744746727.134219 -0.1345566064119339 -1.6981874704360962 4.705304145812988 0.01032866071909666 -0.0860651284456253 -0.036259301006793976 0.9955759048461914
1744746728.734008 -0.28971704840660095 -1.9728447198867798 5.450476169586182 0.011199690401554108 -0.09808666259050369 -0.03776121512055397 0.9943981766700745
1744746730.334544 -0.4433544874191284 -2.2516613006591797 6.201949596405029 0.01215873472392559 -0.0913054496049881 -0.03523330017924309 0.9951252341270447
1744746731.73401 -0.5386232733726501 -2.522167682647705 6.927551746368408 0.013024257495999336 -0.07123257219791412 -0.02694851905107498 0.9970105886459351
1744746733.200654 -0.604037880897522 -2.832840919494629 7.790056228637695 0.011652730405330658 -0.043700844049453735 -0.016251077875494957 0.998844563961029
1744746734.60052 -0.6283113956451416 -3.111980676651001 8.544914245605469 0.012192066758871078 -0.02619355544447899 -0.008822174742817879 0.9995436668395996
1744746736.133888 -0.6405987739562988 -3.3835079669952393 9.287863731384277 0.01251169666647911 -0.02423822693526745 -0.00756656052544713 0.999599277973175
1744746737.733887 -0.7003822326660156 -3.6604793071746826 10.023118019104004 0.014708478935062885 -0.04307161271572113 -0.013222681358456612 0.9988762736320496
1744746739.067214 -0.8086082339286804 -3.9089579582214355 10.680456161499023 0.01595405302941799 -0.07208796590566635 -0.022729409858584404 0.9970116019248962
1744746740.467162 -1.0010923147201538 -4.205471515655518 11.435173988342285 0.01601986028254032 -0.12048806250095367 -0.03695680946111679 0.9918972849845886
1744746741.867167 -1.3213071823120117 -4.475127220153809 12.124417304992676 0.017461521551012993 -0.20536915957927704 -0.061796728521585464 0.9765756130218506
1744746743.067149 -1.7692307233810425 -4.697047233581543 12.637965202331543 0.017434662207961082 -0.2946966290473938 -0.0910794585943222 0.9510807394981384
1744746744.267042 -2.3325464725494385 -4.887460231781006 13.120601654052734 0.017954137176275253 -0.3786076605319977 -0.12334465980529785 0.917125940322876
1744746745.467278 -2.981224536895752 -5.041622638702393 13.48651123046875 0.019184308126568794 -0.4517073631286621 -0.15015925467014313 0.8792296051979065
1744746746.666988 -3.6855359077453613 -5.183933258056641 13.816510200500488 0.016641227528452873 -0.4962955117225647 -0.16973623633384705 0.8512365221977234
1744746747.866984 -4.348094463348389 -5.296027183532715 14.058691024780273 0.02169235795736313 -0.5282815098762512 -0.17849408090114594 0.8298121094703674
1744746749.066983 -5.024374008178711 -5.397810459136963 14.276665687561035 0.01890888437628746 -0.5524069666862488 -0.18819671869277954 0.8118319511413574
1744746750.333527 -5.740414619445801 -5.483126163482666 14.429813385009766 0.02387223206460476 -0.582887589931488 -0.1958971917629242 0.7882236242294312
1744746751.666895 -6.501487731933594 -5.538082599639893 14.5067720413208 0.02429775893688202 -0.6255823969841003 -0.2136007696390152 0.7499540448188782
1744746753.066821 -7.257562637329102 -5.548817157745361 14.474896430969238 0.02454879879951477 -0.6785054206848145 -0.23337185382843018 0.6961072683334351
1744746754.466827 -8.103316307067871 -5.516689777374268 14.313888549804688 0.02279006689786911 -0.731130838394165 -0.2521534860134125 0.6335195899009705
1744746755.666733 -8.8460054397583 -5.438303470611572 14.049520492553711 0.022182855755090714 -0.7751073837280273 -0.26986268162727356 0.5708683133125305
1744746756.866768 -9.492324829101562 -5.3581767082214355 13.738058090209961 0.027152281254529953 -0.8003805875778198 -0.27212586998939514 0.5334802269935608
1744746758.466708 -10.201495170593262 -5.254662990570068 13.40601921081543 0.02560904622077942 -0.8041502237319946 -0.27804282307624817 0.5247654914855957
1744746759.866646 -10.872228622436523 -5.181033611297607 13.100841522216797 0.029785118997097015 -0.8034754395484924 -0.2691459655761719 0.5301892757415771
1744746761.266679 -11.60057544708252 -5.126704692840576 12.806221008300781 0.029700666666030884 -0.7989286780357361 -0.25662440061569214 0.5431157946586609
1744746763.133245 -12.314818382263184 -5.064611434936523 12.50697135925293 0.02820514515042305 -0.7959927916526794 -0.25657591223716736 0.5475114583969116
1744746766.266457 -13.01427173614502 -4.979700565338135 12.139697074890137 0.032784976065158844 -0.8214289546012878 -0.264464408159256 0.5042203664779663
1744746767.933126 -13.302349090576172 -4.874687671661377 11.783695220947266 0.035396184772253036 -0.8698320984840393 -0.2820253372192383 0.40323811769485474
1744746769.266441 -13.740942001342773 -4.720274925231934 11.216404914855957 0.038227856159210205 -0.8958784937858582 -0.2859969735145569 0.3378552198410034
1744746770.666356 -14.24099349975586 -4.553282260894775 10.63703441619873 0.03606457635760307 -0.8965867757797241 -0.2886839509010315 0.333905965089798
1744746772.066295 -14.744239807128906 -4.426758766174316 10.089049339294434 0.03946295380592346 -0.8955260515213013 -0.2762548327445984 0.34663957357406616
1744746773.599712 -15.344386100769043 -4.31649923324585 9.515705108642578 0.04001684859395027 -0.8847371935844421 -0.26509028673171997 0.38126882910728455
1744746774.999554 -15.971240043640137 -4.196227073669434 9.000752449035645 0.03519604727625847 -0.8704401254653931 -0.26888135075569153 0.41085052490234375
1744746777.199531 -16.531936645507812 -4.116541385650635 8.547054290771484 0.03724198788404465 -0.8695815801620483 -0.2578195631504059 0.4194878935813904
1744746779.266004 -17.141210556030273 -4.001976013183594 7.977764129638672 0.03659671172499657 -0.8836343288421631 -0.26325148344039917 0.3854214549064636
1744746780.866154 -17.599903106689453 -3.846630096435547 7.381344318389893 0.036000870168209076 -0.9036698937416077 -0.2791028916835785 0.3227790594100952
1744746782.266058 -17.93423080444336 -3.6778910160064697 6.731464862823486 0.03932156786322594 -0.9210211038589478 -0.28486520051956177 0.2627277672290802
1744746783.399368 -18.230852127075195 -3.5228633880615234 6.170315742492676 0.03902707248926163 -0.9262926578521729 -0.28795647621154785 0.23987466096878052
1744746784.665967 -18.570024490356445 -3.3609087467193604 5.568219184875488 0.03711922839283943 -0.9269983768463135 -0.2892676889896393 0.23583975434303284
1744746785.999335 -18.97058868408203 -3.1911134719848633 4.916326522827148 0.0344206765294075 -0.9208775758743286 -0.2889767289161682 0.259407639503479
1744746787.465937 -19.400676727294922 -3.048089027404785 4.3398637771606445 0.03225670009851456 -0.9110346436500549 -0.2840464115142822 0.2971414625644684
1744746788.465923 -19.79558563232422 -2.9402828216552734 3.91878604888916 0.030435822904109955 -0.8986842632293701 -0.28069114685058594 0.3356379270553589
1744746789.665853 -20.28632926940918 -2.8327627182006836 3.4437942504882812 0.03463844582438469 -0.8867202401161194 -0.2709982693195343 0.37294405698776245
1744746791.265854 -20.933734893798828 -2.6982975006103516 2.8562393188476562 0.03760555386543274 -0.8804110288619995 -0.271515429019928 0.3869645893573761
1744746792.865764 -21.5268611907959 -2.549551010131836 2.2554187774658203 0.039491575211286545 -0.8871828317642212 -0.2770804464817047 0.3668425977230072
1744746794.199041 -22.042621612548828 -2.416414260864258 1.6981792449951172 0.040530528873205185 -0.8958021998405457 -0.281932532787323 0.3411889672279358
1744746795.465906 -22.490816116333008 -2.253441333770752 1.0811328887939453 0.041216347366571426 -0.9042633771896362 -0.288099467754364 0.3124222755432129
1744746796.865633 -22.95267105102539 -2.0848746299743652 0.4404869079589844 0.04356004670262337 -0.910095751285553 -0.2884278893470764 0.29434269666671753
1744746798.265638 -23.385955810546875 -1.922696590423584 -0.1897430419921875 0.04440496861934662 -0.9111786484718323 -0.28674814105033875 0.2925014793872833
1744746799.665645 -23.862289428710938 -1.774740219116211 -0.8172340393066406 0.04305997118353844 -0.9068983197212219 -0.28193485736846924 0.31015151739120483
1744746800.865573 -24.311203002929688 -1.645836353302002 -1.3538627624511719 0.041458889842033386 -0.8997211456298828 -0.27886974811553955 0.3331887722015381
1744746801.998889 -24.776138305664062 -1.5332493782043457 -1.8502445220947266 0.04015716537833214 -0.8920766711235046 -0.2750835120677948 0.3562523424625397
1744746803.198835 -25.291147232055664 -1.4170808792114258 -2.3676834106445312 0.03977811336517334 -0.8849167227745056 -0.27299267053604126 0.3752535283565521
1744746804.665585 -25.93056297302246 -1.2948331832885742 -2.9434356689453125 0.04126828536391258 -0.8807674050331116 -0.26951897144317627 0.38717591762542725
1744746805.998864 -26.49527931213379 -1.1783876419067383 -3.4620628356933594 0.03988863155245781 -0.8789179921150208 -0.2726774215698242 0.389305979013443
1744746807.198732 -27.012657165527344 -1.0713167190551758 -3.934856414794922 0.039631813764572144 -0.8798872232437134 -0.2725771367549896 0.38720738887786865
1744746808.665239 -27.673160552978516 -0.9312305450439453 -4.524753570556641 0.03543664887547493 -0.8809072971343994 -0.2767953872680664 0.3822707235813141
1744746810.065354 -28.254575729370117 -0.7901105880737305 -5.0910797119140625 0.03204439580440521 -0.8838234543800354 -0.2767067551612854 0.37584924697875977
1744746811.465259 -28.835891723632812 -0.6495027542114258 -5.684288024902344 0.031259603798389435 -0.8864656090736389 -0.27659958600997925 0.36972177028656006
1744746812.798577 -29.339130401611328 -0.5181398391723633 -6.230003356933594 0.0323820486664772 -0.8905713558197021 -0.27624043822288513 0.3598962426185608
1744746814.198784 -29.881671905517578 -0.37735939025878906 -6.807277679443359 0.0321718230843544 -0.891552209854126 -0.2804645299911499 0.35417407751083374
1744746815.532003 -30.39613914489746 -0.2505226135253906 -7.350410461425781 0.033014651387929916 -0.8918094635009766 -0.2803612947463989 0.3535298705101013
1744746816.931831 -30.921911239624023 -0.1189565658569336 -7.913936614990234 0.035003844648599625 -0.889603853225708 -0.27748700976371765 0.36108267307281494
1744746818.331846 -31.481733322143555 0.025022506713867188 -8.503814697265625 0.034010373055934906 -0.884861409664154 -0.2777629792690277 0.3724396526813507
1744746819.531727 -31.988609313964844 0.13648033142089844 -8.97982406616211 0.032040514051914215 -0.8820484280586243 -0.27677467465400696 0.37994715571403503
1744746820.798423 -32.51949691772461 0.2527914047241211 -9.467792510986328 0.031577691435813904 -0.8804721236228943 -0.27542397379875183 0.38459521532058716
1744746822.131697 -33.07432556152344 0.3815345764160156 -9.997455596923828 0.030076665803790092 -0.8810068964958191 -0.2761384844779968 0.38297489285469055
1744746823.531473 -33.624996185302734 0.525486946105957 -10.566841125488281 0.029795775189995766 -0.8827583193778992 -0.27928221225738525 0.3766317069530487
1744746824.731631 -34.10491180419922 0.6420564651489258 -11.0506591796875 0.032133255153894424 -0.8872067928314209 -0.27738940715789795 0.3672693073749542
1744746825.998083 -34.58674240112305 0.770939826965332 -11.56479263305664 0.032703351229429245 -0.8892500996589661 -0.2801281809806824 0.36012911796569824
1744746827.331558 -35.10055923461914 0.906254768371582 -12.113990783691406 0.03421532362699509 -0.8900145292282104 -0.28074097633361816 0.3576143980026245
1744746828.531346 -35.57773971557617 1.0288200378417969 -12.597465515136719 0.03465791419148445 -0.8890840411186218 -0.28050535917282104 0.36006277799606323
1744746829.998174 -36.14003372192383 1.1846294403076172 -13.186420440673828 0.03465251997113228 -0.8851728439331055 -0.28003713488578796 0.36992910504341125
1744746831.331422 -36.684261322021484 1.3056764602661133 -13.68802261352539 0.03505951538681984 -0.8782593607902527 -0.27728021144866943 0.3880039155483246
1744746832.731393 -37.25495910644531 1.4218921661376953 -14.153236389160156 0.03473743423819542 -0.8666088581085205 -0.27308711409568787 0.41617992520332336
1744746834.131462 -37.868019104003906 1.5210399627685547 -14.582256317138672 0.03380630910396576 -0.8543243408203125 -0.26810190081596375 0.4439690411090851
1744746835.531326 -38.52189254760742 1.6227760314941406 -15.013374328613281 0.03576907142996788 -0.845862090587616 -0.26365402340888977 0.4623035192489624
1744746836.931306 -39.146209716796875 1.706075668334961 -15.42367172241211 0.03594594448804855 -0.8453014492988586 -0.2624695897102356 0.46398618817329407
1744746837.997949 -39.63308334350586 1.7726154327392578 -15.742431640625 0.03617509827017784 -0.8488931655883789 -0.2636280655860901 0.4566968083381653
1744746839.331228 -40.17561721801758 1.8586578369140625 -16.159236907958984 0.036947086453437805 -0.8589491248130798 -0.2683473527431488 0.4345468282699585
1744746840.664368 -40.66006851196289 1.9648685455322266 -16.60309600830078 0.03850190341472626 -0.8691612482070923 -0.2741827666759491 0.40975624322891235
1744746842.131149 -41.170692443847656 2.0891265869140625 -17.14273452758789 0.04034418985247612 -0.8791430592536926 -0.27870336174964905 0.3844532072544098
1744746843.664474 -41.718074798583984 2.2201385498046875 -17.677505493164062 0.040531083941459656 -0.8821547627449036 -0.2823890447616577 0.3747221529483795
1744746845.264403 -42.31228256225586 2.3519954681396484 -18.238643646240234 0.03985222056508064 -0.8796536922454834 -0.28022706508636475 0.382222443819046
1744746846.731097 -42.90713882446289 2.465137481689453 -18.745758056640625 0.038433223962783813 -0.8694661855697632 -0.27485010027885437 0.4086672365665436
1744746848.330965 -43.6230583190918 2.5853214263916016 -19.267810821533203 0.0363282710313797 -0.8554918766021729 -0.2699507772922516 0.44038671255111694
1744746849.46428 -44.1516227722168 2.664815902709961 -19.626502990722656 0.034719422459602356 -0.8472018837928772 -0.26690128445625305 0.4580473005771637
1744746850.664097 -44.66627883911133 2.7382259368896484 -19.9600830078125 0.03542656451463699 -0.8421716094017029 -0.2639917731285095 0.46882864832878113
1744746852.130941 -45.25823211669922 2.830768585205078 -20.361724853515625 0.033663373440504074 -0.8420830965042114 -0.2679574489593506 0.4668637216091156
1744746853.864158 -45.94662857055664 2.9427032470703125 -20.855010986328125 0.03476147726178169 -0.8525241613388062 -0.2710702121257782 0.44555047154426575
1744746855.330648 -46.52918243408203 3.0629920959472656 -21.352203369140625 0.03590508922934532 -0.8673775792121887 -0.2757783532142639 0.4126902222633362
1744746856.664094 -47.05225372314453 3.1912097930908203 -21.866260528564453 0.03503580391407013 -0.879818856716156 -0.27759605646133423 0.3842288553714752
1744746858.330787 -47.63526916503906 3.348752975463867 -22.466548919677734 0.031424630433321 -0.8833149075508118 -0.2804163992404938 0.3743446469306946
1744746860.263841 -48.28468704223633 3.4865665435791016 -23.024333953857422 0.028979305177927017 -0.8771964311599731 -0.2738119065761566 0.393336683511734
1744746861.664054 -48.88323211669922 3.5969467163085938 -23.475780487060547 0.02745533362030983 -0.8618122339248657 -0.2679927945137024 0.4297741651535034
1744746863.063809 -49.5710334777832 3.6837711334228516 -23.901721954345703 0.02609160542488098 -0.8446688652038574 -0.26001614332199097 0.4671674966812134
1744746864.530588 -50.29111099243164 3.7551212310791016 -24.28271484375 0.027158545330166817 -0.8337458372116089 -0.25385239720344543 0.48958078026771545
1744746866.130544 -51.01909255981445 3.8337936401367188 -24.693771362304688 0.026701640337705612 -0.834997832775116 -0.2554652690887451 0.4866243600845337
1744746867.663697 -51.697669982910156 3.9279842376708984 -25.138416290283203 0.025023093447089195 -0.8475826978683472 -0.26169538497924805 0.46096962690353394
1744746868.930659 -52.284202575683594 4.031761169433594 -25.592849731445312 0.025352688506245613 -0.8601535558700562 -0.2658251225948334 0.4345458447933197
1744746870.26358 -52.88325500488281 4.150644302368164 -26.102561950683594 0.025653352960944176 -0.8712326288223267 -0.268685519695282 0.4100044071674347
1744746871.530414 -53.42440414428711 4.2724151611328125 -26.597854614257812 0.02503829635679722 -0.8764225244522095 -0.27236396074295044 0.3963262736797333
1744746872.730179 -53.888816833496094 4.372079849243164 -27.02288818359375 0.026703687384724617 -0.8782893419265747 -0.2694129943847656 0.39409562945365906
1744746874.063686 -54.4708251953125 4.488821029663086 -27.50774383544922 0.024846868589520454 -0.8722351789474487 -0.2683790624141693 0.40811893343925476
1744746875.530127 -55.10155487060547 4.599542617797852 -27.971519470214844 0.02041970193386078 -0.8610572814941406 -0.2662436068058014 0.43275585770606995
1744746876.663603 -55.67266845703125 4.676692962646484 -28.328384399414062 0.01721992716193199 -0.8487401604652405 -0.25974252820014954 0.4603014588356018
1744746877.796719 -56.29018020629883 4.74540901184082 -28.665489196777344 0.013751104474067688 -0.8361641764640808 -0.25538748502731323 0.48519858717918396
1744746878.996877 -56.90816879272461 4.806909561157227 -28.999099731445312 0.016682667657732964 -0.8307412266731262 -0.2490117847919464 0.4975779354572296
1744746880.46332 -57.652530670166016 4.951835632324219 -29.409809112548828 0.003615047549828887 -0.8232823610305786 -0.2813069522380829 0.49301061034202576
1744746881.596825 -58.17005157470703 5.006977081298828 -29.749107360839844 0.019219256937503815 -0.8392025828361511 -0.2658039629459381 0.4740442633628845
1744746882.863618 -58.766815185546875 5.135875701904297 -30.192123413085938 0.026294898241758347 -0.8513932824134827 -0.28322145342826843 0.4407082200050354
1744746884.196735 -59.35001754760742 5.274934768676758 -30.71790313720703 0.041415076702833176 -0.8665886521339417 -0.2872367203235626 0.4059606194496155
1744746885.396541 -59.79643630981445 5.354578018188477 -31.14751434326172 0.04336550086736679 -0.8834121823310852 -0.26943525671958923 0.38092926144599915
1744746886.996668 -60.409873962402344 5.477910995483398 -31.664642333984375 0.028865832835435867 -0.8750321865081787 -0.2738135755062103 0.39813509583473206
1744746888.396618 -60.98438262939453 5.563188552856445 -32.074745178222656 0.030448680743575096 -0.859194815158844 -0.2646443843841553 0.436830073595047
1744746889.596679 -61.60401153564453 5.623512268066406 -32.44293212890625 0.029363108798861504 -0.8437649607658386 -0.250770628452301 0.4736165404319763
1744746891.06322 -62.36216735839844 5.70562744140625 -32.85038757324219 0.02276897430419922 -0.8300575613975525 -0.2539503574371338 0.4959791302680969
1744746892.396339 -62.996891021728516 5.784933090209961 -33.214210510253906 0.025141291320323944 -0.8325039744377136 -0.2569561004638672 0.4901823401451111
1744746893.86322 -63.66830825805664 5.88206672668457 -33.66516876220703 0.030234279111027718 -0.8467394709587097 -0.26354989409446716 0.46115031838417053
1744746895.196279 -64.29121398925781 5.992488861083984 -34.156639099121094 0.02810206264257431 -0.8639814853668213 -0.2680271863937378 0.425332635641098
1744746896.596415 -64.89808654785156 6.135370254516602 -34.66560363769531 0.02433093450963497 -0.8681905269622803 -0.2822551429271698 0.40741294622421265
1744746898.19635 -65.48826599121094 6.272603988647461 -35.18555450439453 0.03650597482919693 -0.8698906302452087 -0.2835733890533447 0.4019251763820648
1744746899.396357 -65.98701477050781 6.383947372436523 -35.59892272949219 0.034754954278469086 -0.8661491870880127 -0.28557249903678894 0.40868812799453735
1744746900.596286 -66.52145385742188 6.480159759521484 -36.00542449951172 0.03970656171441078 -0.8599804639816284 -0.2767224907875061 0.4269447326660156
1744746901.862942 -67.15404510498047 6.582075119018555 -36.41889953613281 0.03475141525268555 -0.8487597107887268 -0.27296483516693115 0.4515411853790283
1744746903.26291 -67.8699722290039 6.6919708251953125 -36.8629150390625 0.02923852577805519 -0.8433905839920044 -0.2728695571422577 0.4619302749633789
1744746905.396008 -68.51201629638672 6.785512924194336 -37.335792541503906 0.03607156127691269 -0.8580750823020935 -0.26217785477638245 0.4400781989097595
1744746907.262613 -69.13590240478516 6.935876846313477 -37.90587615966797 0.02548014186322689 -0.8807252049446106 -0.2760023772716522 0.38405299186706543
1744746908.462755 -69.60099792480469 7.068056106567383 -38.413482666015625 0.021622853353619576 -0.8919721245765686 -0.28270095586776733 0.3521340787410736
1744746909.596285 -70.0735855102539 7.22265625 -38.9400634765625 0.020840980112552643 -0.8950820565223694 -0.2883305251598358 0.33949872851371765
1744746910.796317 -70.60118865966797 7.396701812744141 -39.50091552734375 0.015595399774610996 -0.8938530087471008 -0.2905305325984955 0.3411387801170349
1744746912.196021 -71.16510009765625 7.580207824707031 -40.10813903808594 0.012859168462455273 -0.8954664468765259 -0.2902211546897888 0.33726298809051514
1744746913.595982 -71.65796661376953 7.753574371337891 -40.68431091308594 0.01652095839381218 -0.8983874917030334 -0.2926015555858612 0.3271258473396301
1744746914.862636 -72.0681381225586 7.941089630126953 -41.267860412597656 0.019036585465073586 -0.9089236855506897 -0.30167922377586365 0.2872021198272705
1744746916.395961 -72.26924133300781 8.159297943115234 -41.93089294433594 0.02030755765736103 -0.9378780722618103 -0.313469797372818 0.1473398506641388
1744746917.795674 -72.24990844726562 8.388190269470215 -42.68244552612305 0.02272750623524189 -0.9499735236167908 -0.3114783763885498 0.003876196686178446
1744746918.995837 -72.13911437988281 8.653894424438477 -43.415000915527344 0.022292926907539368 -0.9426375031471252 -0.3250862956047058 -0.07250208407640457
1744746920.395783 -72.00052642822266 8.899877548217773 -44.055381774902344 0.015030868351459503 -0.9349831342697144 -0.33553746342658997 -0.1139967292547226
1744746921.862442 -71.8620376586914 9.172143936157227 -44.77301025390625 0.005492957774549723 -0.9356756210327148 -0.3354966342449188 -0.10919268429279327
1744746923.129048 -71.7842025756836 9.426924705505371 -45.50605010986328 0.009531737305223942 -0.9425885677337646 -0.32715553045272827 -0.06637118756771088
1744746924.329019 -71.72779846191406 9.665703773498535 -46.158172607421875 0.022204654291272163 -0.9439178109169006 -0.3265793025493622 -0.04326847195625305
1744746926.928955 -71.58049774169922 9.925359725952148 -46.90776824951172 0.02925925888121128 -0.9410222172737122 -0.3216497302055359 -0.10080962628126144
1744746928.928918 -71.31743621826172 10.045647621154785 -47.23841857910156 0.02661433070898056 -0.9220040440559387 -0.31749099493026733 -0.21999938786029816
1744746930.328694 -70.79336547851562 10.275345802307129 -47.79878234863281 0.027697620913386345 -0.8851171135902405 -0.31632858514785767 -0.3402010500431061
1744746932.128635 -70.21955108642578 10.451294898986816 -48.25595474243164 0.017068663612008095 -0.8543803095817566 -0.2995925545692444 -0.4242490231990814
1744746944.528302 -69.62286376953125 10.609580993652344 -48.634620666503906 0.01507649477571249 -0.8372176885604858 -0.2967730164527893 -0.4590916931629181
1744746951.928121 -69.51104736328125 10.752413749694824 -49.006317138671875 0.017182419076561928 -0.9072968363761902 -0.3172542154788971 -0.27543962001800537
1744746952.728116 -69.60450744628906 10.85527515411377 -49.327537536621094 0.018678274005651474 -0.9417477250099182 -0.3219687044620514 -0.09538666158914566
1744746954.128241 -69.74465942382812 10.99305534362793 -49.74134826660156 0.019995907321572304 -0.944118320941925 -0.32222819328308105 0.06640660017728806
1744746968.461179 -69.74441528320312 11.261323928833008 -50.489280700683594 0.01666836254298687 -0.9378765225410461 -0.32955968379974365 -0.10723915696144104
1744746969.261201 -69.44976043701172 11.386963844299316 -50.80168151855469 0.013193493708968163 -0.9047210216522217 -0.3248503804206848 -0.2752782106399536
1744746970.327647 -68.81954956054688 11.610051155090332 -51.30939483642578 0.011972589418292046 -0.8617439866065979 -0.3192177712917328 -0.3941497504711151
1744746971.127788 -68.25381469726562 11.806880950927734 -51.752742767333984 0.008745872415602207 -0.8485416769981384 -0.3136228621006012 -0.4260767102241516
1744746973.727784 -67.60423278808594 12.034130096435547 -52.271846771240234 0.00790403038263321 -0.8552704453468323 -0.3149466812610626 -0.4114105701446533
1744746975.12751 -67.23603057861328 12.308691024780273 -52.903411865234375 0.015229870565235615 -0.895175576210022 -0.3337271511554718 -0.29505088925361633
1744746977.327453 -66.97721099853516 12.569326400756836 -53.522762298583984 0.013412006199359894 -0.9114990234375 -0.3401547968387604 -0.23083411157131195
1744746986.927196 -66.61360168457031 12.84221076965332 -54.184349060058594 0.00442848913371563 -0.9071044921875 -0.33622652292251587 -0.25316721200942993
1744746988.127344 -66.24217987060547 12.990585327148438 -54.488372802734375 -0.0008785079699009657 -0.8647381663322449 -0.33469799160957336 -0.3744387924671173
1744746989.260473 -65.69353485107422 13.172601699829102 -54.90735626220703 -0.004247930366545916 -0.8484896421432495 -0.3228500485420227 -0.4193029999732971
1744746990.127133 -65.06793975830078 13.385638236999512 -55.352298736572266 -0.0036296742036938667 -0.8367878198623657 -0.3223729133605957 -0.4425479769706726
1744746990.860632 -64.52616119384766 13.55131721496582 -55.724388122558594 -0.004151143133640289 -0.8319833874702454 -0.31720635294914246 -0.45515546202659607
1744746991.660609 -63.894935607910156 13.741584777832031 -56.11787796020508 0.00042529424536041915 -0.8243512511253357 -0.3168177604675293 -0.4691176414489746
1744746992.460403 -63.24174499511719 13.919893264770508 -56.49387741088867 0.0009335489012300968 -0.8181494474411011 -0.3109908998012543 -0.4836479723453522
1744746993.26057 -62.56017303466797 14.106114387512207 -56.867950439453125 0.003482382046058774 -0.8125680685043335 -0.31360551714897156 -0.4912968575954437
1744746994.06058 -61.968017578125 14.26803207397461 -57.22001647949219 0.003330451902002096 -0.8200510740280151 -0.31140607595443726 -0.4801369309425354
1744746994.86036 -61.330726623535156 14.476170539855957 -57.657196044921875 0.006877921521663666 -0.8325504064559937 -0.31943389773368835 -0.4525201916694641
1744746995.660468 -60.775489807128906 14.672809600830078 -58.064144134521484 0.012404697015881538 -0.8378356099128723 -0.3214295506477356 -0.4410904049873352
1744746996.460478 -60.262657165527344 14.84410285949707 -58.44953155517578 0.00918854121118784 -0.8416157364845276 -0.3141476511955261 -0.4392150938510895
1744746997.260262 -59.74798583984375 15.034942626953125 -58.837608337402344 0.01048404909670353 -0.8403361439704895 -0.321523517370224 -0.4362887442111969
1744746998.060514 -59.25129699707031 15.203192710876465 -59.215965270996094 0.010287439450621605 -0.8431031107902527 -0.31703606247901917 -0.4342343807220459
1744746999.127048 -58.58838653564453 15.447977066040039 -59.723602294921875 0.013396324589848518 -0.8416164517402649 -0.32340437173843384 -0.43233320116996765
1744747002.193479 -58.11722946166992 15.521509170532227 -59.84490966796875 0.003687887918204069 -0.7635428309440613 -0.2950001358985901 -0.5744245648384094
1744747003.460283 -57.72030258178711 15.490652084350586 -59.70659255981445 -0.0028625931590795517 -0.6206371188163757 -0.24787375330924988 -0.7438817620277405
1744747004.793412 -57.03748321533203 15.590824127197266 -59.81480026245117 0.014142339117825031 -0.712777853012085 -0.2807493209838867 -0.6425943970680237
1744747005.393565 -56.752174377441406 15.721851348876953 -60.11077117919922 0.02642667107284069 -0.8314687013626099 -0.30892354249954224 -0.46100738644599915
1744747006.193539 -56.25505065917969 15.929241180419922 -60.54997253417969 0.02904725819826126 -0.8509764671325684 -0.31510284543037415 -0.4191724359989166
1744747006.793338 -55.76667785644531 16.140928268432617 -61.00361633300781 0.030245961621403694 -0.8600929975509644 -0.31802523136138916 -0.39772504568099976
1744747007.393342 -55.288299560546875 16.36195945739746 -61.45546340942383 0.030745666474103928 -0.8604727983474731 -0.32533133029937744 -0.39089763164520264
1744747007.993482 -54.82127380371094 16.56568145751953 -61.91596221923828 0.025869274511933327 -0.865139365196228 -0.3222818970680237 -0.38340461254119873
1744747008.66013 -54.311561584472656 16.797170639038086 -62.429962158203125 0.024039337411522865 -0.8677380084991455 -0.32276931405067444 -0.37719082832336426
1744747009.393308 -53.76411437988281 17.05421257019043 -62.99082946777344 0.02471894957125187 -0.8690195083618164 -0.3265284597873688 -0.37090861797332764
1744747009.993265 -53.30262756347656 17.26401138305664 -63.449981689453125 0.023923436179757118 -0.8678027987480164 -0.3258539140224457 -0.37438642978668213
1744747010.793407 -52.67584991455078 17.523643493652344 -63.961944580078125 0.020045701414346695 -0.8430960774421692 -0.3266966938972473 -0.4266807436943054
1744747011.46007 -52.13658142089844 17.723861694335938 -64.36817169189453 0.01730469800531864 -0.8415276408195496 -0.3238133490085602 -0.43206119537353516
1744747012.059921 -51.61504364013672 17.907283782958984 -64.76524353027344 0.015164147131145 -0.8414803743362427 -0.3219517767429352 -0.43362191319465637
1744747012.659903 -51.07209014892578 18.112300872802734 -65.1797866821289 0.016105568036437035 -0.8397121429443359 -0.3242154121398926 -0.4353257715702057
1744747013.193352 -50.59931182861328 18.29139518737793 -65.53207397460938 0.015022793784737587 -0.838589072227478 -0.3261008858680725 -0.4361203610897064
1744747013.660099 -50.178627014160156 18.448997497558594 -65.85395050048828 0.0135261882096529 -0.8386338949203491 -0.3259087800979614 -0.4362267553806305
1744747014.193145 -49.717124938964844 18.62029457092285 -66.19667053222656 0.012518482282757759 -0.8386764526367188 -0.32561567425727844 -0.4363938570022583
1744747014.793335 -49.202003479003906 18.82023811340332 -66.57756805419922 0.015119322575628757 -0.8367670774459839 -0.32913488149642944 -0.43733566999435425
1744747015.593289 -48.57494354248047 19.049379348754883 -67.04476165771484 0.011744574643671513 -0.8368889093399048 -0.3265613317489624 -0.4391317367553711
1744747016.25994 -48.04249572753906 19.257530212402344 -67.43309020996094 0.015613832511007786 -0.833739161491394 -0.33375558257102966 -0.43959346413612366
1744747016.993084 -47.47956848144531 19.456151962280273 -67.83624267578125 0.013224824331700802 -0.8333254456520081 -0.3275000751018524 -0.4451265037059784
1744747017.859745 -46.80658721923828 19.697834014892578 -68.2890396118164 0.016713034361600876 -0.8300412893295288 -0.3278358578681946 -0.4508613049983978
1744747018.459924 -46.316192626953125 19.86704444885254 -68.59724426269531 0.017308298498392105 -0.8235235214233398 -0.3257344961166382 -0.4641191065311432
1744747019.193016 -45.709869384765625 20.05432891845703 -68.93262481689453 0.018816644325852394 -0.8126702308654785 -0.32129934430122375 -0.4857775866985321
1744747019.993037 -45.02814483642578 20.249759674072266 -69.2508316040039 0.02062941901385784 -0.7959878444671631 -0.3144128620624542 -0.516838788986206
1744747020.859826 -44.25664520263672 20.429153442382812 -69.53941345214844 0.020333264023065567 -0.7737142443656921 -0.30455008149147034 -0.5551595687866211
1744747021.659807 -43.548606872558594 20.568788528442383 -69.7197265625 0.020556872710585594 -0.7427725195884705 -0.2948208451271057 -0.6007887125015259
1744747022.39298 -42.871543884277344 20.665203094482422 -69.8078384399414 0.019907187670469284 -0.7084387540817261 -0.28280720114707947 -0.6463268399238586
1744747023.193304 -42.11441421508789 20.74946403503418 -69.81838989257812 0.020415760576725006 -0.673252284526825 -0.27536672353744507 -0.6859211325645447
1744747023.993089 -41.30258560180664 20.808372497558594 -69.79718017578125 0.015779467299580574 -0.6536688804626465 -0.2625280022621155 -0.7096105813980103
1744747024.792879 -40.50505065917969 20.82691192626953 -69.72651672363281 0.009647618047893047 -0.6402116417884827 -0.24084660410881042 -0.7294031977653503
1744747025.392924 -39.83551025390625 20.843097686767578 -69.65660858154297 0.012497605755925179 -0.6329936981201172 -0.23531842231750488 -0.7374199032783508
1744747026.19301 -39.018062591552734 20.843721389770508 -69.56636047363281 0.0034195464104413986 -0.6188270449638367 -0.2335643768310547 -0.7499927878379822
1744747026.992828 -38.25452423095703 20.851913452148438 -69.39823913574219 0.010114014148712158 -0.5787838697433472 -0.23600007593631744 -0.7805196642875671
1744747027.792995 -37.587554931640625 20.81747055053711 -69.14349365234375 0.01096690446138382 -0.5156564712524414 -0.22112953662872314 -0.8276956081390381
1744747028.592974 -36.943817138671875 20.749189376831055 -68.7452621459961 0.011605323292315006 -0.4396425187587738 -0.2033528983592987 -0.8747727870941162
1744747029.392753 -36.363861083984375 20.63882827758789 -68.35369873046875 -0.004298117011785507 -0.41685381531715393 -0.18842297792434692 -0.8892195224761963
1744747033.059491 -35.68924331665039 20.505569458007812 -67.9338150024414 -0.014177648350596428 -0.42622485756874084 -0.186029314994812 -0.8851692080497742
1744747034.793271 -35.0681266784668 20.40091323852539 -67.48959350585938 -0.00406464422121644 -0.40358948707580566 -0.18776249885559082 -0.8954575657844543
1744747035.992762 -34.56257247924805 20.262310028076172 -67.08425903320312 -0.018712878227233887 -0.3807902932167053 -0.17090433835983276 -0.9085374474525452
1744747037.259214 -33.96360397338867 20.120420455932617 -66.60093688964844 -0.008344295434653759 -0.3879033029079437 -0.1723196804523468 -0.9054100513458252
1744747038.79272 -33.313106536865234 20.008079528808594 -66.14115905761719 0.002198658650740981 -0.4043380320072174 -0.18786798417568207 -0.8951042294502258
1744747040.12582 -32.635986328125 19.914554595947266 -65.75302124023438 -0.003685819450765848 -0.4366963803768158 -0.19791929423809052 -0.8775595426559448
1744747041.525974 -31.88706398010254 19.837574005126953 -65.32412719726562 0.009285430423915386 -0.44396522641181946 -0.2071451097726822 -0.8717222809791565
1744747042.592417 -31.309837341308594 19.780778884887695 -64.99928283691406 0.011255922727286816 -0.45112159848213196 -0.2104751020669937 -0.8672155737876892
1744747043.992581 -30.570613861083984 19.709735870361328 -64.58024597167969 0.014754324220120907 -0.4501844644546509 -0.21053843200206757 -0.867634654045105
1744747045.392611 -29.887739181518555 19.61992645263672 -64.14498901367188 0.009805128909647465 -0.429763525724411 -0.2012539654970169 -0.8801727294921875
1744747046.792309 -29.22420310974121 19.530101776123047 -63.67856216430664 0.008953937329351902 -0.4007343649864197 -0.19427962601184845 -0.8953140377998352
1744747047.992289 -28.69078826904297 19.426658630371094 -63.24944305419922 0.004772879183292389 -0.3836663067340851 -0.18944595754146576 -0.9038183093070984
1744747049.192418 -28.1346435546875 19.33553695678711 -62.822452545166016 0.006419131997972727 -0.38050341606140137 -0.1918109953403473 -0.904646098613739
1744747050.525556 -27.53716278076172 19.240333557128906 -62.386390686035156 0.010652996599674225 -0.3950258791446686 -0.19608277082443237 -0.8974367380142212
1744747051.925497 -26.824687957763672 19.148237228393555 -61.935909271240234 0.0099418256431818 -0.42164909839630127 -0.20192959904670715 -0.8839330673217773
1744747053.125649 -26.204978942871094 19.082616806030273 -61.58366012573242 0.010716568678617477 -0.44156286120414734 -0.20913663506507874 -0.8724502325057983
1744747054.525455 -25.44457244873047 19.02417755126953 -61.18730545043945 0.010814106091856956 -0.45380327105522156 -0.21217940747737885 -0.8654048442840576
1744747055.792209 -24.794208526611328 18.95977783203125 -60.81493377685547 0.009270868264138699 -0.4498389661312103 -0.2100614309310913 -0.8680052757263184
1744747057.125366 -24.140296936035156 18.877979278564453 -60.40066146850586 0.007750177290290594 -0.4249325394630432 -0.20341123640537262 -0.8820409774780273
1744747058.725487 -23.493247985839844 18.74258804321289 -59.83291244506836 0.003911399748176336 -0.3604719042778015 -0.1801687479019165 -0.9151960611343384
1744747060.125303 -22.980064392089844 18.572450637817383 -59.20939254760742 0.0038274864200502634 -0.29539915919303894 -0.15535716712474823 -0.9426499009132385
1744747061.925267 -22.520517349243164 18.38842010498047 -58.54927444458008 0.006601400673389435 -0.2621915638446808 -0.1381501704454422 -0.9550532102584839
1744747064.125358 -22.053098678588867 18.179859161376953 -57.83149719238281 0.005086486227810383 -0.238094300031662 -0.12585927546024323 -0.9630393385887146
1744747066.525372 -21.592967987060547 17.997268676757812 -57.148704528808594 0.011477639898657799 -0.2535267770290375 -0.1324562430381775 -0.9581481218338013
1744747068.925224 -21.037857055664062 17.862443923950195 -56.64285659790039 0.008850005455315113 -0.35381972789764404 -0.15770840644836426 -0.921879231929779
1744747070.125204 -20.430604934692383 17.80225372314453 -56.30086135864258 0.019269607961177826 -0.43913760781288147 -0.18494752049446106 -0.8789660334587097
1744747071.391998 -19.75433349609375 17.753890991210938 -55.983177185058594 0.02008899301290512 -0.47533726692199707 -0.1983727663755417 -0.8569126129150391
1744747073.52799 -19.021682739257812 17.687652587890625 -55.63471221923828 0.013768359087407589 -0.47020062804222107 -0.19608627259731293 -0.8603906631469727
1744747075.458237 -18.339757919311523 17.613422393798828 -55.219261169433594 0.013549616560339928 -0.4347253739833832 -0.1884998381137848 -0.8805102109909058
1744747077.258171 -17.732349395751953 17.480682373046875 -54.681732177734375 0.0106835151091218 -0.3495207130908966 -0.16310995817184448 -0.9225596785545349
1744747078.458286 -17.29595184326172 17.33047866821289 -54.1156005859375 0.009709304198622704 -0.2908833920955658 -0.1434285193681717 -0.9458968639373779
1744747080.058109 -16.84264373779297 17.134170532226562 -53.454891204833984 0.005938780028373003 -0.2555522918701172 -0.129375159740448 -0.9580813646316528
1744747081.724895 -16.41504669189453 16.958375930786133 -52.841060638427734 0.006538008339703083 -0.2577066421508789 -0.1296277493238449 -0.9574660658836365
1744747083.324738 -15.939863204956055 16.807052612304688 -52.27002716064453 0.006948560476303101 -0.29046669602394104 -0.13894397020339966 -0.9467182755470276
1744747084.657979 -15.402281761169434 16.67608642578125 -51.77889633178711 0.008366236463189125 -0.34229591488838196 -0.15614083409309387 -0.9264899492263794
1744747085.924763 -14.81796932220459 16.57193374633789 -51.3586540222168 0.00822905171662569 -0.3899213671684265 -0.16923823952674866 -0.9051254391670227
1744747087.258361 -14.23462963104248 16.487728118896484 -50.961700439453125 0.012620070017874241 -0.40773922204971313 -0.17503945529460907 -0.8960751891136169
1744747088.9247 -13.569941520690918 16.374122619628906 -50.47998046875 0.010178416967391968 -0.4014465808868408 -0.17134150862693787 -0.8996550440788269
1744747090.657834 -12.93770980834961 16.241079330444336 -49.944793701171875 0.012185501866042614 -0.36799752712249756 -0.16120626032352448 -0.915664792060852
1744747091.92444 -12.462974548339844 16.105178833007812 -49.43141174316406 0.011507882736623287 -0.3255719840526581 -0.1462864726781845 -0.9340614080429077
1744747093.257773 -11.979360580444336 15.928156852722168 -48.81372833251953 0.009791916236281395 -0.2849798798561096 -0.1307433694601059 -0.9495245218276978
1744747094.65816 -11.56980037689209 15.749926567077637 -48.20090103149414 0.005745201371610165 -0.25873321294784546 -0.12272410839796066 -0.9581038355827332
1744747096.257836 -11.10184383392334 15.56572437286377 -47.59616470336914 0.004233818035572767 -0.2676318883895874 -0.1296560913324356 -0.9547484517097473
1744747097.857657 -10.553218841552734 15.39554214477539 -46.9715690612793 0.00991215929389 -0.2948005199432373 -0.14478416740894318 -0.944474458694458
1744747099.257895 -9.957545280456543 15.244827270507812 -46.360130310058594 0.010142233222723007 -0.32151758670806885 -0.15665844082832336 -0.9337996244430542
1744747100.924257 -9.41108512878418 15.097296714782715 -45.7960205078125 0.006303135771304369 -0.3289547264575958 -0.15443499386310577 -0.9316110014915466
1744747102.657787 -8.910213470458984 14.943607330322266 -45.23626708984375 0.006689676083624363 -0.3129180073738098 -0.14616245031356812 -0.9384424090385437
1744747104.45764 -8.409299850463867 14.762866973876953 -44.62171936035156 0.005043295212090015 -0.2899419367313385 -0.13174545764923096 -0.9479195475578308
1744747106.057471 -8.054344177246094 14.575040817260742 -44.00099563598633 0.0056465547531843185 -0.20852361619472504 -0.10304111242294312 -0.972557783126831
1744747107.457386 -7.8092780113220215 14.347640037536621 -43.2742919921875 0.007510337047278881 -0.14813552796840668 -0.07944215089082718 -0.9857425689697266
1744747109.057527 -7.560182571411133 14.11706256866455 -42.54737854003906 0.006167116574943066 -0.14060775935649872 -0.07521441578865051 -0.987185001373291
1744747110.657482 -7.201667308807373 13.891674041748047 -41.80624008178711 0.007486733142286539 -0.18964262306690216 -0.09291060268878937 -0.9774187207221985
1744747112.190706 -6.7167863845825195 13.692679405212402 -41.119300842285156 0.009779166430234909 -0.261701762676239 -0.11706690490245819 -0.9579728245735168
1744747115.39051 -6.135270118713379 13.584171295166016 -40.69533157348633 0.009167482145130634 -0.38576555252075195 -0.15655328333377838 -0.9091710448265076
1744747117.590453 -5.660392761230469 13.600339889526367 -40.676387786865234 0.011674321256577969 -0.5484309196472168 -0.2082131803035736 -0.8097743988037109
1744747123.590343 -5.164309501647949 13.542978286743164 -40.424530029296875 0.012658637948334217 -0.4837419390678406 -0.18961124122142792 -0.854330837726593
1744747124.19044 -5.062005996704102 13.45940113067627 -40.14806365966797 0.01041918620467186 -0.3473217189311981 -0.14664022624492645 -0.9261510372161865
1744747124.857098 -5.050633907318115 13.332215309143066 -39.76214599609375 0.004793719854205847 -0.16593749821186066 -0.08672108501195908 -0.9823040962219238
1744747125.456926 -5.050538539886475 13.187970161437988 -39.327396392822266 0.004374321550130844 -0.056891124695539474 -0.050329480320215225 -0.9971014261245728
1744747126.190249 -5.012975692749023 12.982138633728027 -38.67099380493164 0.009400962851941586 -0.023698918521404266 -0.03845790773630142 -0.9989349246025085
1744747126.990374 -4.990166664123535 12.7448091506958 -37.940616607666016 0.006361125037074089 0.0034037327859550714 -0.03092065081000328 -0.9994958639144897
1744747127.990209 -4.950409412384033 12.464720726013184 -37.08551788330078 0.005059550981968641 -0.01585312746465206 -0.0370907187461853 -0.9991733431816101
1744747129.590303 -4.816453456878662 12.208027839660645 -36.28627014160156 0.006932813208550215 -0.07019773870706558 -0.0540444478392601 -0.996043860912323
1744747131.59024 -4.5247273445129395 12.102129936218262 -35.911956787109375 0.009201781824231148 -0.20721551775932312 -0.09822580218315125 -0.9733082056045532
1744747132.590097 -4.151730537414551 12.021626472473145 -35.620792388916016 0.010938559658825397 -0.3427795469760895 -0.1425120234489441 -0.9284788370132446
1744747134.590199 -3.4654641151428223 11.902566909790039 -35.14796447753906 0.015877634286880493 -0.3783310353755951 -0.15281079709529877 -0.9128320813179016
1744747135.390013 -3.467874050140381 11.781811714172363 -34.78721237182617 0.01044312585145235 -0.1941400021314621 -0.09039725363254547 -0.9767440557479858
1744747136.456784 -3.4718081951141357 11.546457290649414 -34.090579986572266 0.004001776222139597 -0.07242938876152039 -0.04893546551465988 -0.9961643218994141
1744747137.256622 -3.4670770168304443 11.30540943145752 -33.360740661621094 0.004519265610724688 -0.0023884070105850697 -0.026087377220392227 -0.9996466636657715
1744747137.989931 -3.473393201828003 11.052656173706055 -32.627811431884766 0.0037234679330140352 0.008795383386313915 -0.020702078938484192 -0.9997401237487793
1744747138.789916 -3.4473745822906494 10.779511451721191 -31.80226707458496 0.005360247567296028 -0.012883811257779598 -0.02846006117761135 -0.9994975924491882
1744747141.18998 -3.3741214275360107 10.530549049377441 -31.05207633972168 0.003547495463863015 -0.06770101934671402 -0.04796319827437401 -0.9965458512306213
1744747142.189975 -3.063183546066284 10.453120231628418 -30.784971237182617 0.011390360072255135 -0.2640450596809387 -0.11239631474018097 -0.9578714370727539
1744747142.856475 -2.785524368286133 10.47400188446045 -30.820037841796875 0.013255169615149498 -0.4607403874397278 -0.17517586052417755 -0.8699747323989868
1744747144.789735 -2.303812026977539 10.490862846374512 -30.830848693847656 0.010242325253784657 -0.5778663158416748 -0.2067326158285141 -0.7894474267959595
1744747146.456408 -1.9402990341186523 10.418213844299316 -30.571517944335938 0.009858211502432823 -0.4878024160861969 -0.17806077003479004 -0.8545443415641785
1744747147.189863 -1.6238837242126465 10.320706367492676 -30.22760009765625 0.008753564208745956 -0.38829129934310913 -0.14559663832187653 -0.9099202752113342
1744747147.656513 -1.5125676393508911 10.20666217803955 -29.861690521240234 0.009585284627974033 -0.23513959348201752 -0.09533951431512833 -0.9672269225120544
1744747148.056334 -1.5536763668060303 10.104358673095703 -29.545948028564453 0.007396116387099028 -0.07981609553098679 -0.04406088963150978 -0.995807945728302
1744747148.589674 -1.5869516134262085 9.960399627685547 -29.11176872253418 0.005827189423143864 9.617287105356809e-06 -0.01632590778172016 -0.9998497366905212
1744747149.189776 -1.63119637966156 9.773653030395508 -28.554935455322266 0.005058631766587496 0.030878406018018723 -0.005891500040888786 -0.9994930028915405
1744747149.856268 -1.7104885578155518 9.560208320617676 -27.915952682495117 0.00525640370324254 0.05539824813604355 0.0038200984708964825 -0.9984432458877563
1744747150.589612 -1.7588025331497192 9.321362495422363 -27.190675735473633 0.006182018201798201 0.043304216116666794 -0.0004999100347049534 -0.9990426898002625
1744747151.389625 -1.7546697854995728 9.071325302124023 -26.44460678100586 0.0038914515171200037 0.006108177825808525 -0.0126473568379879 -0.9998937845230103
1744747152.189723 -1.6746224164962769 8.822403907775879 -25.69188117980957 0.003247816814109683 -0.03154110908508301 -0.02355945110321045 -0.999219536781311
1744747152.923047 -1.6259747743606567 8.574755668640137 -24.95310401916504 0.0028424966149032116 -0.024465681985020638 -0.020022260025143623 -0.9994961619377136
1744747153.789528 -1.5622870922088623 8.26700496673584 -24.055646896362305 -0.0029556513763964176 -0.02257600612938404 -0.017935892567038536 -0.999579906463623
1744747154.522981 -1.5136022567749023 8.013494491577148 -23.311813354492188 0.00249579269438982 -0.021424513310194016 -0.01740504615008831 -0.9996159076690674
1744747155.322795 -1.4708126783370972 7.743849277496338 -22.50104331970215 0.004382873419672251 -0.021375544369220734 -0.016907865181565285 -0.9996189475059509
1744747156.056136 -1.4054254293441772 7.484275817871094 -21.75351333618164 0.004406186286360025 -0.032593999058008194 -0.01893579587340355 -0.9992796182632446
1744747156.922916 -1.2723244428634644 7.184508800506592 -20.879730224609375 0.0021061175502836704 -0.05581596866250038 -0.029097966849803925 -0.9980148077011108
1744747157.522794 -1.1974495649337769 6.977189540863037 -20.265270233154297 0.0016397928120568395 -0.04789036139845848 -0.026301583275198936 -0.9985049366950989
1744747158.122742 -1.1500377655029297 6.773814678192139 -19.656858444213867 0.002405148698017001 -0.028742779046297073 -0.019857747480273247 -0.9993866682052612
1744747158.722721 -1.1065300703048706 6.5646586418151855 -19.040027618408203 -0.0006668540299870074 -0.027433112263679504 -0.020099766552448273 -0.9994213581085205
1744747159.52289 -1.0509415864944458 6.301312446594238 -18.201133728027344 0.0076790302991867065 -0.027011575177311897 -0.018741179257631302 -0.9994299411773682
1744747160.3229 -0.9638239741325378 6.013936996459961 -17.406465530395508 -0.0013656787341460586 -0.040920715779066086 -0.02508557215332985 -0.9988465309143066
1744747160.922689 -0.8921908140182495 5.811610221862793 -16.79256820678711 0.0034032987896353006 -0.04259327054023743 -0.027201775461435318 -0.9987163543701172
1744747161.522657 -0.8141335248947144 5.611993312835693 -16.185754776000977 0.004161075223237276 -0.04324046149849892 -0.028392937034368515 -0.9986525177955627
1744747162.122823 -0.7427083253860474 5.416273593902588 -15.573012351989746 0.0072496612556278706 -0.044754743576049805 -0.028150111436843872 -0.9985750317573547
1744747162.722598 -0.6874257326126099 5.208375453948975 -14.976580619812012 0.0030042678117752075 -0.041593682020902634 -0.026602890342473984 -0.9987758994102478
1744747163.322599 -0.6190690994262695 5.008079528808594 -14.36511516571045 0.0023320126347243786 -0.04204361140727997 -0.02696145325899124 -0.9987491965293884
1744747163.922594 -0.5544028878211975 4.811394214630127 -13.753377914428711 0.007368940860033035 -0.043138064444065094 -0.02686232514679432 -0.998680830001831
1744747164.72276 -0.4660836458206177 4.553360939025879 -12.956646919250488 0.005394725129008293 -0.043033819645643234 -0.02851272188127041 -0.9986521601676941
1744747165.322937 -0.3965534269809723 4.357657432556152 -12.36540412902832 0.002254234394058585 -0.04245739057660103 -0.03199341520667076 -0.9985833764076233
1744747165.989193 -0.3346421718597412 4.147370338439941 -11.71623420715332 0.007093305699527264 -0.03302069008350372 -0.029750049114227295 -0.9989866614341736
1744747166.589203 -0.27426353096961975 3.949655055999756 -11.113369941711426 0.0051935878582298756 -0.02842533215880394 -0.030578752979636192 -0.9991146326065063
1744747167.122652 -0.23792047798633575 3.7717463970184326 -10.582823753356934 0.005540216341614723 -0.02708318829536438 -0.03138035163283348 -0.9991251826286316
1744747167.722748 -0.18720826506614685 3.5700490474700928 -9.994424819946289 0.004092412535101175 -0.027144433930516243 -0.03179853782057762 -0.9991173148155212
1744747168.322469 -0.14630980789661407 3.3749186992645264 -9.412510871887207 0.003707273630425334 -0.025509605184197426 -0.03193291649222374 -0.9991575479507446
1744747168.922465 -0.10129747539758682 3.1726465225219727 -8.832440376281738 6.557935557793826e-05 -0.02492848038673401 -0.0315311998128891 -0.9991918802261353
1744747169.7226 -0.028111577033996582 2.8994088172912598 -8.027827262878418 0.0017994848312810063 -0.023472394794225693 -0.029962584376335144 -0.9992737770080566
1744747170.32246 0.024415209889411926 2.6867270469665527 -7.409502983093262 -0.001492597279138863 -0.0236052293330431 -0.030791305005550385 -0.9992459416389465
1744747170.989284 0.10226457566022873 2.464864730834961 -6.746077537536621 0.0015859120758250356 -0.0307467021048069 -0.0354810506105423 -0.9988960027694702
1744747171.722398 0.17260608077049255 2.2094576358795166 -5.997014045715332 -0.0006212886655703187 -0.029785998165607452 -0.03740288317203522 -0.9988561272621155
1744747172.322517 0.23792733252048492 2.0026769638061523 -5.360617637634277 0.00219338433817029 -0.02993684634566307 -0.037950363010168076 -0.9988287091255188
1744747172.989206 0.3117567002773285 1.761824607849121 -4.646212100982666 -0.0002727452083490789 -0.03031623177230358 -0.038488805294036865 -0.9987990856170654
1744747173.72234 0.3651113510131836 1.5028890371322632 -3.883159637451172 0.0011283388594165444 -0.030026838183403015 -0.03547431156039238 -0.9989188313484192
1744747174.32234 0.38005879521369934 1.2771618366241455 -3.2554023265838623 -0.0011379612842574716 -0.00824365671724081 -0.02602154202759266 -0.9996268153190613
1744747175.122293 0.4261724054813385 0.9857728481292725 -2.442183494567871 -0.0033725090324878693 -0.013226657174527645 -0.024172771722078323 -0.9996147155761719
1744747175.922285 0.4962190091609955 0.7258378267288208 -1.6715538501739502 -0.0005029225721955299 -0.030293907970190048 -0.027551354840397835 -0.9991611242294312
1744747176.722278 0.5248885750770569 0.5061157941818237 -1.0392872095108032 -0.00337940058670938 -0.017668724060058594 -0.019909173250198364 -0.9996399879455566
1744747177.722193 0.5530199408531189 0.2614503800868988 -0.3116814196109772 -0.002505629789084196 -0.013044944033026695 -0.016061637550592422 -0.9997828006744385
1744747178.188875 0.5632460117340088 0.16250716149806976 -0.0029943089466542006 0.0044959657825529575 -0.009610808454453945 -0.014601549133658409 -0.9998371005058289
1744747178.589312 0.5681014657020569 0.12678782641887665 0.06397347897291183 -0.004848350305110216 -0.012994636781513691 -0.01523805782198906 -0.9997876882553101
