1748443579.992992 -0.0 -0.0 -0.0 -0.0 -0.0 -0.0 1.0
1748443581.259884 -3.249778092140332e-05 -0.04097330942749977 0.08146977424621582 0.008397643454372883 -0.0026186779141426086 -0.0010259939590469003 0.9999608397483826
1748443582.926262 -0.040680937469005585 -0.2905633747577667 0.811398446559906 0.004069019109010696 -0.029894808307290077 -0.01218708511441946 0.9994704723358154
1748443584.19288 -0.13705655932426453 -0.5405694246292114 1.5133748054504395 0.01162897888571024 -0.05576356500387192 -0.023250985890626907 0.9981055855751038
1748443584.992884 -0.20225843787193298 -0.7628970742225647 2.124048948287964 0.012473107315599918 -0.05613202974200249 -0.022014427930116653 0.9981027841567993
1748443585.792852 -0.3215874135494232 -1.037646770477295 2.8655481338500977 0.018213823437690735 -0.06483663618564606 -0.0264861062169075 0.9973780512809753
1748443586.392916 -0.4134620726108551 -1.2968779802322388 3.607706069946289 0.013264716602861881 -0.06425770372152328 -0.024647919461131096 0.9975407719612122
1748443586.992781 -0.5130278468132019 -1.555352807044983 4.318909645080566 0.012765267863869667 -0.06324043869972229 -0.02472158893942833 0.9976103901863098
1748443587.59302 -0.5980405211448669 -1.7859779596328735 4.954771995544434 0.013624590821564198 -0.0632191076874733 -0.023182502016425133 0.9976373314857483
1748443588.32628 -0.6917258501052856 -2.0535271167755127 5.660957336425781 0.020228061825037003 -0.06376690417528152 -0.023223062977194786 0.9974895715713501
1748443588.926189 -0.7614122629165649 -2.335524559020996 6.417145252227783 0.01669999770820141 -0.053173623979091644 -0.01976325362920761 0.9982500672340393
1748443589.526248 -0.8422815799713135 -2.6080474853515625 7.177082538604736 0.019202077761292458 -0.04933801665902138 -0.01964244805276394 0.998404324054718
1748443590.192948 -0.9349888563156128 -2.8909175395965576 7.954368591308594 0.014938387088477612 -0.06417080760002136 -0.02462177723646164 0.997523307800293
1748443590.99282 -1.0699613094329834 -3.164651870727539 8.673720359802246 0.018477920442819595 -0.09301529824733734 -0.03393211215734482 0.9949147701263428
1748443591.792844 -1.2758063077926636 -3.4116790294647217 9.363825798034668 0.016417881473898888 -0.12929409742355347 -0.046647172421216965 0.9903724789619446
1748443592.59285 -1.542223334312439 -3.642514944076538 9.984064102172852 0.02030952274799347 -0.1789148598909378 -0.06443880498409271 0.9815420508384705
1748443593.392741 -1.9010800123214722 -3.8897647857666016 10.620309829711914 0.019838906824588776 -0.2343173623085022 -0.08192306756973267 0.9684991240501404
1748443594.126096 -2.328280448913574 -4.1192827224731445 11.206902503967285 0.023412611335515976 -0.27845627069473267 -0.09695412963628769 0.955255925655365
1748443594.926049 -2.8331680297851562 -4.362120151519775 11.745643615722656 0.03388263285160065 -0.33718419075012207 -0.1123826876282692 0.9340925216674805
1748443595.79273 -3.4596974849700928 -4.5620832443237305 12.256970405578613 0.02187947742640972 -0.3949695825576782 -0.13798049092292786 0.9080097675323486
1748443596.326049 -3.9841063022613525 -4.685808181762695 12.575920104980469 0.020911186933517456 -0.44072291254997253 -0.1566072553396225 0.8836290240287781
1748443597.592686 -4.657114028930664 -4.833520889282227 12.92414665222168 0.024669136852025986 -0.4787876009941101 -0.17347857356071472 0.8602668642997742
1748443598.592594 -5.342707633972168 -4.953280925750732 13.210054397583008 0.02866024151444435 -0.5067397356033325 -0.1818719506263733 0.8422090411186218
1748443599.39261 -6.030875205993652 -5.062589645385742 13.452266693115234 0.03141080588102341 -0.5336925983428955 -0.18942582607269287 0.8235917687416077
1748443600.325927 -6.783086776733398 -5.142951011657715 13.632458686828613 0.030425116419792175 -0.5772584676742554 -0.20543509721755981 0.7897109985351562
1748443601.192545 -7.510468006134033 -5.192906379699707 13.70414924621582 0.03006901405751705 -0.6248002648353577 -0.22538349032402039 0.7469422817230225
1748443601.992571 -8.215373039245605 -5.18867301940918 13.666236877441406 0.03181825950741768 -0.6689349412918091 -0.2434227168560028 0.7016117572784424
1748443602.725828 -8.920550346374512 -5.1680521965026855 13.563371658325195 0.03126101940870285 -0.7048522233963013 -0.2556413412094116 0.6609490513801575
1748443603.525828 -9.590608596801758 -5.134363651275635 13.384370803833008 0.03769320622086525 -0.7435116171836853 -0.2673504054546356 0.6117953658103943
1748443604.392478 -10.372309684753418 -5.004015922546387 13.124066352844238 0.03142166882753372 -0.755258321762085 -0.3047664761543274 0.5794090032577515
1748443605.192452 -11.001448631286621 -4.939204216003418 12.795764923095703 0.0569777637720108 -0.8002715706825256 -0.28854134678840637 0.5225540399551392
1748443605.792304 -11.566366195678711 -4.858976364135742 12.462343215942383 0.05206819623708725 -0.8279888033866882 -0.2845890522003174 0.4803462326526642
1748443606.325773 -12.118297576904297 -4.73296594619751 12.08447265625 0.038949400186538696 -0.8399688601493835 -0.29838696122169495 0.4515535533428192
1748443606.925794 -12.66575813293457 -4.612833499908447 11.666526794433594 0.0393548309803009 -0.85378098487854 -0.29716920852661133 0.42567571997642517
1748443607.592396 -13.310588836669922 -4.447249412536621 11.13320541381836 0.03895026072859764 -0.8665915131568909 -0.29696041345596313 0.39914485812187195
1748443608.125723 -13.838747024536133 -4.325682163238525 10.685510635375977 0.040585871785879135 -0.8674639463424683 -0.29160720109939575 0.4010290503501892
1748443608.792361 -14.368997573852539 -4.183174133300781 10.175800323486328 0.039562247693538666 -0.8780362606048584 -0.2922305464744568 0.37694618105888367
1748443609.392373 -14.911109924316406 -4.043185710906982 9.623504638671875 0.04497956857085228 -0.8867878913879395 -0.2834642827510834 0.36225980520248413
1748443609.992314 -15.430238723754883 -3.8874175548553467 9.047101974487305 0.04370664432644844 -0.8910233378410339 -0.28896886110305786 0.3473675549030304
1748443610.592329 -15.947583198547363 -3.731576442718506 8.471246719360352 0.03954437002539635 -0.8914461731910706 -0.28903067111968994 0.346729576587677
1748443611.192411 -16.45515251159668 -3.564452886581421 7.8686418533325195 0.041012801229953766 -0.894018828868866 -0.286716490983963 0.34182170033454895
1748443611.725643 -16.939014434814453 -3.43487286567688 7.374838829040527 0.039361950010061264 -0.8893499374389648 -0.2849719524383545 0.35538482666015625
1748443612.325607 -17.46769142150879 -3.274005174636841 6.7982892990112305 0.03896088898181915 -0.8866422176361084 -0.2878340184688568 0.3598599433898926
1748443612.925636 -18.016742706298828 -3.1373796463012695 6.243520736694336 0.039001647382974625 -0.8846402168273926 -0.2837762236595154 0.3679153323173523
1748443613.525435 -18.56320571899414 -2.9957380294799805 5.708492279052734 0.03804543986916542 -0.8816590309143066 -0.2851290702819824 0.37407395243644714
1748443614.192445 -19.186405181884766 -2.842372417449951 5.135835647583008 0.03739221766591072 -0.8783185482025146 -0.28452134132385254 0.38236892223358154
1748443614.792247 -19.721450805664062 -2.7093429565429688 4.649599075317383 0.03705601766705513 -0.8748242259025574 -0.28686952590942383 0.3886069357395172
1748443615.32536 -20.198951721191406 -2.593557834625244 4.214084625244141 0.03744751587510109 -0.8742743730545044 -0.2867330014705658 0.3899054527282715
1748443615.992168 -20.790904998779297 -2.45028018951416 3.670419692993164 0.04179074987769127 -0.8755488991737366 -0.2861357629299164 0.38703230023384094
1748443616.725481 -21.36101531982422 -2.2951865196228027 3.129791259765625 0.04681945964694023 -0.87663334608078 -0.2898349463939667 0.3812055289745331
1748443617.392138 -21.954790115356445 -2.1413278579711914 2.562166213989258 0.04688951373100281 -0.8783016800880432 -0.2904162108898163 0.37689000368118286
1748443617.992092 -22.47719955444336 -1.9955239295959473 2.060455322265625 0.047089144587516785 -0.8794559240341187 -0.2937423884868622 0.37155792117118835
1748443618.592121 -23.010046005249023 -1.8431134223937988 1.5184211730957031 0.047799255698919296 -0.8808186054229736 -0.2941153943538666 0.36792662739753723
1748443619.12526 -23.501184463500977 -1.7090373039245605 1.0234699249267578 0.05020482465624809 -0.8831073641777039 -0.29371336102485657 0.3623994290828705
1748443619.79247 -24.098073959350586 -1.5537610054016113 0.4057350158691406 0.04906188324093819 -0.8867939114570618 -0.29141920804977417 0.3553369641304016
1748443620.392083 -24.605649948120117 -1.3991875648498535 -0.157562255859375 0.04819083958864212 -0.8887723684310913 -0.292227566242218 0.34980618953704834
1748443620.992448 -25.085132598876953 -1.25730562210083 -0.6993446350097656 0.04711834341287613 -0.8902019262313843 -0.2915065884590149 0.346906840801239
1748443621.592022 -25.600404739379883 -1.1145658493041992 -1.2527008056640625 0.04486207291483879 -0.8897361755371094 -0.2919631898403168 0.3480149805545807
1748443622.19205 -26.079511642456055 -0.9769229888916016 -1.7855396270751953 0.04635261371731758 -0.8903833031654358 -0.28998300433158875 0.3478201925754547
1748443622.791862 -26.59564208984375 -0.8204154968261719 -2.36004638671875 0.04492191597819328 -0.8899904489517212 -0.29218482971191406 0.3471701741218567
1748443623.391985 -27.09417152404785 -0.667027473449707 -2.9010353088378906 0.04439626261591911 -0.8894308805465698 -0.2943483591079712 0.3468440771102905
1748443623.991984 -27.589128494262695 -0.5058259963989258 -3.4375152587890625 0.0407710075378418 -0.8893334865570068 -0.29560989141464233 0.3464657664299011
1748443624.525342 -28.02310562133789 -0.3662118911743164 -3.9211387634277344 0.03733929991722107 -0.8882045745849609 -0.2962711751461029 0.3491731286048889
1748443625.125288 -28.544321060180664 -0.21190643310546875 -4.470706939697266 0.03450343385338783 -0.887089192867279 -0.29282504320144653 0.35515615344047546
1748443625.725339 -29.041181564331055 -0.056427955627441406 -5.006641387939453 0.03628436103463173 -0.8847705721855164 -0.2901299297809601 0.3628899157047272
1748443626.391944 -29.622356414794922 0.0932149887084961 -5.563774108886719 0.03583649545907974 -0.8822084069252014 -0.2916279137134552 0.36793652176856995
1748443626.925204 -30.07688331604004 0.22343063354492188 -6.034843444824219 0.03623255714774132 -0.8804956078529358 -0.29048994183540344 0.37286773324012756
1748443627.458549 -30.5517635345459 0.3465232849121094 -6.502490997314453 0.03859327733516693 -0.879543662071228 -0.2886004149913788 0.3763287365436554
1748443628.125222 -31.124008178710938 0.4972190856933594 -7.071044921875 0.03838402032852173 -0.8789476752281189 -0.28709617257118225 0.37888452410697937
1748443628.72501 -31.64518928527832 0.6402511596679688 -7.565944671630859 0.037151992321014404 -0.8767368197441101 -0.2898997366428375 0.38198235630989075
1748443629.325208 -32.20159149169922 0.769749641418457 -8.073070526123047 0.034775082021951675 -0.8746989965438843 -0.28549760580062866 0.39010706543922424
1748443629.92519 -32.77962875366211 0.9077358245849609 -8.579402923583984 0.03297460451722145 -0.871836245059967 -0.2845318615436554 0.3973107635974884
1748443630.524959 -33.36894989013672 1.0414056777954102 -9.041629791259766 0.031880833208560944 -0.8703054189682007 -0.28485527634620667 0.40051162242889404
1748443631.125116 -33.9283332824707 1.1763525009155273 -9.52774429321289 0.03482223302125931 -0.8701274991035461 -0.28224465250968933 0.40249666571617126
1748443631.725106 -34.465457916259766 1.301915168762207 -10.001392364501953 0.037160977721214294 -0.8714509606361389 -0.28065839409828186 0.40052878856658936
1748443632.324936 -34.94812774658203 1.4135713577270508 -10.453121185302734 0.036756731569767 -0.8730536699295044 -0.2818380892276764 0.39622414112091064
1748443632.9251 -35.47930145263672 1.542886734008789 -10.941452026367188 0.03779701516032219 -0.8724623322486877 -0.28367120027542114 0.39612048864364624
1748443633.525154 -36.013267517089844 1.6755743026733398 -11.439617156982422 0.038282644003629684 -0.8736869096755981 -0.28364744782447815 0.3933824896812439
1748443634.258393 -36.660240173339844 1.8266067504882812 -12.023052215576172 0.03806416690349579 -0.8750438690185547 -0.28643664717674255 0.3883339762687683
1748443634.925027 -37.252227783203125 1.9810943603515625 -12.594459533691406 0.0371057391166687 -0.8769817352294922 -0.28716203570365906 0.3834895193576813
1748443635.725081 -37.95465850830078 2.162935256958008 -13.28475570678711 0.03734017536044121 -0.8763006925582886 -0.2875373363494873 0.38474032282829285
1748443636.324824 -38.52701950073242 2.3032264709472656 -13.812175750732422 0.03948875889182091 -0.8751673698425293 -0.28654542565345764 0.38783302903175354
1748443636.858316 -39.0640869140625 2.428537368774414 -14.296375274658203 0.03939591720700264 -0.8719384670257568 -0.2849900424480438 0.3961716890335083
1748443637.324986 -39.55467224121094 2.5320205688476562 -14.706184387207031 0.03971479833126068 -0.8674959540367126 -0.2838054299354553 0.4066055715084076
1748443637.858111 -40.11034393310547 2.6442432403564453 -15.160625457763672 0.03911297023296356 -0.8641183376312256 -0.2797236442565918 0.4165624976158142
1748443638.458318 -40.75762176513672 2.772083282470703 -15.651233673095703 0.03911484405398369 -0.8579736948013306 -0.2793116867542267 0.42934393882751465
1748443639.058266 -41.42275619506836 2.887521743774414 -16.13677215576172 0.03960473835468292 -0.855015218257904 -0.27517664432525635 0.4377879202365875
1748443639.658221 -42.09748840332031 3.0018787384033203 -16.62279510498047 0.03788943216204643 -0.8511146903038025 -0.274995356798172 0.44558462500572205
1748443640.258236 -42.798828125 3.1147193908691406 -17.099090576171875 0.036498673260211945 -0.8444685935974121 -0.2711922526359558 0.4604295492172241
1748443640.858226 -43.52050018310547 3.2215957641601562 -17.54297637939453 0.0350266732275486 -0.8427927494049072 -0.2727171778678894 0.46270832419395447
1748443641.458219 -44.12104797363281 3.3180789947509766 -17.96755599975586 0.03594100847840309 -0.847474992275238 -0.2716711759567261 0.45463070273399353
1748443642.058104 -44.800025939941406 3.4396400451660156 -18.431262969970703 0.03186555951833725 -0.8490447402000427 -0.27787208557128906 0.44821295142173767
1748443642.724906 -45.44942855834961 3.556852340698242 -18.92133331298828 0.034282393753528595 -0.8547327518463135 -0.2752169966697693 0.43876224756240845
1748443643.324812 -46.09556579589844 3.6899585723876953 -19.416358947753906 0.03316197171807289 -0.857860267162323 -0.2788405418395996 0.4303766191005707
1748443644.058111 -46.825645446777344 3.8448352813720703 -20.001426696777344 0.034488748759031296 -0.8642897605895996 -0.28141072392463684 0.41547784209251404
1748443644.658133 -47.40826416015625 3.9768543243408203 -20.515644073486328 0.03396724909543991 -0.8670985102653503 -0.28232768177986145 0.40899577736854553
1748443645.324577 -48.059295654296875 4.130767822265625 -21.071693420410156 0.033910155296325684 -0.8688953518867493 -0.2808079719543457 0.4062240421772003
1748443645.924851 -48.635894775390625 4.266452789306641 -21.587032318115234 0.030619412660598755 -0.8695046901702881 -0.28094372153282166 0.4050860106945038
1748443646.524741 -49.29167938232422 4.407978057861328 -22.115032196044922 0.02896617352962494 -0.8659475445747375 -0.2774105966091156 0.4151375889778137
1748443647.12473 -49.94788360595703 4.532815933227539 -22.620376586914062 0.029327034950256348 -0.8620792627334595 -0.27565881609916687 0.4242306351661682
1748443647.791244 -50.68976974487305 4.652673721313477 -23.157909393310547 0.028631730005145073 -0.8555876612663269 -0.2687617540359497 0.4414942264556885
1748443648.39195 -51.381309509277344 4.766590118408203 -23.637653350830078 0.02802910842001438 -0.849963366985321 -0.26739412546157837 0.4530751407146454
1748443648.991459 -52.07050323486328 4.870168685913086 -24.085094451904297 0.027695462107658386 -0.8456545472145081 -0.26337042450904846 0.4633975923061371
1748443649.591149 -52.7437629699707 4.979082107543945 -24.534107208251953 0.02605930157005787 -0.8447871208190918 -0.26503005623817444 0.46412792801856995
1748443650.191303 -53.408164978027344 5.08704948425293 -24.99040985107422 0.02680259570479393 -0.845099687576294 -0.26589235663414 0.46302223205566406
1748443650.791301 -54.09899139404297 5.193035125732422 -25.45514678955078 0.026212960481643677 -0.8489158749580383 -0.26561421155929565 0.45618394017219543
1748443651.391101 -54.792816162109375 5.306324005126953 -25.924530029296875 0.025107011198997498 -0.8507999777793884 -0.2661535441875458 0.4524060785770416
1748443651.991286 -55.35083770751953 5.407413482666016 -26.366058349609375 0.023701369762420654 -0.8602312207221985 -0.26522696018218994 0.4348507523536682
1748443652.591258 -55.94953536987305 5.523508071899414 -26.83123779296875 0.020341360941529274 -0.8643963932991028 -0.2702401876449585 0.42352738976478577
1748443653.191114 -56.56608963012695 5.669443130493164 -27.37383270263672 0.019069163128733635 -0.8703921437263489 -0.2736504375934601 0.4088635742664337
1748443653.791291 -57.17652893066406 5.8153839111328125 -27.907920837402344 0.02011934667825699 -0.8714278340339661 -0.2773577868938446 0.40408095717430115
1748443654.391201 -57.75755310058594 5.9451751708984375 -28.43170166015625 0.022858472540974617 -0.8740348815917969 -0.27280279994010925 0.40139663219451904
1748443654.990996 -58.395652770996094 6.099891662597656 -28.956626892089844 0.015863357111811638 -0.8705307245254517 -0.27804476022720337 0.40572863817214966
1748443655.591152 -59.053504943847656 6.238565444946289 -29.50121307373047 0.023071572184562683 -0.8673052191734314 -0.27060383558273315 0.41716068983078003
1748443656.191194 -59.685420989990234 6.37664794921875 -30.001190185546875 0.026760714128613472 -0.8610619306564331 -0.2762112319469452 0.42610278725624084
1748443656.790983 -60.359649658203125 6.511898040771484 -30.498695373535156 0.02485473081469536 -0.8580671548843384 -0.2777426838874817 0.43123316764831543
1748443657.391091 -61.029090881347656 6.618522644042969 -30.977203369140625 0.027465861290693283 -0.8570004105567932 -0.26447322964668274 0.4414180517196655
1748443657.991192 -61.696502685546875 6.72236442565918 -31.419044494628906 0.02274225652217865 -0.850630521774292 -0.2645859122276306 0.4537675082683563
1748443658.590902 -62.34832000732422 6.821290969848633 -31.881881713867188 0.0193075742572546 -0.8574537634849548 -0.2591632902622223 0.4441111385822296
1748443659.190927 -62.90510559082031 6.922266006469727 -32.374961853027344 0.025536689907312393 -0.8784673810005188 -0.26039814949035645 0.3997945189476013
1748443659.9912 -63.430274963378906 7.075351715087891 -32.93779754638672 0.02379816211760044 -0.8932803869247437 -0.27744215726852417 0.3528592586517334
1748443660.591072 -63.87506866455078 7.24896240234375 -33.52777099609375 0.02704080007970333 -0.9043576121330261 -0.2925310730934143 0.3095671236515045
1748443661.191159 -64.28376007080078 7.43696403503418 -34.169464111328125 0.032182712107896805 -0.9117948412895203 -0.29809054732322693 0.28060033917427063
1748443661.791417 -64.71878814697266 7.658336639404297 -34.87480163574219 0.03899160772562027 -0.9134343862533569 -0.30749908089637756 0.2637454867362976
1748443662.391352 -65.13988494873047 7.880962371826172 -35.568138122558594 0.03427712619304657 -0.9124408960342407 -0.31523463129997253 0.25865793228149414
1748443662.991532 -65.56446838378906 8.103475570678711 -36.248878479003906 0.04350344464182854 -0.9130202531814575 -0.31219568848609924 0.25891193747520447
1748443663.591822 -65.96575164794922 8.312213897705078 -36.883384704589844 0.041056644171476364 -0.9113427400588989 -0.31715747714042664 0.2591911554336548
1748443664.192092 -66.36485290527344 8.514694213867188 -37.551666259765625 0.037519559264183044 -0.9168692827224731 -0.309943288564682 0.24875308573246002
1748443664.792042 -66.71107482910156 8.67689323425293 -38.234275817871094 0.03501541540026665 -0.9317318797111511 -0.2869148850440979 0.21983979642391205
1748443665.392204 -67.04733276367188 8.880142211914062 -38.93793487548828 0.029024453833699226 -0.9329953193664551 -0.29883551597595215 0.19843102991580963
1748443665.992196 -67.32125854492188 9.10103988647461 -39.64104461669922 0.024841073900461197 -0.9360479116439819 -0.30814146995544434 0.16806581616401672
1748443666.592228 -67.46195983886719 9.306449890136719 -40.29918670654297 0.028119441121816635 -0.944311797618866 -0.3098977208137512 0.10699529945850372
1748443667.192325 -67.58145904541016 9.540552139282227 -41.02346420288086 0.025978777557611465 -0.9462997913360596 -0.3156159520149231 0.06502676010131836
1748443667.792497 -67.62033081054688 9.755830764770508 -41.683258056640625 0.03178631141781807 -0.9483218789100647 -0.314207524061203 0.03080427087843418
1748443668.392505 -67.61817169189453 10.01517391204834 -42.42658233642578 0.03266539052128792 -0.9458064436912537 -0.32306262850761414 -0.003696488682180643
1748443668.992798 -67.56523132324219 10.240886688232422 -43.08223342895508 0.031577154994010925 -0.9439433813095093 -0.326041579246521 -0.04087312892079353
1748443669.592899 -67.4726791381836 10.455648422241211 -43.723663330078125 0.034035272896289825 -0.9447792768478394 -0.3189460337162018 -0.06713613122701645
1748443669.992805 -67.36510467529297 10.645378112792969 -44.25154113769531 0.03787849098443985 -0.9415746331214905 -0.32333651185035706 -0.0863478034734726
1748443670.392814 -67.25951385498047 10.83868408203125 -44.788333892822266 0.04235129430890083 -0.9400408267974854 -0.32546207308769226 -0.09275873005390167
1748443670.993041 -67.0927734375 11.107632637023926 -45.557945251464844 0.04773201420903206 -0.9402821660041809 -0.3211911916732788 -0.102114737033844
1748443671.593114 -66.91567993164062 11.383893966674805 -46.30907440185547 0.04717487096786499 -0.9379631876945496 -0.32351863384246826 -0.11547904461622238
1748443671.992974 -66.77218627929688 11.567975997924805 -46.809898376464844 0.051671288907527924 -0.937601625919342 -0.3193790316581726 -0.1273983120918274
1748443672.593066 -66.56562042236328 11.849176406860352 -47.57723617553711 0.05792997404932976 -0.9351322650909424 -0.32430392503738403 -0.13037948310375214
1748443673.193312 -66.3445053100586 12.102302551269531 -48.27616500854492 0.05968831852078438 -0.9360290169715881 -0.31635037064552307 -0.1421598494052887
1748443673.99323 -66.09027099609375 12.379377365112305 -48.99806594848633 0.05473069101572037 -0.931358814239502 -0.3197084665298462 -0.16541412472724915
1748443674.593295 -65.83614349365234 12.632233619689941 -49.70500564575195 0.042101480066776276 -0.9288080334663391 -0.31859564781188965 -0.18449924886226654
1748443675.193525 -65.53142547607422 12.900405883789062 -50.40596389770508 0.034707266837358475 -0.9233836531639099 -0.3234569728374481 -0.20379801094532013
1748443675.793419 -65.20409393310547 13.135652542114258 -51.079219818115234 0.029450345784425735 -0.9196787476539612 -0.3154065012931824 -0.23203983902931213
1748443676.393541 -64.81710815429688 13.368651390075684 -51.72402572631836 0.02838435024023056 -0.9130306839942932 -0.313187837600708 -0.2597743272781372
1748443676.993699 -64.39478302001953 13.618301391601562 -52.35847473144531 0.02796672098338604 -0.9069526195526123 -0.3122609257698059 -0.28133243322372437
1748443677.593628 -63.939666748046875 13.858572959899902 -52.97901916503906 0.029641419649124146 -0.8974258899688721 -0.3144599199295044 -0.30799856781959534
1748443678.193722 -63.44317626953125 14.095706939697266 -53.5539436340332 0.03393544629216194 -0.8896490335464478 -0.31176266074180603 -0.33192938566207886
1748443678.793937 -62.92005920410156 14.328712463378906 -54.13513946533203 0.03592994436621666 -0.8823027014732361 -0.31021732091903687 -0.3521595001220703
1748443679.394011 -62.374664306640625 14.542165756225586 -54.699424743652344 0.03433700278401375 -0.8825296759605408 -0.29838329553604126 -0.36184224486351013
1748443679.993936 -61.82269287109375 14.764551162719727 -55.24101257324219 0.03720710799098015 -0.8760683536529541 -0.30300405621528625 -0.37324050068855286
1748443680.594149 -61.396278381347656 14.926782608032227 -55.68708419799805 0.036210354417562485 -0.8790879249572754 -0.2973683178424835 -0.37076327204704285
1748443681.194223 -60.84687042236328 15.154526710510254 -56.212791442871094 0.044102076441049576 -0.8762957453727722 -0.29709357023239136 -0.37669116258621216
1748443681.79413 -60.255218505859375 15.368417739868164 -56.75419616699219 0.04575604200363159 -0.8735275268554688 -0.29617005586624146 -0.3835875391960144
1748443682.394381 -59.675323486328125 15.589977264404297 -57.27880859375 0.049122538417577744 -0.8685596585273743 -0.30133578181266785 -0.39036887884140015
1748443682.794423 -59.26824188232422 15.740647315979004 -57.64171600341797 0.048092320561409 -0.868580162525177 -0.2957916855812073 -0.3946681022644043
1748443683.394311 -58.652076721191406 15.956812858581543 -58.15728759765625 0.047835879027843475 -0.8629611730575562 -0.2946532070636749 -0.4076631963253021
1748443683.794391 -58.2119140625 16.10550308227539 -58.49557876586914 0.04899005591869354 -0.8578147292137146 -0.2949078679084778 -0.4180709421634674
1748443684.194444 -57.77360534667969 16.256877899169922 -58.8353157043457 0.051992449909448624 -0.8557022213935852 -0.29504066705703735 -0.42192602157592773
1748443684.794994 -57.12146759033203 16.47542953491211 -59.311588287353516 0.05001281574368477 -0.8479280471801758 -0.29486343264579773 -0.4376898407936096
1748443685.194515 -56.666221618652344 16.61245346069336 -59.61355209350586 0.05069884657859802 -0.8421179056167603 -0.292513370513916 -0.45022550225257874
1748443685.594595 -56.20453643798828 16.750205993652344 -59.91695022583008 0.04991506040096283 -0.8369409441947937 -0.29183337092399597 -0.46029525995254517
1748443686.194656 -55.533103942871094 16.945552825927734 -60.34263229370117 0.04613713175058365 -0.8326505422592163 -0.29005560278892517 -0.46950212121009827
1748443686.795537 -54.86778259277344 17.141769409179688 -60.765987396240234 0.0449458472430706 -0.8348829746246338 -0.29385972023010254 -0.4632459878921509
1748443687.394954 -54.21598815917969 17.335613250732422 -61.18483352661133 0.044170040637254715 -0.8359435796737671 -0.29209187626838684 -0.46252530813217163
1748443687.994888 -53.5592041015625 17.53570556640625 -61.62244415283203 0.04114861786365509 -0.8374165892601013 -0.29505863785743713 -0.4582365155220032
1748443688.595085 -52.88392639160156 17.74327850341797 -62.08137512207031 0.04233552888035774 -0.8387712836265564 -0.2961326837539673 -0.4549458920955658
1748443689.195025 -52.22875213623047 17.94702911376953 -62.53339767456055 0.04346834123134613 -0.8411960601806641 -0.2950437664985657 -0.4510531425476074
1748443689.595067 -51.786109924316406 18.087223052978516 -62.835243225097656 0.04557480290532112 -0.8410736322402954 -0.2954443097114563 -0.4508112967014313
1748443689.995273 -51.32646179199219 18.234642028808594 -63.16667938232422 0.04367011412978172 -0.8417881727218628 -0.2966476082801819 -0.44887182116508484
1748443690.595338 -50.677879333496094 18.42444610595703 -63.61768341064453 0.04299810528755188 -0.8448247313499451 -0.2929297685623169 -0.44566184282302856
1748443691.192964 -50.059791564941406 18.62378692626953 -64.0666732788086 0.03853746876120567 -0.8442832827568054 -0.29639819264411926 -0.44480201601982117
1748443691.723407 -49.503868103027344 18.803804397583008 -64.46913146972656 0.03737659379839897 -0.8419917821884155 -0.3021179735660553 -0.4453960657119751
1748443692.323536 -48.850364685058594 19.015689849853516 -64.92779541015625 0.03357839211821556 -0.8393916487693787 -0.30437517166137695 -0.449054479598999
1748443692.923511 -48.183006286621094 19.218358993530273 -65.37942504882812 0.03247028961777687 -0.8358137607574463 -0.3015265464782715 -0.45764926075935364
1748443693.523364 -47.49609375 19.417396545410156 -65.80036163330078 0.03064381144940853 -0.8232997059822083 -0.3002316951751709 -0.48072806000709534
1748443694.124055 -46.77586364746094 19.60912322998047 -66.17073059082031 0.030678153038024902 -0.8098016977310181 -0.29864972829818726 -0.5040717720985413
1748443694.723486 -46.04779815673828 19.785097122192383 -66.53067016601562 0.028903845697641373 -0.8042124509811401 -0.2924293577671051 -0.5166159868240356
1748443695.323297 -45.26792907714844 19.979633331298828 -66.85497283935547 0.029440762475132942 -0.7849189043045044 -0.2986123561859131 -0.5420944094657898
1748443695.923302 -44.51764678955078 20.140743255615234 -67.1757583618164 0.026223331689834595 -0.787548840045929 -0.28937387466430664 -0.5434537529945374
1748443696.523434 -43.759437561035156 20.302059173583984 -67.47015380859375 0.027196159586310387 -0.7841426134109497 -0.28560832142829895 -0.5502803921699524
1748443697.123245 -42.98815155029297 20.480636596679688 -67.75360107421875 0.03478363901376724 -0.7693272829055786 -0.29456284642219543 -0.565825343132019
1748443697.723256 -42.22856140136719 20.62042236328125 -68.01805114746094 0.02423984371125698 -0.7637272477149963 -0.2854442894458771 -0.5784934163093567
1748443698.323389 -41.475799560546875 20.73131561279297 -68.23668670654297 0.004616748075932264 -0.7480741739273071 -0.2774260342121124 -0.602825403213501
1748443698.923256 -40.709747314453125 20.816539764404297 -68.39402770996094 -0.00591516075655818 -0.7297107577323914 -0.26895445585250854 -0.6286101341247559
1748443699.523203 -39.896820068359375 20.891212463378906 -68.50428771972656 0.002124351216480136 -0.7095983028411865 -0.2641379237174988 -0.6532204151153564
1748443700.123321 -39.10682678222656 20.94672393798828 -68.56089782714844 0.0026047818828374147 -0.6859830021858215 -0.2574237883090973 -0.6805539131164551
1748443700.72315 -38.387779235839844 20.980606079101562 -68.55804443359375 0.00533680384978652 -0.6549460887908936 -0.250011146068573 -0.7130999565124512
1748443701.323144 -37.63127136230469 20.98773193359375 -68.48004913330078 0.007125831674784422 -0.624536395072937 -0.2402481585741043 -0.7430911064147949
1748443701.923283 -36.88158416748047 20.97742462158203 -68.33808898925781 0.006308927666395903 -0.595660388469696 -0.23354679346084595 -0.7685081362724304
1748443702.523094 -36.115936279296875 20.952022552490234 -68.16889953613281 0.002940316218882799 -0.5721539258956909 -0.22490426898002625 -0.7887009978294373
1748443703.123096 -35.38062286376953 20.904922485351562 -67.93574523925781 0.003741404041647911 -0.544488251209259 -0.21463726460933685 -0.8108325004577637
1748443703.723107 -34.63730239868164 20.86745834350586 -67.63194274902344 0.0171384084969759 -0.5132066607475281 -0.21251532435417175 -0.8313618898391724
1748443704.323232 -34.04475784301758 20.797466278076172 -67.35900115966797 0.0024082830641418695 -0.4846717119216919 -0.19923122227191925 -0.8517008423805237
1748443704.923064 -33.45432662963867 20.735877990722656 -67.02491760253906 0.014079868793487549 -0.45295265316963196 -0.19638706743717194 -0.8695216178894043
1748443705.523058 -32.84495544433594 20.646440505981445 -66.62965393066406 0.014186106622219086 -0.4261397123336792 -0.18925605714321136 -0.8845258355140686
1748443706.123184 -32.19316482543945 20.548267364501953 -66.15557861328125 0.01894131861627102 -0.4125993847846985 -0.18402718007564545 -0.8919287919998169
1748443706.722995 -31.627826690673828 20.436695098876953 -65.71387481689453 0.010922448709607124 -0.3955423831939697 -0.17524288594722748 -0.9015081524848938
1748443707.322999 -31.05624771118164 20.33385467529297 -65.23323059082031 0.01969495229423046 -0.37935224175453186 -0.17182289063930511 -0.9089449644088745
1748443707.923153 -30.54656982421875 20.216751098632812 -64.797607421875 0.010747659020125866 -0.36743733286857605 -0.16268499195575714 -0.9156461358070374
1748443708.522945 -29.970468521118164 20.088611602783203 -64.25421905517578 0.017488539218902588 -0.35190653800964355 -0.15797224640846252 -0.9224428534507751
1748443709.12297 -29.42220687866211 19.95153045654297 -63.698341369628906 0.017640382051467896 -0.3393678069114685 -0.15410250425338745 -0.9277772903442383
1748443709.723088 -28.872419357299805 19.803255081176758 -63.120140075683594 0.019611485302448273 -0.3429851531982422 -0.1508644074201584 -0.9269393682479858
1748443710.389571 -28.325742721557617 19.67737579345703 -62.57704162597656 0.02942725643515587 -0.3444753587245941 -0.15067152678966522 -0.9261581301689148
1748443710.922897 -27.846689224243164 19.561893463134766 -62.10093688964844 0.025957990437746048 -0.3480135202407837 -0.1477193832397461 -0.9254143834114075
1748443711.389608 -27.353832244873047 19.47134017944336 -61.68215560913086 0.027067111805081367 -0.3725949823856354 -0.1559021919965744 -0.9144041538238525
1748443711.923256 -26.785747528076172 19.37469482421875 -61.216407775878906 0.028851261362433434 -0.3898507058620453 -0.16025997698307037 -0.9063668251037598
1748443712.389523 -26.269912719726562 19.29865264892578 -60.824790954589844 0.030194321647286415 -0.4002833962440491 -0.16599754989147186 -0.9007254838943481
1748443712.922847 -25.667747497558594 19.223712921142578 -60.42655944824219 0.029886918142437935 -0.42628878355026245 -0.17042601108551025 -0.8878849744796753
1748443713.389517 -25.15116310119629 19.152437210083008 -60.083473205566406 0.027461333200335503 -0.4274594187736511 -0.17081865668296814 -0.887324869632721
1748443713.989495 -24.4782772064209 19.073108673095703 -59.66061782836914 0.029828980565071106 -0.440266489982605 -0.1718980371952057 -0.8807535171508789
1748443714.522799 -23.87962532043457 18.996315002441406 -59.29375457763672 0.028872307389974594 -0.44526875019073486 -0.17175693809986115 -0.8782947063446045
1748443715.122802 -23.230712890625 18.919830322265625 -58.886741638183594 0.030635597184300423 -0.445880651473999 -0.17077821493148804 -0.8781154751777649
1748443715.589604 -22.703638076782227 18.85529327392578 -58.5706787109375 0.034251581877470016 -0.44181567430496216 -0.16869938373565674 -0.8804352879524231
1748443716.12277 -22.129302978515625 18.767868041992188 -58.174312591552734 0.028994668275117874 -0.43993043899536133 -0.16155284643173218 -0.8829049468040466
1748443716.722787 -21.47968101501465 18.683067321777344 -57.76153564453125 0.02838142029941082 -0.43855521082878113 -0.16576682031154633 -0.8828279972076416
1748443717.322762 -20.838958740234375 18.596607208251953 -57.35153579711914 0.028368640691041946 -0.43185779452323914 -0.16574141383171082 -0.8861286044120789
1748443717.922744 -20.18051528930664 18.506948471069336 -56.89955520629883 0.028466269373893738 -0.4272094666957855 -0.16323032975196838 -0.8888406157493591
1748443718.522883 -19.52036476135254 18.407272338867188 -56.41754913330078 0.029027573764324188 -0.4191009998321533 -0.16233204305171967 -0.8928382396697998
1748443719.122712 -18.912063598632812 18.30181312561035 -55.972740173339844 0.025538917630910873 -0.4026515483856201 -0.15679632127285004 -0.9014623761177063
1748443719.722842 -18.311065673828125 18.182186126708984 -55.492515563964844 0.02165629342198372 -0.38499346375465393 -0.15482109785079956 -0.9095831513404846
1748443720.322653 -17.707901000976562 18.059736251831055 -54.98411560058594 0.022714581340551376 -0.383282333612442 -0.15503157675266266 -0.9102439284324646
1748443720.789351 -17.245195388793945 17.97385597229004 -54.59153366088867 0.022660579532384872 -0.37859347462654114 -0.15408362448215485 -0.9123660326004028
1748443721.38949 -16.64757537841797 17.849472045898438 -54.08184051513672 0.020833585411310196 -0.37646615505218506 -0.15077953040599823 -0.913840651512146
1748443721.989308 -16.077266693115234 17.72586441040039 -53.57915115356445 0.020945528522133827 -0.37246865034103394 -0.14946140348911285 -0.9156908392906189
1748443722.52263 -15.552425384521484 17.620635986328125 -53.132694244384766 0.0230559092015028 -0.3718112111091614 -0.14865709841251373 -0.9160382151603699
1748443723.122625 -14.951449394226074 17.485214233398438 -52.59183883666992 0.02351529709994793 -0.3693138360977173 -0.148179292678833 -0.9171135425567627
1748443723.722583 -14.361201286315918 17.35575294494629 -52.049293518066406 0.023659322410821915 -0.3623816668987274 -0.14499351382255554 -0.920378565788269
1748443724.322777 -13.795116424560547 17.221576690673828 -51.52003479003906 0.02298244833946228 -0.3572636544704437 -0.14288735389709473 -0.9227229952812195
1748443724.789262 -13.355697631835938 17.106721878051758 -51.09300231933594 0.0247894786298275 -0.3497507870197296 -0.13933375477790833 -0.9260917901992798
1748443725.389353 -12.810999870300293 16.940649032592773 -50.5372428894043 0.012215478345751762 -0.3298393785953522 -0.1330874115228653 -0.9345291256904602
1748443725.989198 -12.289015769958496 16.7946720123291 -49.922996520996094 0.023574963212013245 -0.30837419629096985 -0.13432033360004425 -0.941439151763916
1748443726.522534 -11.852567672729492 16.66004180908203 -49.369285583496094 0.0218222513794899 -0.28801479935646057 -0.1321558952331543 -0.9482120871543884
1748443727.122532 -11.408411026000977 16.490036010742188 -48.736053466796875 0.021004054695367813 -0.26528266072273254 -0.12572774291038513 -0.9557073712348938
1748443727.722661 -10.997496604919434 16.32731056213379 -48.108055114746094 0.02157704159617424 -0.24902793765068054 -0.1196664422750473 -0.9608327150344849
1748443728.189239 -10.684453010559082 16.18526268005371 -47.58238983154297 0.019459443166851997 -0.2347162663936615 -0.11195548623800278 -0.9653991460800171
1748443728.722575 -10.357412338256836 16.018356323242188 -47.00927734375 0.016607442870736122 -0.22238685190677643 -0.10505851358175278 -0.9691393375396729
1748443729.322577 -10.01231575012207 15.850614547729492 -46.39051055908203 0.02123747393488884 -0.21306727826595306 -0.09850325435400009 -0.9718273878097534
1748443729.922516 -9.67719841003418 15.676741600036621 -45.735965728759766 0.023491816595196724 -0.20296411216259003 -0.09535671770572662 -0.9742488265037537
1748443730.522506 -9.343483924865723 15.510076522827148 -45.1002082824707 0.02462083287537098 -0.20554383099079132 -0.09571443498134613 -0.9736449122428894
1748443731.122657 -9.005963325500488 15.333022117614746 -44.446983337402344 0.022742358967661858 -0.20328381657600403 -0.09310062229633331 -0.9744182229042053
1748443731.722376 -8.678909301757812 15.170762062072754 -43.83481979370117 0.02410740591585636 -0.20558035373687744 -0.09307729452848434 -0.9739056825637817
1748443732.322387 -8.363479614257812 14.997055053710938 -43.20120620727539 0.022695690393447876 -0.20083139836788177 -0.08797765523195267 -0.9754033088684082
1748443732.85572 -8.065074920654297 14.832998275756836 -42.6186408996582 0.023284194990992546 -0.20162716507911682 -0.08654486387968063 -0.9753534197807312
1748443733.45582 -7.735533237457275 14.65342903137207 -41.9495964050293 0.02566707320511341 -0.19920948147773743 -0.0830741748213768 -0.9760919809341431
1748443734.055852 -7.409340858459473 14.482295989990234 -41.3221549987793 0.02494071237742901 -0.19675993919372559 -0.08403504639863968 -0.9765253067016602
1748443734.655693 -7.06052303314209 14.296677589416504 -40.66103744506836 0.02438874915242195 -0.1990354061126709 -0.08412118256092072 -0.9760705828666687
1748443735.255764 -6.7358598709106445 14.119457244873047 -40.01120376586914 0.025771168991923332 -0.1976814568042755 -0.08335480093955994 -0.976375937461853
1748443735.855768 -6.424477577209473 13.948174476623535 -39.36163330078125 0.023397110402584076 -0.19596101343631744 -0.08190137892961502 -0.976905345916748
1748443736.455686 -6.123709201812744 13.775490760803223 -38.74101257324219 0.0216584000736475 -0.1895407885313034 -0.08086183667182922 -0.9782978296279907
1748443737.056162 -5.853122711181641 13.600469589233398 -38.095252990722656 0.023189010098576546 -0.17460115253925323 -0.07602258026599884 -0.9814261794090271
1748443737.655636 -5.61604642868042 13.431968688964844 -37.4574089050293 0.02176002599298954 -0.1593390703201294 -0.07131931185722351 -0.9844039678573608
1748443738.255561 -5.380751609802246 13.245294570922852 -36.779815673828125 0.02227587252855301 -0.14606884121894836 -0.0671224445104599 -0.9867432713508606
1748443738.85566 -5.127957820892334 13.048380851745605 -36.09284973144531 0.021779166534543037 -0.14141598343849182 -0.06524039059877396 -0.9875580668449402
1748443739.322346 -4.965634346008301 12.896958351135254 -35.55960464477539 0.020403018221259117 -0.13653753697872162 -0.0637829527258873 -0.9883688688278198
1748443739.922184 -4.752458095550537 12.704029083251953 -34.886940002441406 0.01829328015446663 -0.12787453830242157 -0.06082102283835411 -0.9897546768188477
1748443740.455524 -4.574967861175537 12.533074378967285 -34.25629806518555 0.021115420386195183 -0.11939544975757599 -0.05764792487025261 -0.9909468293190002
1748443741.055479 -4.378633975982666 12.32652759552002 -33.56753921508789 0.019467417150735855 -0.11530978232622147 -0.052694156765937805 -0.9917399287223816
1748443741.655468 -4.190938949584961 12.120349884033203 -32.85924530029297 0.018759142607450485 -0.10803662985563278 -0.048989322036504745 -0.9927619695663452
1748443742.255464 -4.024093151092529 11.93214225769043 -32.14377975463867 0.025610335171222687 -0.10578557103872299 -0.04779594764113426 -0.9929094314575195
1748443742.85542 -3.8427734375 11.732939720153809 -31.43894386291504 0.022419854998588562 -0.10578912496566772 -0.0458533801138401 -0.99307781457901
1748443743.45541 -3.6560842990875244 11.53095817565918 -30.7462158203125 0.019603461027145386 -0.11241789162158966 -0.04742542281746864 -0.9923350214958191
1748443744.055492 -3.46174693107605 11.323201179504395 -30.035396575927734 0.016060881316661835 -0.11225975304841995 -0.049305833876132965 -0.992324948310852
1748443744.522087 -3.312465190887451 11.157971382141113 -29.479251861572266 0.018144937232136726 -0.11178860068321228 -0.047829288989305496 -0.9924145340919495
1748443745.255537 -3.149423122406006 10.928756713867188 -28.72939682006836 0.017399875447154045 -0.09580976516008377 -0.03921317309141159 -0.9944747686386108
1748443745.922097 -3.018587350845337 10.71774959564209 -28.066816329956055 0.012253187596797943 -0.09447640925645828 -0.03548165410757065 -0.994819164276123
1748443746.522039 -2.87184739112854 10.487524032592773 -27.3394832611084 0.011908287182450294 -0.08864320814609528 -0.032631415873765945 -0.9954575896263123
1748443747.122007 -2.745877265930176 10.263890266418457 -26.572540283203125 0.017172982916235924 -0.08485601842403412 -0.030300185084342957 -0.995784342288971
1748443747.65549 -2.615532398223877 10.056608200073242 -25.89559555053711 0.015770018100738525 -0.0818607434630394 -0.031039534136652946 -0.9960355162620544
1748443748.121985 -2.4977715015411377 9.8718843460083 -25.26690101623535 0.015811128541827202 -0.08027717471122742 -0.03018626943230629 -0.9961898922920227
1748443748.72194 -2.337826728820801 9.642711639404297 -24.497459411621094 0.011850918643176556 -0.08495223522186279 -0.03516394644975662 -0.9956938624382019
1748443749.322095 -2.170239210128784 9.409564018249512 -23.72728157043457 0.013790479861199856 -0.08733037859201431 -0.034375838935375214 -0.9954906105995178
1748443749.92194 -2.0146803855895996 9.173796653747559 -22.95549774169922 0.011332528665661812 -0.08669207990169525 -0.034342776983976364 -0.9955785870552063
1748443750.455269 -1.8753821849822998 8.97244644165039 -22.267107009887695 0.016365820541977882 -0.0880466103553772 -0.036095380783081055 -0.9953276515007019
1748443751.055214 -1.7207071781158447 8.739351272583008 -21.494544982910156 0.014659710228443146 -0.08592744171619415 -0.034128155559301376 -0.9956088066101074
1748443751.655357 -1.576079249382019 8.496705055236816 -20.72597312927246 0.008456561714410782 -0.07938225567340851 -0.034286998212337494 -0.9962185621261597
1748443752.255362 -1.4253312349319458 8.260798454284668 -19.950172424316406 0.013149266131222248 -0.07066448777914047 -0.03380817919969559 -0.9968403577804565
1748443752.855309 -1.2948031425476074 8.019556999206543 -19.159997940063477 0.01675882749259472 -0.06526336073875427 -0.03390491381287575 -0.9971511363983154
1748443753.455281 -1.1768133640289307 7.769124984741211 -18.37401008605957 0.013500148430466652 -0.06449170410633087 -0.03140472620725632 -0.9973326325416565
1748443754.055308 -1.0500987768173218 7.526395320892334 -17.595888137817383 0.01281067356467247 -0.0631449893116951 -0.032263077795505524 -0.9974004626274109
1748443754.655256 -0.9283721446990967 7.295811653137207 -16.810029983520508 0.015435093082487583 -0.06576360762119293 -0.030834948644042015 -0.9972392916679382
1748443755.255266 -0.7762374877929688 7.062512397766113 -16.03668785095215 0.015775075182318687 -0.07338213920593262 -0.036300819367170334 -0.9965181946754456
1748443755.855232 -0.6046229004859924 6.823322296142578 -15.265707015991211 0.012411539442837238 -0.0846058800816536 -0.042182352393865585 -0.9954438805580139
1748443756.455218 -0.48411867022514343 6.601468086242676 -14.5180082321167 0.012694449163973331 -0.058271750807762146 -0.0350092276930809 -0.9976059794425964
1748443757.055246 -0.3488069474697113 6.382312774658203 -13.764900207519531 0.013103874400258064 -0.06037764251232147 -0.038243506103754044 -0.997356653213501
1748443757.655247 -0.2462075799703598 6.153071880340576 -13.008196830749512 0.012602085247635841 -0.04928048700094223 -0.03563854470849037 -0.9980694055557251
1748443758.255265 -0.1320640742778778 5.904979228973389 -12.21491527557373 0.009335186332464218 -0.049774810671806335 -0.037630677223205566 -0.9980076551437378
1748443758.855152 0.01889527030289173 5.665635108947754 -11.472423553466797 0.0069120414555072784 -0.07183308154344559 -0.04504645615816116 -0.9963749647140503
1748443759.32181 0.13169294595718384 5.477365016937256 -10.87938117980957 0.005744569003582001 -0.06892488151788712 -0.043467581272125244 -0.9966579675674438
1748443759.855125 0.26817166805267334 5.259881019592285 -10.216867446899414 0.006434172857552767 -0.0733528733253479 -0.044850077480077744 -0.9962762594223022
1748443760.254949 0.3694858253002167 5.099003314971924 -9.705159187316895 0.006538968998938799 -0.07474616169929504 -0.045533280819654465 -0.9961410760879517
1748443760.855316 0.534342885017395 4.850711822509766 -8.937926292419434 0.0066910795867443085 -0.07463730126619339 -0.04703031852841377 -0.9960786700248718
1748443761.455093 0.6616942286491394 4.598665237426758 -8.159478187561035 0.005882821045815945 -0.05619201064109802 -0.04380475729703903 -0.9974412322044373
1748443762.055126 0.7384114861488342 4.395322799682617 -7.542100429534912 0.0076477727852761745 -0.04265372455120087 -0.039601340889930725 -0.9982754588127136
1748443762.721744 0.814970850944519 4.1430840492248535 -6.752269268035889 0.006585630588233471 -0.02584262751042843 -0.03531881421804428 -0.9990202784538269
1748443763.321707 0.8657165169715881 3.9007949829101562 -6.01074743270874 0.007217269856482744 -0.01706148125231266 -0.029098642989993095 -0.9994049072265625
1748443763.921711 0.9041366577148438 3.633660316467285 -5.2220282554626465 0.004262278787791729 -0.009030412882566452 -0.02513284608721733 -0.9996342658996582
1748443764.45503 0.914960503578186 3.4258599281311035 -4.590328693389893 0.0073496573604643345 0.000895258504897356 -0.01873466745018959 -0.9997970461845398
1748443765.121685 0.9498792886734009 3.1813013553619385 -3.879995346069336 0.003730393247678876 -0.006656857207417488 -0.021702110767364502 -0.9997353553771973
1748443767.722928 0.97193443775177 2.959044933319092 -3.2243738174438477 -0.0010023592039942741 -0.003179914318025112 -0.018769290298223495 -0.9998182654380798
1748443769.988354 1.0550637245178223 2.699263095855713 -2.413195848464966 -7.36490692361258e-05 -0.03236446529626846 -0.027157500386238098 -0.9991071224212646
1748443771.588502 1.1918847560882568 2.4645273685455322 -1.6581594944000244 0.012127586640417576 -0.06327152997255325 -0.03579794988036156 -0.9972803592681885
1748443771.788305 1.2183001041412354 2.429795742034912 -1.5456161499023438 0.012098018079996109 -0.064379021525383 -0.036363497376441956 -0.9971894025802612
