1750948304.016544 -0.0 -0.0 -0.0 -0.0 -0.0 -0.0 1.0
1750948305.949816 -0.010669603943824768 -0.04734271392226219 0.1024695634841919 0.009720553644001484 -0.007350171450525522 -0.003133458783850074 0.9999209046363831
1750948306.616669 -0.06928010284900665 -0.30077695846557617 0.8762748837471008 -0.004457119852304459 -0.03495527058839798 -0.015381528064608574 0.9992606043815613
1750948307.28332 -0.1493845283985138 -0.5339356660842896 1.4769394397735596 0.01208133902400732 -0.05251172184944153 -0.022204849869012833 0.9983003735542297
1750948308.016453 -0.22364051640033722 -0.7784184217453003 2.141629934310913 0.02005954645574093 -0.05125896632671356 -0.022017771378159523 0.9982411861419678
1750948308.616474 -0.29564598202705383 -1.059131383895874 2.940394878387451 0.014408725313842297 -0.044836048036813736 -0.0220352690666914 0.9986473917961121
1750948309.216591 -0.3352193832397461 -1.3457828760147095 3.7442691326141357 0.013220446184277534 -0.03340298309922218 -0.01833416149020195 0.9991863369941711
1750948309.749917 -0.36888042092323303 -1.6101624965667725 4.456944465637207 0.01665516570210457 -0.02818593569099903 -0.015210137702524662 0.9993482828140259
1750948310.216395 -0.3961799740791321 -1.836471676826477 5.083630084991455 0.014614247716963291 -0.02532675489783287 -0.015407712198793888 0.9994536638259888
1750948310.749722 -0.4242359399795532 -2.1039376258850098 5.783670902252197 0.01875372603535652 -0.023949529975652695 -0.013895295560359955 0.9994406700134277
1750948311.349845 -0.4557328522205353 -2.398451328277588 6.564732074737549 0.0169217586517334 -0.024402165785431862 -0.015377345494925976 0.9994407296180725
1750948311.949663 -0.4968024492263794 -2.695753574371338 7.356502532958984 0.019862288609147072 -0.03328033909201622 -0.018025940284132957 0.9990861415863037
1750948312.549698 -0.5522388219833374 -2.9857871532440186 8.104103088378906 0.019629471004009247 -0.04224085435271263 -0.0236553605645895 0.9986345171928406
1750948313.149821 -0.6432129144668579 -3.2622551918029785 8.863179206848145 0.015614766627550125 -0.06454289704561234 -0.02988402172923088 0.9973451495170593
1750948313.749796 -0.7944183349609375 -3.533259153366089 9.60711669921875 0.017255691811442375 -0.0932236760854721 -0.03876882046461105 0.9947404861450195
1750948314.349619 -1.008284568786621 -3.7985496520996094 10.319650650024414 0.016572508960962296 -0.13785098493099213 -0.05453632026910782 0.9888115525245667
1750948314.949616 -1.2885850667953491 -4.0421247482299805 10.98227310180664 0.02033849060535431 -0.1844796985387802 -0.06926348805427551 0.9801816940307617
1750948315.549745 -1.660588264465332 -4.277581214904785 11.62353515625 0.020133288577198982 -0.23169589042663574 -0.08534229546785355 0.9688283801078796
1750948316.149566 -2.0908050537109375 -4.513322830200195 12.200850486755371 0.030198903754353523 -0.2862108647823334 -0.0989268496632576 0.9525675177574158
1750948316.749753 -2.5995519161224365 -4.7241716384887695 12.730982780456543 0.02595134638249874 -0.3455887734889984 -0.11923062056303024 0.9304187297821045
1750948317.416232 -3.2523982524871826 -4.919685363769531 13.228653907775879 0.022684603929519653 -0.41480520367622375 -0.14893846213817596 0.8973513841629028
1750948318.016351 -3.9257426261901855 -5.075942516326904 13.625861167907715 0.023929232731461525 -0.45973941683769226 -0.1650688350200653 0.8722496032714844
1750948318.616197 -4.676953315734863 -5.189760208129883 13.937470436096191 0.024086127057671547 -0.5071384310722351 -0.18747593462467194 0.8408823609352112
1750948319.216202 -5.43452262878418 -5.29935359954834 14.185507774353027 0.02905760519206524 -0.5453893542289734 -0.1983204483985901 0.8138642907142639
1750948319.816197 -6.211150169372559 -5.386646270751953 14.37192440032959 0.02901098132133484 -0.5785830616950989 -0.20944668352603912 0.7877385020256042
1750948320.349667 -6.917237281799316 -5.436168670654297 14.479368209838867 0.029784072190523148 -0.60764479637146 -0.21968941390514374 0.7626384496688843
1750948320.949461 -7.719996929168701 -5.476677894592285 14.528570175170898 0.029384344816207886 -0.6382231712341309 -0.2316378504037857 0.7335882186889648
1750948321.549496 -8.540365219116211 -5.488466739654541 14.514473915100098 0.030801279470324516 -0.6667562127113342 -0.24154210090637207 0.7043755054473877
1750948322.149588 -9.335138320922852 -5.469255447387695 14.419939041137695 0.03157111257314682 -0.7079595923423767 -0.255632609128952 0.6576082110404968
1750948322.749411 -10.067803382873535 -5.41513204574585 14.213985443115234 0.03317471966147423 -0.7519606947898865 -0.2686478793621063 0.6010681986808777
1750948323.349451 -10.787074089050293 -5.310023784637451 13.922147750854492 0.031166868284344673 -0.7880265116691589 -0.28883054852485657 0.5427889823913574
1750948323.816084 -11.286018371582031 -5.223487377166748 13.629682540893555 0.035852525383234024 -0.8196974992752075 -0.2904773950576782 0.4923754334449768
1750948324.416206 -11.89881706237793 -5.089765548706055 13.193267822265625 0.03493226692080498 -0.8504231572151184 -0.2953571379184723 0.4339635670185089
1750948325.016182 -12.436840057373047 -4.909246444702148 12.683239936828613 0.03383614495396614 -0.8732951283454895 -0.3079223334789276 0.3760248124599457
1750948325.549388 -12.87811279296875 -4.75015115737915 12.182228088378906 0.036531683057546616 -0.8854470252990723 -0.307987242937088 0.34611111879348755
1750948326.149534 -13.356069564819336 -4.5573506355285645 11.590958595275879 0.038763996213674545 -0.8964362144470215 -0.30933523178100586 0.31497812271118164
1750948326.749509 -13.80695915222168 -4.3758463859558105 10.978643417358398 0.038980282843112946 -0.9026065468788147 -0.3063674569129944 0.2998681962490082
1750948327.349499 -14.237104415893555 -4.190564155578613 10.37453842163086 0.04036718234419823 -0.9063823223114014 -0.2994661033153534 0.29523172974586487
1750948328.016261 -14.716678619384766 -4.034147262573242 9.75958251953125 0.0425308533012867 -0.9026799201965332 -0.2893522083759308 0.31565067172050476
1750948328.616145 -15.20811653137207 -3.8868303298950195 9.212972640991211 0.03765593469142914 -0.9001641273498535 -0.29392877221107483 0.3192061483860016
1750948329.216142 -15.672256469726562 -3.7278127670288086 8.627460479736328 0.038178011775016785 -0.9005147814750671 -0.2935262620449066 0.31852471828460693
1750948329.815949 -16.133752822875977 -3.572148323059082 8.062443733215332 0.03803824260830879 -0.9021371603012085 -0.29128125309944153 0.3160015344619751
1750948330.415942 -16.598140716552734 -3.424922466278076 7.522592544555664 0.03619183972477913 -0.8961679339408875 -0.2947169840335846 0.3297197222709656
1750948331.016038 -17.08292007446289 -3.278146266937256 6.966522216796875 0.03643649071455002 -0.8954318165779114 -0.2914688289165497 0.33454474806785583
1750948331.616069 -17.579662322998047 -3.1255364418029785 6.405881881713867 0.036034710705280304 -0.8928865790367126 -0.29088902473449707 0.34181690216064453
1750948332.215941 -18.09830665588379 -2.972759485244751 5.863356590270996 0.034993238747119904 -0.8885017037391663 -0.292950302362442 0.35145464539527893
1750948332.749276 -18.57489013671875 -2.8425374031066895 5.3843488693237305 0.036246489733457565 -0.8847457766532898 -0.29190248250961304 0.3615303039550781
1750948333.34935 -19.119735717773438 -2.6884098052978516 4.867859840393066 0.035470571368932724 -0.880687415599823 -0.2943824529647827 0.3694192171096802
1750948333.949668 -19.661476135253906 -2.5444674491882324 4.363033294677734 0.038212552666664124 -0.8801164031028748 -0.2895684242248535 0.3742794990539551
1750948334.549168 -20.205482482910156 -2.3921170234680176 3.838590621948242 0.038678187876939774 -0.8774576187133789 -0.29277321696281433 0.37796303629875183
1750948335.149318 -20.744548797607422 -2.2443809509277344 3.3191070556640625 0.0389559343457222 -0.8767990469932556 -0.29194673895835876 0.3800960183143616
1750948335.74911 -21.280548095703125 -2.098142623901367 2.803295135498047 0.04156363010406494 -0.8775700330734253 -0.2924911677837372 0.3776138722896576
1750948336.349111 -21.825542449951172 -1.953486442565918 2.296489715576172 0.041443221271038055 -0.8775236010551453 -0.2963399589061737 0.3747231364250183
1750948336.949114 -22.356422424316406 -1.8115363121032715 1.7790412902832031 0.04426896572113037 -0.8815969228744507 -0.29515689611434937 0.36566320061683655
1750948337.549234 -22.871429443359375 -1.644066333770752 1.2363319396972656 0.04438389465212822 -0.8868650197982788 -0.29867324233055115 0.3497067093849182
1750948338.149065 -23.336044311523438 -1.4959821701049805 0.6763038635253906 0.04633015766739845 -0.8950228691101074 -0.29451730847358704 0.3317335247993469
1750948338.750093 -23.802913665771484 -1.3176641464233398 0.0771331787109375 0.04352731630206108 -0.8993775248527527 -0.3006369173526764 0.31439295411109924
1750948339.349062 -24.293479919433594 -1.1445212364196777 -0.5237483978271484 0.04314843565225601 -0.8977555632591248 -0.2966372072696686 0.3227684795856476
1750948339.949011 -24.787092208862305 -0.9753150939941406 -1.1105155944824219 0.043698642402887344 -0.8948310613632202 -0.29702430963516235 0.3303702175617218
1750948340.549 -25.28821563720703 -0.8210916519165039 -1.6713809967041016 0.043866049498319626 -0.8908094763755798 -0.29305002093315125 0.34446486830711365
1750948341.149008 -25.81497573852539 -0.6661462783813477 -2.217937469482422 0.04297266900539398 -0.8847532868385315 -0.29498347640037537 0.3582594096660614
1750948341.749142 -26.3497371673584 -0.5218019485473633 -2.745410919189453 0.04164569824934006 -0.8800686597824097 -0.2919260561466217 0.3721882402896881
1750948342.349384 -26.897382736206055 -0.3744344711303711 -3.241697311401367 0.03913923352956772 -0.8750446438789368 -0.2935944199562073 0.38284116983413696
1750948342.81565 -27.32048988342285 -0.26220130920410156 -3.631082534790039 0.03580515459179878 -0.8747057318687439 -0.2927161157131195 0.38461029529571533
1750948343.41562 -27.89128875732422 -0.12393856048583984 -4.136051177978516 0.03353942930698395 -0.8738727569580078 -0.29056480526924133 0.38832154870033264
1750948343.815758 -28.263896942138672 -0.03091144561767578 -4.473114013671875 0.03366991877555847 -0.8734821677207947 -0.28866255283355713 0.39060109853744507
1750948344.41557 -28.79448890686035 0.10568904876708984 -4.964702606201172 0.03359372541308403 -0.87514728307724 -0.29017961025238037 0.38572585582733154
1750948344.948952 -29.291166305541992 0.23992252349853516 -5.421661376953125 0.03254050388932228 -0.8771294355392456 -0.2930604815483093 0.37907859683036804
1750948345.548937 -29.810161590576172 0.39508724212646484 -5.967124938964844 0.03546290472149849 -0.8814278841018677 -0.29341375827789307 0.36842331290245056
1750948346.149027 -30.31660270690918 0.5497188568115234 -6.502155303955078 0.03605543076992035 -0.8836394548416138 -0.2924167811870575 0.363832026720047
1750948346.74889 -30.826839447021484 0.7007408142089844 -7.022678375244141 0.0349077470600605 -0.8835834860801697 -0.294566810131073 0.36234259605407715
1750948347.348854 -31.331140518188477 0.850163459777832 -7.538867950439453 0.032590579241514206 -0.8842724561691284 -0.29499346017837524 0.36052608489990234
1750948347.948889 -31.843828201293945 1.003082275390625 -8.065193176269531 0.03118985891342163 -0.8856602311134338 -0.293133944272995 0.358755886554718
1750948348.548801 -32.329280853271484 1.1543083190917969 -8.59189224243164 0.030279209837317467 -0.8846467733383179 -0.29456502199172974 0.36015933752059937
1750948349.148803 -32.8559684753418 1.3006420135498047 -9.109634399414062 0.029848381876945496 -0.8819476962089539 -0.29244446754455566 0.36844754219055176
1750948349.748798 -33.394386291503906 1.4512252807617188 -9.633052825927734 0.03375718370079994 -0.8803431987762451 -0.2892211973667145 0.37444302439689636
1750948350.348934 -33.92153549194336 1.5983877182006836 -10.14990234375 0.033579833805561066 -0.8794939517974854 -0.29004159569740295 0.37581735849380493
1750948350.948978 -34.475337982177734 1.74725341796875 -10.685867309570312 0.034631382673978806 -0.8787626028060913 -0.29011186957359314 0.37737521529197693
1750948351.548756 -35.03724670410156 1.8982048034667969 -11.211414337158203 0.03427772596478462 -0.8776699900627136 -0.290835440158844 0.3793879747390747
1750948352.082085 -35.545074462890625 2.031649589538574 -11.686992645263672 0.034912921488285065 -0.8771907091140747 -0.29053187370300293 0.3806689381599426
1750948352.682206 -36.077083587646484 2.1813459396362305 -12.198009490966797 0.03541690111160278 -0.8757630586624146 -0.29102790355682373 0.3835199177265167
1750948353.282232 -36.623695373535156 2.3270740509033203 -12.70477294921875 0.03704358637332916 -0.8746501207351685 -0.2893703579902649 0.38714301586151123
1750948353.748694 -37.061790466308594 2.447317123413086 -13.105777740478516 0.03641047328710556 -0.8722603917121887 -0.29044029116630554 0.3917660415172577
1750948354.348876 -37.62401580810547 2.585310935974121 -13.618431091308594 0.03827020153403282 -0.8708280920982361 -0.28850290179252625 0.39618170261383057
1750948354.948847 -38.19147491455078 2.7292213439941406 -14.107894897460938 0.03815115615725517 -0.8681091070175171 -0.2888776659965515 0.40184685587882996
1750948355.548972 -38.764427185058594 2.8572654724121094 -14.600566864013672 0.03770618140697479 -0.8664985299110413 -0.28675684332847595 0.40685272216796875
1750948356.082158 -39.29623794555664 2.974628448486328 -15.02169418334961 0.03850042074918747 -0.8644264936447144 -0.28576159477233887 0.4118555188179016
1750948356.548754 -39.74062728881836 3.076841354370117 -15.3948974609375 0.037956804037094116 -0.862607479095459 -0.28551432490348816 0.4158715605735779
1750948357.082099 -40.27317810058594 3.1891822814941406 -15.82012939453125 0.038762398064136505 -0.8611271381378174 -0.28330904245376587 0.4203493297100067
1750948357.681957 -40.826175689697266 3.313749313354492 -16.28752899169922 0.03718592971563339 -0.8617355823516846 -0.28455060720443726 0.4184015989303589
1750948358.282027 -41.42430877685547 3.4536800384521484 -16.796924591064453 0.03749801963567734 -0.8656886219978333 -0.28726834058761597 0.4082328677177429
1750948358.881959 -41.98885726928711 3.588001251220703 -17.301315307617188 0.03679043799638748 -0.8703972101211548 -0.28877556324005127 0.39706921577453613
1750948359.481907 -42.56393051147461 3.731781005859375 -17.809444427490234 0.03659048676490784 -0.86985182762146 -0.2898987829685211 0.39746400713920593
1750948359.948768 -43.015586853027344 3.8410186767578125 -18.201858520507812 0.035323742777109146 -0.8690171837806702 -0.2892909348011017 0.39984002709388733
1750948360.549024 -43.60474395751953 3.9917755126953125 -18.71579360961914 0.03599626570940018 -0.8663271069526672 -0.2897285223007202 0.40526410937309265
1750948361.082073 -44.152183532714844 4.1170806884765625 -19.159526824951172 0.03508159518241882 -0.8641424179077148 -0.2890525162220001 0.4104580581188202
1750948361.681991 -44.74684143066406 4.2585906982421875 -19.65549087524414 0.035342343151569366 -0.8628554940223694 -0.2876567244529724 0.4141075313091278
1750948362.148931 -45.219844818115234 4.364301681518555 -20.036094665527344 0.034384045749902725 -0.862503707408905 -0.28704649209976196 0.4153425395488739
1750948362.748519 -45.824913024902344 4.498161315917969 -20.528968811035156 0.03472399339079857 -0.8621004223823547 -0.2860012352466583 0.4168698489665985
1750948363.348523 -46.443870544433594 4.627099990844727 -21.018482208251953 0.03322206437587738 -0.8625005483627319 -0.28349635004997253 0.41787439584732056
1750948363.949173 -47.05864715576172 4.766622543334961 -21.514163970947266 0.031043624505400658 -0.8619236350059509 -0.2840035557746887 0.418886661529541
1750948364.549084 -47.66240692138672 4.888301849365234 -21.990554809570312 0.030245639383792877 -0.8605701327323914 -0.28107842803001404 0.42367345094680786
1750948365.148587 -48.27753829956055 5.014430999755859 -22.455078125 0.0292202178388834 -0.8585599660873413 -0.2795411944389343 0.4288095533847809
1750948365.74866 -48.89785385131836 5.132728576660156 -22.91506576538086 0.0288657546043396 -0.8556420803070068 -0.2782532572746277 0.4354521334171295
1750948366.348797 -49.512550354003906 5.252679824829102 -23.370174407958984 0.028677403926849365 -0.8541054725646973 -0.2769052982330322 0.43932339549064636
1750948366.948508 -50.164100646972656 5.371809005737305 -23.836265563964844 0.028170041739940643 -0.8532645106315613 -0.276322603225708 0.4413524568080902
1750948367.481777 -50.738399505615234 5.478080749511719 -24.25112533569336 0.02662830799818039 -0.8538751602172852 -0.2753494679927826 0.4408751130104065
1750948368.081701 -51.395530700683594 5.605695724487305 -24.73617935180664 0.02564527466893196 -0.8545536994934082 -0.2770219147205353 0.4385649263858795
1750948368.6817 -52.06101608276367 5.736776351928711 -25.22412109375 0.025334028527140617 -0.8561546206474304 -0.27635806798934937 0.4358711838722229
1750948369.281703 -52.702362060546875 5.85786247253418 -25.68984603881836 0.023611711338162422 -0.855599045753479 -0.2759789526462555 0.43729665875434875
1750948369.881855 -53.34693908691406 5.987936019897461 -26.18004608154297 0.02274068258702755 -0.8592972159385681 -0.27528712153434753 0.43047448992729187
1750948370.481643 -53.98817443847656 6.1169586181640625 -26.665565490722656 0.02138216607272625 -0.8592233061790466 -0.27662768959999084 0.4298318326473236
1750948371.081655 -54.627193450927734 6.252676010131836 -27.136032104492188 0.020358040928840637 -0.8576147556304932 -0.27894195914268494 0.4315946698188782
1750948371.681664 -55.26717758178711 6.377132415771484 -27.601158142089844 0.019179964438080788 -0.8560857772827148 -0.27671173214912415 0.43609619140625
1750948372.215076 -55.83375549316406 6.482831954956055 -28.007293701171875 0.019516615197062492 -0.8541002869606018 -0.2745016813278198 0.4413396120071411
1750948372.814946 -56.493804931640625 6.616518020629883 -28.44713592529297 0.015521839261054993 -0.8500990271568298 -0.2766377031803131 0.44784191250801086
1750948373.414953 -57.16383361816406 6.756326675415039 -28.90349578857422 0.019606351852416992 -0.8474924564361572 -0.2755458354949951 0.45326218008995056
1750948374.014934 -57.797298431396484 6.877679824829102 -29.349594116210938 0.028437409549951553 -0.8457034826278687 -0.2779899835586548 0.45464107394218445
1750948374.614938 -58.44435119628906 7.018640518188477 -29.829727172851562 0.02935042418539524 -0.8518011569976807 -0.28307393193244934 0.4398209750652313
1750948375.214878 -59.046905517578125 7.154472351074219 -30.322647094726562 0.029026219621300697 -0.8629896640777588 -0.28027987480163574 0.4193442165851593
1750948375.815283 -59.658111572265625 7.276252746582031 -30.816360473632812 0.0302458293735981 -0.8659139275550842 -0.27755728363990784 0.4150184690952301
1750948376.41504 -60.258934020996094 7.424165725708008 -31.306259155273438 0.02671109326183796 -0.8662633299827576 -0.2831076383590698 0.4107608497142792
1750948377.014894 -60.87470245361328 7.528465270996094 -31.808258056640625 0.02872449904680252 -0.8677074909210205 -0.2706715762615204 0.4159271717071533
1750948377.614998 -61.50804138183594 7.6591644287109375 -32.29399108886719 0.025738269090652466 -0.8620479702949524 -0.27677294611930847 0.423801451921463
1750948378.214825 -62.1668701171875 7.81348991394043 -32.803260803222656 0.026271019130945206 -0.859393298625946 -0.282573401927948 0.42532968521118164
1750948378.814954 -62.80755615234375 7.951808929443359 -33.30884552001953 0.03186171501874924 -0.8593277931213379 -0.2842956781387329 0.4239298105239868
1750948379.414783 -63.423377990722656 8.111505508422852 -33.83216094970703 0.029028624296188354 -0.8699811100959778 -0.2884182929992676 0.3988797962665558
1750948380.014777 -64.00114440917969 8.288238525390625 -34.3980712890625 0.033262789249420166 -0.8813467025756836 -0.2951774299144745 0.36741238832473755
1750948380.614953 -64.55742645263672 8.473587036132812 -34.99873352050781 0.033078111708164215 -0.8863742351531982 -0.3044547438621521 0.3472086787223816
1750948381.214721 -65.0613021850586 8.679372787475586 -35.62950134277344 0.031834620982408524 -0.896506667137146 -0.3087717294692993 0.3161050081253052
1750948381.814724 -65.52583312988281 8.911079406738281 -36.28636932373047 0.03118927590548992 -0.9048374891281128 -0.31597208976745605 0.28365132212638855
1750948382.214728 -65.80888366699219 9.042686462402344 -36.73504638671875 0.03611409664154053 -0.9140926003456116 -0.30712831020355225 0.262302964925766
1750948382.814724 -66.21282958984375 9.248641967773438 -37.41895294189453 0.028699183836579323 -0.9219233989715576 -0.3024951219558716 0.24027156829833984
1750948383.414819 -66.577392578125 9.47645378112793 -38.112525939941406 0.026638710871338844 -0.9261249899864197 -0.3076825737953186 0.21659721434116364
1750948384.014667 -66.88529968261719 9.709030151367188 -38.837738037109375 0.03137446194887161 -0.9316390752792358 -0.3107215166091919 0.18578597903251648
1750948384.614741 -67.12397766113281 9.955684661865234 -39.568702697753906 0.030965320765972137 -0.9374238848686218 -0.31497061252593994 0.1451587975025177
1750948385.214675 -67.3022232055664 10.201591491699219 -40.314353942871094 0.031090790405869484 -0.9403679370880127 -0.32105377316474915 0.10800976306200027
1750948385.814621 -67.42935180664062 10.457656860351562 -41.074462890625 0.03431011736392975 -0.944725751876831 -0.31881964206695557 0.06833814084529877
1750948386.41462 -67.49964904785156 10.736038208007812 -41.83977127075195 0.034526873379945755 -0.9430482983589172 -0.3282163441181183 0.04173522815108299
1750948387.014626 -67.5359115600586 11.016257286071777 -42.62311553955078 0.031862106174230576 -0.9443148374557495 -0.3270252048969269 0.017573298886418343
1750948387.614758 -67.53136444091797 11.298502922058105 -43.40235900878906 0.023916298523545265 -0.9453505277633667 -0.3249170780181885 -0.013013494201004505
1750948388.214583 -67.46971130371094 11.584310531616211 -44.187522888183594 0.0251453947275877 -0.9436612129211426 -0.3271491825580597 -0.04295084625482559
1750948388.814588 -67.35979461669922 11.873446464538574 -44.958988189697266 0.025450270622968674 -0.9401386976242065 -0.3315935730934143 -0.07441242784261703
1750948389.414733 -67.19278717041016 12.16317367553711 -45.73268127441406 0.020468180999159813 -0.9360174536705017 -0.3340258002281189 -0.10899189114570618
1750948389.814657 -67.04938507080078 12.353903770446777 -46.24146270751953 0.018419239670038223 -0.9344117641448975 -0.33095288276672363 -0.13040539622306824
1750948390.41451 -66.80615997314453 12.634987831115723 -46.9919548034668 0.011861237697303295 -0.932884693145752 -0.32526740431785583 -0.15422913432121277
1750948391.014521 -66.54309844970703 12.923712730407715 -47.75347900390625 0.01394860353320837 -0.9293274879455566 -0.329864501953125 -0.16536425054073334
1750948391.614513 -66.24082946777344 13.209908485412598 -48.4911003112793 0.02053537406027317 -0.9249244928359985 -0.3292056620121002 -0.18898864090442657
1750948392.214411 -65.87908172607422 13.486509323120117 -49.207763671875 0.02624288760125637 -0.9216432571411133 -0.32193610072135925 -0.21504013240337372
1750948392.814473 -65.4937744140625 13.743108749389648 -49.91187286376953 0.03103797510266304 -0.918032705783844 -0.3166484534740448 -0.23661446571350098
1750948393.41455 -65.10519409179688 14.02493953704834 -50.601478576660156 0.03616506978869438 -0.9115353226661682 -0.3251757025718689 -0.24911093711853027
1750948394.014625 -64.7016372680664 14.299396514892578 -51.275146484375 0.0352468378841877 -0.9074479937553406 -0.3269057869911194 -0.26158830523490906
1750948394.41544 -64.42071533203125 14.471393585205078 -51.726531982421875 0.03299550712108612 -0.907295823097229 -0.320591002702713 -0.27008742094039917
1750948395.014454 -63.983924865722656 14.72860336303711 -52.378456115722656 0.03417148068547249 -0.9051473736763 -0.31799161434173584 -0.2800391614437103
1750948395.614488 -63.48309326171875 14.979825019836426 -53.01320266723633 0.032256197184324265 -0.8916943073272705 -0.31564047932624817 -0.3228187561035156
1750948396.214414 -62.93718719482422 15.217119216918945 -53.60218811035156 0.029660586267709732 -0.881916880607605 -0.3121636211872101 -0.35198965668678284
1750948396.814359 -62.35144805908203 15.45588493347168 -54.16094970703125 0.029847832396626472 -0.8715971112251282 -0.3103804588317871 -0.3782746195793152
1750948397.41436 -61.74200439453125 15.67240047454834 -54.69091796875 0.02649955078959465 -0.8648986220359802 -0.3035616874694824 -0.3988715410232544
1750948398.014443 -61.13592529296875 15.883288383483887 -55.191551208496094 0.025781139731407166 -0.8568348288536072 -0.3062492907047272 -0.41398167610168457
1750948398.61446 -60.49754333496094 16.086841583251953 -55.69212341308594 0.02326193079352379 -0.8520820736885071 -0.30297213792800903 -0.4261724650859833
1750948399.214408 -59.86376190185547 16.292476654052734 -56.167457580566406 0.022862551733851433 -0.8475409746170044 -0.3014753758907318 -0.43619289994239807
1750948399.814312 -59.22161865234375 16.497966766357422 -56.64641571044922 0.019489740952849388 -0.8434974551200867 -0.3052833378314972 -0.4415135681629181
1750948400.41431 -58.58958435058594 16.711519241333008 -57.12316131591797 0.020885836333036423 -0.8463324308395386 -0.30651137232780457 -0.4351275861263275
1750948401.014243 -57.93536376953125 16.9310302734375 -57.61520004272461 0.021662132814526558 -0.844161868095398 -0.3096432685852051 -0.4370841085910797
1750948401.614361 -57.27204895019531 17.139137268066406 -58.0880012512207 0.021944671869277954 -0.845458984375 -0.30392351746559143 -0.4385750889778137
1750948402.214262 -56.63068389892578 17.348962783813477 -58.548065185546875 0.025979824364185333 -0.8439151644706726 -0.3051414489746094 -0.44047799706459045
1750948402.814276 -55.98009490966797 17.55853271484375 -59.00801467895508 0.029931815341114998 -0.8431082963943481 -0.302532821893692 -0.4435610771179199
1750948403.414709 -55.31388854980469 17.77071189880371 -59.47394943237305 0.03369084373116493 -0.8422098159790039 -0.3009040653705597 -0.4460989832878113
1750948404.014223 -54.65821075439453 17.97743034362793 -59.92656707763672 0.035492878407239914 -0.8401851058006287 -0.30239540338516235 -0.44876083731651306
1750948404.614207 -53.991607666015625 18.190723419189453 -60.38022232055664 0.03604699298739433 -0.8393304347991943 -0.3016408681869507 -0.45081913471221924
1750948405.014236 -53.533607482910156 18.338733673095703 -60.696537017822266 0.03621404990553856 -0.838822066783905 -0.30424705147743225 -0.4499998092651367
1750948405.614357 -52.88163757324219 18.55204200744629 -61.17771911621094 0.033674437552690506 -0.843328058719635 -0.30395153164863586 -0.4419020116329193
1750948406.214174 -52.26355743408203 18.765615463256836 -61.657432556152344 0.03194146603345871 -0.8486093878746033 -0.30515342950820923 -0.43095627427101135
1750948406.814161 -51.63268280029297 18.983903884887695 -62.14519500732422 0.032958485186100006 -0.8494963645935059 -0.3058820962905884 -0.42860928177833557
1750948407.214223 -51.20100402832031 19.131723403930664 -62.48596954345703 0.03172648325562477 -0.8517100811004639 -0.30624064803123474 -0.4240283966064453
1750948407.814256 -50.55341339111328 19.375076293945312 -63.00491714477539 0.03350326046347618 -0.8527753949165344 -0.31208816170692444 -0.41743579506874084
1750948408.414178 -49.94977569580078 19.59811782836914 -63.512939453125 0.03104427456855774 -0.8567419052124023 -0.30958783626556396 -0.4113210439682007
1750948409.014104 -49.333099365234375 19.828054428100586 -64.0323486328125 0.03189210593700409 -0.8581479787826538 -0.3092992603778839 -0.40853261947631836
1750948409.614191 -48.73240661621094 20.054222106933594 -64.53248596191406 0.030558248981833458 -0.854495108127594 -0.31054696440696716 -0.41528892517089844
1750948410.214049 -48.084503173828125 20.29759979248047 -65.03829193115234 0.03134414181113243 -0.8497651219367981 -0.31164032220840454 -0.4240248501300812
1750948410.814118 -47.426109313964844 20.518577575683594 -65.4730224609375 0.03169049322605133 -0.8353016972541809 -0.3091023564338684 -0.4535665512084961
1750948411.414049 -46.73039245605469 20.719615936279297 -65.87300109863281 0.032697975635528564 -0.8218457102775574 -0.30503445863723755 -0.48005685210227966
1750948412.013991 -46.01451873779297 20.918079376220703 -66.24868774414062 0.030129794031381607 -0.8118782639503479 -0.3033748269081116 -0.49790531396865845
1750948412.414081 -45.514564514160156 21.058448791503906 -66.50745391845703 0.028497446328401566 -0.8069526553153992 -0.305259644985199 -0.504808783531189
1750948413.014078 -44.76496124267578 21.249099731445312 -66.87118530273438 0.02501559443771839 -0.7973893880844116 -0.30294620990753174 -0.5213137865066528
1750948413.614011 -43.98463439941406 21.42776870727539 -67.1764144897461 0.022128697484731674 -0.7797168493270874 -0.2990008592605591 -0.5496822595596313
1750948414.213947 -43.19055938720703 21.588552474975586 -67.42524719238281 0.022017093375325203 -0.7617638111114502 -0.29420754313468933 -0.5767782330513
1750948414.813951 -42.39104080200195 21.72303009033203 -67.63876342773438 0.017465369775891304 -0.7476845979690552 -0.2873079478740692 -0.5984286665916443
1750948415.413954 -41.5816650390625 21.850433349609375 -67.85126495361328 0.010014932602643967 -0.7364369630813599 -0.28700879216194153 -0.6125245690345764
1750948415.947272 -40.83710479736328 21.97585678100586 -67.992919921875 0.014258552342653275 -0.7207322716712952 -0.2911648750305176 -0.6289393305778503
1750948416.413956 -40.2067985534668 22.055078506469727 -68.10376739501953 0.00947275385260582 -0.7147692441940308 -0.28200751543045044 -0.6399117708206177
1750948417.013914 -39.411521911621094 22.147418975830078 -68.20347595214844 0.011321851052343845 -0.6967194676399231 -0.2761889398097992 -0.6619468331336975
1750948417.613886 -38.59895324707031 22.188594818115234 -68.23695373535156 0.0007403650088235736 -0.6709175109863281 -0.2615306079387665 -0.693881094455719
1750948418.213902 -37.80376434326172 22.188453674316406 -68.2167739868164 -0.017634592950344086 -0.6497526168823242 -0.24387235939502716 -0.7197477221488953
1750948418.747327 -37.072303771972656 22.181354522705078 -68.14852905273438 -0.01471701916307211 -0.6252763271331787 -0.2419351041316986 -0.7418088316917419
1750948419.347314 -36.27973937988281 22.163761138916016 -68.02023315429688 -0.00974498875439167 -0.5977104306221008 -0.2343684285879135 -0.7666281461715698
1750948419.947272 -35.45558166503906 22.140216827392578 -67.846435546875 -0.005500586237758398 -0.5817442536354065 -0.22943349182605743 -0.7803228497505188
1750948420.547271 -34.65456771850586 22.101871490478516 -67.65394592285156 -0.006980005651712418 -0.5626929402351379 -0.22466890513896942 -0.7955198884010315
1750948421.147244 -33.879215240478516 22.05445671081543 -67.43927764892578 -0.006519320420920849 -0.5470587015151978 -0.2197813093662262 -0.8077006936073303
1750948421.747217 -33.11465072631836 21.991764068603516 -67.18182373046875 -0.0051454515196383 -0.5270748734474182 -0.2113378345966339 -0.8231051564216614
1750948422.347348 -32.367645263671875 21.919143676757812 -66.86803436279297 0.0003422373556531966 -0.5014652609825134 -0.20612835884094238 -0.840264081954956
1750948422.947202 -31.63552474975586 21.831327438354492 -66.51065826416016 0.004096494056284428 -0.4788671135902405 -0.19788551330566406 -0.8552840948104858
1750948423.547205 -30.939056396484375 21.736570358276367 -66.12760162353516 0.005474001169204712 -0.4588201940059662 -0.19214266538619995 -0.867487907409668
1750948424.14717 -30.249771118164062 21.644886016845703 -65.72220611572266 0.008584658615291119 -0.43889591097831726 -0.1930069923400879 -0.8775221109390259
1750948424.747201 -29.60296630859375 21.537593841552734 -65.30497741699219 0.005778615362942219 -0.422694593667984 -0.18521247804164886 -0.8871257901191711
1750948425.347139 -28.966880798339844 21.42654037475586 -64.85427856445312 0.008166413754224777 -0.4085901379585266 -0.17975495755672455 -0.8948047757148743
1750948425.947146 -28.3206844329834 21.306400299072266 -64.39627075195312 0.006183291785418987 -0.40256601572036743 -0.17628701031208038 -0.8982345461845398
1750948426.547326 -27.654720306396484 21.191974639892578 -63.927146911621094 0.007428084034472704 -0.4082358479499817 -0.17784970998764038 -0.8953534960746765
1750948427.147279 -26.998104095458984 21.088497161865234 -63.461063385009766 0.00937584601342678 -0.40901094675064087 -0.17910149693489075 -0.8947317600250244
1750948427.747107 -26.361309051513672 20.967174530029297 -63.000885009765625 0.008834418840706348 -0.40426936745643616 -0.17581164836883545 -0.897540271282196
1750948428.347102 -25.710521697998047 20.86397933959961 -62.56243896484375 0.010634779930114746 -0.41498780250549316 -0.1798795461654663 -0.8918046355247498
1750948428.947068 -25.023868560791016 20.762874603271484 -62.107208251953125 0.009992335923016071 -0.420973002910614 -0.18052057921886444 -0.888872504234314
1750948429.54708 -24.37216567993164 20.655550003051758 -61.660064697265625 0.01050203014165163 -0.4173312783241272 -0.18029215931892395 -0.890628457069397
1750948430.147007 -23.711883544921875 20.541095733642578 -61.195274353027344 0.008794944733381271 -0.4110894501209259 -0.17510122060775757 -0.8945768475532532
1750948430.747026 -23.07853126525879 20.426815032958984 -60.7282600402832 0.011213826946914196 -0.4047292470932007 -0.17192520201206207 -0.8980591893196106
1750948431.347012 -22.44670867919922 20.312095642089844 -60.250083923339844 0.011339041404426098 -0.4006063938140869 -0.1696120649576187 -0.9003431797027588
1750948431.946959 -21.800201416015625 20.193010330200195 -59.76624298095703 0.01091836392879486 -0.3973856270313263 -0.16838589310646057 -0.9020043015480042
1750948432.546957 -21.16214370727539 20.08123016357422 -59.29536437988281 0.01031903550028801 -0.4006621837615967 -0.16674229502677917 -0.9008663892745972
1750948433.147061 -20.536985397338867 19.971134185791016 -58.85962677001953 0.011634435504674911 -0.40798458456993103 -0.16779163479804993 -0.8973624110221863
1750948433.74699 -19.896120071411133 19.861064910888672 -58.40394973754883 0.013696487993001938 -0.41340234875679016 -0.16603274643421173 -0.8951782584190369
1750948434.346911 -19.26275634765625 19.74850082397461 -57.94895935058594 0.014272023923695087 -0.41446805000305176 -0.16498558223247528 -0.8948699831962585
1750948434.74692 -18.82361602783203 19.671844482421875 -57.63500213623047 0.012477568350732327 -0.4134528338909149 -0.1654115617275238 -0.8952877521514893
1750948435.346914 -18.17683982849121 19.548147201538086 -57.183013916015625 0.0125718479976058 -0.41065412759780884 -0.16592834889888763 -0.8964780569076538
1750948435.946916 -17.53536605834961 19.432846069335938 -56.731658935546875 0.010680198669433594 -0.4112001061439514 -0.1656806468963623 -0.8962981700897217
1750948436.546852 -16.89812469482422 19.31647300720215 -56.29254150390625 0.01234061736613512 -0.41102734208106995 -0.1676696240901947 -0.8959861397743225
1750948437.14685 -16.284168243408203 19.200632095336914 -55.862850189208984 0.008288520388305187 -0.40975281596183777 -0.1672193855047226 -0.896700382232666
1750948437.746901 -15.654895782470703 19.08000373840332 -55.41364288330078 0.006524175871163607 -0.4083617031574249 -0.16946817934513092 -0.8969273567199707
1750948438.346856 -14.994792938232422 18.958410263061523 -54.94015121459961 0.007236292585730553 -0.40816864371299744 -0.17227448523044586 -0.896475076675415
1750948438.94683 -14.339164733886719 18.83722496032715 -54.47181701660156 0.00828231405466795 -0.4090936481952667 -0.17189647257328033 -0.8961168527603149
1750948439.546828 -13.693222999572754 18.72201156616211 -54.003238677978516 0.00609377259388566 -0.4103713929653168 -0.17001108825206757 -0.89590984582901
1750948440.147026 -13.053329467773438 18.590526580810547 -53.51758575439453 0.005817959550768137 -0.396453857421875 -0.1628839075565338 -0.9034707546234131
1750948440.746625 -12.437427520751953 18.453277587890625 -53.01044464111328 0.007848336361348629 -0.3781720995903015 -0.15806856751441956 -0.9121066927909851
1750948441.346777 -11.854509353637695 18.311429977416992 -52.48033142089844 0.008058366365730762 -0.35889819264411926 -0.15378576517105103 -0.9205852746963501
1750948441.946763 -11.257455825805664 18.160499572753906 -51.95237350463867 0.006659386213868856 -0.35913214087486267 -0.15425625443458557 -0.9204264283180237
1750948442.546742 -10.682296752929688 18.004413604736328 -51.39598083496094 0.006691789720207453 -0.34627264738082886 -0.14892354607582092 -0.9262139797210693
1750948443.146753 -10.145767211914062 17.84717559814453 -50.82349395751953 0.010338072665035725 -0.3316915035247803 -0.14574474096298218 -0.9320045709609985
1750948443.746727 -9.630927085876465 17.668607711791992 -50.27142333984375 -0.004184206016361713 -0.31642547249794006 -0.1406160444021225 -0.9381282329559326
1750948444.346817 -9.09723949432373 17.50313377380371 -49.673667907714844 0.007630750071257353 -0.305808424949646 -0.14400583505630493 -0.9411085844039917
1750948444.946693 -8.592266082763672 17.329553604125977 -49.0628547668457 0.0055308593437075615 -0.2905147075653076 -0.1395459771156311 -0.9466242790222168
1750948445.546694 -8.109692573547363 17.14620018005371 -48.43461227416992 0.00495141139253974 -0.27686259150505066 -0.13432295620441437 -0.9514620304107666
1750948446.146697 -7.66524600982666 16.966529846191406 -47.837135314941406 0.0028569716960191727 -0.2628850042819977 -0.12740002572536469 -0.9563747644424438
1750948446.746678 -7.263521671295166 16.76490020751953 -47.19979476928711 0.0013389911036938429 -0.2508012652397156 -0.11777827888727188 -0.9608461260795593
1750948447.346457 -6.871722221374512 16.580801010131836 -46.59626388549805 0.004305367823690176 -0.2354155033826828 -0.11177007853984833 -0.9654369950294495
1750948447.94662 -6.50618839263916 16.371604919433594 -45.910125732421875 0.005912327207624912 -0.21983829140663147 -0.10365353524684906 -0.9699959754943848
1750948448.546606 -6.173341274261475 16.17607879638672 -45.26725387573242 0.00849135871976614 -0.2042456865310669 -0.09650357812643051 -0.9741142988204956
1750948449.146607 -5.856263160705566 15.978256225585938 -44.63990020751953 0.006028029602020979 -0.19317300617694855 -0.0923542007803917 -0.9767899513244629
1750948449.746592 -5.51959228515625 15.76142692565918 -43.9385871887207 0.006575302686542273 -0.1890105903148651 -0.09093840420246124 -0.9777331352233887
1750948450.346568 -5.190583229064941 15.55231761932373 -43.27690887451172 0.004816441796720028 -0.18854492902755737 -0.09034527838230133 -0.977888286113739
1750948450.946569 -4.8617329597473145 15.336526870727539 -42.58732986450195 0.003041860181838274 -0.18967530131340027 -0.0870259702205658 -0.9779778122901917
1750948451.546577 -4.539709091186523 15.131099700927734 -41.91537857055664 0.007617353927344084 -0.1887870728969574 -0.08591338247060776 -0.9782230854034424
1750948452.146522 -4.214316368103027 14.922723770141602 -41.21337127685547 0.01018168218433857 -0.1849673092365265 -0.08643075078725815 -0.9788836240768433
1750948452.746522 -3.8823442459106445 14.713875770568848 -40.525726318359375 0.006529179401695728 -0.1810605823993683 -0.08596813678741455 -0.9796856641769409
1750948453.213319 -3.6342215538024902 14.544820785522461 -39.98249053955078 0.006982691586017609 -0.17834250628948212 -0.08440912514925003 -0.9803164601325989
1750948453.813165 -3.331672430038452 14.33788776397705 -39.29769515991211 0.006726752035319805 -0.1754400134086609 -0.08320982754230499 -0.9809443354606628
1750948454.413114 -3.0238406658172607 14.117101669311523 -38.60995864868164 0.0050105443224310875 -0.17205607891082764 -0.08215951919555664 -0.9816422462463379
1750948454.879799 -2.788710117340088 13.948695182800293 -38.08033752441406 0.0033563675824552774 -0.16934052109718323 -0.08219461888074875 -0.9821184277534485
1750948455.413112 -2.52626895904541 13.75374698638916 -37.45534896850586 0.005232835188508034 -0.16276292502880096 -0.08021387457847595 -0.9833853244781494
1750948455.946456 -2.312328577041626 13.554976463317871 -36.825172424316406 0.0032041047234088182 -0.13694357872009277 -0.07212909311056137 -0.9879441857337952
1750948456.546406 -2.0900380611419678 13.331977844238281 -36.122825622558594 0.0039591179229319096 -0.12284547835588455 -0.06749904155731201 -0.9901198148727417
1750948457.146419 -1.9061936140060425 13.106843948364258 -35.42007064819336 0.0033556981943547726 -0.10641941428184509 -0.0612357035279274 -0.9924283027648926
1750948457.746697 -1.758231282234192 12.8671293258667 -34.70629119873047 0.0019060313934460282 -0.08374685049057007 -0.0533483661711216 -0.9950562119483948
1750948458.346421 -1.6108946800231934 12.636484146118164 -34.00833511352539 0.0007103534298948944 -0.07452061772346497 -0.05110817775130272 -0.9959087371826172
1750948458.946315 -1.4789156913757324 12.38968563079834 -33.26513671875 0.0027383090928196907 -0.0685998797416687 -0.04603362828493118 -0.9965779185295105
1750948459.47969 -1.370227575302124 12.167263984680176 -32.60100173950195 0.0010097554186359048 -0.06463401764631271 -0.042429789900779724 -0.9970061779022217
1750948459.946368 -1.2792707681655884 11.974170684814453 -32.009464263916016 0.0008467431180179119 -0.06099793314933777 -0.04028230533003807 -0.9973243474960327
1750948460.546339 -1.1739696264266968 11.729979515075684 -31.233959197998047 0.006634605582803488 -0.056235965341329575 -0.03826684132218361 -0.997661828994751
1750948461.079657 -1.062802791595459 11.515233993530273 -30.556421279907227 0.006451183930039406 -0.06688749045133591 -0.0382569320499897 -0.9970059990882874
1750948461.546278 -0.9501997828483582 11.31345272064209 -29.980268478393555 0.000632976065389812 -0.07028665393590927 -0.040062274783849716 -0.9967219233512878
1750948462.146305 -0.814712405204773 11.066650390625 -29.24768829345703 -0.00043521946645341814 -0.07388021051883698 -0.040864575654268265 -0.996429443359375
1750948462.679601 -0.6868325471878052 10.841531753540039 -28.582748413085938 -0.0021463518496602774 -0.07562079280614853 -0.04258107766509056 -0.9962247610092163
1750948463.27957 -0.5495145320892334 10.598785400390625 -27.837162017822266 0.003350740997120738 -0.077696792781353 -0.038690000772476196 -0.9962204098701477
1750948463.746235 -0.4317449927330017 10.397429466247559 -27.265995025634766 -0.0026744012720882893 -0.07754795253276825 -0.03657275065779686 -0.9963139891624451
1750948464.346233 -0.2907955050468445 10.139369010925293 -26.517066955566406 -0.005151266697794199 -0.0779653936624527 -0.0333491750061512 -0.996384859085083
1750948464.94621 -0.15299658477306366 9.880524635314941 -25.762805938720703 -0.0009183282381854951 -0.07985369116067886 -0.03336626663804054 -0.9962475895881653
1750948465.54621 -0.008137032389640808 9.623018264770508 -24.998586654663086 0.0002743283403106034 -0.08508198708295822 -0.03514813631772995 -0.995753824710846
1750948466.146205 0.16314631700515747 9.361076354980469 -24.235797882080078 -0.0011120374547317624 -0.08626425266265869 -0.03702767565846443 -0.9955833554267883
1750948466.746196 0.32773035764694214 9.088815689086914 -23.46916961669922 -0.004377002827823162 -0.08653625845909119 -0.04033878073096275 -0.9954221248626709
1750948467.345989 0.4973837435245514 8.83044719696045 -22.708581924438477 -0.003723016707226634 -0.08711139112710953 -0.04217064380645752 -0.9952986836433411
1750948467.879431 0.6512240171432495 8.594220161437988 -22.0335693359375 -0.004573814105242491 -0.08756715804338455 -0.042995113879442215 -0.995219886302948
1750948468.47944 0.8204525709152222 8.334444999694824 -21.275325775146484 -0.0030743470415472984 -0.08805012702941895 -0.043838437646627426 -0.9951462149620056
1750948468.946206 0.9620888829231262 8.14240550994873 -20.67264747619629 0.0019622596446424723 -0.08828875422477722 -0.04402606189250946 -0.995119571685791
1750948469.545962 1.1364847421646118 7.870786190032959 -19.91626739501953 -0.006640409119427204 -0.08873822540044785 -0.04588222876191139 -0.9949755668640137
1750948470.14614 1.3111019134521484 7.608188152313232 -19.159677505493164 -0.004195849876850843 -0.08306317776441574 -0.04705238714814186 -0.9954240918159485
1750948470.746075 1.4830266237258911 7.353081226348877 -18.392330169677734 -0.0016603869153186679 -0.07705850154161453 -0.04551141709089279 -0.9959859251976013
1750948471.279449 1.6263892650604248 7.124025821685791 -17.70024299621582 0.0006184830563142896 -0.0753997191786766 -0.04567979276180267 -0.9961063861846924
1750948471.879262 1.769187092781067 6.863979816436768 -16.939680099487305 -0.002940912265330553 -0.07554544508457184 -0.043920841068029404 -0.9961703419685364
1750948472.479378 1.9235323667526245 6.604756832122803 -16.187820434570312 -0.004388785921037197 -0.07334286719560623 -0.042780015617609024 -0.9963791966438293
1750948473.079371 2.070373058319092 6.366849422454834 -15.424378395080566 0.0038303639739751816 -0.06954095512628555 -0.04042176157236099 -0.9967524409294128
1750948473.546046 2.167442798614502 6.168898582458496 -14.840096473693848 -0.0009144754149019718 -0.06270559877157211 -0.03984943777322769 -0.9972358345985413
1750948474.079155 2.2734436988830566 5.931018829345703 -14.168107986450195 -0.005008145235478878 -0.054392121732234955 -0.040745075792074203 -0.9976754784584045
1750948474.679314 2.395296573638916 5.676485061645508 -13.401291847229004 -0.0002557208645157516 -0.0483732596039772 -0.041461508721113205 -0.9979684352874756
1750948475.145948 2.4817285537719727 5.481069564819336 -12.803130149841309 -0.0007495335885323584 -0.05122245475649834 -0.04362864792346954 -0.9977335929870605
1750948475.745945 2.599015235900879 5.2247090339660645 -12.051984786987305 -0.0032545337453484535 -0.04905761778354645 -0.04436713829636574 -0.9978048205375671
1750948476.34578 2.7080821990966797 4.963356971740723 -11.298151016235352 -0.0038869502022862434 -0.04735409840941429 -0.043245892971754074 -0.9979339838027954
1750948476.945931 2.811170816421509 4.703125476837158 -10.564327239990234 -0.007137160748243332 -0.04257963225245476 -0.04235949367284775 -0.9981692433357239
1750948477.545929 2.8910038471221924 4.439318656921387 -9.845626831054688 -0.008666406385600567 -0.030730102211236954 -0.03787820413708687 -0.9987722039222717
1750948477.945942 2.9384450912475586 4.2664713859558105 -9.350686073303223 -0.006886878050863743 -0.0270355474203825 -0.03640691936016083 -0.9989475607872009
1750948478.479054 2.994703769683838 4.029539108276367 -8.681281089782715 -0.00786331482231617 -0.022136429324746132 -0.03597673401236534 -0.9990765452384949
1750948479.079228 3.0598583221435547 3.759382963180542 -7.913541793823242 -0.007857872173190117 -0.01746940053999424 -0.037313204258680344 -0.9991199970245361
1750948479.679223 3.1190147399902344 3.487311363220215 -7.1654181480407715 -0.009622341021895409 -0.01432904414832592 -0.03728441521525383 -0.9991556406021118
1750948480.279216 3.1698391437530518 3.2156598567962646 -6.3916239738464355 -0.005471557378768921 -0.010811030864715576 -0.03789134696125984 -0.9992084503173828
1750948480.879038 3.2303831577301025 2.9400577545166016 -5.613131523132324 -0.00948021188378334 -0.01731361448764801 -0.03938174620270729 -0.999029278755188
1750948481.479147 3.307377576828003 2.661608934402466 -4.829051971435547 -0.006668781396001577 -0.025472918525338173 -0.03923889249563217 -0.9988828897476196
1750948482.079166 3.3488166332244873 2.3862030506134033 -4.0495452880859375 -0.009606396779417992 -0.00492113409563899 -0.030162371695041656 -0.9994867444038391
1750948482.679287 3.3686351776123047 2.1071438789367676 -3.279794454574585 -0.011520124971866608 -0.0002806207339745015 -0.024802828207612038 -0.9996259808540344
1750948483.27897 3.388996124267578 1.8201063871383667 -2.4733829498291016 -0.011658908799290657 0.0031443126499652863 -0.021976185962557793 -0.9996855854988098
1750948483.679108 3.403712511062622 1.628388524055481 -1.9420474767684937 -0.01005510427057743 0.0025772429071366787 -0.019322669133543968 -0.9997594356536865
1750948484.079101 3.415959358215332 1.436956763267517 -1.4165382385253906 -0.012076931074261665 0.005191931501030922 -0.018848782405257225 -0.999735951423645
1750948484.545833 3.421931743621826 1.2129815816879272 -0.8020337224006653 -0.013277863152325153 0.005200322717428207 -0.016494503244757652 -0.999762237071991
1750948485.079125 3.4207396507263184 1.019278645515442 -0.23880258202552795 -0.0028423424810171127 0.008843441493809223 -0.012922916561365128 -0.9998733401298523
1750948485.545561 3.425201177597046 1.0046464204788208 -0.23989102244377136 -0.013755652122199535 0.006423913408070803 -0.013745642267167568 -0.9997902512550354
