1738249093.881602 -0.0 -0.0 -0.0 -0.0 -0.0 -0.0 1.0
1738249099.817097 -0.04335635527968407 -0.036153312772512436 0.10383620113134384 0.0013852814445272088 -0.03143326938152313 -0.01281070802360773 0.9994227886199951
1738249114.693031 -0.12104074656963348 -0.23057395219802856 0.7116440534591675 -0.0011076211230829358 -0.046170368790626526 -0.0238046832382679 0.9986492991447449
1738249115.556715 -0.22303520143032074 -0.4031769037246704 1.277422547340393 -0.009066376835107803 -0.07592611014842987 -0.030231328681111336 0.9966139197349548
1738249116.623977 -0.331407755613327 -0.6540288925170898 1.9698542356491089 0.007280291989445686 -0.08232127875089645 -0.025488846004009247 0.996253252029419
1738249117.7576 -0.46868762373924255 -0.9175815582275391 2.721977710723877 0.007333457935601473 -0.08786177635192871 -0.02974267117679119 0.9956615567207336
1738249118.691503 -0.5960725545883179 -1.1354907751083374 3.3435349464416504 0.0090694734826684 -0.09115849435329437 -0.03422995284199715 0.9952065944671631
1738249119.82803 -0.7575773000717163 -1.410394549369812 4.113349914550781 0.010706404224038124 -0.09929174929857254 -0.03887910395860672 0.994240939617157
1738249121.025762 -0.9363685846328735 -1.6977012157440186 4.8999152183532715 0.01196087896823883 -0.10628896206617355 -0.03844700753688812 0.9935197234153748
1738249122.026316 -1.0602089166641235 -1.9359933137893677 5.558842182159424 0.01253345888108015 -0.09818066656589508 -0.03006620891392231 0.9946354031562805
1738249123.093589 -1.1888879537582397 -2.1807289123535156 6.231858730316162 0.012715606950223446 -0.09586786478757858 -0.028027858585119247 0.994918167591095
1738249124.161318 -1.3136134147644043 -2.4212167263031006 6.902714729309082 0.01465374231338501 -0.09267590194940567 -0.027632305398583412 0.9952049851417542
1738249125.494065 -1.4657188653945923 -2.73834228515625 7.765043258666992 0.018213175237178802 -0.09686121344566345 -0.022044334560632706 0.9948870539665222
1738249126.361105 -1.57552170753479 -2.9566104412078857 8.366625785827637 0.010778541676700115 -0.1032709851861 -0.0173855721950531 0.9944429397583008
1738249127.228201 -1.6943063735961914 -3.17321515083313 8.961381912231445 0.010937970131635666 -0.10598208010196686 -0.014429217204451561 0.9942032098770142
1738249128.495238 -1.8534009456634521 -3.48634934425354 9.806570053100586 0.012134171091020107 -0.10858890414237976 -0.00985937099903822 0.9939637780189514
1738249129.695882 -2.013383626937866 -3.7718381881713867 10.61197566986084 0.00868066493421793 -0.11038843542337418 -0.010633498430252075 0.9937937259674072
1738249130.762807 -2.187892436981201 -4.01670503616333 11.340225219726562 0.004517445806413889 -0.11943715810775757 -0.017302563413977623 0.9926807284355164
1738249131.8968 -2.415440797805786 -4.278764247894287 12.059096336364746 0.011934127658605576 -0.15463969111442566 -0.034826088696718216 0.9872848987579346
1738249132.897007 -2.746509075164795 -4.487473011016846 12.625569343566895 0.011742665432393551 -0.24295182526111603 -0.06967156380414963 0.9674618244171143
1738249133.897593 -3.1941041946411133 -4.678670883178711 13.13466739654541 0.011410192586481571 -0.3120940029621124 -0.0967106893658638 0.94504714012146
1738249134.564487 -3.555605888366699 -4.791447639465332 13.41951847076416 0.01571071334183216 -0.37613558769226074 -0.12249360233545303 0.9182977080345154
1738249135.698116 -4.210398197174072 -4.971954345703125 13.83038330078125 0.024241391569375992 -0.44625207781791687 -0.14647798240184784 0.8825053572654724
1738249136.765241 -4.869060039520264 -5.114721298217773 14.136347770690918 0.027981851249933243 -0.4865679442882538 -0.16353468596935272 0.8577442765235901
1738249137.965833 -5.663445472717285 -5.261070251464844 14.449640274047852 0.028011513873934746 -0.5205886960029602 -0.18115103244781494 0.8338987827301025
1738249138.832905 -6.263675212860107 -5.353144645690918 14.635149002075195 0.031250134110450745 -0.5446325540542603 -0.1901562362909317 0.8162349462509155
1738249140.03336 -7.110494613647461 -5.466252326965332 14.880317687988281 0.028836069628596306 -0.5614373683929443 -0.20053675770759583 0.8023350834846497
1738249141.100306 -7.876326560974121 -5.539222717285156 15.058189392089844 0.023409726098179817 -0.5867270231246948 -0.20994365215301514 0.7817462086677551
1738249142.167577 -8.6255464553833 -5.549481391906738 15.053789138793945 0.02538631670176983 -0.6635095477104187 -0.23557613790035248 0.7096580862998962
1738249143.367873 -9.428905487060547 -5.483924388885498 14.82327651977539 0.02267487160861492 -0.753166139125824 -0.2669479250907898 0.6008039712905884
1738249144.568374 -10.209275245666504 -5.382317543029785 14.490737915039062 0.024643493816256523 -0.7952774167060852 -0.2806839346885681 0.5367896556854248
1738249145.768857 -10.904632568359375 -5.2340922355651855 14.021903991699219 0.02696671150624752 -0.8412338495254517 -0.29272615909576416 0.45377299189567566
1738249146.969521 -11.487592697143555 -5.023403167724609 13.423226356506348 0.02241368219256401 -0.8797208070755005 -0.31177639961242676 0.3583078384399414
1738249147.503014 -11.737674713134766 -4.912456512451172 13.120599746704102 0.022614002227783203 -0.886323869228363 -0.3147353231906891 0.33891040086746216
1738249148.103143 -11.991231918334961 -4.835474967956543 12.820282936096191 0.01921362616121769 -0.8971908688545227 -0.298719584941864 0.32472464442253113
1738249148.903606 -12.294088363647461 -4.822299480438232 12.477617263793945 0.0016588099533692002 -0.9195587635040283 -0.24036554992198944 0.31085917353630066
1738249151.03796 -12.83822250366211 -4.822298049926758 12.281776428222656 -0.011103753000497818 -0.88141930103302 -0.19286403059959412 0.43102219700813293
1738249152.771834 -13.760418891906738 -4.682573318481445 12.153335571289062 0.003978749271482229 -0.7743397355079651 -0.25482165813446045 0.5791788101196289
1738249154.039026 -14.450226783752441 -4.593302249908447 11.749088287353516 0.031150318682193756 -0.8188095092773438 -0.26526492834091187 0.508148729801178
1738249155.372866 -15.199843406677246 -4.473331928253174 11.273722648620605 0.029629187658429146 -0.8385772705078125 -0.2709999978542328 0.47166645526885986
1738249156.639924 -15.860001564025879 -4.364953517913818 10.777822494506836 0.031624652445316315 -0.860256016254425 -0.2707827389240265 0.4308553636074066
1738249157.907217 -16.439565658569336 -4.232975959777832 10.22722053527832 0.032241784036159515 -0.8830752968788147 -0.274160772562027 0.37943971157073975
1738249159.240951 -16.962736129760742 -4.103354454040527 9.65429973602295 0.033030249178409576 -0.8980280756950378 -0.2731766402721405 0.34326258301734924
1738249159.97466 -17.225318908691406 -3.991084098815918 9.222578048706055 0.032059866935014725 -0.9127247333526611 -0.2820703685283661 0.29384031891822815
1738249161.30851 -17.72939109802246 -3.7892308235168457 8.46048641204834 0.02938443049788475 -0.9159418940544128 -0.2896876931190491 0.2761666476726532
1738249162.508959 -18.16153907775879 -3.5879175662994385 7.756765365600586 0.0321289598941803 -0.9195994138717651 -0.2919042706489563 0.26095330715179443
1738249163.309373 -18.440296173095703 -3.4461874961853027 7.274324417114258 0.031434301286935806 -0.9211293458938599 -0.29534393548965454 0.2516041100025177
1738249164.443116 -18.829917907714844 -3.2699711322784424 6.623760223388672 0.035213664174079895 -0.9186141490936279 -0.2903500497341156 0.26571574807167053
1738249165.310099 -19.111574172973633 -3.146566390991211 6.157355785369873 0.03542274981737137 -0.9202946424484253 -0.29108938574790955 0.2589787244796753
1738249166.110796 -19.40427589416504 -3.015207290649414 5.6670122146606445 0.03498471528291702 -0.9204103946685791 -0.2926764190196991 0.25682932138442993
1738249167.044109 -19.799880981445312 -2.8478212356567383 5.069578170776367 0.03484287112951279 -0.9156308770179749 -0.2910255193710327 0.2751551568508148
1738249167.377573 -20.01749038696289 -2.78057861328125 4.79742431640625 0.03314737603068352 -0.9072386026382446 -0.2887507677078247 0.3040435016155243
1738249167.84446 -20.38179588317871 -2.66460919380188 4.332949638366699 0.03338692709803581 -0.9058340191841125 -0.28327569365501404 0.3132172226905823
1738249168.311393 -20.835670471191406 -2.5110719203948975 3.7626571655273438 0.03432971611618996 -0.9046735167503357 -0.28573939204216003 0.314229816198349
1738249168.57805 -21.122201919555664 -2.4099221229553223 3.4003448486328125 0.034967731684446335 -0.902845561504364 -0.29039373993873596 0.3151487708091736
1738249169.044895 -21.581172943115234 -2.253659248352051 2.8070297241210938 0.03775801509618759 -0.9046188592910767 -0.2889961004257202 0.31099891662597656
1738249169.511756 -22.030025482177734 -2.1000447273254395 2.2177467346191406 0.03641806170344353 -0.9052128791809082 -0.28898105025291443 0.3094402849674225
1738249170.04538 -22.54586410522461 -1.9146714210510254 1.5574378967285156 0.036400001496076584 -0.9052177667617798 -0.2896147668361664 0.3088352680206299
1738249170.512191 -22.97814178466797 -1.7576823234558105 1.0000228881835938 0.03763074427843094 -0.9044813513755798 -0.2918720543384552 0.3087201714515686
1738249171.179135 -23.566761016845703 -1.5398812294006348 0.2217864990234375 0.038629453629255295 -0.904700517654419 -0.29156428575515747 0.3082449436187744
1738249172.046114 -24.274478912353516 -1.2786431312561035 -0.7369937896728516 0.04102984815835953 -0.9053541421890259 -0.2886509597301483 0.30875715613365173
1738249173.046767 -25.120223999023438 -0.9801454544067383 -1.842355728149414 0.03294491022825241 -0.9061455130577087 -0.28818008303642273 0.3078429400920868
1738249174.047064 -25.951412200927734 -0.6912622451782227 -2.9361133575439453 0.03288433700799942 -0.9066849946975708 -0.28721240162849426 0.30716434121131897
1738249175.514367 -27.085376739501953 -0.23963356018066406 -4.486539840698242 0.032787758857011795 -0.9057822227478027 -0.2916715145111084 0.30563268065452576
1738249176.581366 -27.934919357299805 0.0855560302734375 -5.6220855712890625 0.029115749523043633 -0.9021930694580078 -0.2885516881942749 0.3192773163318634
1738249178.11532 -28.945762634277344 0.4327201843261719 -6.841941833496094 0.02749924547970295 -0.8971913456916809 -0.28395164012908936 0.3371395170688629
1738249179.582649 -30.22549819946289 0.8372564315795898 -8.363727569580078 0.029412057250738144 -0.8954190611839294 -0.28412121534347534 0.341518372297287
1738249180.716329 -31.33338165283203 1.1345748901367188 -9.57901382446289 0.02658032812178135 -0.893487811088562 -0.2836713492870331 0.34713637828826904
1738249181.783438 -32.29623794555664 1.401017189025879 -10.632976531982422 0.026285948231816292 -0.8940942287445068 -0.28149035573005676 0.3473726212978363
1738249182.783788 -33.23114776611328 1.664754867553711 -11.659503936767578 0.025349648669362068 -0.8920645713806152 -0.2825033664703369 0.35180965065956116
1738249183.651191 -34.08073043823242 1.86260986328125 -12.45370101928711 0.028795810416340828 -0.8755664229393005 -0.27399659156799316 0.3968377709388733
1738249184.317799 -34.83140563964844 2.029141426086426 -13.105899810791016 0.030589690431952477 -0.8733431100845337 -0.274786114692688 0.40103450417518616
1738249184.917981 -35.35296630859375 2.13796329498291 -13.549491882324219 0.030583688989281654 -0.8758404850959778 -0.2783013582229614 0.3930857479572296
1738249185.384829 -35.667903900146484 2.235074043273926 -13.918270111083984 0.03318137302994728 -0.8902757167816162 -0.28223541378974915 0.3558812439441681
1738249185.985642 -36.070735931396484 2.34615421295166 -14.353710174560547 0.03265707194805145 -0.8918055891990662 -0.2830030620098114 0.3514619767665863
1738249187.253542 -36.71223831176758 2.523470878601074 -15.016773223876953 0.03442396968603134 -0.8748463988304138 -0.27288535237312317 0.3987385928630829
1738249188.786356 -37.10737609863281 2.599292755126953 -15.38943099975586 0.03554701805114746 -0.8718087673187256 -0.27551165223121643 0.4034591019153595
1738249190.253607 -37.61406707763672 2.728578567504883 -15.887493133544922 0.032083746045827866 -0.8714020252227783 -0.2745835781097412 0.40525689721107483
1738249191.787403 -38.216331481933594 2.8653297424316406 -16.447097778320312 0.029302865266799927 -0.8712761998176575 -0.2767373323440552 0.4042717516422272
1738249194.055008 -38.82419204711914 3.0058975219726562 -17.004085540771484 0.02559107169508934 -0.8662645220756531 -0.26955702900886536 0.4198451340198517
1738249196.989479 -39.182395935058594 3.0506458282470703 -17.279788970947266 0.021951034665107727 -0.859433650970459 -0.2651014029979706 0.43659278750419617
1738249198.923645 -39.89955520629883 3.09808349609375 -17.642932891845703 0.018868226557970047 -0.8484683036804199 -0.25931698083877563 0.4609775245189667
1738249200.791034 -40.42259216308594 3.16424560546875 -18.03512954711914 0.017392266541719437 -0.8681716322898865 -0.2696070969104767 0.41627830266952515
1738249201.458125 -40.910762786865234 3.2742977142333984 -18.449260711669922 0.016497192904353142 -0.870095431804657 -0.2734103500843048 0.40976664423942566
1738249202.791953 -41.41765594482422 3.383493423461914 -18.88043975830078 0.012979118153452873 -0.8716064095497131 -0.2741187810897827 0.4061931073665619
1738249204.125977 -41.959129333496094 3.5264549255371094 -19.35672378540039 0.009199962019920349 -0.8708317875862122 -0.2811765968799591 0.403121680021286
1738249204.992839 -42.302799224853516 3.6133251190185547 -19.660079956054688 0.01039467379450798 -0.8733875155448914 -0.2770523428916931 0.40041011571884155
1738249206.326745 -42.83341598510742 3.7401256561279297 -20.111465454101562 0.008491180837154388 -0.8715382218360901 -0.27447715401649475 0.4062159061431885
1738249207.32709 -43.243743896484375 3.8345947265625 -20.462963104248047 0.010388190858066082 -0.8698388338088989 -0.26885154843330383 0.41351115703582764
1738249208.127483 -43.59587478637695 3.9017810821533203 -20.744930267333984 0.012948701158165932 -0.8685697913169861 -0.2658855617046356 0.4179997444152832
1738249209.261327 -44.06877899169922 3.9931163787841797 -21.114120483398438 0.014276285655796528 -0.8665610551834106 -0.26275399327278137 0.42406201362609863
1738249210.395298 -44.5753173828125 4.066436767578125 -21.459056854248047 0.013357210904359818 -0.8517735004425049 -0.2562806308269501 0.45675358176231384
1738249211.595652 -45.140625 4.141834259033203 -21.81317138671875 0.014884861186146736 -0.8463943600654602 -0.2542540431022644 0.46770718693733215
1738249212.929411 -45.80835723876953 4.229387283325195 -22.20993423461914 0.014922608621418476 -0.842184841632843 -0.25586673617362976 0.47437769174575806
1738249214.332171 -46.47032165527344 4.326845169067383 -22.668716430664062 0.020574038848280907 -0.8544043302536011 -0.2593124806880951 0.4498078227043152
1738249215.397081 -46.972469329833984 4.404664993286133 -23.024654388427734 0.021869948133826256 -0.8552188277244568 -0.2610865831375122 0.4471648931503296
1738249216.597528 -47.53376770019531 4.502067565917969 -23.44985580444336 0.022692861035466194 -0.8621677756309509 -0.2672981023788452 0.429771363735199
1738249217.664631 -47.9892463684082 4.617452621459961 -23.87399673461914 0.022751908749341965 -0.8794993758201599 -0.27960205078125 0.38442927598953247
1738249218.998706 -48.554100036621094 4.777170181274414 -24.45880126953125 0.020965635776519775 -0.8877407312393188 -0.2841125428676605 0.36160337924957275
1738249220.065436 -49.01118469238281 4.911388397216797 -24.94003677368164 0.01981029100716114 -0.890834629535675 -0.2863672077655792 0.35215771198272705
1738249220.999339 -49.392601013183594 5.031187057495117 -25.35773468017578 0.017940733581781387 -0.8953730463981628 -0.2835739552974701 0.34288647770881653
1738249221.939732 -49.78049850463867 5.152315139770508 -25.786945343017578 0.010351531207561493 -0.8982518911361694 -0.28456416726112366 0.33475327491760254
1738249223.266875 -50.322689056396484 5.354576110839844 -26.437610626220703 0.010403853841125965 -0.8982844948768616 -0.2951526641845703 0.3253638446331024
1738249224.46824 -50.79586410522461 5.5215301513671875 -27.01889419555664 0.01871354691684246 -0.9031610488891602 -0.2924845218658447 0.3136923909187317
1738249225.467946 -51.17725372314453 5.674875259399414 -27.522220611572266 0.0172836035490036 -0.9078477025032043 -0.2955489456653595 0.29692530632019043
1738249226.402176 -51.52947235107422 5.815301895141602 -27.98836898803711 0.01624271087348461 -0.9104077219963074 -0.2948600649833679 0.2897440791130066
1738249227.668491 -52.00354766845703 6.026182174682617 -28.621482849121094 0.01682155393064022 -0.9105556011199951 -0.29898685216903687 0.28497809171676636
1738249228.669069 -52.3717155456543 6.179006576538086 -29.134315490722656 0.013345154002308846 -0.9148024916648865 -0.29336264729499817 0.2773025929927826
1738249229.736481 -52.76230239868164 6.355432510375977 -29.694793701171875 0.007145245093852282 -0.9141635894775391 -0.3013341724872589 0.2710195779800415
1738249230.870137 -53.13312530517578 6.555793762207031 -30.30191421508789 0.014641054905951023 -0.9168711304664612 -0.3097478449344635 0.2513749599456787
1738249231.870396 -53.362159729003906 6.748136520385742 -30.88204574584961 0.014748276211321354 -0.9314241409301758 -0.31375429034233093 0.18382026255130768
1738249232.870591 -53.56343078613281 6.945362091064453 -31.476425170898438 0.005150264594703913 -0.9388070106506348 -0.3151073753833771 0.13900484144687653
1738249233.87124 -53.68313980102539 7.197628021240234 -32.14291000366211 0.001144123263657093 -0.9409977793693542 -0.32740136981010437 0.08561651408672333
1738249235.338261 -53.77593994140625 7.560178756713867 -33.09403991699219 0.024461228400468826 -0.943327784538269 -0.32669684290885925 0.05294904485344887
1738249236.805688 -53.85725021362305 7.8738250732421875 -34.03654098510742 0.012569921091198921 -0.9484394788742065 -0.3154335618019104 0.028396498411893845
1738249238.606402 -53.670074462890625 8.227351188659668 -35.10609817504883 0.01809302344918251 -0.9408851265907288 -0.3169911503791809 -0.11800192296504974
1738249239.873944 -53.304283142089844 8.479442596435547 -35.807373046875 0.01689055748283863 -0.9218127131462097 -0.3167927861213684 -0.22275196015834808
1738249241.20745 -52.838645935058594 8.733282089233398 -36.477455139160156 0.006923757493495941 -0.8925349116325378 -0.3169001042842865 -0.32079261541366577
1738249242.474684 -52.29126739501953 8.941668510437012 -37.036441802978516 -8.789923595031723e-05 -0.8706545233726501 -0.3094727098941803 -0.38234466314315796
1738249243.40843 -51.79892349243164 9.08896255493164 -37.4030647277832 -0.0015661354409530759 -0.8517448306083679 -0.3060399889945984 -0.4252856373786926
1738249244.475457 -51.22341537475586 9.243278503417969 -37.80703353881836 -0.0029596402309834957 -0.8425254225730896 -0.2988070547580719 -0.4481702744960785
1738249245.60906 -50.59172058105469 9.396620750427246 -38.22127151489258 -0.0049332198686897755 -0.8343852162361145 -0.2964041233062744 -0.46467357873916626
1738249246.876408 -49.86918640136719 9.592575073242188 -38.66566467285156 -0.0005433206679299474 -0.8291515111923218 -0.30149415135383606 -0.47075340151786804
1738249248.076926 -49.312198638916016 9.809146881103516 -39.20293426513672 0.002648775465786457 -0.8644086122512817 -0.3127153515815735 -0.39370015263557434
1738249249.410868 -48.86846923828125 10.100862503051758 -39.90057373046875 0.006497898139059544 -0.8980291485786438 -0.3301956355571747 -0.29064133763313293
1738249250.477946 -48.51154327392578 10.351256370544434 -40.50282287597656 0.004201240837574005 -0.9022580981254578 -0.3332574963569641 -0.2735912799835205
1738249251.545045 -48.14299774169922 10.59322738647461 -41.08977508544922 0.0012111507821828127 -0.9004552960395813 -0.32950446009635925 -0.2839113473892212
1738249252.745522 -47.672019958496094 10.836065292358398 -41.67840576171875 -0.007132492959499359 -0.8783188462257385 -0.327463835477829 -0.3482421338558197
1738249253.879228 -47.17083740234375 11.047894477844238 -42.161659240722656 -0.007657470181584358 -0.8639150857925415 -0.3251287043094635 -0.3845561444759369
1738249254.612884 -46.65692138671875 11.24169921875 -42.65354919433594 -0.008357531391084194 -0.8647032976150513 -0.31835606694221497 -0.38841715455055237
1738249255.080891 -46.10361099243164 11.450968742370605 -43.1600456237793 -0.007323947735130787 -0.8615648746490479 -0.3166426718235016 -0.39672377705574036
1738249255.550037 -45.540618896484375 11.629419326782227 -43.601341247558594 -0.007430479861795902 -0.8457741141319275 -0.3101826012134552 -0.4340481162071228
1738249256.080018 -44.88720703125 11.790487289428711 -43.99402618408203 -0.0071921865455806255 -0.8179108500480652 -0.29954785108566284 -0.4911631643772125
1738249256.546977 -44.22787857055664 11.935384750366211 -44.32982635498047 -0.003521975828334689 -0.8071207404136658 -0.29688897728919983 -0.5102947354316711
1738249257.080693 -43.49892807006836 12.090431213378906 -44.665077209472656 0.000555780716240406 -0.8033336997032166 -0.2955150604248047 -0.5170353055000305
1738249257.547648 -42.82719802856445 12.216697692871094 -44.9649772644043 0.0013551645679399371 -0.799461841583252 -0.2906612753868103 -0.5257137417793274
1738249258.014281 -42.176998138427734 12.345131874084473 -45.254878997802734 0.0008754308219067752 -0.7997087836265564 -0.29428112506866455 -0.5233197808265686
1738249258.480927 -41.563785552978516 12.498563766479492 -45.59058380126953 0.004638129845261574 -0.816034197807312 -0.3058777451515198 -0.49041369557380676
1738249259.014638 -40.95392990112305 12.694046020507812 -46.04110336303711 0.0056849997490644455 -0.8395854234695435 -0.3096632957458496 -0.44628775119781494
1738249259.348127 -40.532958984375 12.830358505249023 -46.34008026123047 0.005041278898715973 -0.8416353464126587 -0.3119048774242401 -0.44084009528160095
1738249259.948377 -39.768985748291016 13.072250366210938 -46.887184143066406 0.0038210272323340178 -0.8425008654594421 -0.30984067916870117 -0.44065460562705994
1738249260.415262 -39.20857238769531 13.251283645629883 -47.32072448730469 0.006043042987585068 -0.8509113192558289 -0.30943283438682556 -0.4244582951068878
1738249260.948824 -38.668052673339844 13.467050552368164 -47.81858444213867 0.006729567889124155 -0.8662621378898621 -0.31802254915237427 -0.38523539900779724
1738249262.282751 -38.274269104003906 13.771391868591309 -48.556488037109375 0.01287804078310728 -0.9114001989364624 -0.33466431498527527 -0.23913106322288513
1738249263.283069 -38.063453674316406 14.012701034545898 -49.170127868652344 0.01261228509247303 -0.9257624745368958 -0.3305816054344177 -0.18308623135089874
1738249264.350159 -37.847320556640625 14.28403377532959 -49.83403015136719 0.011909830383956432 -0.9268027544021606 -0.34152597188949585 -0.15573959052562714
1738249265.483984 -37.630271911621094 14.583117485046387 -50.548458099365234 0.007742597721517086 -0.9272044897079468 -0.34152278304100037 -0.15360382199287415
1738249266.217378 -37.3846435546875 14.78024959564209 -51.00533676147461 0.004492395557463169 -0.9101453423500061 -0.3420538306236267 -0.2336975634098053
1738249266.817849 -37.08241271972656 14.90473747253418 -51.275169372558594 -0.0010633888887241483 -0.8748646378517151 -0.3363068699836731 -0.3485807180404663
1738249293.361999 -36.43413543701172 15.119359016418457 -51.747764587402344 -0.010340755805373192 -0.8354141712188721 -0.3241158723831177 -0.44376248121261597
1738249294.095596 -36.01735305786133 15.191418647766113 -51.8780517578125 -0.022019926458597183 -0.7705936431884766 -0.30822232365608215 -0.5574043393135071
1738249295.429337 -35.25736618041992 15.302433967590332 -52.094451904296875 -0.026475461199879646 -0.7536555528640747 -0.2982880473136902 -0.5850869417190552
1738249296.896623 -34.47555160522461 15.409393310546875 -52.318443298339844 -0.01892833225429058 -0.7623676657676697 -0.3015846908092499 -0.5722620487213135
1738249297.897009 -33.88569259643555 15.49294662475586 -52.505767822265625 -0.013997410424053669 -0.7708072066307068 -0.29465925693511963 -0.5646559596061707
1738249298.897567 -33.302669525146484 15.592735290527344 -52.72608184814453 -0.0061737652868032455 -0.7827809453010559 -0.2927856147289276 -0.5490832924842834
1738249300.031032 -32.62307357788086 15.722484588623047 -52.95991516113281 -0.0008221989846788347 -0.7812294960021973 -0.2976696491241455 -0.5487008094787598
1738249300.964908 -31.860126495361328 15.886676788330078 -53.25720977783203 0.001876956899650395 -0.7779494524002075 -0.30415934324264526 -0.5497984886169434
1738249301.765276 -31.26803970336914 16.001821517944336 -53.49439239501953 -0.001504817046225071 -0.7803059220314026 -0.29878872632980347 -0.5494049191474915
1738249302.36532 -30.728404998779297 16.12041473388672 -53.6961669921875 0.0014152179937809706 -0.7797548770904541 -0.3010650873184204 -0.5489445328712463
1738249303.099145 -30.075138092041016 16.257070541381836 -53.9480094909668 0.002340557985007763 -0.7785884141921997 -0.3019568622112274 -0.5501061677932739
1738249303.766068 -29.473331451416016 16.381956100463867 -54.17460250854492 0.004189061466604471 -0.7792980074882507 -0.3024640381336212 -0.5488102436065674
1738249304.433066 -28.860801696777344 16.518978118896484 -54.40423583984375 0.0070955087430775166 -0.7790324091911316 -0.30351611971855164 -0.5485765337944031
1738249305.033467 -28.319847106933594 16.628925323486328 -54.61603546142578 0.00657266192138195 -0.7810487747192383 -0.29898133873939514 -0.5482059121131897
1738249305.566602 -27.62966537475586 16.780336380004883 -54.880165100097656 0.012984062545001507 -0.782426118850708 -0.29933103919029236 -0.5459320545196533
1738249305.966945 -26.995750427246094 16.90053939819336 -55.12960433959961 0.012502238154411316 -0.7859002947807312 -0.2862059473991394 -0.5479878187179565
1738249306.300398 -26.444576263427734 17.013961791992188 -55.344207763671875 0.01881193183362484 -0.7837368845939636 -0.29113271832466125 -0.5483105182647705
1738249306.700646 -25.782085418701172 17.160892486572266 -55.60482406616211 0.020703639835119247 -0.7827526926994324 -0.2920723855495453 -0.54914790391922
1738249307.034041 -25.23284912109375 17.284608840942383 -55.82831573486328 0.021172747015953064 -0.7812021970748901 -0.2926572263240814 -0.5510233044624329
1738249307.434044 -24.61284637451172 17.411500930786133 -56.064491271972656 0.02214013785123825 -0.7814245820045471 -0.2884974777698517 -0.5528604388237
1738249307.900881 -23.910606384277344 17.56036376953125 -56.34239959716797 0.020098235458135605 -0.7821100950241089 -0.2864796817302704 -0.5530183911323547
1738249308.834792 -23.110855102539062 17.724340438842773 -56.65388107299805 0.018998801708221436 -0.7796717882156372 -0.2871057987213135 -0.5561666488647461
1738249310.10179 -22.30936050415039 17.858238220214844 -56.872859954833984 0.011419419199228287 -0.7454387545585632 -0.27753353118896484 -0.6059420704841614
1738249311.169052 -21.598304748535156 17.95367431640625 -57.06019973754883 0.006237566005438566 -0.7404900193214417 -0.2779122591018677 -0.6118826866149902
1738249312.102783 -20.96236801147461 18.022356033325195 -57.215213775634766 0.0006742174737155437 -0.739790678024292 -0.26817986369132996 -0.6170809268951416
1738249313.236554 -20.1588134765625 18.129520416259766 -57.37923812866211 0.002974148839712143 -0.7256685495376587 -0.2732575833797455 -0.6314480304718018
1738249314.437124 -19.428150177001953 18.121763229370117 -57.34138870239258 -0.013767566531896591 -0.6282021999359131 -0.2395038604736328 -0.7401421666145325
1738249315.370561 -18.9569091796875 18.062252044677734 -57.13489532470703 -0.011660866439342499 -0.5193363428115845 -0.1990477591753006 -0.8309836983680725
1738249316.304425 -18.557804107666016 17.962739944458008 -56.76730728149414 0.0008096538949757814 -0.3782516121864319 -0.16462764143943787 -0.9109461307525635
1738249317.638338 -17.9931583404541 17.774600982666016 -56.197731018066406 -0.009128892794251442 -0.3160903751850128 -0.14639516174793243 -0.9373217225074768
1738249318.905543 -17.551544189453125 17.565765380859375 -55.5640983581543 -0.00930015929043293 -0.25820592045783997 -0.12867482006549835 -0.9574372172355652
1738249319.972616 -17.1803035736084 17.3824405670166 -54.98466110229492 -0.005852487403899431 -0.23901507258415222 -0.12207162380218506 -0.9632943868637085
1738249321.173132 -16.76338005065918 17.1564884185791 -54.27268981933594 -0.00468622799962759 -0.21840769052505493 -0.11681779474020004 -0.9688290953636169
1738249322.106825 -16.463211059570312 16.969043731689453 -53.728172302246094 -0.010379509069025517 -0.2079911231994629 -0.10842329263687134 -0.9720475077629089
1738249323.373819 -15.940423965454102 16.764873504638672 -53.08787536621094 -0.003933914937078953 -0.29513442516326904 -0.13519485294818878 -0.9458343386650085
1738249324.241074 -15.416173934936523 16.644634246826172 -52.67448425292969 -0.0017333674477413297 -0.3615554869174957 -0.15583543479442596 -0.9192333817481995
1738249324.774557 -14.750876426696777 16.504287719726562 -52.12473678588867 0.010351724922657013 -0.37689143419265747 -0.16482752561569214 -0.9114152193069458
1738249325.17471 -14.212408065795898 16.39239501953125 -51.67903137207031 0.012921717949211597 -0.3779761791229248 -0.16660434007644653 -0.9106097221374512
1738249325.441291 -13.837187767028809 16.316770553588867 -51.38676834106445 0.012766452506184578 -0.3870868980884552 -0.1682461053133011 -0.9064734578132629
1738249325.908148 -13.175107955932617 16.196149826049805 -50.88609313964844 0.013672399334609509 -0.402052104473114 -0.17124700546264648 -0.8993562459945679
1738249326.44189 -12.436870574951172 16.074386596679688 -50.35744857788086 0.015459490939974785 -0.4122719466686249 -0.1732601374387741 -0.8943006992340088
1738249326.842035 -11.865936279296875 15.981836318969727 -49.94709014892578 0.016427068039774895 -0.41505715250968933 -0.173224076628685 -0.8930011987686157
1738249327.308942 -11.206514358520508 15.875350952148438 -49.48405075073242 0.017396217212080956 -0.41900068521499634 -0.17311087250709534 -0.891161322593689
1738249327.709135 -10.620638847351074 15.788373947143555 -49.08148956298828 0.018705109134316444 -0.4216747283935547 -0.17456117272377014 -0.8895891904830933
1738249328.17572 -9.931955337524414 15.68960952758789 -48.61256408691406 0.0204109326004982 -0.4234003722667694 -0.17595802247524261 -0.8884562253952026
1738249328.575899 -9.347455978393555 15.600513458251953 -48.2158088684082 0.018196839839220047 -0.42360827326774597 -0.17381355166435242 -0.8888272047042847
1738249328.910453 -8.872133255004883 15.521652221679688 -47.876914978027344 0.018987299874424934 -0.41690292954444885 -0.17001371085643768 -0.8927075862884521
1738249329.44319 -8.187883377075195 15.389463424682617 -47.335052490234375 0.017777761444449425 -0.38680168986320496 -0.15678390860557556 -0.9085633158683777
1738249329.976761 -7.586818218231201 15.24388313293457 -46.75067901611328 0.02077188529074192 -0.35160505771636963 -0.14745433628559113 -0.9242292642593384
1738249330.510015 -6.980122089385986 15.117904663085938 -46.25681686401367 0.017667867243289948 -0.3851394057273865 -0.15677480399608612 -0.9092728495597839
1738249331.043553 -6.300494194030762 15.00728988647461 -45.75654602050781 0.019518617540597916 -0.39957016706466675 -0.16223669052124023 -0.902021050453186
1738249331.443778 -5.732612133026123 14.896759033203125 -45.326717376708984 0.01681298390030861 -0.40067264437675476 -0.16222301125526428 -0.9015889167785645
1738249331.844034 -5.155123233795166 14.795583724975586 -44.88169479370117 0.02101041004061699 -0.40057194232940674 -0.1641969084739685 -0.9011881947517395
1738249332.244201 -4.590224742889404 14.690227508544922 -44.4562873840332 0.016695719212293625 -0.40026208758354187 -0.16280171275138855 -0.9016691446304321
1738249332.644457 -4.013575553894043 14.58436393737793 -44.02339172363281 0.017282627522945404 -0.40066295862197876 -0.1633916199207306 -0.9013732671737671
1738249333.113027 -3.353602409362793 14.459907531738281 -43.52619934082031 0.014885082840919495 -0.40154823660850525 -0.1622985303401947 -0.9012195467948914
1738249333.444528 -2.8666553497314453 14.370891571044922 -43.167457580566406 0.015352723188698292 -0.4008512794971466 -0.1646738201379776 -0.9010910391807556
1738249333.844689 -2.2897043228149414 14.265104293823242 -42.739471435546875 0.014812489971518517 -0.4004327952861786 -0.16428977251052856 -0.9013562798500061
1738249334.178173 -1.8070831298828125 14.179248809814453 -42.37355041503906 0.016324006021022797 -0.4007233679294586 -0.1644243448972702 -0.9011764526367188
1738249334.645207 -1.1423864364624023 14.06103515625 -41.87565231323242 0.01525416411459446 -0.402498722076416 -0.16344471275806427 -0.9005820155143738
1738249335.045376 -0.5610446929931641 13.96068000793457 -41.44255828857422 0.01746157370507717 -0.40240776538848877 -0.16477108001708984 -0.9003408551216125
1738249335.578905 0.19349384307861328 13.818092346191406 -40.87836837768555 0.014644546434283257 -0.4048057496547699 -0.1613408923149109 -0.8999372720718384
1738249335.978882 0.7541399002075195 13.722040176391602 -40.446346282958984 0.018371421843767166 -0.3964393734931946 -0.16227513551712036 -0.9034185409545898
1738249336.445781 1.3337669372558594 13.597114562988281 -39.93397903442383 0.01708584651350975 -0.3609578609466553 -0.150803804397583 -0.9201498627662659
1738249336.846046 1.6923246383666992 13.460820198059082 -39.49654769897461 0.006406872998923063 -0.2946806252002716 -0.12487871944904327 -0.9473793506622314
1738249337.446468 2.2653441429138184 13.247493743896484 -38.76847839355469 0.011087480932474136 -0.28636351227760315 -0.12374714016914368 -0.9500314593315125
1738249337.779821 2.571460723876953 13.1507568359375 -38.397216796875 0.014890321530401707 -0.29770228266716003 -0.12823627889156342 -0.9458895921707153
1738249338.513413 3.1054787635803223 12.985600471496582 -37.791229248046875 0.015826977789402008 -0.31160908937454224 -0.13421770930290222 -0.9405503273010254
1738249339.04696 3.5459022521972656 12.849302291870117 -37.30634307861328 0.009499098174273968 -0.31692084670066833 -0.13336321711540222 -0.9389809966087341
1738249339.51382 4.111650466918945 12.68376636505127 -36.670257568359375 0.0170080978423357 -0.3157200813293457 -0.13200893998146057 -0.9394707679748535
1738249339.848505 4.512017250061035 12.564947128295898 -36.20429229736328 0.018620703369379044 -0.3156589865684509 -0.1326523870229721 -0.9393700361251831
1738249340.247464 4.988758563995361 12.421707153320312 -35.670684814453125 0.018070392310619354 -0.31548675894737244 -0.1312445104122162 -0.9396364092826843
1738249340.714113 5.545170783996582 12.260350227355957 -35.057762145996094 0.017555424943566322 -0.31563857197761536 -0.132253497838974 -0.939453661441803
1738249341.047591 5.947942733764648 12.13951587677002 -34.6103515625 0.017061252146959305 -0.3158046305179596 -0.13253846764564514 -0.9393667578697205
1738249341.514929 6.517584323883057 11.968585968017578 -33.98622512817383 0.01639747992157936 -0.3126828372478485 -0.1349489837884903 -0.9400794506072998
1738249341.847924 6.924723148345947 11.855914115905762 -33.53702926635742 0.017406126484274864 -0.31127747893333435 -0.1378050446510315 -0.940113365650177
1738249342.249215 7.40250825881958 11.707315444946289 -33.00471115112305 0.013804944232106209 -0.31214064359664917 -0.1357501745223999 -0.9401859641075134
1738249342.582105 7.788151741027832 11.588116645812988 -32.56695556640625 0.01054683979600668 -0.30921900272369385 -0.13520924746990204 -0.9412709474563599
1738249342.98188 8.242607116699219 11.458542823791504 -32.06080627441406 0.016901500523090363 -0.305303692817688 -0.14023643732070923 -0.9417206645011902
1738249344.11556 8.801568984985352 11.305842399597168 -31.472530364990234 0.018993817269802094 -0.3487052917480469 -0.15097077190876007 -0.9247981905937195
1738249345.516256 9.555179595947266 11.173331260681152 -30.936182022094727 0.019903860986232758 -0.3964458405971527 -0.15944187343120575 -0.9038876891136169
1738249346.583351 10.14332103729248 11.060688972473145 -30.43771743774414 0.020917976275086403 -0.3837331235408783 -0.15359409153461456 -0.9103407263755798
1738249347.718533 10.650115966796875 10.898458480834961 -29.839799880981445 0.01694798842072487 -0.3210066854953766 -0.13393905758857727 -0.9374048709869385
1738249348.650666 11.092351913452148 10.76123046875 -29.33289337158203 0.01697567105293274 -0.31297656893730164 -0.13139094412326813 -0.9404754042625427
1738249349.717963 11.498086929321289 10.583330154418945 -28.696332931518555 0.01735517382621765 -0.24512577056884766 -0.10868129134178162 -0.9632241129875183
1738249365.524159 11.71591567993164 10.438224792480469 -28.177278518676758 0.014426556415855885 -0.17664912343025208 -0.08849436044692993 -0.9801814556121826
1738249366.657923 11.826727867126465 10.249170303344727 -27.55507469177246 0.0138021819293499 -0.11043213307857513 -0.06775358319282532 -0.9914755821228027
1738249367.258208 12.01484203338623 10.048479080200195 -26.86020851135254 0.012566189281642437 -0.10622267425060272 -0.06508848071098328 -0.9921302199363708
1738249367.591818 12.160501480102539 9.878863334655762 -26.280166625976562 0.014643106609582901 -0.10247432440519333 -0.06314624845981598 -0.9926213622093201
1738249367.991828 12.340530395507812 9.672819137573242 -25.58108901977539 0.016647739335894585 -0.09899570047855377 -0.061389461159706116 -0.9930528998374939
1738249368.392125 12.512195587158203 9.46350383758545 -24.869356155395508 0.015100838616490364 -0.0967596024274826 -0.05887182429432869 -0.993450403213501
1738249368.85911 12.710370063781738 9.213157653808594 -24.03664779663086 0.014394372701644897 -0.0927281454205513 -0.057408656924963 -0.9939308762550354
1738249369.258998 12.875628471374512 9.00987720489502 -23.32856559753418 0.015191130340099335 -0.08861097693443298 -0.05573570728302002 -0.9943897724151611
1738249369.659149 13.033721923828125 8.802650451660156 -22.62288475036621 0.013859127648174763 -0.08597894012928009 -0.05402049794793129 -0.9947348237037659
1738249369.992621 13.158669471740723 8.625834465026855 -22.03395652770996 0.012552715837955475 -0.08269663155078888 -0.053748659789562225 -0.9950451254844666
1738249370.392786 13.318222999572754 8.414898872375488 -21.33434295654297 0.014414198696613312 -0.08678411692380905 -0.05702507868409157 -0.994489312171936
1738249370.794141 13.477005958557129 8.211505889892578 -20.647661209106445 0.015556682832539082 -0.09021920710802078 -0.05881737917661667 -0.9940618276596069
1738249371.126562 13.61408805847168 8.037056922912598 -20.073261260986328 0.013803413137793541 -0.09108570963144302 -0.05812456086277962 -0.9940494894981384
1738249371.526874 13.774648666381836 7.828897476196289 -19.380069732666016 0.012130017392337322 -0.08943037688732147 -0.05688854679465294 -0.9942931532859802
1738249371.860186 13.907312393188477 7.65679931640625 -18.79408836364746 0.012295382097363472 -0.08780837059020996 -0.05609467625617981 -0.9944807887077332
1738249372.260202 14.066032409667969 7.448033809661865 -18.101980209350586 0.011777014471590519 -0.0867445170879364 -0.05482567846775055 -0.9946511387825012
1738249372.593686 14.191720962524414 7.275585174560547 -17.51764488220215 0.013692657463252544 -0.08648378401994705 -0.05409415811300278 -0.994689404964447
1738249372.993861 14.339522361755371 7.0789666175842285 -16.847766876220703 0.016837120056152344 -0.08349965512752533 -0.05288351699709892 -0.994961142539978
1738249373.861062 14.481691360473633 6.8698649406433105 -16.15848731994629 0.015218164771795273 -0.08225416392087936 -0.051606737077236176 -0.9951580166816711
1738249374.861431 14.628644943237305 6.659875392913818 -15.44699478149414 0.01411061268299818 -0.08033455163240433 -0.050050102174282074 -0.9954106211662292
1738249375.995199 14.798829078674316 6.410075664520264 -14.597724914550781 0.01388618629425764 -0.07644543796777725 -0.05128881707787514 -0.9956569671630859
1738249376.995457 14.945347785949707 6.197673320770264 -13.906285285949707 0.00993569940328598 -0.07413314282894135 -0.05159948766231537 -0.9958630204200745
1738249377.996082 15.078662872314453 5.990982532501221 -13.224079132080078 0.009813353419303894 -0.07316066324710846 -0.0489167794585228 -0.9960715174674988
1738249379.063102 15.259868621826172 5.7689690589904785 -12.487723350524902 0.007967469282448292 -0.08480575680732727 -0.04950837790966034 -0.9951348900794983
1738249380.063548 15.417200088500977 5.561592102050781 -11.81266975402832 0.010122710838913918 -0.08797922730445862 -0.05025474354624748 -0.9948022961616516
1738249381.197178 15.602678298950195 5.333383560180664 -11.053726196289062 0.007493447978049517 -0.08874214440584183 -0.04968617483973503 -0.9947864413261414
1738249382.264228 15.804787635803223 5.066977024078369 -10.201069831848145 0.005954119376838207 -0.09071819484233856 -0.04813014343380928 -0.9946951270103455
1738249382.667864 15.959654808044434 4.859017848968506 -9.53768253326416 0.0055596549063920975 -0.0922514870762825 -0.04601854830980301 -0.9946563243865967
1738249383.064567 16.1230525970459 4.6449995040893555 -8.841791152954102 0.007797853089869022 -0.09214220196008682 -0.04542945325374603 -0.9946784377098083
1738249383.464741 16.291276931762695 4.428828716278076 -8.148819923400879 0.007366958074271679 -0.09266269207000732 -0.04664013907313347 -0.9945773482322693
1738249383.865035 16.461761474609375 4.205306529998779 -7.451603889465332 0.005331103224307299 -0.09352478384971619 -0.04756854102015495 -0.9944656491279602
1738249384.198506 16.601394653320312 4.019077301025391 -6.8799729347229 0.0032135832589119673 -0.09289057552814484 -0.04864485561847687 -0.994482159614563
1738249384.598671 16.773832321166992 3.8056375980377197 -6.184418678283691 0.0073408568277955055 -0.0909578949213028 -0.050915781408548355 -0.9945251941680908
1738249384.932003 16.9132080078125 3.6298575401306152 -5.605672836303711 0.011454369872808456 -0.09088902175426483 -0.05196366459131241 -0.9944384098052979
1738249385.332388 17.069656372070312 3.413787364959717 -4.918655872344971 0.00825665146112442 -0.09064329415559769 -0.05012788623571396 -0.9945867657661438
1738249385.732333 17.1978702545166 3.205354928970337 -4.236459732055664 0.010992653667926788 -0.07035546004772186 -0.044097691774368286 -0.9964861869812012
1738249386.266047 17.193836212158203 2.9561262130737305 -3.4701080322265625 0.005209782626479864 0.01658564619719982 -0.01536866370588541 -0.9997308254241943
1738249386.799624 17.20052719116211 2.6804981231689453 -2.614001512527466 0.004579601343721151 0.0032269370276480913 -0.020124651491642 -0.9997818470001221
1738249387.39981 17.389429092407227 2.4084789752960205 -1.757505178451538 0.010265830904245377 -0.11392439156770706 -0.05910620093345642 -0.9916765093803406
1738249387.799832 17.586389541625977 2.2385616302490234 -1.2180442810058594 0.005571149755269289 -0.14293651282787323 -0.0683908760547638 -0.9873504638671875
1738249388.19999 17.745019912719727 2.055190324783325 -0.615309476852417 0.0091620534658432 -0.1019548699259758 -0.05546514317393303 -0.993199348449707
1738249388.733545 17.770355224609375 1.8252160549163818 0.10514376312494278 0.004556556232273579 -0.007097477093338966 -0.02381012961268425 -0.9996809363365173
1738249389.267262 17.775779724121094 1.5515962839126587 0.9055415987968445 -0.002779678674414754 0.004856614395976067 -0.0162170622497797 -0.9998528957366943
1738249389.66738 17.769010543823242 1.3320645093917847 1.5552922487258911 0.0003191337746102363 0.006210136227309704 -0.009836111217737198 -0.9999322891235352
1738249390.067368 17.7719783782959 1.1217073202133179 2.2207186222076416 0.005348614417016506 0.0059073991142213345 -0.01063596922904253 -0.9999117255210876
1738249390.600963 17.838342666625977 0.8650153279304504 3.0808331966400146 0.016430014744400978 -0.016961585730314255 -0.028105229139328003 -0.9993260502815247
1738249391.067826 17.917003631591797 0.648829460144043 3.78281569480896 0.011368434876203537 -0.02844807505607605 -0.03622579947113991 -0.9988740086555481
1738249391.53467 17.99896812438965 0.4038899838924408 4.522838592529297 0.004551036283373833 -0.026882903650403023 -0.03732450306415558 -0.9989312291145325
1738249391.934973 18.06798553466797 0.17549291253089905 5.206094264984131 0.0035354304127395153 -0.026262635365128517 -0.03726351261138916 -0.9989541172981262
1738249392.401849 18.154115676879883 -0.0816684141755104 6.001237392425537 0.005534524563699961 -0.02653486095368862 -0.036948904395103455 -0.9989495277404785
1738249392.802053 18.22247886657715 -0.3059881925582886 6.671331405639648 -0.00035274660331197083 -0.024445107206702232 -0.03978373855352402 -0.9989092350006104
1738249393.535472 18.296255111694336 -0.5649315714836121 7.432831287384033 -0.0019474162254482508 -0.019233975559473038 -0.04163137450814247 -0.9989460110664368
1738249394.936222 18.382028579711914 -0.8483111262321472 8.243468284606934 -0.006616410333663225 -0.013929535634815693 -0.04682793468236923 -0.9987839460372925
1738249396.403316 18.42779541015625 -1.1081874370574951 9.006267547607422 -0.00581377511844039 0.0030185107607394457 -0.04121711105108261 -0.9991287589073181
1738249398.003933 18.37982749938965 -1.371582269668579 9.766456604003906 -0.008058811537921429 0.03779179975390434 -0.023812033236026764 -0.9989693760871887
1738249399.738104 18.272117614746094 -1.6444941759109497 10.553831100463867 -0.005679027177393436 0.07238683849573135 -0.007958783768117428 -0.9973286986351013
1738249403.006064 18.178998947143555 -1.9196784496307373 11.371546745300293 -0.002355037024244666 0.061128225177526474 -0.01073574461042881 -0.9980694055557251
1738249404.940316 18.28720474243164 -2.190984010696411 12.181763648986816 -0.001437906175851822 -0.021677030250430107 -0.0383557565510273 -0.9990279674530029
1738249406.341026 18.367137908935547 -2.4387946128845215 12.904709815979004 -0.006768884137272835 -0.032725583761930466 -0.03763933852314949 -0.9987325072288513
1738249407.741353 18.392255783081055 -2.7054316997528076 13.650635719299316 -0.011198661290109158 -0.018874334171414375 -0.025555895641446114 -0.9994325637817383
1738249408.875164 18.44901466369629 -2.9340322017669678 14.36259651184082 0.0004392288683447987 -0.020226871594786644 -0.028310740366578102 -0.999394416809082
1738249409.275389 18.467876434326172 -3.012052297592163 14.588492393493652 -0.0019396713469177485 -0.0181625597178936 -0.028900831937789917 -0.9994154572486877
1738249410.075627 18.483158111572266 -3.0721652507781982 14.755990028381348 -0.005859357304871082 -0.01853197067975998 -0.030602416023612022 -0.999342679977417
