1732804200.177016 -0.0 -0.0 -0.0 -0.0 -0.0 -0.0 1.0
1732804202.577015 0.015918847173452377 -0.06655687093734741 0.17317607998847961 0.006774413865059614 0.00701801897957921 0.004322424065321684 0.9999431371688843
1732804203.177027 0.04499708488583565 -0.2897499203681946 0.7900621891021729 0.013168767094612122 0.014344756491482258 0.0033328356221318245 0.9998048543930054
1732804203.776717 0.08623296767473221 -0.5359657406806946 1.4886149168014526 0.012618265114724636 0.021324681118130684 0.0016980869695544243 0.9996916055679321
1732804204.176877 0.11363492161035538 -0.7317036390304565 2.0456180572509766 0.010471458546817303 0.018209999427199364 0.0038222416769713163 0.9997720718383789
1732804204.710227 0.08694115281105042 -0.9618650078773499 2.651960611343384 0.015265294350683689 -0.008956694975495338 -0.010677861049771309 0.999786376953125
1732804205.243655 0.04266345500946045 -1.189491868019104 3.2458338737487793 0.022125832736492157 -0.024601535871624947 -0.016940588131546974 0.9993088841438293
1732804205.776853 -0.0001707074698060751 -1.4281306266784668 3.9014174938201904 0.01959066465497017 -0.028935661539435387 -0.018894677981734276 0.9992106556892395
1732804206.17684 -0.041921939700841904 -1.6227588653564453 4.4100141525268555 0.022953227162361145 -0.03678828477859497 -0.021415475755929947 0.9988299012184143
1732804206.776896 -0.19682584702968597 -1.9069911241531372 5.184433937072754 0.02068980410695076 -0.08564108610153198 -0.04177064821124077 0.995235025882721
1732804207.376773 -0.3432912528514862 -2.1764843463897705 5.911002159118652 0.01999155804514885 -0.09342242777347565 -0.04016324505209923 0.9946153163909912
1732804207.97684 -0.4902638792991638 -2.422534942626953 6.556755542755127 0.02148168720304966 -0.09957373142242432 -0.04247751459479332 0.9938910007476807
1732804208.576807 -0.6406172513961792 -2.665900468826294 7.194095134735107 0.025673717260360718 -0.10388489812612534 -0.044504065066576004 0.9932613968849182
1732804209.176767 -0.7929743528366089 -2.918848752975464 7.8452982902526855 0.025102246552705765 -0.10866248607635498 -0.04616919159889221 0.9926887154579163
1732804209.776755 -0.9203240275382996 -3.1702611446380615 8.498884201049805 0.023953257128596306 -0.09384281933307648 -0.039244312793016434 0.9945248961448669
1732804210.376745 -1.057209849357605 -3.4196054935455322 9.1423921585083 0.0253062155097723 -0.09951761364936829 -0.03868573158979416 0.9939614534378052
1732804210.97728 -1.1993777751922607 -3.675004720687866 9.806253433227539 0.026013001799583435 -0.10196185111999512 -0.03772175684571266 0.9937325119972229
1732804211.576741 -1.340144395828247 -3.931658983230591 10.469456672668457 0.0270566213876009 -0.10647936910390854 -0.03461849316954613 0.993343710899353
1732804212.17668 -1.5007330179214478 -4.183270454406738 11.118829727172852 0.02782883681356907 -0.11803258210420609 -0.03872288018465042 0.9918641448020935
1732804212.776882 -1.7437713146209717 -4.413061141967773 11.7507963180542 0.022106381133198738 -0.17227989435195923 -0.06142864003777504 0.9828822612762451
1732804213.176656 -1.979906439781189 -4.562658309936523 12.080141067504883 0.0318886898458004 -0.2578132748603821 -0.09188514947891235 0.9612869620323181
1732804213.776623 -2.393324375152588 -4.754425525665283 12.52054214477539 0.034742459654808044 -0.3494423031806946 -0.11119303852319717 0.9296877384185791
1732804214.376638 -2.8800888061523438 -4.9391279220581055 12.962120056152344 0.02756882831454277 -0.3882196247577667 -0.11716286838054657 0.9136729836463928
1732804214.976715 -3.491788148880005 -5.054455757141113 13.246431350708008 0.0192580446600914 -0.5034477710723877 -0.1704098880290985 0.846835196018219
1732804215.576542 -4.159460544586182 -5.1507744789123535 13.473347663879395 0.025623157620429993 -0.5328250527381897 -0.18541045486927032 0.8252660036087036
1732804216.176562 -4.803443431854248 -5.28215217590332 13.854314804077148 0.023752611130475998 -0.435025155544281 -0.16040262579917908 0.8856974244117737
1732804216.576668 -5.015345096588135 -5.420356273651123 14.161703109741211 0.03334096074104309 -0.27290305495262146 -0.09388773888349533 0.956868588924408
1732804217.376511 -5.371676445007324 -5.472401142120361 14.32005500793457 0.026764502748847008 -0.4339967966079712 -0.15814463794231415 0.8865216970443726
1732804218.176493 -6.1034770011901855 -5.528200149536133 14.455646514892578 0.021585717797279358 -0.5326100587844849 -0.1947675347328186 0.8233628273010254
1732804218.776419 -6.732606887817383 -5.617563247680664 14.655416488647461 0.027469350025057793 -0.5494926571846008 -0.1985330581665039 0.8111029863357544
1732804219.376458 -7.189693927764893 -5.632306098937988 14.673833847045898 0.02652098797261715 -0.649776816368103 -0.23238426446914673 0.7232456803321838
1732804220.24319 -7.8488006591796875 -5.631173133850098 14.63701057434082 0.031176744028925896 -0.6729701161384583 -0.24233031272888184 0.6981512904167175
1732804220.976385 -8.557339668273926 -5.62103796005249 14.603849411010742 0.027839891612529755 -0.6779431700706482 -0.2541365921497345 0.6892260909080505
1732804221.77639 -9.24476146697998 -5.623861789703369 14.542987823486328 0.040146034210920334 -0.693776547908783 -0.2535211145877838 0.6728963851928711
1732804222.376563 -9.567482948303223 -5.547308444976807 14.334243774414062 0.03943759202957153 -0.7608445882797241 -0.2778351604938507 0.5851221084594727
1732804223.043057 -9.885307312011719 -5.388644218444824 13.964962005615234 0.036005884408950806 -0.8217726945877075 -0.3099678158760071 0.47677382826805115
1732804223.709607 -10.46500015258789 -5.234467029571533 13.60477352142334 0.03538396209478378 -0.8227542042732239 -0.32258981466293335 0.4666469991207123
1732804224.509643 -10.926647186279297 -5.1367878913879395 13.256841659545898 0.04353587329387665 -0.8512195348739624 -0.30597034096717834 0.42416054010391235
1732804225.709597 -11.423181533813477 -5.019379138946533 12.74010944366455 0.025241535156965256 -0.8963678479194641 -0.2798256576061249 0.3429071307182312
1732804226.976394 -12.143575668334961 -4.906828880310059 12.412393569946289 0.0047306520864367485 -0.8234471082687378 -0.26824435591697693 0.49995750188827515
1732804227.709537 -12.847688674926758 -4.758588790893555 12.026222229003906 0.015604624524712563 -0.8174728751182556 -0.284831166267395 0.5003657937049866
1732804228.509678 -13.503040313720703 -4.651938438415527 11.633642196655273 0.03699767217040062 -0.8248933553695679 -0.27704793214797974 0.49135181307792664
1732804229.509481 -14.106216430664062 -4.521251678466797 11.208978652954102 0.03604670614004135 -0.8510968089103699 -0.2917991280555725 0.4349576532840729
1732804230.309437 -14.665270805358887 -4.395169258117676 10.745424270629883 0.04013597220182419 -0.8596343994140625 -0.28743329644203186 0.4204758405685425
1732804230.909403 -15.143770217895508 -4.311000347137451 10.35188102722168 0.04483160004019737 -0.86617112159729 -0.27519840002059937 0.4147332012653351
1732804231.576101 -15.666569709777832 -4.1988205909729 9.91391372680664 0.042917583137750626 -0.8681865930557251 -0.2769276201725006 0.40953776240348816
1732804232.175898 -16.143753051757812 -4.094407558441162 9.524848937988281 0.03570178896188736 -0.8691737651824951 -0.28104615211486816 0.4053090512752533
1732804232.77625 -16.575218200683594 -3.9954147338867188 9.157097816467285 0.03520568460226059 -0.8700466156005859 -0.2829062342643738 0.4021734893321991
1732804233.376019 -16.987533569335938 -3.8978238105773926 8.799643516540527 0.035505883395671844 -0.8713949918746948 -0.2823602259159088 0.3996034264564514
1732804234.309344 -17.61858367919922 -3.749829053878784 8.253753662109375 0.034444618970155716 -0.87245112657547 -0.2845308780670166 0.3958342671394348
1732804235.175831 -18.17919921875 -3.6127893924713135 7.742975234985352 0.03658131882548332 -0.8735055923461914 -0.2828090190887451 0.3945488929748535
1732804236.109269 -18.773704528808594 -3.4669201374053955 7.212261199951172 0.03474827855825424 -0.8755151033401489 -0.28571847081184387 0.3881118595600128
1732804236.975971 -19.26030921936035 -3.314910411834717 6.687315940856934 0.03392745926976204 -0.8856334090232849 -0.2909198999404907 0.36037203669548035
1732804237.909046 -19.784122467041016 -3.151093006134033 6.124805450439453 0.03425675630569458 -0.8903993964195251 -0.2925296723842621 0.3470473289489746
1732804238.57586 -20.174571990966797 -3.020848512649536 5.690189361572266 0.03209470212459564 -0.8930104374885559 -0.2947900593280792 0.338528037071228
1732804239.309201 -20.613571166992188 -2.859786033630371 5.180353164672852 0.032438501715660095 -0.8938955068588257 -0.2999812364578247 0.33152666687965393
1732804240.176481 -21.13775634765625 -2.674513816833496 4.55216121673584 0.03668465465307236 -0.8965171575546265 -0.29914870858192444 0.3246864974498749
1732804240.776048 -21.53103256225586 -2.5380215644836426 4.069324493408203 0.039168503135442734 -0.8998467326164246 -0.29511651396751404 0.3188227415084839
1732804241.309121 -22.026302337646484 -2.335017204284668 3.4550304412841797 0.03815257549285889 -0.8997456431388855 -0.301821768283844 0.3128989338874817
1732804241.709219 -22.4243106842041 -2.1765542030334473 2.94366455078125 0.042387232184410095 -0.9016422629356384 -0.3001820743083954 0.30844029784202576
1732804242.109144 -22.82577133178711 -2.011434555053711 2.4288406372070312 0.04206904396414757 -0.9007253050804138 -0.30782511830329895 0.3035915493965149
1732804242.5091 -23.216766357421875 -1.8352646827697754 1.9100914001464844 0.04295150935649872 -0.9009760618209839 -0.31113579869270325 0.2993190288543701
1732804242.909091 -23.603675842285156 -1.670332908630371 1.3838062286376953 0.04692727327346802 -0.9035013318061829 -0.30796656012535095 0.2943466603755951
1732804243.309164 -23.998964309692383 -1.498568058013916 0.8500556945800781 0.04595392197370529 -0.9046182036399841 -0.30801862478256226 0.29099613428115845
1732804243.709057 -24.37417221069336 -1.3364472389221191 0.32060813903808594 0.049057867377996445 -0.9068484306335449 -0.30417922139167786 0.28756630420684814
1732804244.10914 -24.772899627685547 -1.1726303100585938 -0.211273193359375 0.04486222565174103 -0.9045658707618713 -0.3043193221092224 0.2951910197734833
1732804244.442356 -25.12377166748047 -1.044233798980713 -0.6515750885009766 0.045341476798057556 -0.9024555087089539 -0.29827067255973816 0.30749452114105225
1732804244.909044 -25.63690757751465 -0.8728094100952148 -1.2224102020263672 0.04117344319820404 -0.89132159948349 -0.2983650863170624 0.3388640582561493
1732804245.384233 -26.14769172668457 -0.7077398300170898 -1.7913799285888672 0.03970580920577049 -0.8917122483253479 -0.2954820394515991 0.34053367376327515
1732804245.842408 -26.644742965698242 -0.5542793273925781 -2.339435577392578 0.037082020193338394 -0.8916333913803101 -0.2942558825016022 0.3420940339565277
1732804246.309003 -27.15380859375 -0.39278316497802734 -2.872987747192383 0.03785555437207222 -0.8859836459159851 -0.29679200053215027 0.3542802929878235
1732804246.842272 -27.726831436157227 -0.23017501831054688 -3.4546051025390625 0.036827925592660904 -0.8860384821891785 -0.29261329770088196 0.3577107787132263
1732804247.242308 -28.148296356201172 -0.09934520721435547 -3.881572723388672 0.036737117916345596 -0.8844292163848877 -0.29461193084716797 0.3600543439388275
1732804247.642266 -28.563640594482422 0.023354530334472656 -4.302146911621094 0.03528338298201561 -0.883064329624176 -0.2960561215877533 0.3623580038547516
1732804248.042261 -28.97780418395996 0.15291500091552734 -4.7219390869140625 0.03798466548323631 -0.8832558393478394 -0.29366257786750793 0.36356374621391296
1732804248.442276 -29.404830932617188 0.2899646759033203 -5.1448974609375 0.03473934903740883 -0.8819564580917358 -0.29720398783683777 0.3641646206378937
1732804248.842254 -29.826229095458984 0.40673828125 -5.557090759277344 0.0326179675757885 -0.8834652304649353 -0.2921590209007263 0.3647852838039398
1732804249.442048 -30.445049285888672 0.5942316055297852 -6.1757354736328125 0.02684449590742588 -0.8831014633178711 -0.29332613945007324 0.3651997745037079
1732804249.842289 -30.8818359375 0.7184991836547852 -6.583049774169922 0.02588818222284317 -0.8794645071029663 -0.29187285900115967 0.37507641315460205
1732804250.242198 -31.31330680847168 0.8461856842041016 -7.000354766845703 0.028289273381233215 -0.8791186213493347 -0.29089856147766113 0.3764681816101074
1732804250.642194 -31.735759735107422 0.9597978591918945 -7.404441833496094 0.028572943061590195 -0.8798264265060425 -0.2871026396751404 0.3777052164077759
1732804251.042245 -32.15913772583008 1.0804595947265625 -7.809528350830078 0.03112822212278843 -0.8787763714790344 -0.2888103425502777 0.37864452600479126
1732804251.442149 -32.586490631103516 1.2011098861694336 -8.209941864013672 0.03297974914312363 -0.8773898482322693 -0.2914273738861084 0.37969666719436646
1732804251.842356 -33.012393951416016 1.3236379623413086 -8.610267639160156 0.03291073068976402 -0.8763723969459534 -0.29288381338119507 0.3809296488761902
1732804252.24196 -33.444236755371094 1.4319829940795898 -8.99045181274414 0.03465329483151436 -0.8720290660858154 -0.288718581199646 0.3937080204486847
1732804252.642107 -33.88408279418945 1.538100242614746 -9.369091033935547 0.032551929354667664 -0.8704162240028381 -0.28945010900497437 0.3969063460826874
1732804253.04231 -34.31278991699219 1.6486845016479492 -9.747459411621094 0.03285693749785423 -0.8701392412185669 -0.2885953187942505 0.39810910820961
1732804253.442132 -34.74285888671875 1.7570838928222656 -10.114704132080078 0.031364381313323975 -0.8698625564575195 -0.28800931572914124 0.3992570638656616
1732804253.842093 -35.181922912597656 1.8672351837158203 -10.486152648925781 0.03173152729868889 -0.8694560527801514 -0.2863970398902893 0.4012681543827057
1732804254.242205 -35.6188850402832 1.9763431549072266 -10.866874694824219 0.035822801291942596 -0.868485152721405 -0.2843509912490845 0.4044685661792755
1732804254.642134 -36.14058303833008 2.0985536575317383 -11.302738189697266 0.03567129373550415 -0.8669502139091492 -0.284321129322052 0.4077824056148529
1732804255.042104 -36.68444061279297 2.2262649536132812 -11.757427215576172 0.0357355996966362 -0.8658234477043152 -0.28567126393318176 0.4092244803905487
1732804255.442066 -37.2233772277832 2.3556394577026367 -12.207195281982422 0.03456893935799599 -0.8638730049133301 -0.287757009267807 0.41197624802589417
1732804255.842084 -37.74799346923828 2.477832794189453 -12.63726806640625 0.03693241626024246 -0.8627228140830994 -0.28806477785110474 0.4139614999294281
1732804256.242026 -38.255279541015625 2.5916290283203125 -13.046260833740234 0.03735220059752464 -0.8623223304748535 -0.28668782114982605 0.41571056842803955
1732804256.642715 -38.75114440917969 2.7041969299316406 -13.436885833740234 0.034901537001132965 -0.8613359332084656 -0.28755688667297363 0.4173647463321686
1732804257.04203 -39.25252914428711 2.8137664794921875 -13.830093383789062 0.035347167402505875 -0.861190915107727 -0.28562700748443604 0.4189486801624298
1732804257.442004 -39.747520446777344 2.922504425048828 -14.216766357421875 0.035490620881319046 -0.8599368929862976 -0.28778785467147827 0.4200323820114136
1732804257.842041 -40.24907684326172 3.0322513580322266 -14.609371185302734 0.037532590329647064 -0.8588690161705017 -0.2886381447315216 0.4214540123939514
1732804258.241994 -40.75689697265625 3.132762908935547 -15.000629425048828 0.03812329098582268 -0.8599172830581665 -0.28441718220710754 0.42213237285614014
1732804258.642174 -41.248592376708984 3.2445106506347656 -15.387523651123047 0.038216400891542435 -0.8603874444961548 -0.2859354615211487 0.42013561725616455
1732804259.041935 -41.72555160522461 3.351612091064453 -15.761825561523438 0.03744557872414589 -0.8618147969245911 -0.28687605261802673 0.41662362217903137
1732804259.441941 -42.20063781738281 3.4702911376953125 -16.154403686523438 0.03666805848479271 -0.8642482757568359 -0.28949645161628723 0.409783273935318
1732804259.841926 -42.645790100097656 3.5788612365722656 -16.54583740234375 0.037512555718421936 -0.8690325021743774 -0.28815168142318726 0.4004298448562622
1732804260.242024 -43.08744430541992 3.6920719146728516 -16.938873291015625 0.0377785824239254 -0.8728856444358826 -0.2892698049545288 0.3911093473434448
1732804260.642025 -43.5016975402832 3.814128875732422 -17.337432861328125 0.037037745118141174 -0.8763265013694763 -0.29428914189338684 0.37957075238227844
1732804261.041945 -43.91797637939453 3.92303466796875 -17.733177185058594 0.03760414198040962 -0.8769351840019226 -0.2922379970550537 0.37969422340393066
1732804261.441956 -44.336151123046875 4.0384521484375 -18.132720947265625 0.03705201670527458 -0.8786747455596924 -0.2899993062019348 0.3774365186691284
1732804261.841847 -44.75117874145508 4.149250030517578 -18.524024963378906 0.03558659553527832 -0.8803728818893433 -0.2888422906398773 0.3744960129261017
1732804262.242104 -45.177886962890625 4.265964508056641 -18.927021026611328 0.03261934220790863 -0.8811556100845337 -0.2891595661640167 0.3726763129234314
1732804262.641836 -45.60826110839844 4.397241592407227 -19.344364166259766 0.03321986645460129 -0.8783844709396362 -0.2946801781654358 0.3748343288898468
1732804263.041833 -46.052452087402344 4.517107009887695 -19.746749877929688 0.03334736451506615 -0.8744799494743347 -0.29353561997413635 0.38472020626068115
1732804263.442206 -46.50951385498047 4.625148773193359 -20.13467025756836 0.03481274098157883 -0.8708557486534119 -0.2897295653820038 0.3955441415309906
1732804263.841623 -46.97187805175781 4.736846923828125 -20.50362777709961 0.03375879302620888 -0.8664819598197937 -0.28832098841667175 0.40612858533859253
1732804264.241744 -47.435096740722656 4.852413177490234 -20.887683868408203 0.033261336386203766 -0.8653448224067688 -0.2903233766555786 0.4071663022041321
1732804264.641761 -47.89830017089844 4.965913772583008 -21.26717758178711 0.03383293375372887 -0.8649563193321228 -0.29027777910232544 0.4079764485359192
1732804265.04177 -48.3533821105957 5.071573257446289 -21.644363403320312 0.03385447338223457 -0.865321695804596 -0.28697097301483154 0.4095360338687897
1732804265.441777 -48.803741455078125 5.183462142944336 -22.014942169189453 0.03306096792221069 -0.8647207021713257 -0.28919777274131775 0.40930402278900146
1732804265.841763 -49.26057434082031 5.287487030029297 -22.38821029663086 0.03333795443177223 -0.8644341230392456 -0.28821542859077454 0.4105777144432068
1732804266.241743 -49.760719299316406 5.400905609130859 -22.79678726196289 0.03246358036994934 -0.8640888929367065 -0.28563016653060913 0.41317299008369446
1732804266.574907 -50.21722412109375 5.507686614990234 -23.171321868896484 0.03076891414821148 -0.8637669086456299 -0.28669923543930054 0.413235604763031
1732804266.841874 -50.58988952636719 5.5892791748046875 -23.472091674804688 0.02938157320022583 -0.8649325966835022 -0.2827010750770569 0.41365253925323486
1732804267.108376 -50.9463996887207 5.674886703491211 -23.765438079833984 0.02975110150873661 -0.8640941381454468 -0.28464534878730774 0.4140450358390808
1732804267.57501 -51.53913879394531 5.81831169128418 -24.24858856201172 0.026834964752197266 -0.8644213676452637 -0.2852994203567505 0.41310980916023254
1732804267.975019 -52.03911209106445 5.928375244140625 -24.655445098876953 0.02737421914935112 -0.8658275604248047 -0.2795700430870056 0.4140457808971405
1732804268.375005 -52.543582916259766 6.041713714599609 -25.061355590820312 0.023748423904180527 -0.8651078939437866 -0.28180399537086487 0.4142594039440155
1732804268.841649 -53.070556640625 6.160676956176758 -25.494384765625 0.023757725954055786 -0.8652129769325256 -0.2806900441646576 0.4147954285144806
1732804269.241682 -53.53881072998047 6.264617919921875 -25.86823272705078 0.022148603573441505 -0.865598738193512 -0.2793576419353485 0.41497907042503357
1732804269.641616 -53.98115539550781 6.371631622314453 -26.222198486328125 0.01878252997994423 -0.864991307258606 -0.28132081031799316 0.4150853157043457
1732804270.174992 -54.45912170410156 6.480264663696289 -26.603248596191406 0.0198082085698843 -0.8641796708106995 -0.27964547276496887 0.41785120964050293
1732804270.641603 -54.90281677246094 6.562461853027344 -26.906646728515625 0.018268438056111336 -0.8565089106559753 -0.2780175507068634 0.4344709515571594
1732804271.374897 -55.57450866699219 6.686960220336914 -27.356163024902344 0.020729564130306244 -0.8507723808288574 -0.2744966149330139 0.4476698935031891
1732804271.841581 -56.0096435546875 6.767856597900391 -27.6514892578125 0.019683802500367165 -0.849482536315918 -0.27525320649147034 0.4496972858905792
1732804272.57485 -56.66625213623047 6.879863739013672 -28.09172821044922 0.022149836644530296 -0.8486822247505188 -0.2730441689491272 0.4524320960044861
1732804273.174843 -57.22734832763672 6.976339340209961 -28.45916748046875 0.018463939428329468 -0.8471063375473022 -0.2737712860107422 0.4551036059856415
1732804273.774954 -57.79292678833008 7.08038330078125 -28.834999084472656 0.01911483332514763 -0.8458824753761292 -0.2727188766002655 0.4579758644104004
1732804274.374841 -58.364967346191406 7.175998687744141 -29.198585510253906 0.0152263343334198 -0.844437301158905 -0.2741987705230713 0.45990100502967834
1732804274.974939 -58.942718505859375 7.277616500854492 -29.562583923339844 0.016369778662919998 -0.843281090259552 -0.2725842595100403 0.4629330337047577
1732804275.374882 -59.338287353515625 7.342807769775391 -29.810104370117188 0.016268284991383553 -0.8437718152999878 -0.26919135451316833 0.4640263617038727
1732804276.041681 -59.988075256347656 7.482814788818359 -30.231231689453125 0.009915843605995178 -0.8438131213188171 -0.28172603249549866 0.45663073658943176
1732804276.574731 -60.52168273925781 7.591182708740234 -30.58940887451172 0.012048532254993916 -0.8455982804298401 -0.28312987089157104 0.452389121055603
1732804277.174733 -61.09231948852539 7.6994476318359375 -30.971786499023438 0.014456230215728283 -0.8496049642562866 -0.27489930391311646 0.44988101720809937
1732804277.774842 -61.656742095947266 7.817737579345703 -31.350059509277344 0.009566526859998703 -0.8500272631645203 -0.27793386578559875 0.4473421573638916
1732804278.441346 -62.30440139770508 7.954010009765625 -31.788536071777344 0.008303818292915821 -0.8497052788734436 -0.2787857949733734 0.4474489390850067
1732804279.04134 -62.86738586425781 8.055513381958008 -32.17791748046875 0.011342253535985947 -0.8531156182289124 -0.27131637930870056 0.4454801082611084
1732804279.641342 -63.43534851074219 8.176237106323242 -32.56562042236328 0.010054141283035278 -0.8522157073020935 -0.27615541219711304 0.4442584216594696
1732804280.174673 -63.92755126953125 8.277097702026367 -32.91929626464844 0.01474375743418932 -0.8546122312545776 -0.27250897884368896 0.4417685568332672
1732804280.774693 -64.4736328125 8.374393463134766 -33.31263732910156 0.014809273183345795 -0.8613370060920715 -0.26636600494384766 0.4323522448539734
1732804281.374648 -64.99397277832031 8.484024047851562 -33.73335266113281 0.014958239160478115 -0.8703276515007019 -0.2718232572078705 0.41038778424263
1732804281.974641 -65.45447540283203 8.633159637451172 -34.21082305908203 0.01503516174852848 -0.8863335847854614 -0.2890914976596832 0.36140403151512146
1732804282.574581 -65.88565826416016 8.777984619140625 -34.71897888183594 0.02038019895553589 -0.8947718143463135 -0.288605272769928 0.34011033177375793
1732804283.041288 -66.23086547851562 8.897171020507812 -35.13378143310547 0.022518737241625786 -0.89840167760849 -0.2906670868396759 0.3284509778022766
1732804283.641242 -66.67645263671875 9.088420867919922 -35.686805725097656 0.019823603332042694 -0.8984134793281555 -0.3060368597507477 0.3143274188041687
1732804284.241183 -67.08489227294922 9.267269134521484 -36.24458312988281 0.025633711367845535 -0.903491735458374 -0.30564752221107483 0.29937493801116943
1732804284.974544 -67.55260467529297 9.510284423828125 -36.9202880859375 0.028329726308584213 -0.9053686261177063 -0.31646355986595154 0.281701922416687
1732804285.574543 -67.91947174072266 9.722917556762695 -37.50214385986328 0.03192250430583954 -0.9084934592247009 -0.32222428917884827 0.26418179273605347
1732804286.041297 -68.18421936035156 9.875787734985352 -37.94660949707031 0.03246789053082466 -0.9137686491012573 -0.31809476017951965 0.2505762577056885
1732804286.57431 -68.4578857421875 10.054018020629883 -38.462379455566406 0.031657736748456955 -0.9204281568527222 -0.3183794319629669 0.22459836304187775
1732804287.174445 -68.7109375 10.260576248168945 -39.059730529785156 0.026410536840558052 -0.9289008975028992 -0.3189367353916168 0.18634642660617828
1732804287.774846 -68.91270446777344 10.460124969482422 -39.670013427734375 0.025368934497237206 -0.9352430701255798 -0.31909385323524475 0.15118195116519928
1732804288.441117 -69.07369995117188 10.680789947509766 -40.32025909423828 0.027700524777173996 -0.940430223941803 -0.3192618787288666 0.11355870962142944
1732804289.041072 -69.17485046386719 10.877809524536133 -40.907798767089844 0.030472489073872566 -0.9434161186218262 -0.3196699917316437 0.0827566608786583
1732804289.640879 -69.21646881103516 11.085287094116211 -41.50458908081055 0.027421735227108 -0.9461669921875 -0.3204142451286316 0.03675331920385361
1732804290.241034 -69.21698760986328 11.313874244689941 -42.1016960144043 0.02565440721809864 -0.9428186416625977 -0.33230963349342346 0.002261653309687972
1732804291.041002 -69.18683624267578 11.545402526855469 -42.74863815307617 0.028994008898735046 -0.9446046948432922 -0.32630693912506104 -0.02013114094734192
1732804291.574353 -69.16570281982422 11.694857597351074 -43.16095733642578 0.025986235588788986 -0.9437228441238403 -0.32834962010383606 -0.029976412653923035
1732804292.174396 -69.13430786132812 11.867108345031738 -43.61615753173828 0.025409603491425514 -0.9418017864227295 -0.33273735642433167 -0.04061577469110489
1732804292.641252 -69.10014343261719 11.991116523742676 -43.967132568359375 0.02597195655107498 -0.9425427913665771 -0.3293468654155731 -0.04969165474176407
1732804293.574368 -69.0129623413086 12.234405517578125 -44.6260871887207 0.027676615864038467 -0.9397169351577759 -0.3337704837322235 -0.06901746243238449
1732804294.640998 -68.89764404296875 12.501882553100586 -45.3792610168457 0.02495460957288742 -0.9401707649230957 -0.32852792739868164 -0.08675046265125275
1732804295.574209 -68.77204895019531 12.757216453552246 -46.050682067871094 0.024292761459946632 -0.9370744824409485 -0.3329964280128479 -0.10205241292715073
1732804296.307508 -68.598388671875 12.901972770690918 -46.427982330322266 0.023909691721200943 -0.927207350730896 -0.32897040247917175 -0.17746371030807495
1732804297.307578 -68.32568359375 13.124021530151367 -47.04023742675781 0.021314825862646103 -0.9238439202308655 -0.3241732120513916 -0.2024100124835968
1732804297.907499 -68.11116027832031 13.279996871948242 -47.46278762817383 0.020554326474666595 -0.9215133190155029 -0.3203910291194916 -0.2184956818819046
1732804298.173973 -67.98579406738281 13.369346618652344 -47.672813415527344 0.023823678493499756 -0.9177013039588928 -0.3238651752471924 -0.22884099185466766
1732804298.70742 -67.74414825439453 13.53393268585205 -48.076690673828125 0.027164315804839134 -0.911766529083252 -0.32585448026657104 -0.24852105975151062
1732804299.107404 -67.5407485961914 13.661486625671387 -48.383216857910156 0.030489258468151093 -0.907395601272583 -0.32649192214012146 -0.2628817558288574
1732804299.707396 -67.2732162475586 13.875181198120117 -48.85667419433594 0.03651425987482071 -0.9123826622962952 -0.3343307375907898 -0.23334021866321564
1732804300.707397 -67.15355682373047 14.101485252380371 -49.48910140991211 0.025976799428462982 -0.9343947172164917 -0.3327557444572449 -0.12452078610658646
1732804301.307337 -67.01309204101562 14.344554901123047 -50.09181213378906 0.03277582675218582 -0.9320176839828491 -0.3401540517807007 -0.12068144977092743
1732804301.907417 -66.87734985351562 14.56064224243164 -50.68003845214844 0.0353689044713974 -0.937493085861206 -0.32422640919685364 -0.12137958407402039
1732804302.707325 -66.72145080566406 14.879767417907715 -51.46879577636719 0.03135967627167702 -0.9338873028755188 -0.33466240763664246 -0.12195178121328354
1732804303.173956 -66.62641906738281 15.046642303466797 -51.92472839355469 0.02029162459075451 -0.9341779947280884 -0.3334673047065735 -0.12529678642749786
1732804303.773791 -66.5008316040039 15.283899307250977 -52.4982795715332 0.01980995573103428 -0.9324322938919067 -0.337784081697464 -0.12680503726005554
1732804304.374115 -66.38056182861328 15.494304656982422 -53.06672668457031 0.01746946945786476 -0.9354453682899475 -0.32962384819984436 -0.1264318972826004
1732804305.107248 -66.2115478515625 15.78115463256836 -53.782928466796875 0.01971094124019146 -0.9338674545288086 -0.3339914381504059 -0.12630470097064972
1732804305.907289 -66.04229736328125 16.06781005859375 -54.53904724121094 0.01986864022910595 -0.9341883659362793 -0.33305296301841736 -0.12638498842716217
1732804306.707057 -65.8713150024414 16.360475540161133 -55.29851150512695 0.013269895687699318 -0.9337186813354492 -0.3342016935348511 -0.12768138945102692
1732804307.707214 -65.65507507324219 16.702856063842773 -56.09196090698242 -0.003459181170910597 -0.9205509424209595 -0.3475513160228729 -0.17827528715133667
1732804308.773843 -65.29386901855469 16.97096061706543 -56.717220306396484 -0.011340162716805935 -0.8982931971549988 -0.34528854489326477 -0.27150771021842957
1732804309.773634 -64.8143539428711 17.200708389282227 -57.231727600097656 -0.024384815245866776 -0.8495736122131348 -0.33290523290634155 -0.408416748046875
1732804310.773752 -64.15154266357422 17.388681411743164 -57.66057586669922 -0.029752060770988464 -0.8206332325935364 -0.32105904817581177 -0.47180190682411194
1732804311.573751 -63.47618103027344 17.563343048095703 -58.06800842285156 -0.028743602335453033 -0.8167634010314941 -0.3199861943721771 -0.4792497456073761
1732804312.307317 -62.989601135253906 17.696285247802734 -58.3558464050293 -0.02749173529446125 -0.8123742341995239 -0.3205377757549286 -0.48636189103126526
1732804313.173669 -62.48811340332031 17.821828842163086 -58.648258209228516 -0.028018662706017494 -0.8103174567222595 -0.3176218867301941 -0.4916471540927887
1732804314.173736 -61.89945983886719 17.971065521240234 -58.97126770019531 -0.024463210254907608 -0.806178867816925 -0.31911584734916687 -0.49763673543930054
1732804315.106976 -61.31867980957031 18.11366081237793 -59.29127883911133 -0.023481154814362526 -0.8051295876502991 -0.3150692284107208 -0.5019426941871643
1732804315.973559 -60.753623962402344 18.244415283203125 -59.594573974609375 -0.022361014038324356 -0.8044150471687317 -0.31085607409477234 -0.5057517886161804
1732804316.706905 -60.25025177001953 18.36509132385254 -59.854000091552734 -0.019061807543039322 -0.802026629447937 -0.31152772903442383 -0.5092547535896301
1732804317.506931 -59.65549850463867 18.502065658569336 -60.16082000732422 -0.02045111171901226 -0.8007457852363586 -0.31007862091064453 -0.5120929479598999
1732804318.106927 -59.076805114746094 18.633365631103516 -60.4471435546875 -0.01744159311056137 -0.7992913126945496 -0.3087993860244751 -0.515239953994751
1732804318.773783 -58.41230392456055 18.77968978881836 -60.75602722167969 -0.012395931407809258 -0.796616792678833 -0.3093482255935669 -0.5191838145256042
1732804319.306818 -57.87568283081055 18.894847869873047 -61.004241943359375 -0.008701701648533344 -0.796779453754425 -0.3049679696559906 -0.5215950012207031
1732804319.906804 -57.27132797241211 19.037189483642578 -61.285606384277344 -0.006531481631100178 -0.7945271134376526 -0.307565301656723 -0.5235338807106018
1732804320.506817 -56.68745422363281 19.181970596313477 -61.566558837890625 -0.00023412232985720038 -0.7969220876693726 -0.3118584454059601 -0.517358124256134
1732804320.973475 -56.227760314941406 19.30141830444336 -61.816986083984375 -0.0007130493177101016 -0.8049868941307068 -0.3108016848564148 -0.5053691864013672
1732804321.707017 -55.55976104736328 19.50255012512207 -62.23625183105469 0.0025822503957897425 -0.8225349187850952 -0.31604158878326416 -0.4728080928325653
1732804321.973412 -55.295188903808594 19.579439163208008 -62.39678955078125 0.001771512208506465 -0.8210586309432983 -0.31495293974876404 -0.476092666387558
1732804322.706802 -54.64408874511719 19.772794723510742 -62.80550765991211 0.0014281626790761948 -0.8229829668998718 -0.31433746218681335 -0.47316908836364746
1732804323.306768 -54.09967803955078 19.937788009643555 -63.149169921875 0.0008670184761285782 -0.8236481547355652 -0.3162645697593689 -0.4707224667072296
1732804324.106514 -53.37567138671875 20.156253814697266 -63.61033630371094 -0.0002558617852628231 -0.8240402936935425 -0.31871241331100464 -0.4683801829814911
1732804324.773511 -52.75860595703125 20.340702056884766 -63.99738311767578 -0.000819593551568687 -0.822725236415863 -0.31708744168281555 -0.47178176045417786
1732804325.373374 -52.18883514404297 20.51402473449707 -64.33910369873047 0.0013718509580940008 -0.8186595439910889 -0.3197972774505615 -0.47699522972106934
1732804325.906627 -51.67950439453125 20.652000427246094 -64.64258575439453 -0.0018955438863486052 -0.8179405331611633 -0.31454434990882874 -0.48169654607772827
1732804326.57338 -51.032737731933594 20.843454360961914 -65.00212097167969 0.0033043832518160343 -0.8116112351417542 -0.32018908858299255 -0.48862582445144653
1732804326.906784 -50.69481658935547 20.926624298095703 -65.17838287353516 0.004679535049945116 -0.8125735521316528 -0.3123178780078888 -0.49209752678871155
1732804327.373216 -50.23511505126953 21.05532455444336 -65.43292999267578 0.0049616070464253426 -0.8095393180847168 -0.3146417737007141 -0.49560269713401794
1732804328.106588 -49.49524688720703 21.256271362304688 -65.8255386352539 0.006186480168253183 -0.8053574562072754 -0.31403833627700806 -0.502733588218689
1732804328.773299 -48.799888610839844 21.450428009033203 -66.18643188476562 0.00958157330751419 -0.8029322624206543 -0.3154057562351227 -0.5056947469711304
1732804329.439897 -48.1119384765625 21.6412296295166 -66.54351043701172 0.01053263433277607 -0.805732250213623 -0.31165286898612976 -0.5035446286201477
1732804330.106501 -47.44297790527344 21.85320472717285 -66.9392318725586 0.011309034191071987 -0.813797652721405 -0.3191313147544861 -0.4855519235134125
1732804330.706494 -46.88368225097656 22.05860137939453 -67.34009552001953 0.0101167568936944 -0.8323444128036499 -0.3255644738674164 -0.44845086336135864
1732804331.306496 -46.36418914794922 22.261606216430664 -67.75373840332031 0.010336648672819138 -0.8383122682571411 -0.32765141129493713 -0.4356262683868408
1732804331.906454 -45.834983825683594 22.472627639770508 -68.17154693603516 0.011279775761067867 -0.8390148878097534 -0.3296250104904175 -0.43275177478790283
1732804332.439836 -45.364776611328125 22.659122467041016 -68.54627990722656 0.010600817389786243 -0.8408298492431641 -0.32938554883003235 -0.42941588163375854
1732804333.039755 -44.82311248779297 22.871522903442383 -68.96693420410156 0.008868569508194923 -0.842883825302124 -0.32581326365470886 -0.4281516671180725
1732804333.706719 -44.236610412597656 23.10246467590332 -69.43254852294922 0.006689193658530712 -0.8432350158691406 -0.32959094643592834 -0.42459365725517273
1732804334.439729 -43.61621856689453 23.33201026916504 -69.9399642944336 0.006343545857816935 -0.846508264541626 -0.3244781196117401 -0.4220161437988281
1732804335.039775 -43.07794189453125 23.557056427001953 -70.36433410644531 0.01011574361473322 -0.8442067503929138 -0.3324771225452423 -0.4203231930732727
1732804335.639523 -42.547515869140625 23.761226654052734 -70.79003143310547 0.010028934106230736 -0.8458266854286194 -0.32752174139022827 -0.4209586977958679
1732804336.239742 -41.97792053222656 23.938682556152344 -71.13546752929688 0.009117183275520802 -0.8187338709831238 -0.32074564695358276 -0.4761447608470917
1732804336.839663 -41.367820739746094 24.09697723388672 -71.40973663330078 0.006496714893728495 -0.7922302484512329 -0.31334125995635986 -0.5235898494720459
1732804337.506263 -40.671058654785156 24.23676300048828 -71.64070892333984 0.0008162163430824876 -0.7572104930877686 -0.3055236339569092 -0.5773100852966309
1732804338.239643 -39.89606857299805 24.32378387451172 -71.75267028808594 -0.003217211226001382 -0.701181173324585 -0.2812871038913727 -0.6551429629325867
1732804338.839697 -39.263824462890625 24.327983856201172 -71.72052001953125 -0.004738705698400736 -0.6190146803855896 -0.24825052917003632 -0.7450973391532898
1732804339.43962 -38.62749481201172 24.29159927368164 -71.5397720336914 -0.010180160403251648 -0.5333495736122131 -0.22439175844192505 -0.8155262470245361
1732804340.039556 -38.00068664550781 24.212642669677734 -71.30166625976562 -0.02077583223581314 -0.5053207874298096 -0.21479275822639465 -0.8355137705802917
1732804340.639622 -37.37567138671875 24.107433319091797 -71.0521240234375 -0.03689071163535118 -0.5001549124717712 -0.20687294006347656 -0.8400522470474243
1732804341.239538 -36.73545837402344 24.001514434814453 -70.74696350097656 -0.02283293567597866 -0.4885207712650299 -0.19576267898082733 -0.8500018119812012
1732804341.839515 -36.13620376586914 23.898040771484375 -70.42144775390625 -0.01879694126546383 -0.44859805703163147 -0.1892164647579193 -0.8732718229293823
1732804342.43948 -35.66112518310547 23.728017807006836 -70.02490234375 -0.042148977518081665 -0.3299366533756256 -0.15109840035438538 -0.9308784008026123
1732804343.106141 -35.196510314941406 23.523618698120117 -69.4584732055664 -0.03289984539151192 -0.27653998136520386 -0.1371857225894928 -0.9505910873413086
1732804343.706136 -34.800045013427734 23.319042205810547 -68.95272827148438 -0.03525921329855919 -0.26768389344215393 -0.13340213894844055 -0.9535753726959229
1732804344.43939 -34.37208938598633 23.12057113647461 -68.3686752319336 -0.023063477128744125 -0.2525458037853241 -0.1368972659111023 -0.9575739502906799
1732804345.506078 -33.94615173339844 22.87867546081543 -67.79107666015625 -0.042275168001651764 -0.254327654838562 -0.12888677418231964 -0.9575586318969727
1732804346.239486 -33.63949203491211 22.708148956298828 -67.34209442138672 -0.03511303663253784 -0.25657883286476135 -0.12481483817100525 -0.9577868580818176
1732804347.239335 -33.265438079833984 22.482980728149414 -66.71574401855469 -0.02394820936024189 -0.1903538703918457 -0.10493264347314835 -0.9757976531982422
1732804348.239343 -33.07015609741211 22.216259002685547 -66.08535766601562 -0.03913377970457077 -0.11130693554878235 -0.07605914771556854 -0.9900981783866882
1732804349.239299 -32.95343017578125 21.91640853881836 -65.3613510131836 -0.03537232056260109 -0.036790359765291214 -0.053496357053518295 -0.9972629547119141
1732804349.839093 -32.89067459106445 21.68578338623047 -64.76611328125 -0.028740469366312027 -0.03149551898241043 -0.051077865064144135 -0.9977840781211853
1732804350.439254 -32.839698791503906 21.44729232788086 -64.15031433105469 -0.026293721050024033 -0.0265842042863369 -0.045654136687517166 -0.9982572793960571
1732804351.039227 -32.6666374206543 21.225364685058594 -63.5222053527832 -0.017159106209874153 -0.09965779632329941 -0.07327572256326675 -0.9921716451644897
1732804351.439274 -32.43767547607422 21.130844116210938 -63.215858459472656 -0.008551246486604214 -0.2353525310754776 -0.11651182919740677 -0.9648633003234863
1732804352.639215 -31.72985076904297 20.942550659179688 -62.622520446777344 -0.005480128340423107 -0.3723110258579254 -0.16058188676834106 -0.914094090461731
1732804353.439187 -31.187175750732422 20.798667907714844 -62.15764236450195 -0.0055420235730707645 -0.369564026594162 -0.16315846145153046 -0.9147519469261169
1732804354.039149 -30.764511108398438 20.68042755126953 -61.77762222290039 -0.004764948505908251 -0.3687759041786194 -0.1609765589237213 -0.9154606461524963
1732804354.839147 -30.15420913696289 20.518497467041016 -61.21949768066406 0.0028338576667010784 -0.36305344104766846 -0.1595717817544937 -0.9179984331130981
1732804355.439141 -29.676610946655273 20.381017684936523 -60.76333236694336 -0.0005875769420526922 -0.3540358543395996 -0.14941217005252838 -0.9232195615768433
1732804355.905712 -29.31193733215332 20.267925262451172 -60.40205383300781 0.0008745532832108438 -0.348807692527771 -0.14378182590007782 -0.9260989427566528
1732804356.505866 -28.888996124267578 20.116413116455078 -59.941856384277344 -0.007136954460293055 -0.330629825592041 -0.13373567163944244 -0.9342097640037537
1732804357.039068 -28.512435913085938 19.986093521118164 -59.490970611572266 0.00019155048357788473 -0.3100624978542328 -0.13230744004249573 -0.9414647817611694
1732804357.706149 -28.051633834838867 19.809146881103516 -58.91922378540039 -0.0020800032652914524 -0.29826197028160095 -0.12268751114606857 -0.9465639591217041
1732804358.239497 -27.61358642578125 19.705543518066406 -58.55512619018555 0.0007436663727276027 -0.37703126668930054 -0.14268085360527039 -0.9151442646980286
1732804358.639389 -27.279342651367188 19.62476348876953 -58.277984619140625 0.0001416253944626078 -0.3782060742378235 -0.1453043818473816 -0.9142465591430664
1732804359.105717 -26.87498664855957 19.52230453491211 -57.92310333251953 0.0035804682411253452 -0.3732462525367737 -0.1441747099161148 -0.9164541363716125
1732804359.572352 -26.47622299194336 19.42067527770996 -57.5787467956543 0.0016385414637625217 -0.3702256679534912 -0.14241725206375122 -0.9179583787918091
1732804360.239368 -25.903038024902344 19.286102294921875 -57.090049743652344 0.004821002017706633 -0.38775020837783813 -0.14450477063655853 -0.9103542566299438
1732804360.572335 -25.60418701171875 19.22651481628418 -56.89530944824219 0.005296064540743828 -0.4177224934101105 -0.15379168093204498 -0.8954485058784485
1732804361.372119 -24.926633834838867 19.08462142944336 -56.389251708984375 0.0036193118430674076 -0.40906837582588196 -0.1494983434677124 -0.9001668095588684
1732804362.038926 -24.325801849365234 18.97049331665039 -55.93871307373047 0.008100572973489761 -0.4032866358757019 -0.15161655843257904 -0.9023894667625427
1732804362.438888 -23.960960388183594 18.879405975341797 -55.6514892578125 0.0016684005968272686 -0.4014531672000885 -0.1475084125995636 -0.9039214253425598
1732804363.772258 -22.700252532958984 18.603181838989258 -54.64963912963867 0.0030430026818066835 -0.3878757357597351 -0.14354276657104492 -0.9104606509208679
1732804364.772952 -21.682926177978516 18.403575897216797 -53.974449157714844 0.0021959084551781416 -0.453378826379776 -0.16462484002113342 -0.8759803175926208
1732804365.438809 -20.97276496887207 18.276525497436523 -53.568016052246094 -0.00665843253955245 -0.44474607706069946 -0.168227419257164 -0.8796910047531128
1732804365.972162 -20.370689392089844 18.182361602783203 -53.21431350708008 -0.005645656492561102 -0.4409235119819641 -0.17434683442115784 -0.8804304599761963
1732804366.438803 -19.816818237304688 18.095706939697266 -52.88916778564453 -0.0012135584838688374 -0.4446253776550293 -0.17791640758514404 -0.8778682351112366
1732804366.838842 -19.322811126708984 18.02214813232422 -52.60245895385742 0.000590829411521554 -0.44749343395233154 -0.17934195697307587 -0.8761197924613953
1732804367.371928 -18.698970794677734 17.91928482055664 -52.24823760986328 -0.005123436450958252 -0.4471597969532013 -0.17751026153564453 -0.8766481876373291
1732804367.972059 -18.027652740478516 17.812118530273438 -51.83991241455078 0.001633467385545373 -0.44140625 -0.1755707561969757 -0.8799618482589722
1732804368.572049 -17.460168838500977 17.656574249267578 -51.3836555480957 -0.006503943353891373 -0.3746870756149292 -0.14674951136112213 -0.9154408574104309
1732804369.172033 -17.00408363342285 17.49665069580078 -50.87322998046875 -0.004914537537842989 -0.3290485143661499 -0.12882576882839203 -0.9354714751243591
1732804369.772036 -16.587779998779297 17.33260726928711 -50.35919952392578 -0.005291199777275324 -0.3022746443748474 -0.11963987350463867 -0.9456682205200195
1732804370.438663 -16.12582015991211 17.14495849609375 -49.7877311706543 -0.0043365731835365295 -0.2968030571937561 -0.11634287983179092 -0.9478151798248291
1732804370.771979 -15.887290000915527 17.049087524414062 -49.48811340332031 -0.004188387654721737 -0.2960776388645172 -0.11500931531190872 -0.9482053518295288
1732804371.438701 -15.383037567138672 16.86389923095703 -48.939857482910156 -0.002287904964759946 -0.3236236572265625 -0.12364552170038223 -0.9380694627761841
1732804371.972004 -14.94090747833252 16.72995376586914 -48.51054763793945 -0.0033560271840542555 -0.33458638191223145 -0.12976069748401642 -0.933382511138916
1732804372.572127 -14.451388359069824 16.57843017578125 -48.01342010498047 0.00015677729970775545 -0.3328744173049927 -0.13090930879116058 -0.9338401556015015
1732804373.038443 -14.071435928344727 16.44478988647461 -47.62767791748047 -0.005804056767374277 -0.3350837826728821 -0.1274450570344925 -0.9335110783576965
1732804373.638706 -13.56883430480957 16.294740676879883 -47.14769744873047 -0.005167883355170488 -0.33634328842163086 -0.13583949208259583 -0.9318766593933105
1732804374.238605 -13.057900428771973 16.142459869384766 -46.65983963012695 -0.0034775640815496445 -0.33614903688430786 -0.13820576667785645 -0.931606650352478
1732804374.838553 -12.561904907226562 15.997386932373047 -46.17908477783203 -0.0026524062268435955 -0.33728599548339844 -0.14128653705120087 -0.9307358264923096
1732804375.438564 -12.058364868164062 15.859267234802246 -45.696685791015625 -0.0004069205024279654 -0.3404793441295624 -0.140324205160141 -0.9297218918800354
1732804376.038327 -11.565624237060547 15.699983596801758 -45.2166633605957 -0.005252004135400057 -0.34591227769851685 -0.13342253863811493 -0.9287171959877014
1732804376.638651 -11.071578979492188 15.545660972595215 -44.731773376464844 -0.005619790405035019 -0.3475034832954407 -0.12884363532066345 -0.9287675023078918
1732804377.238477 -10.582852363586426 15.392799377441406 -44.27918243408203 -0.0050185807049274445 -0.346925288438797 -0.12942449748516083 -0.9289063215255737
1732804377.838493 -10.100210189819336 15.236671447753906 -43.80075454711914 -0.0026240318547934294 -0.34168267250061035 -0.12631697952747345 -0.9312841296195984
1732804378.43845 -9.620165824890137 15.086860656738281 -43.29825973510742 0.0020682180766016245 -0.3294976055622101 -0.12466234713792801 -0.9358879923820496
1732804378.97174 -9.240421295166016 14.934706687927246 -42.83396530151367 0.0004893414443358779 -0.2967044711112976 -0.11237017065286636 -0.9483349919319153
1732804379.571708 -8.946390151977539 14.75180721282959 -42.26472854614258 0.00023899402003735304 -0.19749894738197327 -0.08388251811265945 -0.9767076969146729
1732804380.171701 -8.69150447845459 14.545981407165527 -41.664764404296875 -0.003105200594291091 -0.17105911672115326 -0.07507603615522385 -0.982391357421875
1732804380.771685 -8.438026428222656 14.33529281616211 -41.04169845581055 -0.0018895060056820512 -0.1665550023317337 -0.06827004998922348 -0.9836641550064087
1732804381.371758 -8.205016136169434 14.12890911102295 -40.442684173583984 -0.006852677091956139 -0.15830866992473602 -0.06661953777074814 -0.9851158857345581
1732804381.971666 -8.003880500793457 13.917820930480957 -39.819740295410156 -0.004245971795171499 -0.13355417549610138 -0.05707116425037384 -0.9893878102302551
1732804382.571648 -7.846970081329346 13.710430145263672 -39.18885040283203 -0.001462808228097856 -0.11172866821289062 -0.04908103495836258 -0.9925249218940735
1732804383.171643 -7.686919689178467 13.492341041564941 -38.5538330078125 -0.0007054266170598567 -0.10739100724458694 -0.042362865060567856 -0.9933136701583862
1732804383.771618 -7.535001277923584 13.27763557434082 -37.916133880615234 -0.0020949046593159437 -0.10096246749162674 -0.038717348128557205 -0.9941343665122986
1732804384.371434 -7.399075031280518 13.065688133239746 -37.29231262207031 -0.001018538256175816 -0.0950242355465889 -0.03533510863780975 -0.9948471784591675
1732804384.971621 -7.27290678024292 12.852224349975586 -36.647117614746094 0.0014885424170643091 -0.0904112234711647 -0.031394485384225845 -0.9954084753990173
1732804385.571743 -7.142889022827148 12.645096778869629 -36.0173225402832 0.0017246537609025836 -0.08654868602752686 -0.028585391119122505 -0.9958359599113464
1732804386.171537 -7.019932270050049 12.430774688720703 -35.40009689331055 -0.0021761716343462467 -0.08192533999681473 -0.026944028213620186 -0.9962718486785889
1732804386.838222 -6.897732257843018 12.195804595947266 -34.69961166381836 -0.002144344849511981 -0.07804498821496964 -0.02541438117623329 -0.9966235756874084
1732804387.571349 -6.7607526779174805 11.947319030761719 -33.94525909423828 0.001039467053487897 -0.07269997149705887 -0.026922358199954033 -0.996989905834198
1732804388.171553 -6.661045074462891 11.743888854980469 -33.32029342651367 0.004526112694293261 -0.06810902059078217 -0.02742154151201248 -0.9972907900810242
1732804388.771471 -6.564579963684082 11.53500747680664 -32.69180679321289 -0.0006692009046673775 -0.06420044600963593 -0.02908150851726532 -0.9975129961967468
1732804389.371579 -6.471079349517822 11.326316833496094 -32.073326110839844 0.0004140735836699605 -0.060615453869104385 -0.028117036446928978 -0.9977650046348572
1732804389.971587 -6.347264289855957 11.115982055664062 -31.44730567932129 -0.0008621789747849107 -0.08469264209270477 -0.035001371055841446 -0.9957918524742126
1732804390.571402 -6.160623550415039 10.903093338012695 -30.801908493041992 0.0011291896225884557 -0.12135547399520874 -0.04493870213627815 -0.9915907382965088
1732804391.104722 -5.957980155944824 10.721391677856445 -30.259296417236328 -0.00364636885933578 -0.145999938249588 -0.051599450409412384 -0.9879313111305237
1732804391.771462 -5.715706825256348 10.497130393981934 -29.58116340637207 -0.0006666325498372316 -0.1511766016483307 -0.050984613597393036 -0.9871909022331238
1732804392.504725 -5.449955940246582 10.245271682739258 -28.851322174072266 -0.0003886518534272909 -0.156771719455719 -0.04773952066898346 -0.9864803552627563
1732804393.171167 -5.190001487731934 10.015013694763184 -28.164764404296875 0.0015152693958953023 -0.15987081825733185 -0.04675167053937912 -0.9860290884971619
1732804393.771315 -4.968873977661133 9.808711051940918 -27.53653907775879 0.00269813509657979 -0.14840653538703918 -0.04386977106332779 -0.9879492521286011
1732804394.371288 -4.772244930267334 9.589874267578125 -26.910385131835938 -0.002328268950805068 -0.13339006900787354 -0.03812647610902786 -0.9903272390365601
1732804394.971294 -4.608513355255127 9.377673149108887 -26.279464721679688 -0.003123989561572671 -0.1112615168094635 -0.0319245308637619 -0.9932734370231628
1732804395.571321 -4.487397193908691 9.158278465270996 -25.6390438079834 -0.0026288528461009264 -0.08735070377588272 -0.023380519822239876 -0.9958997368812561
1732804396.171086 -4.3907856941223145 8.935266494750977 -24.98580551147461 -0.001842087833210826 -0.06772752106189728 -0.016556546092033386 -0.9975647926330566
1732804396.77123 -4.3136420249938965 8.705846786499023 -24.33329200744629 -0.0035296655260026455 -0.05328806862235069 -0.009984832257032394 -0.9985230565071106
1732804397.371205 -4.265749454498291 8.474514961242676 -23.684722900390625 -0.007689024321734905 -0.03993334248661995 -0.0011309185065329075 -0.9991722106933594
1732804397.771201 -4.236183166503906 8.322184562683105 -23.23969078063965 -0.006318781524896622 -0.031528133898973465 0.00301748956553638 -0.9994783401489258
1732804398.304525 -4.203194618225098 8.118682861328125 -22.65479850769043 -0.004509147722274065 -0.024562502279877663 0.0037987269461154938 -0.9996809363365173
1732804398.90434 -4.170565128326416 7.890211582183838 -21.9962158203125 -0.004211497493088245 -0.0174221433699131 0.005131221376359463 -0.9998262524604797
1732804399.504475 -4.127688407897949 7.660015106201172 -21.31610870361328 -0.004053467884659767 -0.022995229810476303 0.002189433667808771 -0.9997249841690063
1732804400.104452 -4.09335470199585 7.438472270965576 -20.650602340698242 0.0017131748609244823 -0.024848563596606255 0.004379532765597105 -0.9996801614761353
1732804400.70652 -4.065334796905518 7.206853866577148 -20.00277328491211 -0.004408560693264008 -0.022371571511030197 0.008764311671257019 -0.9997016191482544
1732804401.304463 -4.03361177444458 6.981180191040039 -19.33955192565918 -0.003304646583274007 -0.018336450681090355 0.009960097260773182 -0.9997768402099609
1732804401.904251 -4.006182670593262 6.755311965942383 -18.6931095123291 -0.005650511011481285 -0.013988294638693333 0.00855507142841816 -0.9998496174812317
1732804402.571284 -3.9817214012145996 6.506129264831543 -17.96586036682129 -1.0101800398842897e-05 -0.009773166850209236 0.008434496819972992 -0.999916672706604
1732804403.171062 -3.960505485534668 6.282495975494385 -17.287750244140625 0.0006081485189497471 -0.011115782894194126 0.007278745993971825 -0.9999115467071533
1732804403.771027 -3.9483699798583984 6.050356864929199 -16.648723602294922 -0.00966709665954113 -0.00698258588090539 0.009948307648301125 -0.9998794198036194
1732804404.371035 -3.929011821746826 5.820598602294922 -15.992033004760742 -0.007698739878833294 -0.003899556817486882 0.008257451467216015 -0.9999287128448486
1732804404.9042 -3.9231724739074707 5.623925685882568 -15.389098167419434 -0.002272522309795022 -0.0023324540816247463 0.007706077769398689 -0.9999650120735168
1732804405.504268 -3.8764240741729736 5.388146877288818 -14.71782398223877 -0.0036146226339042187 -0.01725415699183941 0.00036531471414491534 -0.9998445510864258
1732804406.104282 -3.812377452850342 5.163773536682129 -14.05960464477539 -0.0054169283248484135 -0.04195310175418854 -0.011204029433429241 -0.9990420937538147
1732804406.704262 -3.7285518646240234 4.937526226043701 -13.409832000732422 -0.0023125754669308662 -0.049089062958955765 -0.01490017119795084 -0.998680591583252
1732804407.304321 -3.649836778640747 4.709868907928467 -12.755356788635254 -0.003787567839026451 -0.05212897062301636 -0.012860460206866264 -0.9985503554344177
1732804407.904236 -3.483926296234131 4.475986957550049 -12.09961986541748 -0.002467075362801552 -0.1099737137556076 -0.034469205886125565 -0.9933335781097412
1732804408.504271 -3.3083133697509766 4.252395153045654 -11.452953338623047 -0.00508478470146656 -0.11256009340286255 -0.033382441848516464 -0.9930710792541504
1732804409.104213 -3.1235194206237793 4.027243137359619 -10.824185371398926 -0.008840435184538364 -0.1156640574336052 -0.03631100058555603 -0.9925851821899414
1732804409.704217 -2.9315874576568604 3.806788206100464 -10.178454399108887 -0.003832377027720213 -0.11882659792900085 -0.03984809294342995 -0.9921077489852905
1732804410.3042 -2.735382556915283 3.5874476432800293 -9.555683135986328 -0.007419883739203215 -0.12074733525514603 -0.0429634153842926 -0.9917253851890564
1732804410.904155 -2.5316619873046875 3.3656628131866455 -8.93101692199707 -0.0077133034355938435 -0.12121222913265228 -0.04744892939925194 -0.9914619326591492
1732804411.504161 -2.3258213996887207 3.148685932159424 -8.300674438476562 -0.004893167410045862 -0.12379276752471924 -0.04859102889895439 -0.9911056756973267
1732804412.104123 -2.121990203857422 2.937124490737915 -7.666029930114746 -0.002270542783662677 -0.12690655887126923 -0.046367764472961426 -0.990827739238739
1732804412.704215 -1.9163076877593994 2.7146377563476562 -7.06737756729126 -0.010462808422744274 -0.12642663717269897 -0.04465683549642563 -0.990915060043335
1732804413.303903 -1.7272727489471436 2.488558769226074 -6.453808307647705 -0.011369758285582066 -0.12016752362251282 -0.04286513477563858 -0.9917626976966858
1732804413.90404 -1.5690085887908936 2.268618583679199 -5.839948654174805 -0.008207092061638832 -0.1036197617650032 -0.03822355344891548 -0.993848443031311
1732804414.638419 -1.386367678642273 2.0046045780181885 -5.13028621673584 -0.009017069824039936 -0.07924176752567291 -0.030695389956235886 -0.9963419437408447
1732804415.23736 -1.274489402770996 1.7810742855072021 -4.519264221191406 -0.01194525882601738 -0.05973765626549721 -0.024297969415783882 -0.9978468418121338
1732804415.837327 -1.177262783050537 1.5568264722824097 -3.8824870586395264 -0.007787974085658789 -0.050480667501688004 -0.02366458624601364 -0.9984143376350403
1732804416.437148 -1.0911250114440918 1.3239004611968994 -3.2511258125305176 -0.009305894374847412 -0.04239829629659653 -0.021855095401406288 -0.9988183975219727
1732804417.037338 -1.0075652599334717 1.0950536727905273 -2.6166012287139893 -0.010460501536726952 -0.036648161709308624 -0.020868949592113495 -0.9990555644035339
1732804417.637285 -0.9399310350418091 0.8736658096313477 -1.9705007076263428 -0.006300834473222494 -0.02914969064295292 -0.02080090343952179 -0.9993388056755066
1732804418.237309 -0.8737806081771851 0.6451157331466675 -1.330451250076294 -0.010150625370442867 -0.02577848546206951 -0.020569464191794395 -0.9994044899940491
1732804418.837269 -0.8125860691070557 0.4083310663700104 -0.7124930024147034 -0.018089603632688522 -0.019738826900720596 -0.01934782601892948 -0.9994542598724365
1732804419.437214 -0.7714278697967529 0.1701103299856186 -0.07700800895690918 -0.020128225907683372 -0.020556416362524033 -0.014170069247484207 -0.9994856119155884
1732804420.03732 -0.7386119365692139 -0.056351080536842346 0.6074506044387817 -0.007218924816697836 -0.016518568620085716 -0.012146605178713799 -0.9997637271881104
1732804420.637187 -0.7062761187553406 -0.29798734188079834 1.2538212537765503 -0.015076574869453907 -0.012032250873744488 -0.012602794915437698 -0.9997345209121704
1732804421.237294 -0.6831120848655701 -0.5330312848091125 1.9111095666885376 -0.015443901531398296 -0.011381998658180237 -0.007621536031365395 -0.999786913394928
1732804421.83718 -0.6559918522834778 -0.7761290073394775 2.569145679473877 -0.015166496858000755 -0.011449976824223995 -0.00726057356223464 -0.9997931122779846
1732804422.036984 -0.6425820589065552 -0.8484528660774231 2.7939696311950684 -0.011895755305886269 -0.013731617480516434 -0.008035486564040184 -0.9998026490211487
