1732203252.090223 -0.0 -0.0 -0.0 -0.0 -0.0 -0.0 1.0
1732203254.023687 -0.02325988933444023 -0.054811690002679825 0.12467070668935776 0.008879393339157104 -0.011931761167943478 -0.006889495067298412 0.999865710735321
1732203254.623481 -0.06855463981628418 -0.27114570140838623 0.7504475712776184 0.00738821504637599 -0.035764001309871674 -0.017336010932922363 0.9991826415061951
1732203255.223644 -0.11415635794401169 -0.5008537173271179 1.3834290504455566 0.013009529560804367 -0.03886912390589714 -0.01848878338932991 0.9989885687828064
1732203255.890345 -0.19057399034500122 -0.765041708946228 2.0854082107543945 0.014362609013915062 -0.046008750796318054 -0.02229584939777851 0.9985889196395874
1732203256.490521 -0.2553180158138275 -0.9949095845222473 2.731998920440674 0.014631632715463638 -0.04932958260178566 -0.025280598551034927 0.9983553886413574
1732203257.023458 -0.3278328478336334 -1.2058258056640625 3.2987141609191895 0.015236926265060902 -0.053915154188871384 -0.02845584973692894 0.9980237483978271
1732203257.623622 -0.40518566966056824 -1.4447726011276245 3.9412777423858643 0.017689883708953857 -0.059962738305330276 -0.027111634612083435 0.9976755380630493
1732203258.223636 -0.4948432743549347 -1.683240294456482 4.594020366668701 0.01614093966782093 -0.06362053006887436 -0.03087540715932846 0.9973658323287964
1732203258.823684 -0.5899615287780762 -1.9221422672271729 5.238296031951904 0.01834685541689396 -0.06872061640024185 -0.030410796403884888 0.9970035552978516
1732203259.423451 -0.6867051124572754 -2.1542809009552 5.874131679534912 0.018393417820334435 -0.07254652678966522 -0.03316019847989082 0.9966439604759216
1732203260.090363 -0.8083703517913818 -2.42195200920105 6.594837665557861 0.019343238323926926 -0.07762972265481949 -0.03516601026058197 0.9961740970611572
1732203260.823598 -0.958354651927948 -2.7133469581604004 7.367498874664307 0.021315548568964005 -0.08395000547170639 -0.040364060550928116 0.9954239726066589
1732203261.491102 -1.1025577783584595 -2.9734106063842773 8.078654289245605 0.01728464476764202 -0.09093812853097916 -0.04213760793209076 0.9948145151138306
1732203262.223407 -1.3471975326538086 -3.237489700317383 8.815382957458496 0.016214022412896156 -0.15114176273345947 -0.06206332892179489 0.9864286184310913
1732203262.890283 -1.629919171333313 -3.471977710723877 9.463903427124023 0.013526360504329205 -0.1901964694261551 -0.07455038279294968 0.9788179993629456
1732203263.623613 -2.034019947052002 -3.724429130554199 10.139538764953613 0.01676630787551403 -0.24066731333732605 -0.09107357263565063 0.9661799669265747
1732203264.290055 -2.4674012660980225 -3.944225788116455 10.718141555786133 0.018313003703951836 -0.28085222840309143 -0.10399557650089264 0.953924298286438
1732203264.823691 -2.818180561065674 -4.130327224731445 11.19432258605957 0.024128366261720657 -0.29202359914779663 -0.10348881036043167 0.9504894614219666
1732203265.423563 -3.2218456268310547 -4.339764595031738 11.704330444335938 0.031160663813352585 -0.3068552017211914 -0.1052403599023819 0.9454064965248108
1732203266.09022 -3.7315077781677246 -4.551764488220215 12.268926620483398 0.02144024707376957 -0.3355487883090973 -0.1185627207159996 0.9342859387397766
1732203266.623559 -4.1934123039245605 -4.694190979003906 12.647649765014648 0.01808498054742813 -0.3835892379283905 -0.13883166015148163 0.9128296971321106
1732203267.290184 -4.827905654907227 -4.833510875701904 13.027473449707031 0.020272504538297653 -0.452141135931015 -0.16529889404773712 0.876261293888092
1732203267.890201 -5.453586101531982 -4.928351879119873 13.275348663330078 0.020375458523631096 -0.5076348781585693 -0.18787960708141327 0.8405908942222595
1732203268.424149 -6.026995658874512 -5.002806186676025 13.439804077148438 0.024399075657129288 -0.5521835684776306 -0.2017853856086731 0.8085670471191406
1732203269.023571 -6.690597057342529 -5.061528205871582 13.575069427490234 0.025908727198839188 -0.5879569053649902 -0.21217145025730133 0.7801401615142822
1732203269.623527 -7.3616838455200195 -5.114802360534668 13.700691223144531 0.025818446651101112 -0.6050333976745605 -0.21649186313152313 0.7657671570777893
1732203270.290161 -8.127511978149414 -5.155780792236328 13.785593032836914 0.024897636845707893 -0.6254728436470032 -0.2261742502450943 0.7463304400444031
1732203271.023574 -8.974971771240234 -5.190359115600586 13.822075843811035 0.026976481080055237 -0.6510849595069885 -0.2337404191493988 0.7216134667396545
1732203271.623294 -9.67997932434082 -5.200928688049316 13.827095985412598 0.026302432641386986 -0.6649037599563599 -0.24088379740715027 0.7065311074256897
1732203272.29017 -10.434640884399414 -5.21592903137207 13.79194450378418 0.03218045085668564 -0.6827846169471741 -0.23969756066799164 0.6894307732582092
1732203272.890148 -11.114534378051758 -5.217273712158203 13.73648452758789 0.02941930666565895 -0.6937857866287231 -0.24492515623569489 0.6766147613525391
1732203273.490172 -11.809404373168945 -5.20786714553833 13.657493591308594 0.02795247733592987 -0.70664381980896 -0.2506762444972992 0.6610859036445618
1732203274.090002 -12.458962440490723 -5.191102981567383 13.540101051330566 0.02986210398375988 -0.7288490533828735 -0.25675323605537415 0.6340072154998779
1732203274.690103 -13.116018295288086 -5.14152717590332 13.342828750610352 0.03395934775471687 -0.7585402131080627 -0.26299917697906494 0.5952268838882446
1732203275.423448 -13.829561233520508 -5.032390117645264 12.962553024291992 0.031630922108888626 -0.8147900700569153 -0.28316545486450195 0.5049097537994385
1732203276.156849 -14.315656661987305 -4.862530708312988 12.433945655822754 0.029988080263137817 -0.8788537979125977 -0.3057912290096283 0.3649774193763733
1732203276.823431 -14.66305923461914 -4.660067558288574 11.851546287536621 0.031698521226644516 -0.9087314605712891 -0.3162795901298523 0.27049875259399414
1732203277.556757 -14.957695007324219 -4.417403697967529 11.146575927734375 0.0338335856795311 -0.9243943691253662 -0.3208671510219574 0.20345677435398102
1732203278.223414 -15.212596893310547 -4.192364692687988 10.497115135192871 0.032588519155979156 -0.9308847784996033 -0.32034170627593994 0.17254796624183655
1732203278.823446 -15.388113021850586 -3.987200975418091 9.90307331085205 0.036533091217279434 -0.9346465468406677 -0.32161134481430054 0.14719848334789276
1732203279.35671 -15.529607772827148 -3.82558536529541 9.382783889770508 0.040169790387153625 -0.9408658146858215 -0.3097339868545532 0.13123579323291779
1732203280.023383 -15.710933685302734 -3.626650094985962 8.74831771850586 0.0368591733276844 -0.9409390091896057 -0.3086079955101013 0.13429929316043854
1732203280.623407 -15.93360710144043 -3.415341377258301 8.11677074432373 0.03185262903571129 -0.937798023223877 -0.3119795322418213 0.1489602029323578
1732203281.156753 -16.113725662231445 -3.2349603176116943 7.5540547370910645 0.03304507955908775 -0.9388276934623718 -0.3102054297924042 0.14588794112205505
1732203281.756559 -16.311288833618164 -3.0344455242156982 6.9302215576171875 0.03423790633678436 -0.939850389957428 -0.3078058958053589 0.14409887790679932
1732203282.356729 -16.526321411132812 -2.836660146713257 6.302908897399902 0.03440063074231148 -0.9382235407829285 -0.3083305060863495 0.15324996411800385
1732203283.023797 -16.804012298583984 -2.606158971786499 5.62310266494751 0.032440125942230225 -0.9349385499954224 -0.3096550405025482 0.170151025056839
1732203283.623385 -17.048969268798828 -2.430765151977539 5.0196452140808105 0.03289536386728287 -0.9346685409545898 -0.3033047020435333 0.18253439664840698
1732203286.156694 -17.463998794555664 -2.229929208755493 4.339677333831787 0.028823597356677055 -0.9245699048042297 -0.2995274066925049 0.2337157428264618
1732203286.756643 -17.71186637878418 -2.122955799102783 3.986574172973633 0.024738337844610214 -0.9179924726486206 -0.2974453270435333 0.26115918159484863
1732203287.356645 -17.993913650512695 -2.0251927375793457 3.6697216033935547 0.024428291246294975 -0.904801070690155 -0.2938011884689331 0.3072771728038788
1732203290.823292 -18.422269821166992 -1.8496208190917969 3.0723037719726562 0.023441504687070847 -0.9088813662528992 -0.29626163840293884 0.29259902238845825
1732203292.756597 -18.879302978515625 -1.6554625034332275 2.4401044845581055 0.02425631508231163 -0.9089279770851135 -0.29556331038475037 0.29309380054473877
1732203293.956587 -19.351158142089844 -1.4523348808288574 1.795663833618164 0.023874863982200623 -0.908912718296051 -0.2951009273529053 0.29363781213760376
1732203294.95657 -19.76633071899414 -1.2894659042358398 1.2379703521728516 0.02622179687023163 -0.9087438583374023 -0.2947324812412262 0.294329434633255
1732203295.757305 -20.168399810791016 -1.1280388832092285 0.6923046112060547 0.023488758131861687 -0.9089166522026062 -0.2936555743217468 0.29510214924812317
1732203296.556584 -20.656139373779297 -0.9559316635131836 0.10271263122558594 0.023473234847187996 -0.9011330604553223 -0.29244187474250793 0.31919583678245544
1732203296.956534 -20.95638656616211 -0.8626852035522461 -0.20781326293945312 0.02552601508796215 -0.8898597955703735 -0.2923651337623596 0.34931454062461853
1732203297.356542 -21.290119171142578 -0.790337085723877 -0.4712371826171875 0.02424890734255314 -0.8747094869613647 -0.28469040989875793 0.39146730303764343
1732203298.02324 -21.848344802856445 -0.6963386535644531 -0.8725376129150391 0.028904078528285027 -0.8611578941345215 -0.2773960828781128 0.42499780654907227
1732203298.556527 -22.327579498291016 -0.6125316619873047 -1.2203941345214844 0.0321599543094635 -0.8575053811073303 -0.2732314467430115 0.4347352683544159
1732203299.22318 -22.896331787109375 -0.5459051132202148 -1.6274890899658203 0.030219819396734238 -0.8618590235710144 -0.25072523951530457 0.4397984445095062
1732203299.956548 -23.594457626342773 -0.4045553207397461 -2.083986282348633 0.01313143689185381 -0.8475266695022583 -0.27342522144317627 0.45471400022506714
1732203300.623221 -24.181617736816406 -0.32544708251953125 -2.5072021484375 0.033936675637960434 -0.8449169397354126 -0.2618926763534546 0.4651621878147125
1732203301.356318 -24.848363876342773 -0.23726367950439453 -2.917551040649414 0.03249659761786461 -0.8408315777778625 -0.2604624629020691 0.4733978807926178
1732203302.156488 -25.445934295654297 -0.1273956298828125 -3.3522205352783203 0.032705336809158325 -0.8523215651512146 -0.27237024903297424 0.445300817489624
1732203303.356307 -25.685199737548828 -0.011872291564941406 -3.7451114654541016 0.03797772899270058 -0.9024231433868408 -0.2913062274456024 0.31516796350479126
1732203304.423139 -25.83291244506836 0.20046472549438477 -4.409700393676758 0.04011794924736023 -0.9302517771720886 -0.30734726786613464 0.1963670253753662
1732203304.956461 -26.031476974487305 0.3595118522644043 -4.93986701965332 0.03949856385588646 -0.9326330423355103 -0.30831179022789 0.18324673175811768
1732203305.556615 -26.262657165527344 0.5518522262573242 -5.553730010986328 0.03741426765918732 -0.934705913066864 -0.30955764651298523 0.17058470845222473
1732203306.089656 -26.481904983520508 0.7277350425720215 -6.112724304199219 0.03508603200316429 -0.9346243739128113 -0.3115672469139099 0.16784584522247314
1732203306.689769 -26.722156524658203 0.9187960624694824 -6.722328186035156 0.033017225563526154 -0.9354482293128967 -0.30981457233428955 0.16691763699054718
1732203307.356441 -26.99104118347168 1.1220402717590332 -7.369550704956055 0.030683079734444618 -0.932407796382904 -0.308085173368454 0.18643465638160706
1732203308.08982 -27.313812255859375 1.351236343383789 -8.113374710083008 0.02936157025396824 -0.9333059191703796 -0.30732637643814087 0.18338073790073395
1732203308.756483 -27.621898651123047 1.5637588500976562 -8.783313751220703 0.028747906908392906 -0.9292553663253784 -0.30466848611831665 0.20696690678596497
1732203309.35644 -27.938873291015625 1.7257566452026367 -9.327585220336914 0.029180871322751045 -0.9233878254890442 -0.30128148198127747 0.23607832193374634
1732203310.089758 -28.311729431152344 1.9186429977416992 -9.980308532714844 0.02977740578353405 -0.9211949706077576 -0.3020309805870056 0.2434963434934616
1732203310.689724 -28.69192123413086 2.072262763977051 -10.495677947998047 0.028240086510777473 -0.9095592498779297 -0.2955114245414734 0.2908220589160919
1732203311.489731 -29.264244079589844 2.195585250854492 -11.021419525146484 0.023258835077285767 -0.8906834125518799 -0.27716803550720215 0.35961097478866577
1732203312.289732 -29.810131072998047 2.291109085083008 -11.483787536621094 0.02323978580534458 -0.8889306783676147 -0.25853902101516724 0.37738558650016785
1732203313.089763 -30.414405822753906 2.430901527404785 -11.956108093261719 0.017222601920366287 -0.8770590424537659 -0.268468976020813 0.39798903465270996
1732203313.889884 -31.062360763549805 2.5537338256835938 -12.417537689208984 0.02422909066081047 -0.8574900031089783 -0.2686038315296173 0.4381505846977234
1732203314.489799 -31.638351440429688 2.631458282470703 -12.742607116699219 0.023701876401901245 -0.841366708278656 -0.26070502400398254 0.47283533215522766
1732203315.089932 -32.2486572265625 2.7155675888061523 -13.081687927246094 0.022736726328730583 -0.8332582116127014 -0.26240456104278564 0.48611488938331604
1732203315.689704 -32.87262725830078 2.782700538635254 -13.401912689208984 0.02248303033411503 -0.8256098628044128 -0.2572876214981079 0.5016631484031677
1732203316.289674 -33.489566802978516 2.8540258407592773 -13.707199096679688 0.022191712632775307 -0.818449079990387 -0.255167692899704 0.5143328309059143
1732203316.956328 -34.18387222290039 2.9289960861206055 -14.008975982666016 0.020009230822324753 -0.8106595277786255 -0.2513640820980072 0.5284382700920105
1732203317.556359 -34.842041015625 2.9730405807495117 -14.270740509033203 0.020633907988667488 -0.804017186164856 -0.24828112125396729 0.5398954749107361
1732203318.156144 -35.481929779052734 3.0188302993774414 -14.52334213256836 0.021678907796740532 -0.8004330992698669 -0.24591779708862305 0.5462246537208557
1732203318.756542 -36.06085205078125 3.084120750427246 -14.821876525878906 0.02589573711156845 -0.816914975643158 -0.254798024892807 0.516775906085968
1732203319.489679 -36.76047897338867 3.1647939682006836 -15.19106674194336 0.026869062334299088 -0.8223196268081665 -0.25732481479644775 0.5068061947822571
1732203320.156719 -37.362159729003906 3.248927116394043 -15.540611267089844 0.02957719750702381 -0.8319206833839417 -0.2607216238975525 0.48893502354621887
1732203320.756129 -37.905303955078125 3.326411247253418 -15.873294830322266 0.02992219105362892 -0.8402794003486633 -0.2652411460876465 0.471892386674881
1732203321.489604 -38.504669189453125 3.4476938247680664 -16.344554901123047 0.03176729753613472 -0.8581727743148804 -0.2714945077896118 0.4345354735851288
1732203322.156455 -38.99197769165039 3.57672119140625 -16.820762634277344 0.03184930607676506 -0.8759263157844543 -0.2802543044090271 0.39140310883522034
1732203322.889619 -39.48762130737305 3.7277603149414062 -17.369483947753906 0.032133691012859344 -0.8903506994247437 -0.2852989137172699 0.35333797335624695
1732203323.55625 -39.87190628051758 3.8765087127685547 -17.899093627929688 0.033872973173856735 -0.9006190299987793 -0.28899407386779785 0.32283198833465576
1732203324.289585 -40.32229232788086 4.058866500854492 -18.494129180908203 0.0340765155851841 -0.9017010927200317 -0.29031917452812195 0.31857311725616455
1732203324.956267 -40.76931381225586 4.206413269042969 -19.02398681640625 0.03297286853194237 -0.8968205451965332 -0.2869974374771118 0.3350496292114258
1732203325.689399 -41.29676818847656 4.362831115722656 -19.572017669677734 0.03301556408405304 -0.8868992328643799 -0.28298917412757874 0.36364391446113586
1732203326.422882 -41.86206817626953 4.498767852783203 -20.084274291992188 0.0315096378326416 -0.8735758662223816 -0.278719425201416 0.3977285325527191
1732203327.222894 -42.5313720703125 4.596376419067383 -20.508068084716797 0.02990911900997162 -0.8410203456878662 -0.2645104229450226 0.4709824025630951
1732203327.822903 -43.05318069458008 4.654359817504883 -20.80840301513672 0.029803646728396416 -0.839371383190155 -0.26228067278862 0.47515931725502014
1732203328.422851 -43.62303161621094 4.736276626586914 -21.150070190429688 0.02942611649632454 -0.8329433798789978 -0.2615486979484558 0.4867563843727112
1732203329.022869 -44.205535888671875 4.806650161743164 -21.476234436035156 0.029577074572443962 -0.8289600014686584 -0.26010143756866455 0.49426499009132385
1732203329.622874 -44.79811477661133 4.876079559326172 -21.788421630859375 0.028409643098711967 -0.8236768841743469 -0.25843745470046997 0.5039438605308533
1732203330.222874 -45.367042541503906 4.947593688964844 -22.110671997070312 0.029269669204950333 -0.8256093263626099 -0.25892457365989685 0.5004703998565674
1732203330.889501 -45.99937438964844 5.026632308959961 -22.471820831298828 0.028785090893507004 -0.8292228579521179 -0.2587125301361084 0.49459952116012573
1732203331.622851 -46.68235778808594 5.121400833129883 -22.885330200195312 0.029273519292473793 -0.8343380093574524 -0.25961822271347046 0.485408753156662
1732203332.222985 -47.20392608642578 5.201387405395508 -23.245586395263672 0.02895697019994259 -0.8440887331962585 -0.2627702057361603 0.466505765914917
1732203332.822644 -47.747249603271484 5.287286758422852 -23.593364715576172 0.024926641955971718 -0.8449429869651794 -0.26486751437187195 0.46399933099746704
1732203333.422824 -48.285888671875 5.366964340209961 -23.95595932006836 0.025852922350168228 -0.8459945917129517 -0.260162353515625 0.46469390392303467
1732203334.089481 -48.90024948120117 5.464168548583984 -24.377368927001953 0.022960839793086052 -0.8468480706214905 -0.26143530011177063 0.462571918964386
1732203334.622847 -49.39964294433594 5.537080764770508 -24.709613800048828 0.022756187245249748 -0.8470631241798401 -0.26011937856674194 0.46292996406555176
1732203335.222645 -49.96864700317383 5.626562118530273 -25.09593963623047 0.02338947355747223 -0.8473610281944275 -0.26032719016075134 0.46223586797714233
1732203335.822776 -50.52149200439453 5.707254409790039 -25.458240509033203 0.02234187163412571 -0.8480181694030762 -0.25849419832229614 0.4621112048625946
1732203336.422856 -51.045650482177734 5.795047760009766 -25.830242156982422 0.022869694977998734 -0.8513558506965637 -0.2604784667491913 0.45477595925331116
1732203337.022819 -51.57310485839844 5.879558563232422 -26.21271514892578 0.0219857357442379 -0.8528492450714111 -0.2600861191749573 0.45223888754844666
1732203337.62283 -52.10488510131836 5.9683074951171875 -26.597183227539062 0.020890478044748306 -0.8531264066696167 -0.26162320375442505 0.45087945461273193
1732203338.222748 -52.636844635009766 6.063699722290039 -26.978511810302734 0.021234964951872826 -0.8537818193435669 -0.2614646852016449 0.44971323013305664
1732203338.822762 -53.181007385253906 6.150550842285156 -27.37618637084961 0.02131642773747444 -0.8542469143867493 -0.26106539368629456 0.4490576982498169
1732203339.422777 -53.7333984375 6.246381759643555 -27.77875518798828 0.020189598202705383 -0.8549443483352661 -0.2609030306339264 0.4478752315044403
1732203340.022769 -54.28173828125 6.340862274169922 -28.176834106445312 0.01912633329629898 -0.855413019657135 -0.2604524493217468 0.4472888112068176
1732203340.62257 -54.83563232421875 6.43757438659668 -28.578773498535156 0.017255494371056557 -0.8563220500946045 -0.25922489166259766 0.44633767008781433
1732203341.222737 -55.40533447265625 6.533487319946289 -28.98371124267578 0.016261013224720955 -0.8550727367401123 -0.2620543837547302 0.4471171498298645
1732203341.822814 -55.967369079589844 6.628002166748047 -29.38359832763672 0.016445491462945938 -0.8563673496246338 -0.2609383165836334 0.44528165459632874
1732203342.42291 -56.52302169799805 6.724958419799805 -29.7872314453125 0.01810442842543125 -0.8553218245506287 -0.26330289244651794 0.4458346366882324
1732203343.022541 -57.072120666503906 6.807374954223633 -30.18401336669922 0.020376749336719513 -0.8573216795921326 -0.2581581771373749 0.44490301609039307
1732203343.62271 -57.64079666137695 6.919149398803711 -30.58465576171875 0.01719954051077366 -0.852931797504425 -0.26798728108406067 0.44765427708625793
1732203344.222739 -58.22655487060547 7.041074752807617 -30.997879028320312 0.016899805516004562 -0.8500347137451172 -0.2772926092147827 0.44750887155532837
1732203344.822715 -58.78130340576172 7.130435943603516 -31.383651733398438 0.025425313040614128 -0.8527988195419312 -0.26738542318344116 0.44787582755088806
1732203345.422545 -59.353084564208984 7.228178024291992 -31.780906677246094 0.018443182110786438 -0.854289710521698 -0.2645379304885864 0.4470667839050293
1732203346.022905 -59.9130744934082 7.326457977294922 -32.182884216308594 0.012913747690618038 -0.856482982635498 -0.2643260359764099 0.4431725740432739
1732203346.622679 -60.456260681152344 7.416160583496094 -32.587562561035156 0.017255352810025215 -0.8624089956283569 -0.2565883696079254 0.4360223114490509
1732203347.222689 -60.97978210449219 7.520885467529297 -33.01715850830078 0.012557988055050373 -0.8701692223548889 -0.2667805850505829 0.4140966236591339
1732203347.822481 -61.48126983642578 7.623851776123047 -33.46685791015625 0.012612741440534592 -0.8814555406570435 -0.2629351019859314 0.3920997679233551
1732203348.422649 -61.977333068847656 7.719484329223633 -33.91838836669922 0.016004372388124466 -0.882330060005188 -0.26247888803482056 0.3903105854988098
1732203349.089339 -62.53916931152344 7.825523376464844 -34.43756103515625 0.020734190940856934 -0.8839541077613831 -0.25553613901138306 0.3910197913646698
1732203349.822669 -63.24830627441406 7.969879150390625 -35.0008544921875 0.016815513372421265 -0.8693951368331909 -0.26453492045402527 0.41700202226638794
1732203350.422493 -63.82029724121094 8.07564926147461 -35.430076599121094 0.015972137451171875 -0.864197313785553 -0.2639220952987671 0.4280807077884674
1732203351.023062 -64.39334106445312 8.165706634521484 -35.834632873535156 0.01758098229765892 -0.8580716252326965 -0.2598021924495697 0.4426136016845703
1732203351.622647 -64.96478271484375 8.268577575683594 -36.23303985595703 0.01718205027282238 -0.8532805442810059 -0.26805633306503296 0.44694846868515015
1732203352.222663 -65.530029296875 8.354888916015625 -36.640586853027344 0.02360852062702179 -0.8539130687713623 -0.26141899824142456 0.4493720233440399
1732203352.822437 -66.12442779541016 8.455633163452148 -37.045494079589844 0.02220202423632145 -0.850705087184906 -0.265085905790329 0.4533623158931732
1732203353.4226 -66.71388244628906 8.551151275634766 -37.463417053222656 0.02852810174226761 -0.8503386378288269 -0.26643913984298706 0.45290252566337585
1732203354.022638 -67.3142318725586 8.669631958007812 -37.887794494628906 0.022539587691426277 -0.8552442193031311 -0.27390196919441223 0.43934839963912964
1732203354.622634 -67.83966064453125 8.80007553100586 -38.34534454345703 0.023820627480745316 -0.8702046275138855 -0.2793542146682739 0.4051390588283539
1732203355.222407 -68.34223937988281 8.92312240600586 -38.823280334472656 0.026945682242512703 -0.8785943984985352 -0.27853691577911377 0.38699230551719666
1732203355.822554 -68.82012939453125 9.043758392333984 -39.310890197753906 0.029690690338611603 -0.8879736065864563 -0.2744959592819214 0.36779531836509705
1732203356.555906 -69.37999725341797 9.206546783447266 -39.91832733154297 0.021523859351873398 -0.8972180485725403 -0.27790987491607666 0.3424946963787079
1732203357.15782 -69.80756378173828 9.346277236938477 -40.449432373046875 0.018767712637782097 -0.9044961929321289 -0.28196975588798523 0.3194175362586975
1732203357.755715 -70.19232177734375 9.51230239868164 -41.00835418701172 0.018115554004907608 -0.9122350811958313 -0.2898038625717163 0.2889856994152069
1732203358.355879 -70.5526351928711 9.676355361938477 -41.58808135986328 0.015755504369735718 -0.9217267036437988 -0.29353585839271545 0.2529987394809723
1732203358.955889 -70.8612060546875 9.859451293945312 -42.18212890625 0.010048815049231052 -0.9298233985900879 -0.29865211248397827 0.21478936076164246
1732203359.555914 -71.114013671875 10.041322708129883 -42.795310974121094 0.009895453229546547 -0.9362151622772217 -0.30249518156051636 0.17860563099384308
1732203360.156568 -71.3310775756836 10.246000289916992 -43.43555450439453 0.011122584342956543 -0.9397562742233276 -0.30628886818885803 0.15139909088611603
1732203360.755982 -71.52079772949219 10.460397720336914 -44.09095001220703 0.010301725938916206 -0.942252516746521 -0.30988237261772156 0.12659788131713867
1732203361.355853 -71.69572448730469 10.680625915527344 -44.748870849609375 0.011058291420340538 -0.944119393825531 -0.3092815577983856 0.11340715736150742
1732203361.955871 -71.8547134399414 10.897865295410156 -45.413307189941406 0.01455876138061285 -0.9435112476348877 -0.31486162543296814 0.10216011852025986
1732203362.555672 -72.00274658203125 11.1212158203125 -46.07533264160156 0.014799232594668865 -0.9449010491371155 -0.31500914692878723 0.08781937509775162
1732203363.155865 -72.13648986816406 11.380777359008789 -46.75299835205078 0.0037422138266265392 -0.941641092300415 -0.3281763792037964 0.07482180744409561
1732203363.755826 -72.24900817871094 11.605297088623047 -47.41703414916992 0.0019436224829405546 -0.9444016814231873 -0.3220663368701935 0.06614438444375992
1732203364.356098 -72.32882690429688 11.816268920898438 -48.068546295166016 0.017305677756667137 -0.9468070268630981 -0.3158282935619354 0.05924117937684059
1732203364.955819 -72.40298461914062 12.0162353515625 -48.704490661621094 0.02158508077263832 -0.9484925270080566 -0.3120703399181366 0.050082478672266006
1732203365.5558 -72.46603393554688 12.20960807800293 -49.321590423583984 0.02455834671854973 -0.9476825594902039 -0.3155159652233124 0.0417662151157856
1732203366.155801 -72.4808349609375 12.410684585571289 -49.94182205200195 0.020272595807909966 -0.9475633502006531 -0.318696528673172 -0.012052307836711407
1732203366.75581 -72.40971374511719 12.597468376159668 -50.53594207763672 0.01802350953221321 -0.9456638693809509 -0.3176894187927246 -0.06684631109237671
1732203367.555665 -72.21028900146484 12.87712287902832 -51.34333419799805 0.01381613127887249 -0.9362863302230835 -0.32245689630508423 -0.1385589987039566
1732203368.155793 -72.01082611083984 13.100446701049805 -51.962242126464844 0.01371875312179327 -0.9345656633377075 -0.3210816979408264 -0.15266114473342896
1732203368.755794 -71.80206298828125 13.328954696655273 -52.58454513549805 0.010205307975411415 -0.9317699074745178 -0.32332128286361694 -0.16481544077396393
1732203369.355795 -71.57424926757812 13.56088638305664 -53.205692291259766 0.009044282138347626 -0.9282929301261902 -0.3266996741294861 -0.17736336588859558
1732203369.955609 -71.32788848876953 13.804326057434082 -53.827117919921875 0.006245630793273449 -0.9251036643981934 -0.32910850644111633 -0.18929308652877808
1732203370.755767 -70.9395751953125 14.047231674194336 -54.42837142944336 0.005080695729702711 -0.9004108309745789 -0.3271637260913849 -0.2867027223110199
1732203371.555767 -70.5198745727539 14.24398422241211 -54.91575241088867 -0.00033916617394424975 -0.8850559592247009 -0.32523849606513977 -0.333010196685791
1732203372.155553 -70.1133804321289 14.436936378479004 -55.397178649902344 -0.0069434549659490585 -0.8804856538772583 -0.32371577620506287 -0.34627291560173035
1732203372.755709 -69.67166137695312 14.629236221313477 -55.86105728149414 -0.0066764503717422485 -0.8765473365783691 -0.32336223125457764 -0.3564506471157074
1732203373.355722 -69.21258544921875 14.83338737487793 -56.346458435058594 -0.008669525384902954 -0.8715274930000305 -0.3261096477508545 -0.366083562374115
1732203373.955729 -68.77202606201172 15.016036033630371 -56.82241439819336 -0.011793241836130619 -0.8741522431373596 -0.3213964104652405 -0.36389997601509094
1732203374.755553 -68.24824523925781 15.267913818359375 -57.406158447265625 -0.008052057586610317 -0.8760125637054443 -0.32923465967178345 -0.352337509393692
1732203375.55569 -67.80757141113281 15.454473495483398 -57.906253814697266 -0.009642194025218487 -0.8802527189254761 -0.32066649198532104 -0.34962159395217896
1732203376.425218 -67.35897064208984 15.656051635742188 -58.42036437988281 -0.007684430573135614 -0.8805357217788696 -0.3196036219596863 -0.3499304950237274
1732203377.422295 -66.83333587646484 15.88150405883789 -59.00739669799805 -0.0046489969827234745 -0.8812177181243896 -0.3177543580532074 -0.3499511480331421
1732203378.222333 -66.38541412353516 16.08534049987793 -59.51477813720703 -0.0019965674728155136 -0.8810359239578247 -0.3185209035873413 -0.34973734617233276
1732203379.222356 -65.87104797363281 16.330730438232422 -60.0800666809082 0.0006425534375011921 -0.8792982697486877 -0.3222748935222626 -0.3506750166416168
1732203380.022172 -65.48060607910156 16.50847625732422 -60.53022384643555 -0.0023647358175367117 -0.8796799182891846 -0.3206886947154999 -0.35116443037986755
1732203380.955785 -65.04689025878906 16.70022201538086 -61.01768493652344 -0.003230977337807417 -0.880594789981842 -0.31913259625434875 -0.3502810299396515
1732203382.022142 -64.54270935058594 16.909870147705078 -61.574371337890625 0.0012793248752132058 -0.882363498210907 -0.31339162588119507 -0.3510253429412842
1732203382.955612 -64.07595825195312 17.12792205810547 -62.08946990966797 0.0081900330260396 -0.8807426691055298 -0.32068878412246704 -0.348402202129364
1732203383.889056 -63.586181640625 17.354785919189453 -62.646968841552734 0.004015994258224964 -0.8795016407966614 -0.3213352560997009 -0.3510047495365143
1732203384.888752 -63.06928253173828 17.592201232910156 -63.23939895629883 0.002798623638227582 -0.8818070888519287 -0.31637561321258545 -0.3497356176376343
1732203385.688939 -62.626792907714844 17.806774139404297 -63.734222412109375 0.004315514583140612 -0.8788720369338989 -0.3254377543926239 -0.34879153966903687
1732203386.488925 -62.190589904785156 18.022018432617188 -64.22370910644531 0.005076350178569555 -0.8780502676963806 -0.3278302252292633 -0.34861066937446594
1732203387.556091 -61.71720886230469 18.254459381103516 -64.76982116699219 0.0013405389618128538 -0.877285361289978 -0.3293929100036621 -0.34909749031066895
1732203389.0889 -61.225006103515625 18.416461944580078 -65.1727294921875 -0.0029732503462582827 -0.8519605994224548 -0.31156596541404724 -0.42080992460250854
1732203389.888721 -60.68849182128906 18.57653045654297 -65.52800750732422 -0.0006502108881250024 -0.8341878056526184 -0.31038662791252136 -0.45584043860435486
1732203390.690393 -60.10868835449219 18.732309341430664 -65.90898895263672 1.0030564226326533e-05 -0.831042468547821 -0.30636242032051086 -0.4642311930656433
1732203391.488859 -59.466209411621094 18.906402587890625 -66.31279754638672 -0.0019625206477940083 -0.8252253532409668 -0.3074018955230713 -0.47381776571273804
1732203392.288678 -58.79277038574219 19.08334732055664 -66.71263122558594 -0.0012322710826992989 -0.8168684840202332 -0.3104754686355591 -0.48613718152046204
1732203393.088838 -58.1668701171875 19.245391845703125 -67.07334899902344 -0.00982283242046833 -0.8129042983055115 -0.308263897895813 -0.49402791261672974
1732203393.755516 -57.603477478027344 19.390701293945312 -67.37386322021484 -0.010666313581168652 -0.8090289831161499 -0.3102448582649231 -0.4991057515144348
1732203394.48886 -56.97246551513672 19.538480758666992 -67.72679901123047 -0.013954170048236847 -0.807233452796936 -0.30698809027671814 -0.5039224028587341
1732203395.288809 -56.2711181640625 19.71729278564453 -68.09832763671875 -0.010805717669427395 -0.8044036626815796 -0.3097780644893646 -0.5068090558052063
1732203396.088829 -55.55287170410156 19.893003463745117 -68.46381378173828 -0.005322548560798168 -0.8027974963188171 -0.3088430166244507 -0.5100038647651672
1732203396.888612 -54.8551025390625 20.061004638671875 -68.82588195800781 -0.009889963082969189 -0.8012822866439819 -0.3048740029335022 -0.5146850943565369
1732203397.555461 -54.253509521484375 20.200401306152344 -69.12602233886719 -0.010155060328543186 -0.7983872890472412 -0.30767378211021423 -0.5175050497055054
1732203398.288811 -53.58306121826172 20.356294631958008 -69.45578002929688 -0.011899847537279129 -0.7967388033866882 -0.30591756105422974 -0.5210375785827637
1732203398.888845 -53.03009033203125 20.49462890625 -69.71227264404297 -0.005734266247600317 -0.7953034043312073 -0.30659347772598267 -0.522934079170227
1732203399.68879 -52.329620361328125 20.66786766052246 -70.05978393554688 -0.0054306951351463795 -0.7980223894119263 -0.31018906831741333 -0.516636848449707
1732203400.555463 -51.656768798828125 20.84686851501465 -70.44127655029297 -0.004079707898199558 -0.8109645247459412 -0.31198838353157043 -0.49495789408683777
1732203401.488771 -51.021331787109375 21.05340576171875 -70.86968231201172 -0.002133113332092762 -0.8263542652130127 -0.3198990523815155 -0.46346381306648254
1732203402.288566 -50.47142791748047 21.24772071838379 -71.2820816040039 0.0025411418173462152 -0.8386765122413635 -0.3205377757549286 -0.4403076767921448
1732203402.955406 -50.002655029296875 21.42366600036621 -71.65855407714844 0.005415342748165131 -0.8451106548309326 -0.32394230365753174 -0.42522940039634705
1732203403.888804 -49.37462615966797 21.67597007751465 -72.19060516357422 0.009995054453611374 -0.8518124222755432 -0.32669803500175476 -0.4093703329563141
1732203404.488542 -48.92626953125 21.85939598083496 -72.587158203125 0.01068876963108778 -0.8561295866966248 -0.3257550299167633 -0.40101319551467896
1732203405.155397 -48.39545440673828 22.085603713989258 -73.07089233398438 0.014623405411839485 -0.8606938123703003 -0.32443830370903015 -0.3920869529247284
1732203405.68874 -47.97442626953125 22.26443862915039 -73.48031616210938 0.01279724296182394 -0.8635844588279724 -0.32455381751060486 -0.3856460750102997
1732203406.28871 -47.50732421875 22.472375869750977 -73.94004821777344 0.015945658087730408 -0.8668867945671082 -0.3248123526573181 -0.3778225779533386
1732203406.955456 -46.98658752441406 22.68987274169922 -74.43498229980469 0.013180727139115334 -0.8649086952209473 -0.3219022750854492 -0.3848872780799866
1732203407.688973 -46.399620056152344 22.92388153076172 -74.95230102539062 0.0146153774112463 -0.8579475283622742 -0.3195401430130005 -0.4020031690597534
1732203408.155353 -46.00580596923828 23.080307006835938 -75.28692626953125 0.013179961591959 -0.8534338474273682 -0.32162386178970337 -0.40992096066474915
1732203408.755389 -45.508026123046875 23.251100540161133 -75.6651840209961 0.014896675944328308 -0.846569299697876 -0.31548985838890076 -0.42844459414482117
1732203409.422006 -44.910011291503906 23.45343780517578 -76.07347106933594 0.01799643412232399 -0.8353618383407593 -0.3163343071937561 -0.449198454618454
1732203410.022013 -44.363555908203125 23.627126693725586 -76.45442199707031 0.01759953983128071 -0.8356490135192871 -0.31205734610557556 -0.45166486501693726
1732203410.688672 -43.74994659423828 23.827377319335938 -76.88066101074219 0.015428046695888042 -0.8339165449142456 -0.31241703033447266 -0.45468762516975403
1732203411.222009 -43.25091552734375 23.989471435546875 -77.21165466308594 0.019283834844827652 -0.8315353393554688 -0.31326302886009216 -0.4583050310611725
1732203411.821806 -42.66908264160156 24.161462783813477 -77.53905487060547 0.018178662285208702 -0.8083453178405762 -0.3089269697666168 -0.500810980796814
1732203412.422003 -42.05260467529297 24.27766227722168 -77.73164367675781 0.015505490824580193 -0.7608626484870911 -0.2956007421016693 -0.5774667263031006
1732203413.021988 -41.42273712158203 24.358592987060547 -77.86040496826172 0.00987875647842884 -0.7270017862319946 -0.2793673872947693 -0.627156138420105
1732203413.621983 -40.74370193481445 24.435640335083008 -77.92947387695312 0.009853978641331196 -0.6951733231544495 -0.27462491393089294 -0.6642425656318665
1732203414.221759 -40.06529235839844 24.483238220214844 -77.93843078613281 0.010227096267044544 -0.6652799248695374 -0.2681574523448944 -0.6966991424560547
1732203414.822059 -39.379886627197266 24.511980056762695 -77.90431213378906 0.0008713548886589706 -0.6392942070960999 -0.2552458345890045 -0.7253632545471191
1732203415.42196 -38.66782760620117 24.550731658935547 -77.850830078125 0.006682159844785929 -0.6278939247131348 -0.2566056549549103 -0.7347503304481506
1732203416.021943 -37.987030029296875 24.555089950561523 -77.78877258300781 -0.0034069151151925325 -0.6166896820068359 -0.24608077108860016 -0.7477476596832275
1732203416.621765 -37.3033447265625 24.563175201416016 -77.72010803222656 -0.012747527100145817 -0.6049032211303711 -0.2476704865694046 -0.7566960453987122
1732203417.42196 -36.499778747558594 24.54945182800293 -77.48855590820312 -0.0003170023555867374 -0.5105116963386536 -0.23069679737091064 -0.8283458352088928
1732203418.021908 -36.50770568847656 24.447824478149414 -77.2887191772461 -0.02120264619588852 -0.3110751509666443 -0.15187504887580872 -0.9379321336746216
1732203418.822226 -36.17491149902344 24.21182632446289 -76.62600708007812 -0.029538461938500404 -0.19580678641796112 -0.11863121390342712 -0.9729921817779541
1732203419.421719 -35.88148880004883 24.00970458984375 -75.99385070800781 -0.010243178345263004 -0.17339719831943512 -0.11536314338445663 -0.9780183434486389
1732203420.021879 -35.61603546142578 23.784461975097656 -75.4041519165039 -0.024565475061535835 -0.15794074535369873 -0.10698620975017548 -0.9813283681869507
1732203420.621915 -35.38064956665039 23.557811737060547 -74.79061126708984 -0.023134909570217133 -0.14741742610931396 -0.09669116884469986 -0.9840649366378784
1732203421.221888 -35.10801696777344 23.360153198242188 -74.20157623291016 -0.016335314139723778 -0.1619659662246704 -0.1083463579416275 -0.9806942939758301
1732203422.021691 -34.75954055786133 23.111631393432617 -73.5575942993164 -0.030329644680023193 -0.17870530486106873 -0.11737620085477829 -0.9764053225517273
1732203422.822628 -34.39201736450195 22.87687110900879 -72.91376495361328 -0.032070763409137726 -0.19420428574085236 -0.12684008479118347 -0.9721973538398743
1732203423.621878 -34.01606369018555 22.652311325073242 -72.24767303466797 -0.015434646047651768 -0.2094237357378006 -0.12406642735004425 -0.9697994589805603
1732203425.222163 -33.66978454589844 22.40562629699707 -71.55654907226562 -0.018992554396390915 -0.18003040552139282 -0.11210241913795471 -0.9770678281784058
1732203426.021836 -33.316463470458984 22.179367065429688 -70.83448028564453 -0.007244388572871685 -0.17720720171928406 -0.11541388928890228 -0.9773560166358948
1732203426.621825 -33.045814514160156 22.00396728515625 -70.27046966552734 -0.008990800939500332 -0.17296916246414185 -0.11613170802593231 -0.9780154824256897
1732203427.421794 -32.696712493896484 21.76993179321289 -69.5482177734375 -0.009153923019766808 -0.17065204679965973 -0.1167052686214447 -0.9783526659011841
1732203428.221797 -32.34042739868164 21.58578872680664 -68.94440460205078 -0.007359521929174662 -0.19712480902671814 -0.12761205434799194 -0.9720097184181213
1732203429.221604 -31.938322067260742 21.35778045654297 -68.24067687988281 -0.005880184005945921 -0.21352824568748474 -0.12948393821716309 -0.9683001041412354
1732203430.621803 -31.36577606201172 21.212039947509766 -67.69136047363281 0.006185047794133425 -0.3831859529018402 -0.1870134472846985 -0.9045199155807495
1732203431.888263 -30.81678009033203 21.118980407714844 -67.29109954833984 0.007646620273590088 -0.39653176069259644 -0.19110970199108124 -0.8978759050369263
1732203433.022927 -30.190378189086914 21.02251434326172 -66.8588638305664 0.004773481283336878 -0.4120228886604309 -0.19492581486701965 -0.8900664448738098
1732203433.88822 -29.679977416992188 20.957019805908203 -66.53024291992188 0.009342139586806297 -0.4241657853126526 -0.19655610620975494 -0.8839467167854309
1732203434.888445 -29.055255889892578 20.878719329833984 -66.1451187133789 0.010678812861442566 -0.43678849935531616 -0.20013298094272614 -0.8769541382789612
1732203435.888437 -28.422271728515625 20.81322479248047 -65.78775787353516 0.010472163558006287 -0.4489283859729767 -0.20316435396671295 -0.8701022863388062
1732203436.888202 -27.758228302001953 20.745838165283203 -65.4276123046875 0.009996521286666393 -0.4596851170063019 -0.204728364944458 -0.8641042113304138
1732203438.021705 -27.01288414001465 20.681682586669922 -65.06365966796875 0.012666122987866402 -0.4704371690750122 -0.2094668745994568 -0.8571184873580933
1732203439.021498 -26.30805206298828 20.6170654296875 -64.72930145263672 0.007890046574175358 -0.4801316261291504 -0.20980527997016907 -0.8517001271247864
1732203440.021662 -25.529096603393555 20.563282012939453 -64.36945343017578 0.012569957412779331 -0.4889351725578308 -0.2144041657447815 -0.8454675674438477
1732203441.02206 -24.735824584960938 20.50212860107422 -64.00715637207031 0.013985381461679935 -0.4827842712402344 -0.21253672242164612 -0.849442183971405
1732203441.761635 -24.189542770385742 20.44402503967285 -63.702083587646484 0.0077302646823227406 -0.46603620052337646 -0.20460394024848938 -0.8607484102249146
1732203442.555186 -23.503320693969727 20.380786895751953 -63.27288818359375 0.015104243531823158 -0.4380527138710022 -0.2029523104429245 -0.8756095767021179
1732203443.355044 -22.870208740234375 20.26970672607422 -62.835487365722656 0.00582366157323122 -0.4133332073688507 -0.1894243210554123 -0.890640377998352
1732203443.954769 -22.379188537597656 20.17795181274414 -62.432334899902344 0.009469743818044662 -0.37972667813301086 -0.1843961477279663 -0.9064856171607971
1732203444.554963 -21.929718017578125 20.063262939453125 -62.00634002685547 0.0033042889554053545 -0.3530530631542206 -0.17171233892440796 -0.9197051525115967
1732203445.154961 -21.473224639892578 19.947162628173828 -61.578758239746094 0.0033080249559134245 -0.3475494086742401 -0.16603252291679382 -0.9228389859199524
1732203445.754945 -21.02083969116211 19.831995010375977 -61.11590576171875 0.005397206638008356 -0.3336801528930664 -0.16095121204853058 -0.9288288950920105
1732203446.354758 -20.58745574951172 19.704757690429688 -60.62763214111328 0.005905875936150551 -0.3190765380859375 -0.1537611335515976 -0.9351539611816406
1732203446.954924 -20.151302337646484 19.570236206054688 -60.11827850341797 0.00878721009939909 -0.3065040409564972 -0.14992661774158478 -0.9399468898773193
1732203447.554939 -19.726810455322266 19.433610916137695 -59.60608673095703 0.007195030804723501 -0.30006375908851624 -0.14296844601631165 -0.9431172013282776
1732203448.154893 -19.29705047607422 19.296192169189453 -59.10237121582031 0.007407407276332378 -0.29726216197013855 -0.14115960896015167 -0.9442744851112366
1732203448.754712 -18.791358947753906 19.186508178710938 -58.63660430908203 0.014574195258319378 -0.34624236822128296 -0.15966297686100006 -0.9243438839912415
1732203449.354889 -18.292638778686523 19.086517333984375 -58.24669647216797 0.009766316041350365 -0.37315431237220764 -0.16418975591659546 -0.9130730032920837
1732203449.954881 -17.74055290222168 18.98245620727539 -57.79566955566406 0.011508862487971783 -0.378079354763031 -0.16610181331634521 -0.9106776714324951
1732203450.554919 -17.207317352294922 18.87884521484375 -57.35179901123047 0.01076778769493103 -0.38044193387031555 -0.16334116458892822 -0.9102020263671875
1732203451.154924 -16.660064697265625 18.77119255065918 -56.910831451416016 0.009258294478058815 -0.38281622529029846 -0.16310779750347137 -0.9092645645141602
1732203451.754711 -16.119508743286133 18.66649627685547 -56.47721481323242 0.014260116964578629 -0.3846590518951416 -0.16420811414718628 -0.9082234501838684
1732203452.354864 -15.576581954956055 18.562164306640625 -56.05404281616211 0.011493091471493244 -0.3860452473163605 -0.16465504467487335 -0.9075934290885925
1732203452.954908 -15.039024353027344 18.469655990600586 -55.627986907958984 0.013681364245712757 -0.3874302804470062 -0.1655760109424591 -0.9068049788475037
1732203453.554892 -14.489645957946777 18.363422393798828 -55.2049446105957 0.01342240534722805 -0.3890295922756195 -0.16660772264003754 -0.9059346914291382
1732203454.154724 -13.948908805847168 18.25547981262207 -54.777896881103516 0.012363677844405174 -0.3905884623527527 -0.16432417929172516 -0.9056960344314575
1732203454.821528 -13.33537769317627 18.143564224243164 -54.30377960205078 0.013771411031484604 -0.3892820179462433 -0.16882696747779846 -0.9054100513458252
1732203455.554839 -12.69321060180664 18.0051212310791 -53.77866744995117 0.010404539294540882 -0.37407487630844116 -0.1660105139017105 -0.9123596549034119
1732203456.154842 -12.185150146484375 17.894033432006836 -53.31624221801758 0.013129066675901413 -0.35559800267219543 -0.1660541445016861 -0.919675886631012
1732203456.754676 -11.739229202270508 17.768239974975586 -52.80859375 0.016387498006224632 -0.31602373719215393 -0.14990240335464478 -0.9366908669471741
1732203457.3548 -11.300519943237305 17.627708435058594 -52.3026123046875 0.009905307553708553 -0.30166950821876526 -0.14476165175437927 -0.9423065185546875
1732203457.954838 -10.875428199768066 17.48138427734375 -51.767276763916016 0.009632869623601437 -0.285537987947464 -0.1380704790353775 -0.9483205676078796
1732203458.554841 -10.457611083984375 17.326107025146484 -51.23127365112305 0.007569184992462397 -0.27729785442352295 -0.13494271039962769 -0.9512303471565247
1732203459.154589 -10.068153381347656 17.17015838623047 -50.69560241699219 0.00500472541898489 -0.27163538336753845 -0.12843818962574005 -0.9537782073020935
1732203459.754777 -9.676520347595215 17.017929077148438 -50.158973693847656 0.007185580674558878 -0.26341575384140015 -0.12844982743263245 -0.9560654759407043
1732203460.354784 -9.29207992553711 16.860458374023438 -49.597572326660156 0.009411459788680077 -0.25821569561958313 -0.1255997121334076 -0.9578417539596558
1732203460.954809 -8.932304382324219 16.70340347290039 -49.051204681396484 0.011681552045047283 -0.24778063595294952 -0.12114190310239792 -0.9611414670944214
1732203461.554586 -8.602090835571289 16.54789161682129 -48.50288009643555 0.012771906331181526 -0.23002073168754578 -0.1125030666589737 -0.9665766358375549
1732203462.15475 -8.301397323608398 16.385990142822266 -47.94846725463867 0.009856306947767735 -0.20992285013198853 -0.1063772663474083 -0.9718637466430664
1732203462.754763 -8.010793685913086 16.214174270629883 -47.36530685424805 0.011681673116981983 -0.1921347677707672 -0.10008276253938675 -0.9761819839477539
1732203463.354769 -7.745176315307617 16.04854965209961 -46.79113006591797 0.009206377901136875 -0.1810503453016281 -0.09498981386423111 -0.978832483291626
1732203463.954558 -7.505467891693115 15.876282691955566 -46.23630142211914 0.007483508437871933 -0.16986307501792908 -0.09152255952358246 -0.9811800718307495
1732203464.55472 -7.268006324768066 15.70390510559082 -45.658958435058594 0.008230738341808319 -0.15771925449371338 -0.08898776024580002 -0.9834318161010742
1732203465.154725 -7.044463634490967 15.529309272766113 -45.058040618896484 0.01252727210521698 -0.15191078186035156 -0.08473198860883713 -0.984675943851471
1732203465.754742 -6.834722518920898 15.35229206085205 -44.45266342163086 0.012781455181539059 -0.14314274489879608 -0.08135488629341125 -0.9862698912620544
1732203466.354526 -6.615234375 15.178082466125488 -43.85664749145508 0.011336377821862698 -0.13676610589027405 -0.07926153391599655 -0.9873622059822083
1732203466.954688 -6.417666912078857 15.000692367553711 -43.2639045715332 0.010678642429411411 -0.12895630300045013 -0.07601907849311829 -0.9886745810508728
1732203467.554719 -6.2321648597717285 14.82481575012207 -42.67124557495117 0.011084302328526974 -0.1242636889219284 -0.07364562898874283 -0.9894503951072693
1732203468.354717 -5.946608543395996 14.609750747680664 -41.95609664916992 0.010449572466313839 -0.14253151416778564 -0.08048052340745926 -0.9864575266838074
1732203469.154632 -5.679487705230713 14.396469116210938 -41.261898040771484 0.009347125887870789 -0.14032208919525146 -0.07947526127099991 -0.98686683177948
1732203469.821334 -5.436447620391846 14.199811935424805 -40.6004524230957 0.00980838667601347 -0.136830672621727 -0.07919581234455109 -0.9873749017715454
1732203470.488086 -5.19782829284668 13.995404243469238 -39.923133850097656 0.009610121138393879 -0.13488800823688507 -0.07775475829839706 -0.9877586364746094
1732203471.154477 -4.9669365882873535 13.797703742980957 -39.24906539916992 0.010144459083676338 -0.13240796327590942 -0.07683132588863373 -0.988161027431488
1732203471.687949 -4.785750389099121 13.6305513381958 -38.70106887817383 0.0103386165574193 -0.13036349415779114 -0.07561427354812622 -0.9885246753692627
1732203472.288024 -4.578627586364746 13.448392868041992 -38.09780502319336 0.007181625813245773 -0.12680763006210327 -0.07613839954137802 -0.9889748692512512
1732203472.887996 -4.372016906738281 13.26857852935791 -37.498138427734375 0.007704546209424734 -0.12604418396949768 -0.07613611966371536 -0.9890686869621277
1732203473.488021 -4.175832271575928 13.079930305480957 -36.88390350341797 0.007244348060339689 -0.12365824729204178 -0.0758163332939148 -0.9893978834152222
1732203474.087789 -3.9761884212493896 12.896761894226074 -36.29930877685547 0.008059983141720295 -0.12447693943977356 -0.0718378946185112 -0.9895856976509094
1732203474.687943 -3.7839269638061523 12.709152221679688 -35.678958892822266 0.006752331741154194 -0.12188253551721573 -0.07018401473760605 -0.9900370836257935
1732203475.288068 -3.5857245922088623 12.520477294921875 -35.05692672729492 0.009051123633980751 -0.12129553407430649 -0.07087166607379913 -0.9900417923927307
1732203475.954621 -3.3716328144073486 12.326225280761719 -34.3678092956543 0.014614907093346119 -0.12024879455566406 -0.06899791955947876 -0.9902353286743164
1732203476.487749 -3.207714796066284 12.15583610534668 -33.83366394042969 0.0079649044200778 -0.12086799740791321 -0.06506013870239258 -0.9905022978782654
1732203477.087958 -3.0252606868743896 11.982723236083984 -33.23689270019531 0.008789760060608387 -0.11978370696306229 -0.0642767921090126 -0.9906781315803528
1732203477.687932 -2.8407607078552246 11.796025276184082 -32.64968490600586 0.005459208972752094 -0.11819712817668915 -0.0646665096282959 -0.9908672571182251
1732203478.28794 -2.6568033695220947 11.607612609863281 -32.04320526123047 0.005057955626398325 -0.1116127148270607 -0.06268452107906342 -0.9917598962783813
1732203478.9544 -2.5242018699645996 11.395378112792969 -31.363496780395508 0.006989209447056055 -0.08822375535964966 -0.051855094730854034 -0.9947254657745361
1732203479.688245 -2.398139715194702 11.155069351196289 -30.643360137939453 -0.0006674634641967714 -0.06363443285226822 -0.04130056872963905 -0.9971181154251099
1732203480.288106 -2.3397903442382812 10.954407691955566 -30.044633865356445 0.0003087953955400735 -0.035863157361745834 -0.03020135685801506 -0.9989002346992493
1732203480.954605 -2.3149147033691406 10.732643127441406 -29.355928421020508 0.0031562363728880882 -0.007607131265103817 -0.020285211503505707 -0.9997603297233582
1732203481.554369 -2.328996419906616 10.525115013122559 -28.720043182373047 0.005289125721901655 0.015893911942839622 -0.01056270394474268 -0.9998039603233337
1732203482.089891 -2.357832193374634 10.341043472290039 -28.151363372802734 0.002556096762418747 0.02597048133611679 -0.008965272456407547 -0.9996193051338196
1732203482.754534 -2.4004740715026855 10.105616569519043 -27.43991470336914 0.0016262502176687121 0.03771386668086052 -0.00374108599498868 -0.9992802739143372
1732203483.288051 -2.4597415924072266 9.911452293395996 -26.869447708129883 -0.00116307707503438 0.046836502850055695 -0.0022286507301032543 -0.9988994598388672
1732203484.087675 -2.4813380241394043 9.631571769714355 -26.0427188873291 0.0012774788774549961 0.031039079651236534 -0.006754335016012192 -0.9994946122169495
1732203484.887834 -2.456566572189331 9.37231731414795 -25.276195526123047 -0.002728870837017894 0.007143707014620304 -0.01636214181780815 -0.9998369216918945
1732203485.687867 -2.380267858505249 9.140793800354004 -24.524169921875 0.009295360185205936 -0.024075694382190704 -0.026816876605153084 -0.9993072152137756
1732203486.487697 -2.320751428604126 8.892356872558594 -23.79016876220703 -0.000571034150198102 -0.027838919311761856 -0.027720235288143158 -0.9992278218269348
1732203487.287802 -2.1843621730804443 8.633692741394043 -23.033092498779297 -0.002896582707762718 -0.05798949673771858 -0.041499506682157516 -0.997450053691864
1732203488.087836 -2.045248508453369 8.362282752990723 -22.23470115661621 -0.00011902130063390359 -0.06250651180744171 -0.0436871275305748 -0.9970880150794983
1732203488.754289 -1.8986213207244873 8.132089614868164 -21.50625228881836 0.005862243007868528 -0.0692996010184288 -0.04865950345993042 -0.996391236782074
1732203489.287807 -1.788540244102478 7.946425437927246 -20.955141067504883 0.0029776410665363073 -0.07484663277864456 -0.05070827901363373 -0.9959005117416382
1732203489.954488 -1.6200062036514282 7.714762210845947 -20.23147964477539 0.00353453541174531 -0.0815846398472786 -0.05280209705233574 -0.99526047706604
1732203490.687785 -1.4318102598190308 7.460643768310547 -19.434232711791992 0.006093372590839863 -0.08710318803787231 -0.05246226489543915 -0.9947983026504517
1732203491.287603 -1.2883999347686768 7.244691848754883 -18.785825729370117 0.004905985202640295 -0.08475301414728165 -0.055105194449424744 -0.9948650002479553
1732203491.954416 -1.1851800680160522 7.010587692260742 -18.080629348754883 0.0022048328537493944 -0.05817580968141556 -0.04554927349090576 -0.9972643256187439
1732203492.687758 -1.073568344116211 6.747936725616455 -17.273643493652344 0.000928580469917506 -0.043714072555303574 -0.043818261474370956 -0.9980822801589966
1732203493.287791 -0.9799495339393616 6.532590866088867 -16.613300323486328 0.0025120938662439585 -0.04486530274152756 -0.044915199279785156 -0.9979797005653381
1732203493.887566 -0.8777257800102234 6.3149614334106445 -15.965747833251953 -0.0001936058688443154 -0.04187023639678955 -0.047594670206308365 -0.9979888200759888
1732203494.487755 -0.7762880325317383 6.112943172454834 -15.33806037902832 0.002257669810205698 -0.04714168608188629 -0.04970390722155571 -0.997648298740387
1732203495.087754 -0.661510705947876 5.916352272033691 -14.737944602966309 0.0011114105582237244 -0.05693046748638153 -0.05437743663787842 -0.9968955516815186
1732203495.887746 -0.4879961907863617 5.682032108306885 -14.025129318237305 0.0012229718267917633 -0.07893868535757065 -0.0625300481915474 -0.9949157238006592
1732203496.687538 -0.2979152798652649 5.459615707397461 -13.36676025390625 -0.0020340606570243835 -0.09218711405992508 -0.06781113147735596 -0.9934278726577759
1732203497.4877 -0.07482627779245377 5.204997539520264 -12.580269813537598 -0.0011236126301810145 -0.09946712106466293 -0.06970549374818802 -0.9925956726074219
1732203498.088091 0.1195271909236908 4.990455627441406 -11.919672012329102 0.00020833671442233026 -0.10450171679258347 -0.07405177503824234 -0.9917639493942261
1732203498.687692 0.28532013297080994 4.773824691772461 -11.264752388000488 -0.0010363898472860456 -0.08983631432056427 -0.06796801090240479 -0.9936341047286987
1732203499.287693 0.4164429008960724 4.5500688552856445 -10.604701042175293 -0.0030719288624823093 -0.07115096598863602 -0.06403323262929916 -0.9954034090042114
1732203499.887676 0.5606675148010254 4.3398051261901855 -9.938815116882324 -0.00022988871205598116 -0.07354243844747543 -0.06477147340774536 -0.9951865077018738
1732203500.421042 0.6925092339515686 4.148576259613037 -9.349761009216309 -0.00028055268921889365 -0.07369250804185867 -0.0659501925110817 -0.9950979948043823
1732203501.020808 0.8233102560043335 3.9307477474212646 -8.680547714233398 -0.0005972756771370769 -0.06766069680452347 -0.06218412518501282 -0.9957684874534607
1732203501.620815 0.9281563758850098 3.7156286239624023 -8.02280044555664 -0.00046185715473257005 -0.05456794798374176 -0.054950375109910965 -0.9969968199729919
1732203502.220968 1.0077534914016724 3.4881789684295654 -7.354817867279053 -0.00229599978774786 -0.04177367687225342 -0.04655318707227707 -0.9980393648147583
1732203502.887689 1.1058543920516968 3.2274575233459473 -6.611989974975586 -0.005137982778251171 -0.03908544033765793 -0.04452028498053551 -0.9982303977012634
1732203503.48745 1.1826021671295166 2.998671293258667 -5.930904865264893 -0.003116009756922722 -0.036868780851364136 -0.0402018204331398 -0.9985063076019287
1732203504.087451 1.2542610168457031 2.7724664211273193 -5.267346382141113 -0.004464108496904373 -0.03367929905653 -0.03707621619105339 -0.9987347722053528
1732203504.687613 1.32118821144104 2.5615646839141846 -4.64765739440918 -0.005789367016404867 -0.031005671247839928 -0.03530463948845863 -0.9988787770271301
1732203505.28762 1.3662381172180176 2.376035213470459 -4.100336074829102 -0.003499566577374935 -0.02736654505133629 -0.03203963115811348 -0.9991058111190796
1732203505.620956 1.3889302015304565 2.290003776550293 -3.8540265560150146 -0.004253538325428963 -0.026627304032444954 -0.03264846280217171 -0.9991031289100647
1732203506.020767 1.3992114067077637 2.237201690673828 -3.67533016204834 0.0021065673790872097 -0.022839833050966263 -0.030553719028830528 -0.999269962310791
