1750948304.149872 -0.0 -0.0 -0.0 -0.0 -0.0 -0.0 1.0
1750948305.949816 -0.007011856883764267 -0.049285970628261566 0.10465377569198608 0.009557963348925114 -0.007609597872942686 -0.0030541911255568266 0.9999207854270935
1750948306.349826 -0.03269258514046669 -0.19688479602336884 0.5629886984825134 0.0001975447084987536 -0.023086989298462868 -0.008731130510568619 0.999695360660553
1750948307.016625 -0.10457190126180649 -0.4383080303668976 1.2350081205368042 0.006716567557305098 -0.045542892068624496 -0.019162269309163094 0.9987560510635376
1750948307.749767 -0.20767010748386383 -0.6924324631690979 1.9445987939834595 0.005486169829964638 -0.057040706276893616 -0.023851629346609116 0.9980718493461609
1750948308.41664 -0.27322039008140564 -0.9547393321990967 2.6505587100982666 0.011936073191463947 -0.04710005968809128 -0.02129387855529785 0.9985918998718262
1750948308.949782 -0.323740690946579 -1.2192333936691284 3.388354539871216 0.011048789136111736 -0.036278266459703445 -0.019738437607884407 0.9990856647491455
1750948309.416565 -0.35546183586120605 -1.4531903266906738 4.011549949645996 0.015525934286415577 -0.03099897690117359 -0.017311835661530495 0.9992489218711853
1750948310.016397 -0.3930068016052246 -1.7470990419387817 4.824347496032715 0.013858224265277386 -0.025377722457051277 -0.015144610777497292 0.9994671940803528
1750948310.616399 -0.4271834194660187 -2.053218126296997 5.6346282958984375 0.017596691846847534 -0.024181921035051346 -0.014126952737569809 0.9994528889656067
1750948311.216516 -0.46301037073135376 -2.3589460849761963 6.433867931365967 0.01648215390741825 -0.02382298931479454 -0.015244990587234497 0.9994640946388245
1750948311.749847 -0.49317023158073425 -2.6274466514587402 7.139247894287109 0.01904958114027977 -0.02859768085181713 -0.017743105068802834 0.9992519617080688
1750948312.34966 -0.5525931119918823 -2.928889513015747 7.924463748931885 0.019131843000650406 -0.038162872195243835 -0.02258438803255558 0.9988331198692322
1750948312.949676 -0.629597008228302 -3.213125705718994 8.703553199768066 0.016823895275592804 -0.05532999336719513 -0.02689484693109989 0.9979640245437622
1750948313.54981 -0.757901668548584 -3.4927618503570557 9.456440925598145 0.016232416033744812 -0.08246077597141266 -0.03497473895549774 0.9958481788635254
1750948314.016302 -0.9125453233718872 -3.70528244972229 10.040746688842773 0.016068795695900917 -0.11360848695039749 -0.04455035552382469 0.9923962354660034
1750948314.616281 -1.1697028875350952 -3.9634501934051514 10.74710464477539 0.017998062074184418 -0.15870177745819092 -0.0609702505171299 0.9852778911590576
1750948315.216282 -1.5036969184875488 -4.205794334411621 11.416765213012695 0.019621143117547035 -0.2029910534620285 -0.07567133009433746 0.9760550856590271
1750948315.816444 -1.9103076457977295 -4.444904327392578 12.030001640319824 0.023584458976984024 -0.2534298002719879 -0.0920107364654541 0.9626792073249817
1750948316.416237 -2.3729705810546875 -4.679080486297607 12.59280776977539 0.03044678457081318 -0.31042003631591797 -0.10688594728708267 0.9440804123878479
1750948317.016654 -2.9344286918640137 -4.876625061035156 13.103822708129883 0.022719228640198708 -0.37105226516723633 -0.12880481779575348 0.9193549156188965
1750948317.616232 -3.561786413192749 -5.042327404022217 13.526618957519531 0.023544901981949806 -0.43041083216667175 -0.15317104756832123 0.889230489730835
1750948318.216372 -4.253838539123535 -5.1864142417907715 13.897979736328125 0.023789117112755775 -0.47341489791870117 -0.17166577279567719 0.8636221885681152
1750948318.816186 -4.991538047790527 -5.302403450012207 14.185789108276367 0.02436870150268078 -0.5225437879562378 -0.19139273464679718 0.8304956555366516
1750948319.349522 -5.662442207336426 -5.389041900634766 14.387171745300293 0.02788696251809597 -0.5500123500823975 -0.19905194640159607 0.8106091022491455
1750948319.949658 -6.436093330383301 -5.466747760772705 14.555793762207031 0.02851857990026474 -0.5852536559104919 -0.20994742214679718 0.7826793789863586
1750948320.416311 -7.049305438995361 -5.509563446044922 14.638434410095215 0.029141750186681747 -0.6105654835700989 -0.2193799465894699 0.7604163289070129
1750948321.016151 -7.836088180541992 -5.545930862426758 14.693756103515625 0.02886895462870598 -0.6407167315483093 -0.23094542324543 0.7316508293151855
1750948321.616124 -8.615339279174805 -5.562169551849365 14.676377296447754 0.029932772740721703 -0.6689427495002747 -0.2419900894165039 0.7021826505661011
1750948322.216271 -9.390007972717285 -5.540677070617676 14.575004577636719 0.03251178562641144 -0.7129000425338745 -0.2543705105781555 0.6526961326599121
1750948322.816083 -10.136028289794922 -5.476418495178223 14.34780502319336 0.03275582566857338 -0.755666196346283 -0.270457923412323 0.5956074595451355
1750948323.416079 -10.818825721740723 -5.385673999786377 14.069156646728516 0.032756686210632324 -0.7918210029602051 -0.2887360453605652 0.5371946096420288
1750948324.016076 -11.44964599609375 -5.266600608825684 13.659050941467285 0.03765280172228813 -0.830315351486206 -0.29062095284461975 0.47402337193489075
1750948324.616193 -12.031761169433594 -5.122005939483643 13.199213981628418 0.03690994158387184 -0.8579447865486145 -0.2988126873970032 0.41626855731010437
1750948325.216026 -12.556232452392578 -4.941638946533203 12.674552917480469 0.03572557121515274 -0.8768656849861145 -0.3083359897136688 0.36709558963775635
1750948325.749373 -13.01405143737793 -4.78471565246582 12.173715591430664 0.037961289286613464 -0.8893483281135559 -0.30795130133628845 0.3358340859413147
1750948326.34952 -13.482147216796875 -4.586382865905762 11.560410499572754 0.04075469821691513 -0.8998481631278992 -0.30795133113861084 0.3062327206134796
1750948326.949304 -13.945760726928711 -4.396523475646973 10.950580596923828 0.040006961673498154 -0.9022320508956909 -0.30761510133743286 0.29958269000053406
1750948327.415978 -14.292228698730469 -4.265296936035156 10.471829414367676 0.04220428690314293 -0.9064313173294067 -0.29688891768455505 0.29741913080215454
1750948328.016261 -14.732000350952148 -4.127852439880371 9.910706520080566 0.04357348009943962 -0.9024592041969299 -0.28886550664901733 0.3165839910507202
1750948328.616145 -15.237350463867188 -3.9747960567474365 9.347175598144531 0.03878708556294441 -0.8999055624008179 -0.29334187507629395 0.3203374743461609
1750948329.216142 -15.712894439697266 -3.8144137859344482 8.751850128173828 0.039257630705833435 -0.9003002643585205 -0.2929028272628784 0.31957194209098816
1750948329.815949 -16.18368148803711 -3.6565303802490234 8.174360275268555 0.039158232510089874 -0.9019097685813904 -0.2906540334224701 0.31708937883377075
1750948330.415942 -16.657699584960938 -3.5071985721588135 7.623187065124512 0.03729582205414772 -0.8959240913391113 -0.2940504550933838 0.3308524787425995
1750948331.016038 -17.15213394165039 -3.357588052749634 7.054501533508301 0.03758273273706436 -0.8951558470726013 -0.2907520532608032 0.33577799797058105
1750948331.616069 -17.65929412841797 -3.204277753829956 6.485472679138184 0.03716825321316719 -0.8926112651824951 -0.29014477133750916 0.34304478764533997
1750948332.215941 -18.18868637084961 -3.050678014755249 5.934662818908691 0.0361245721578598 -0.8882277011871338 -0.29217225313186646 0.3526783883571625
1750948332.749276 -18.674989700317383 -2.9200448989868164 5.449317932128906 0.03738338127732277 -0.8844724297523499 -0.2910946011543274 0.362732857465744
1750948333.34935 -19.229257583618164 -2.7650749683380127 4.924490928649902 0.03659556806087494 -0.8803972601890564 -0.2935357093811035 0.3706725835800171
1750948333.949668 -19.781368255615234 -2.621216297149658 4.413228988647461 0.03933214023709297 -0.879827082157135 -0.2887052297592163 0.37550854682922363
1750948334.549168 -20.335630416870117 -2.4685463905334473 3.8816375732421875 0.03980029746890068 -0.877163827419281 -0.2918936014175415 0.3792067766189575
1750948335.149318 -20.883655548095703 -2.320693016052246 3.3555564880371094 0.040085677057504654 -0.8764983415603638 -0.29105857014656067 0.3813512623310089
1750948335.74911 -21.428510665893555 -2.174755096435547 2.8336105346679688 0.04268038645386696 -0.8772706985473633 -0.29160189628601074 0.3788703978061676
1750948336.349111 -21.98234748840332 -2.0300207138061523 2.3201828002929688 0.04257732629776001 -0.8772196173667908 -0.29544806480407715 0.3760097920894623
1750948336.949114 -22.522130966186523 -1.8880295753479004 1.7963371276855469 0.045420266687870026 -0.8812921047210693 -0.2942742705345154 0.3669659197330475
1750948337.549234 -23.04654312133789 -1.7204627990722656 1.2475223541259766 0.045557402074337006 -0.8865782022476196 -0.2978105843067169 0.3510163724422455
1750948338.149065 -23.5163516998291 -1.5724458694458008 0.6801052093505859 0.04752068966627121 -0.8947255611419678 -0.2936777174472809 0.3331085443496704
1750948338.750093 -23.991710662841797 -1.3938555717468262 0.07412528991699219 0.04473203420639038 -0.8990996479988098 -0.29981422424316406 0.3158010244369507
1750948339.349062 -24.49005126953125 -1.2205944061279297 -0.5331974029541016 0.04435928165912628 -0.897465705871582 -0.2957872450351715 0.3241875171661377
1750948339.949011 -24.990528106689453 -1.0515022277832031 -1.1262531280517578 0.04490328207612038 -0.8945263028144836 -0.2961527407169342 0.33181315660476685
1750948340.549 -25.499067306518555 -0.8976726531982422 -1.6929283142089844 0.04505792260169983 -0.8904848098754883 -0.29214897751808167 0.3459126353263855
1750948341.149008 -26.033855438232422 -0.7430038452148438 -2.2449417114257812 0.044166695326566696 -0.8844159841537476 -0.29404720664024353 0.3597136437892914
1750948341.749142 -26.575336456298828 -0.5988245010375977 -2.777118682861328 0.04285256192088127 -0.879720151424408 -0.29095250368118286 0.373634397983551
1750948342.349384 -27.129240036010742 -0.4518604278564453 -3.27734375 0.040296655148267746 -0.8746812343597412 -0.29261019825935364 0.38430213928222656
1750948342.81565 -27.557239532470703 -0.3412322998046875 -3.6702537536621094 0.03699313849210739 -0.8743929862976074 -0.29171162843704224 0.3859699070453644
1750948343.41562 -28.136051177978516 -0.20334815979003906 -4.180442810058594 0.034779176115989685 -0.8735579252243042 -0.2895837724208832 0.3896513879299164
1750948343.949097 -28.636991500854492 -0.0799398422241211 -4.633991241455078 0.0347491092979908 -0.8734826445579529 -0.287320077419281 0.3914943337440491
1750948344.54891 -29.198230743408203 0.05774211883544922 -5.131935119628906 0.03332100436091423 -0.8749793171882629 -0.29121923446655273 0.3853468894958496
1750948345.148917 -29.73880958557129 0.21392536163330078 -5.672111511230469 0.03457826375961304 -0.8777486085891724 -0.29237666726112366 0.37799161672592163
1750948345.748939 -30.274717330932617 0.37192726135253906 -6.230251312255859 0.03673020005226135 -0.8828759789466858 -0.2923935055732727 0.36563238501548767
1750948346.349054 -30.796052932739258 0.5199460983276367 -6.775535583496094 0.03719839081168175 -0.883399486541748 -0.2916083037853241 0.36494702100753784
1750948346.948857 -31.31719207763672 0.668853759765625 -7.291034698486328 0.034595049917697906 -0.8836271166801453 -0.29437255859375 0.36242398619651794
1750948347.548853 -31.827892303466797 0.8195104598999023 -7.821430206298828 0.033207450062036514 -0.884941041469574 -0.29315826296806335 0.3603261709213257
1750948348.149022 -32.33930969238281 0.9694385528564453 -8.35183334350586 0.03075859136879444 -0.8858669400215149 -0.29251158237457275 0.35879066586494446
1750948348.748867 -32.86030197143555 1.127305030822754 -8.900043487548828 0.030408918857574463 -0.8839675784111023 -0.29477936029434204 0.3616376519203186
1750948349.348827 -33.399559020996094 1.278029441833496 -9.43197250366211 0.031795959919691086 -0.8800362944602966 -0.2891216278076172 0.37541165947914124
1750948349.948811 -33.94520950317383 1.4233207702636719 -9.971099853515625 0.03399715572595596 -0.8799192309379578 -0.28809410333633423 0.37628185749053955
1750948350.482297 -34.426414489746094 1.5505647659301758 -10.43105697631836 0.033600155264139175 -0.8789079189300537 -0.2894734740257263 0.37762030959129333
1750948351.082088 -34.995906829833984 1.7043476104736328 -10.979812622070312 0.03521081432700157 -0.8780238032341003 -0.28938475251197815 0.379593163728714
1750948351.548756 -35.42555236816406 1.818221092224121 -11.388492584228516 0.03480508178472519 -0.8773632049560547 -0.2898220121860504 0.38082224130630493
1750948352.082085 -35.934410095214844 1.9511022567749023 -11.864215850830078 0.035477083176374435 -0.8769140839576721 -0.2895502746105194 0.38199976086616516
1750948352.682206 -36.479461669921875 2.100116729736328 -12.380928039550781 0.03588736802339554 -0.8754644989967346 -0.29005298018455505 0.3848939836025238
1750948353.282232 -37.019012451171875 2.242218017578125 -12.882076263427734 0.03753470256924629 -0.8743150234222412 -0.28836938738822937 0.388596773147583
1750948353.748694 -37.457252502441406 2.3608617782592773 -13.280292510986328 0.03685582056641579 -0.8719281554222107 -0.2894324064254761 0.3932071924209595
1750948354.348876 -38.00963592529297 2.496610641479492 -13.788856506347656 0.03877434879541397 -0.8704972863197327 -0.28755760192871094 0.3975445628166199
1750948354.882154 -38.51486587524414 2.624204635620117 -14.234333038330078 0.03864234685897827 -0.8679482340812683 -0.28763288259506226 0.40303835272789
1750948355.482004 -39.114837646484375 2.7559127807617188 -14.732540130615234 0.03907959908246994 -0.8664125204086304 -0.28589242696762085 0.40751412510871887
1750948356.082158 -39.70246124267578 2.8824119567871094 -15.210151672363281 0.03893900662660599 -0.8640360236167908 -0.2848406434059143 0.41326916217803955
1750948356.682003 -40.297157287597656 3.0124950408935547 -15.69757080078125 0.03858591988682747 -0.8614645600318909 -0.2842232882976532 0.4190550744533539
1750948357.282132 -40.88264846801758 3.132711410522461 -16.167499542236328 0.03915288299322128 -0.8598892688751221 -0.2833646237850189 0.422802597284317
1750948357.882114 -41.47358703613281 3.258443832397461 -16.65640640258789 0.03748352453112602 -0.8631963729858398 -0.28465735912323 0.4152797758579254
1750948358.348618 -41.947242736816406 3.3712329864501953 -17.06142807006836 0.03789746016263962 -0.8661235570907593 -0.2862132787704468 0.4080144464969635
1750948358.948624 -42.531558990478516 3.5074520111083984 -17.57073211669922 0.03630785271525383 -0.8703206181526184 -0.2883036732673645 0.39762401580810547
1750948359.548636 -43.10877227783203 3.651365280151367 -18.078014373779297 0.03686127811670303 -0.869637131690979 -0.28890132904052734 0.39863333106040955
1750948360.148724 -43.69348907470703 3.795166015625 -18.585708618164062 0.03564877808094025 -0.8683032989501953 -0.2881588637828827 0.4021730124950409
1750948360.682066 -44.228004455566406 3.923492431640625 -19.033092498779297 0.035999346524477005 -0.8656322360038757 -0.28834256529808044 0.40772971510887146
1750948361.281996 -44.825599670410156 4.063346862792969 -19.51482391357422 0.03455148637294769 -0.8631567358970642 -0.2876684367656708 0.41353780031204224
1750948361.881991 -45.41059875488281 4.193443298339844 -19.99370574951172 0.03485976904630661 -0.8626996874809265 -0.286040335893631 0.4155900180339813
1750948362.481938 -46.02252960205078 4.322273254394531 -20.47222137451172 0.033883385360240936 -0.8619823455810547 -0.2864913046360016 0.4168466627597809
1750948363.081856 -46.617088317871094 4.447376251220703 -20.954208374023438 0.033774517476558685 -0.8625376224517822 -0.28295108675956726 0.4181229770183563
1750948363.681954 -47.21339797973633 4.581628799438477 -21.42721939086914 0.030575087293982506 -0.8611146807670593 -0.2855425477027893 0.41953805088996887
1750948364.281812 -47.80583572387695 4.695888519287109 -21.889739990234375 0.03129153326153755 -0.8629575371742249 -0.278861939907074 0.4201918840408325
1750948364.881886 -48.43287658691406 4.823020935058594 -22.37026596069336 0.02989240735769272 -0.8589047789573669 -0.28017544746398926 0.4276573657989502
1750948365.481817 -49.050865173339844 4.939334869384766 -22.824695587158203 0.02921970747411251 -0.8568450808525085 -0.2775830924510956 0.4334864020347595
1750948365.94854 -49.53621292114258 5.030923843383789 -23.177265167236328 0.029136469587683678 -0.8543587923049927 -0.2778787612915039 0.43818438053131104
1750948366.481753 -50.08100128173828 5.133613586425781 -23.570171356201172 0.02905471809208393 -0.853590726852417 -0.27562180161476135 0.44110244512557983
1750948367.081882 -50.716041564941406 5.249753952026367 -24.031402587890625 0.02775171771645546 -0.8532316088676453 -0.2753407061100006 0.44205570220947266
1750948367.681763 -51.36424255371094 5.3708648681640625 -24.48959732055664 0.025450462475419044 -0.8541266918182373 -0.27524232864379883 0.44052422046661377
1750948368.281721 -52.017433166503906 5.501335144042969 -24.981910705566406 0.024989379569888115 -0.8550686240196228 -0.2758401930332184 0.43834373354911804
1750948368.881835 -52.68085479736328 5.621955871582031 -25.458629608154297 0.024478573352098465 -0.8557649850845337 -0.2743684649467468 0.43793725967407227
1750948369.481699 -53.32451629638672 5.741798400878906 -25.941162109375 0.02231813594698906 -0.8572018146514893 -0.2741527259349823 0.4353702962398529
1750948370.081813 -53.96031951904297 5.874477386474609 -26.425636291503906 0.022245017811655998 -0.8595595955848694 -0.27393147349357605 0.4308410882949829
1750948370.681653 -54.59120178222656 6.001760482788086 -26.90160369873047 0.020132804289460182 -0.859066367149353 -0.2762317955493927 0.4304598569869995
1750948371.214981 -55.17439270019531 6.123004913330078 -27.330123901367188 0.020092394202947617 -0.8569789528846741 -0.2779935896396637 0.43347761034965515
1750948371.681664 -55.67290496826172 6.215429306030273 -27.69287872314453 0.018761083483695984 -0.8560699224472046 -0.2757585048675537 0.4367489218711853
1750948372.215076 -56.24427032470703 6.32098388671875 -28.09844970703125 0.019038543105125427 -0.8540968298912048 -0.273507684469223 0.4419838488101959
1750948372.814946 -56.91139221191406 6.455360412597656 -28.541244506835938 0.015041159465909004 -0.8501073718070984 -0.2756229341030121 0.44846779108047485
1750948373.414953 -57.589561462402344 6.595218658447266 -29.002029418945312 0.01910923607647419 -0.847505509853363 -0.2745377719402313 0.45387035608291626
1750948374.014934 -58.226505279541016 6.716169357299805 -29.45000457763672 0.027931630611419678 -0.845721423625946 -0.2769760489463806 0.4552575647830963
1750948374.614938 -58.87821578979492 6.856739044189453 -29.93248748779297 0.028851158916950226 -0.8518452644348145 -0.2820504605770111 0.4404258728027344
1750948375.214878 -59.48419952392578 6.991903305053711 -30.42730712890625 0.028550520539283752 -0.8630480170249939 -0.2792443037033081 0.41994723677635193
1750948375.815283 -60.098785400390625 7.112678527832031 -30.922653198242188 0.029770370572805405 -0.8659775853157043 -0.27651500701904297 0.41561535000801086
1750948376.41504 -60.70188903808594 7.259727478027344 -31.4139404296875 0.026235079392790794 -0.866340160369873 -0.28206416964530945 0.41134703159332275
1750948377.014894 -61.31935119628906 7.362977981567383 -31.916702270507812 0.028248166665434837 -0.8677685260772705 -0.26962631940841675 0.4165111780166626
1750948377.614998 -61.95417022705078 7.492536544799805 -32.40278625488281 0.025242703035473824 -0.8621149659156799 -0.27572914958000183 0.42437493801116943
1750948378.214825 -62.61430358886719 7.645542144775391 -32.91204833984375 0.02576293796300888 -0.8594690561294556 -0.2815327048301697 0.42589738965034485
1750948378.814954 -63.25613021850586 7.782718658447266 -33.417564392089844 0.03135165572166443 -0.8594085574150085 -0.28325727581977844 0.42449894547462463
1750948379.414783 -63.873294830322266 7.941167831420898 -33.941131591796875 0.028539447113871574 -0.8700850009918213 -0.287366658449173 0.3994472026824951
1750948380.014777 -64.45206451416016 8.116388320922852 -34.507118225097656 0.032801080495119095 -0.8814770579338074 -0.2941191494464874 0.36798930168151855
1750948380.614953 -65.0093994140625 8.300209045410156 -35.10783386230469 0.032629288733005524 -0.8865292072296143 -0.30339184403419495 0.34778547286987305
1750948381.214721 -65.51420593261719 8.504402160644531 -35.73875427246094 0.031413882970809937 -0.8966861367225647 -0.3077000379562378 0.3166825771331787
1750948381.814724 -65.97970581054688 8.734445571899414 -36.395729064941406 0.03079516626894474 -0.9050455093383789 -0.314893513917923 0.28422945737838745
1750948382.214728 -66.263427734375 8.864969253540039 -36.844482421875 0.03574729710817337 -0.9143028855323792 -0.3060430586338043 0.262888103723526
1750948382.814724 -66.66818237304688 9.069313049316406 -37.52845764160156 0.028355615213513374 -0.9221431016921997 -0.3013964891433716 0.24084901809692383
1750948383.414819 -67.03353881835938 9.295543670654297 -38.22241973876953 0.026312801986932755 -0.9263657331466675 -0.3065780699253082 0.2171730101108551
1750948384.014667 -67.34231567382812 9.526546478271484 -38.94810485839844 0.031074829399585724 -0.9319024682044983 -0.30961158871650696 0.18636737763881683
1750948384.614741 -67.58197021484375 9.771583557128906 -39.67974853515625 0.030703764408826828 -0.9377172589302063 -0.313852995634079 0.14573925733566284
1750948385.214675 -67.7611312866211 10.015705108642578 -40.425872802734375 0.0308646522462368 -0.9406905174255371 -0.31993311643600464 0.10858943313360214
1750948385.814621 -67.88919830322266 10.269895553588867 -41.18650436401367 0.03412709757685661 -0.9450680017471313 -0.3176976144313812 0.06892077624797821
1750948386.41462 -67.96045684814453 10.546382904052734 -41.95236587524414 0.03436228260397911 -0.9434165358543396 -0.32709944248199463 0.042314108461141586
1750948387.014626 -67.9976577758789 10.824679374694824 -42.7363395690918 0.03172065317630768 -0.9446958899497986 -0.32590535283088684 0.01814325898885727
1750948387.614758 -67.99413299560547 11.104870796203613 -43.516151428222656 0.023803360760211945 -0.9457452297210693 -0.32379674911499023 -0.012454879470169544
1750948388.214583 -67.9334487915039 11.388708114624023 -44.30207443237305 0.02505842037498951 -0.9440741539001465 -0.32603469491004944 -0.04239816218614578
1750948388.814588 -67.82450866699219 11.675888061523438 -45.074371337890625 0.025390494614839554 -0.9405730366706848 -0.3304874897003174 -0.07386285811662674
1750948389.414733 -67.65850830078125 11.963770866394043 -45.84901809692383 0.02043900080025196 -0.9364720582962036 -0.332924485206604 -0.10846073925495148
1750948389.814657 -67.51567077636719 12.153300285339355 -46.358463287353516 0.018413634970784187 -0.9348734021186829 -0.32985344529151917 -0.12988215684890747
1750948390.41451 -67.27338409423828 12.432554244995117 -47.10991668701172 0.011882228776812553 -0.9333500862121582 -0.3241686522960663 -0.15372461080551147
1750948391.014521 -67.01112365722656 12.719508171081543 -47.87250518798828 0.013971569947898388 -0.9298043251037598 -0.32877036929130554 -0.1648598611354828
1750948391.614513 -66.70965576171875 13.004000663757324 -48.61131286621094 0.02058001421391964 -0.9254118800163269 -0.32812070846557617 -0.18848413228988647
1750948392.214411 -66.34864044189453 13.278898239135742 -49.32923126220703 0.026312848553061485 -0.9221346378326416 -0.3208589553833008 -0.21453438699245453
1750948392.814473 -65.96405792236328 13.53377628326416 -50.03458786010742 0.031127071008086205 -0.9185272455215454 -0.3155803084373474 -0.23610995709896088
1750948393.41455 -65.57632446289062 13.813865661621094 -50.7254638671875 0.03625604510307312 -0.9120433926582336 -0.3241218626499176 -0.24861076474189758
1750948394.014625 -65.17335510253906 14.08678913116455 -51.40044403076172 0.03534664958715439 -0.9079630970954895 -0.32585689425468445 -0.26109579205513
1750948394.41544 -64.89285278320312 14.25771427154541 -51.852577209472656 0.03310554847121239 -0.9078072905540466 -0.31954091787338257 -0.269599050283432
1750948395.014454 -64.45664978027344 14.513405799865723 -52.50575637817383 0.03428887203335762 -0.9056597352027893 -0.31694602966308594 -0.2795531749725342
1750948395.614488 -63.95631408691406 14.763139724731445 -53.14183807373047 0.03241961449384689 -0.8922241926193237 -0.3146091401576996 -0.3223446011543274
1750948396.214414 -63.41082000732422 14.999079704284668 -53.732154846191406 0.029856601729989052 -0.882456362247467 -0.31114140152931213 -0.3515259921550751
1750948396.814359 -62.82527160644531 15.236616134643555 -54.29237747192383 0.03007189743220806 -0.8721473813056946 -0.30936864018440247 -0.3778171241283417
1750948397.41436 -62.21605682373047 15.451913833618164 -54.82373046875 0.026748724281787872 -0.8654504418373108 -0.3025546073913574 -0.39842289686203003
1750948398.014443 -61.610191345214844 15.661704063415527 -55.32575988769531 0.026043212041258812 -0.8573952317237854 -0.30524942278862 -0.4135431945323944
1750948398.61446 -60.97185516357422 15.864160537719727 -55.82781219482422 0.02353723533451557 -0.8526444435119629 -0.30197545886039734 -0.4257396459579468
1750948399.214408 -60.338218688964844 16.068748474121094 -56.30453109741211 0.023147983476519585 -0.8481050133705139 -0.3004823327064514 -0.4357664883136749
1750948399.814312 -59.69628143310547 16.273147583007812 -56.78488540649414 0.019776806235313416 -0.8440665006637573 -0.3042932152748108 -0.4410967230796814
1750948400.41431 -59.06434631347656 16.485626220703125 -57.26307678222656 0.02116220071911812 -0.8468979001045227 -0.30551838874816895 -0.4347119927406311
1750948401.014243 -58.41015625 16.70404815673828 -57.75680923461914 0.02193569391965866 -0.844728946685791 -0.3086536228656769 -0.43667471408843994
1750948401.614361 -57.74674987792969 16.911149978637695 -58.23094940185547 0.022223033010959625 -0.8460208773612976 -0.30293047428131104 -0.4381641745567322
1750948402.214262 -57.105384826660156 17.120040893554688 -58.692771911621094 0.026257093995809555 -0.8444784283638 -0.3041522800922394 -0.4400661289691925
1750948402.814276 -56.45470428466797 17.328649520874023 -59.154293060302734 0.03021242842078209 -0.8436695337295532 -0.30154532194137573 -0.4431472420692444
1750948403.414709 -55.788597106933594 17.539791107177734 -59.62169647216797 0.033971745520830154 -0.8427676558494568 -0.29991981387138367 -0.44568687677383423
1750948404.014223 -55.13292694091797 17.7454833984375 -60.07569122314453 0.03577549755573273 -0.8407437205314636 -0.30141374468803406 -0.4483524262905121
1750948404.614207 -54.46643829345703 17.957717895507812 -60.53058624267578 0.036329735070466995 -0.8398868441581726 -0.3006586730480194 -0.45041623711586
1750948405.014236 -54.00859069824219 18.104938507080078 -60.84770584106445 0.03649352118372917 -0.8393790125846863 -0.3032642602920532 -0.4496019184589386
1750948405.614357 -53.35685729980469 18.317157745361328 -61.33007049560547 0.03394216299057007 -0.8438779711723328 -0.3029623329639435 -0.44151055812835693
1750948406.214174 -52.73881530761719 18.529796600341797 -61.81121826171875 0.03219130262732506 -0.849153459072113 -0.30415773391723633 -0.43056967854499817
1750948406.814161 -52.107757568359375 18.747011184692383 -62.300537109375 0.03320355340838432 -0.8500381112098694 -0.30488482117652893 -0.4282265603542328
1750948407.214223 -51.676048278808594 18.894105911254883 -62.64237594604492 0.031961750239133835 -0.8522487878799438 -0.30524101853370667 -0.42364901304244995
1750948407.814256 -51.028343200683594 19.136381149291992 -63.16297149658203 0.03372476249933243 -0.8533154726028442 -0.3110876679420471 -0.4170609712600708
1750948408.414178 -50.424461364746094 19.358360290527344 -63.67266845703125 0.03125612810254097 -0.8572735786437988 -0.3085824251174927 -0.4109525680541992
1750948409.014104 -49.807655334472656 19.587215423583984 -64.19368743896484 0.03209797665476799 -0.8586760759353638 -0.30829209089279175 -0.40816810727119446
1750948409.614191 -49.206809997558594 19.81231117248535 -64.69535827636719 0.03076879493892193 -0.8550248742103577 -0.3095416724681854 -0.414933443069458
1750948410.214049 -48.558692932128906 20.054622650146484 -65.20281219482422 0.031559254974126816 -0.8502970337867737 -0.3106400668621063 -0.42367637157440186
1750948410.814118 -47.90009307861328 20.274654388427734 -65.63904571533203 0.031938474625349045 -0.835840106010437 -0.3081130087375641 -0.4532302916049957
1750948411.414049 -47.204139709472656 20.474777221679688 -66.04042053222656 0.032974183559417725 -0.8223877549171448 -0.3040561378002167 -0.4797300398349762
1750948412.013991 -46.487937927246094 20.672338485717773 -66.41752624511719 0.030425410717725754 -0.8124216794967651 -0.3024026155471802 -0.49759212136268616
1750948412.414081 -45.98796081542969 20.812049865722656 -66.67717742919922 0.02879743091762066 -0.8074982762336731 -0.3042909801006317 -0.5045039653778076
1750948413.014078 -45.238189697265625 21.00178337097168 -67.042236328125 0.025331713259220123 -0.797934353351593 -0.3019833266735077 -0.5210232138633728
1750948413.614011 -44.45759582519531 21.179645538330078 -67.34877014160156 0.022474465891718864 -0.7802637219429016 -0.29805076122283936 -0.549407958984375
1750948414.213947 -43.663307189941406 21.33971405029297 -67.5988540649414 0.022392017766833305 -0.7623100280761719 -0.2932731807231903 -0.5765178799629211
1750948414.813951 -42.86360549926758 21.473575592041016 -67.81343841552734 0.017862170934677124 -0.748224675655365 -0.2863833010196686 -0.5981850624084473
1750948415.413954 -42.053932189941406 21.60033416748047 -68.02703094482422 0.010424486361443996 -0.7369744181632996 -0.2860894501209259 -0.6123012900352478
1750948415.947272 -41.30924606323242 21.725261688232422 -68.16966247558594 0.014677024446427822 -0.7212739586830139 -0.29026052355766296 -0.6287267804145813
1750948416.413956 -40.678768157958984 21.804025650024414 -68.28123474121094 0.00990419089794159 -0.7152988910675049 -0.28110402822494507 -0.6397108435630798
1750948417.013914 -39.88331985473633 21.895904541015625 -68.3818359375 0.011775733903050423 -0.6972423195838928 -0.2752995193004608 -0.6617587804794312
1750948417.613886 -39.07065963745117 21.936779022216797 -68.41607666015625 0.0012325192801654339 -0.6714228987693787 -0.26065531373023987 -0.6937209367752075
1750948418.213902 -38.27535629272461 21.936386108398438 -68.39655303955078 -0.017109867185354233 -0.6502320766448975 -0.24300417304039001 -0.7196210622787476
1750948418.747327 -37.54381561279297 21.929157257080078 -68.3288803100586 -0.014169528149068356 -0.6257503628730774 -0.24108712375164032 -0.7416958808898926
1750948419.347314 -36.751304626464844 21.911527633666992 -68.20120239257812 -0.00917129684239626 -0.5981672406196594 -0.23354248702526093 -0.7665309906005859
1750948419.947272 -35.927223205566406 21.888065338134766 -68.02809143066406 -0.004924466367810965 -0.5821781754493713 -0.22861745953559875 -0.7802425026893616
1750948420.547271 -35.126747131347656 21.849763870239258 -67.8363265991211 -0.0063984026201069355 -0.5631073713302612 -0.22386512160301208 -0.7954581379890442
1750948421.147244 -34.352203369140625 21.802547454833984 -67.62239074707031 -0.005935883615165949 -0.547458291053772 -0.21898402273654938 -0.8076511025428772
1750948421.747217 -33.58865737915039 21.74021339416504 -67.36598205566406 -0.00456478213891387 -0.5274381637573242 -0.21054765582084656 -0.8230783343315125
1750948422.347348 -32.84260177612305 21.668018341064453 -67.05291748046875 0.0009308027802035213 -0.5018254518508911 -0.20535698533058167 -0.8402374386787415
1750948422.947202 -32.11167907714844 21.580659866333008 -66.69649505615234 0.004706437699496746 -0.47920510172843933 -0.1971135288476944 -0.8552699089050293
1750948423.547205 -31.41612434387207 21.486446380615234 -66.31378936767578 0.0060831825248897076 -0.45916441082954407 -0.19138284027576447 -0.8674697279930115
1750948424.14717 -30.727947235107422 21.395090103149414 -65.9091796875 0.009184976108372211 -0.4392336905002594 -0.19227886199951172 -0.8775068521499634
1750948424.747201 -30.081497192382812 21.288265228271484 -65.49195861816406 0.0064193266443908215 -0.42306363582611084 -0.1844661980867386 -0.8871010541915894
1750948425.347139 -29.446025848388672 21.17804718017578 -65.042236328125 0.008840088732540607 -0.40895113348960876 -0.17898277938365936 -0.8947883248329163
1750948425.947146 -28.800752639770508 21.05848503112793 -64.58502960205078 0.006874597631394863 -0.4029228985309601 -0.17550233006477356 -0.8982231616973877
1750948426.547326 -28.134719848632812 20.944734573364258 -64.11663818359375 0.008110979571938515 -0.40858128666877747 -0.17706552147865295 -0.8953453302383423
1750948427.147279 -27.47968292236328 20.841920852661133 -63.651771545410156 0.010060370899736881 -0.4093483090400696 -0.17831143736839294 -0.8947278261184692
1750948427.747107 -26.844017028808594 20.72118377685547 -63.19303512573242 0.009529069997370243 -0.4045872092247009 -0.1750297099351883 -0.8975427150726318
1750948428.347102 -26.19536018371582 20.618751525878906 -62.75635528564453 0.01131400465965271 -0.4152909517288208 -0.17909404635429382 -0.8918132185935974
1750948428.947068 -25.510452270507812 20.51837158203125 -62.30255889892578 0.010664621368050575 -0.42126062512397766 -0.179734006524086 -0.8888877630233765
1750948429.54708 -24.86044692993164 20.411727905273438 -61.85704803466797 0.011175931431353092 -0.41759592294692993 -0.1795046329498291 -0.8906553387641907
1750948430.147007 -24.200824737548828 20.297840118408203 -61.39332962036133 0.009476433508098125 -0.4113304316997528 -0.17430703341960907 -0.8946141600608826
1750948430.747026 -23.567522048950195 20.184045791625977 -60.926605224609375 0.011895308271050453 -0.40495461225509644 -0.17115002870559692 -0.8980967998504639
1750948431.347012 -22.934844970703125 20.069625854492188 -60.44786071777344 0.012028767727315426 -0.4008321464061737 -0.1688321977853775 -0.9003803133964539
1750948431.946959 -22.287418365478516 19.95086669921875 -59.96336364746094 0.011608211323618889 -0.3976059556007385 -0.16760395467281342 -0.9020441770553589
1750948432.546957 -21.648527145385742 19.839324951171875 -59.491817474365234 0.011004348285496235 -0.4008813202381134 -0.16595317423343658 -0.900906503200531
1750948433.147061 -21.022512435913086 19.729408264160156 -59.0551872253418 0.012308907695114613 -0.40820711851119995 -0.16699141263961792 -0.8974014520645142
1750948433.74699 -20.3804931640625 19.61948013305664 -58.59838104248047 0.014369589276611805 -0.41363027691841125 -0.16522440314292908 -0.895211935043335
1750948434.346911 -19.746196746826172 19.5069580078125 -58.14252471923828 0.014939616434276104 -0.41469940543174744 -0.16417938470840454 -0.8949002623558044
1750948434.74692 -19.306442260742188 19.43044662475586 -57.828182220458984 0.013154080137610435 -0.4136809706687927 -0.16459889709949493 -0.8953224420547485
1750948435.346914 -18.65854263305664 19.306808471679688 -57.375205993652344 0.013259845785796642 -0.4108808636665344 -0.16510552167892456 -0.8965162634849548
1750948435.946916 -18.015270233154297 19.191476821899414 -56.92228317260742 0.01136542297899723 -0.41143181920051575 -0.16486896574497223 -0.8963330984115601
1750948436.546852 -17.376859664916992 19.075101852416992 -56.48174285888672 0.013030440546572208 -0.411268025636673 -0.1668432503938675 -0.8960201740264893
1750948437.14685 -16.761661529541016 18.959434509277344 -56.05110168457031 0.008975408039987087 -0.40998393297195435 -0.16638921201229095 -0.8967426419258118
1750948437.746901 -16.131174087524414 18.838951110839844 -55.6010856628418 0.007222612854093313 -0.4085911512374878 -0.16863785684108734 -0.8969740867614746
1750948438.346856 -15.469144821166992 18.71713638305664 -55.125938415527344 0.007936118170619011 -0.40840962529182434 -0.17144708335399628 -0.8965179920196533
1750948438.94683 -14.812092781066895 18.59592056274414 -54.65631866455078 0.00898538064211607 -0.4093396067619324 -0.17107830941677094 -0.8961543440818787
1750948439.546828 -14.165072441101074 18.480649948120117 -54.186126708984375 0.00679042050614953 -0.41063013672828674 -0.16917593777179718 -0.8959444165229797
1750948440.147026 -13.524136543273926 18.349136352539062 -53.69853973388672 0.006528133992105722 -0.3967289626598358 -0.16206207871437073 -0.9034929275512695
1750948440.746625 -12.907387733459473 18.212215423583984 -53.19124984741211 0.008581546135246754 -0.37844324111938477 -0.15726906061172485 -0.912125825881958
1750948441.346777 -12.32370376586914 18.070667266845703 -52.66023635864258 0.008814307861030102 -0.35918736457824707 -0.15301083028316498 -0.9205945730209351
1750948441.946763 -11.726259231567383 17.920085906982422 -52.13166809082031 0.007415740750730038 -0.35943636298179626 -0.15348351001739502 -0.9204310774803162
1750948442.546742 -11.150815963745117 17.76454734802246 -51.57494354248047 0.007465355098247528 -0.34658804535865784 -0.14817115664482117 -0.9262107014656067
1750948443.146753 -10.614749908447266 17.60810089111328 -51.00168991088867 0.011118036694824696 -0.3320399522781372 -0.14498695731163025 -0.9319896697998047
1750948443.746727 -10.099823951721191 17.4303035736084 -50.44984817504883 -0.003378896042704582 -0.3167661130428314 -0.1398794800043106 -0.9381266832351685
1750948444.346817 -9.56576919555664 17.26565170288086 -49.852272033691406 0.008440833538770676 -0.30615484714508057 -0.14329805970191956 -0.94109708070755
1750948444.946693 -9.062005996704102 17.09310531616211 -49.24117660522461 0.00634711142629385 -0.29087528586387634 -0.13882939517498016 -0.9466138482093811
1750948445.546694 -8.579625129699707 16.910770416259766 -48.61296081542969 0.005775499623268843 -0.277217835187912 -0.13361641764640808 -0.951453447341919
1750948446.146697 -8.136009216308594 16.73237419128418 -48.0168342590332 0.003698619781062007 -0.26322799921035767 -0.1266975998878479 -0.9563707709312439
1750948446.746678 -7.735227584838867 16.532331466674805 -47.38116455078125 0.002191422739997506 -0.2511233985424042 -0.1170903742313385 -0.9608444571495056
1750948447.346457 -7.343099594116211 16.349348068237305 -46.77803039550781 0.005167994648218155 -0.23572155833244324 -0.11108901351690292 -0.9654366374015808
1750948447.94662 -6.978168964385986 16.14159393310547 -46.092620849609375 0.006784128490835428 -0.22013963758945465 -0.1029839739203453 -0.9699932336807251
1750948448.546606 -6.645360469818115 15.947450637817383 -45.45085906982422 0.009373948909342289 -0.20453591644763947 -0.09585027396678925 -0.9741098284721375
1750948449.146607 -6.327977657318115 15.75082778930664 -44.82427215576172 0.0069305445067584515 -0.19345512986183167 -0.09170346707105637 -0.9767894744873047
1750948449.746592 -5.992086410522461 15.53582763671875 -44.1246337890625 0.007481051608920097 -0.18929512798786163 -0.09028499573469162 -0.9777321219444275
1750948450.346568 -5.662754058837891 15.328497886657715 -43.46405029296875 0.005720579531043768 -0.1888255625963211 -0.08968442678451538 -0.9778900146484375
1750948450.946569 -5.335092544555664 15.114309310913086 -42.7765998840332 0.003948695491999388 -0.18994396924972534 -0.08637194335460663 -0.977980375289917
1750948451.546577 -5.013690948486328 14.910406112670898 -42.10562515258789 0.008527562953531742 -0.189064159989357 -0.08525320142507553 -0.978219747543335
1750948452.146522 -4.68861198425293 14.703559875488281 -41.40458679199219 0.011090676300227642 -0.1852450668811798 -0.08577103167772293 -0.9788792729377747
1750948452.746522 -4.3572235107421875 14.496650695800781 -40.71865463256836 0.0074378675781190395 -0.1813315600156784 -0.08530297130346298 -0.9796872138977051
1750948453.213319 -4.11075496673584 14.328930854797363 -40.17705535888672 0.00789586454629898 -0.17863009870052338 -0.08373429626226425 -0.980315089225769
1750948453.813165 -3.8086705207824707 14.123948097229004 -39.494205474853516 0.007642335724085569 -0.17571520805358887 -0.08253778517246246 -0.9809451103210449
1750948454.413114 -3.5002691745758057 13.904197692871094 -38.80705642700195 0.005932929459959269 -0.17231887578964233 -0.08149930089712143 -0.9816460013389587
1750948454.879799 -3.2657594680786133 13.736822128295898 -38.278167724609375 0.00428425008431077 -0.16961035132408142 -0.08153948187828064 -0.9821228981018066
1750948455.413112 -3.0035176277160645 13.543200492858887 -37.654327392578125 0.00616639107465744 -0.16302500665187836 -0.07956801354885101 -0.9833889603614807
1750948455.946456 -2.789536476135254 13.34597110748291 -37.02536392211914 0.004154288209974766 -0.13717874884605408 -0.07151437550783157 -0.9879526495933533
1750948456.546406 -2.567075490951538 13.124558448791504 -36.323909759521484 0.004922584164887667 -0.12306409329175949 -0.06690051406621933 -0.9901289343833923
1750948457.146419 -2.38350248336792 12.901650428771973 -35.62272644042969 0.0043209148570895195 -0.10661955177783966 -0.06065091863274574 -0.9924389719963074
1750948457.746697 -2.235217809677124 12.664313316345215 -34.912193298339844 0.0028762563597410917 -0.08389268070459366 -0.05281304940581322 -0.9950700998306274
1750948458.346421 -2.087592840194702 12.435328483581543 -34.2170524597168 0.0017007532296702266 -0.07459619641304016 -0.05058266595005989 -0.9959287047386169
1750948458.946315 -1.954586148262024 12.189141273498535 -33.47136306762695 0.003694279119372368 -0.06863663345575333 -0.04553624987602234 -0.9965951442718506
1750948459.47969 -1.8444708585739136 11.96946907043457 -32.809898376464844 0.0019380750600248575 -0.0646418109536171 -0.04196152836084366 -0.9970240592956543
1750948460.079653 -1.728843331336975 11.724775314331055 -32.054779052734375 0.0018120505847036839 -0.059078097343444824 -0.03853149712085724 -0.9975078701972961
1750948460.679473 -1.6223492622375488 11.482995986938477 -31.28282356262207 0.010482396930456161 -0.05666390061378479 -0.03673625737428665 -0.9976621270179749
1750948461.079657 -1.5334722995758057 11.315051078796387 -30.764408111572266 0.0074620842933654785 -0.0668666735291481 -0.03790457174181938 -0.9970138072967529
1750948461.546278 -1.4214948415756226 11.11668586730957 -30.188888549804688 0.0016191640170291066 -0.07035230845212936 -0.03945103660225868 -0.996740460395813
1750948462.146305 -1.2862380743026733 10.87004566192627 -29.452190399169922 0.0005020630196668208 -0.0740937814116478 -0.040251657366752625 -0.9964385032653809
1750948462.746303 -1.1525570154190063 10.625263214111328 -28.707216262817383 -5.993416198180057e-05 -0.07630398869514465 -0.040912333875894547 -0.9962449073791504
1750948463.346267 -0.9981153011322021 10.374279975891113 -27.948450088500977 0.0033438943792134523 -0.07826786488294601 -0.03703908622264862 -0.9962385296821594
1750948463.946231 -0.8545945286750793 10.121662139892578 -27.21074676513672 -0.0037080449983477592 -0.0780530497431755 -0.03437943384051323 -0.9963493347167969
1750948464.546214 -0.6981080770492554 9.866202354431152 -26.466527938842773 -0.004497859627008438 -0.07832540571689606 -0.03245632350444794 -0.9963892698287964
1750948465.146055 -0.5365204215049744 9.604580879211426 -25.691265106201172 0.0005813647294417024 -0.08243926614522934 -0.034081071615219116 -0.9960130453109741
1750948465.679651 -0.404365599155426 9.37546443939209 -25.021142959594727 -0.000644451065454632 -0.08470265567302704 -0.0352267324924469 -0.995783269405365
1750948466.146205 -0.2666839361190796 9.173624992370605 -24.428464889526367 -0.00040031797834672034 -0.08677224069833755 -0.036362409591674805 -0.9955642819404602
1750948466.746196 -0.10798776149749756 8.906098365783691 -23.672163009643555 -0.0036871428601443768 -0.0871913731098175 -0.03967318311333656 -0.9953944683074951
1750948467.345989 0.05926559865474701 8.6535005569458 -22.925289154052734 -0.003010711632668972 -0.08778926730155945 -0.04146618768572807 -0.9952711462974548
1750948467.879431 0.21215751767158508 8.42127513885498 -22.25835609436035 -0.003824160434305668 -0.08823468536138535 -0.042335640639066696 -0.995192289352417
1750948468.47944 0.37739548087120056 8.168524742126465 -21.511402130126953 -0.002387190470471978 -0.08872438967227936 -0.04314104840159416 -0.9951186776161194
1750948469.079433 0.5573229193687439 7.919661045074463 -20.746906280517578 0.000514082727022469 -0.08937252312898636 -0.04422646388411522 -0.9950157403945923
1750948469.679257 0.7275159358978271 7.64910364151001 -20.00714111328125 -0.0062486035749316216 -0.09034505486488342 -0.04521290585398674 -0.9948640465736389
1750948470.279386 0.8926836848258972 7.389551162719727 -19.26061248779297 -0.002112903166562319 -0.07854054123163223 -0.044593170285224915 -0.9959108233451843
1750948470.879445 1.054511547088623 7.137053489685059 -18.495155334472656 -0.00023529055761173368 -0.07721435278654099 -0.04447533190250397 -0.9960220456123352
1750948471.479419 1.210023045539856 6.880037784576416 -17.725522994995117 -0.0005041611148044467 -0.07660365849733353 -0.0436059795320034 -0.9961075186729431
1750948472.079413 1.3718023300170898 6.626352310180664 -16.974315643310547 -0.002470871200785041 -0.07484041154384613 -0.0432872399687767 -0.9962524771690369
1750948472.679379 1.5348219871520996 6.379806041717529 -16.214797973632812 -0.001921346876770258 -0.07222792506217957 -0.04138719663023949 -0.9965272545814514
1750948473.279394 1.672171711921692 6.129295349121094 -15.446660995483398 0.00258890469558537 -0.06522820889949799 -0.04044673964381218 -0.9970470070838928
1750948473.879398 1.7939220666885376 5.8678083419799805 -14.703492164611816 -0.003558677388355136 -0.057428840547800064 -0.0408417172729969 -0.9975075125694275
1750948474.479324 1.9131593704223633 5.6118574142456055 -13.951144218444824 -0.001474060583859682 -0.04869125410914421 -0.04066130146384239 -0.9979848265647888
1750948475.079311 2.0313382148742676 5.3664445877075195 -13.197531700134277 0.0008027469739317894 -0.05243346095085144 -0.04300295189023018 -0.9976978302001953
1750948475.545981 2.118715524673462 5.1657257080078125 -12.62637710571289 -0.0033798040822148323 -0.049617309123277664 -0.0447319932281971 -0.9977604150772095
1750948476.145985 2.2236740589141846 4.91623067855835 -11.882204055786133 -0.0025136282201856375 -0.0482366643846035 -0.04315943270921707 -0.9978998899459839
1750948476.745972 2.328284502029419 4.663183212280273 -11.157692909240723 -0.0053015402518212795 -0.04693026468157768 -0.04254418984055519 -0.9979777336120605
1750948477.279279 2.3943755626678467 4.4276652336120605 -10.509612083435059 -0.007682935334742069 -0.034875087440013885 -0.03717110678553581 -0.9986706376075745
1750948477.74593 2.4585633277893066 4.225708484649658 -9.944497108459473 -0.006685742177069187 -0.02970869466662407 -0.036560896784067154 -0.998867392539978
1750948478.145925 2.5096254348754883 4.050867080688477 -9.438701629638672 -0.00699612544849515 -0.025198625400662422 -0.035625893622636795 -0.9990230202674866
1750948478.679074 2.5676722526550293 3.811784505844116 -8.75916862487793 -0.006045048590749502 -0.020571596920490265 -0.03648051619529724 -0.9991043210029602
1750948479.279229 2.632883071899414 3.546619415283203 -8.004429817199707 -0.007317359559237957 -0.01628901995718479 -0.03623528778553009 -0.9991837739944458
1750948479.879224 2.683929443359375 3.271049976348877 -7.248785972595215 -0.007287510205060244 -0.013026703149080276 -0.03745506703853607 -0.9991868734359741
1750948480.479194 2.731168508529663 3.002121925354004 -6.476010799407959 -0.0071737151592969894 -0.009977082721889019 -0.036433786153793335 -0.9992606043815613
1750948480.879038 2.7769389152526855 2.8187642097473145 -5.946695804595947 -0.008923519402742386 -0.01709550805389881 -0.03835657238960266 -0.9990780353546143
1750948481.479147 2.8528339862823486 2.5409419536590576 -5.155758380889893 -0.006213265936821699 -0.025253377854824066 -0.03820524364709854 -0.9989314675331116
1750948482.079166 2.892436981201172 2.267674446105957 -4.381622314453125 -0.009107214398682117 -0.004676205571740866 -0.029065633192658424 -0.9995251297950745
1750948482.679287 2.9110138416290283 1.990378499031067 -3.6145079135894775 -0.011028063483536243 -9.243587555829436e-05 -0.02374066784977913 -0.999657392501831
1750948483.27897 2.9302313327789307 1.704305648803711 -2.8080196380615234 -0.011174144223332405 0.0033154606353491545 -0.020879773423075676 -0.9997140765190125
1750948483.679108 2.9440674781799316 1.5133872032165527 -2.277276039123535 -0.009575740434229374 0.0027124357875436544 -0.01823023147881031 -0.9997843503952026
1750948484.079101 2.9556000232696533 1.3225589990615845 -1.7519659996032715 -0.011589771136641502 0.005321812815964222 -0.01776227541267872 -0.9997609257698059
1750948484.545833 2.960773229598999 1.099279522895813 -1.1376051902770996 -0.012791278772056103 0.005315772257745266 -0.015408828854560852 -0.9997853636741638
1750948485.079125 2.958906412124634 0.9062290191650391 -0.5744815468788147 -0.0023522614501416683 0.008928215131163597 -0.011843952350318432 -0.9998872876167297
1750948485.545561 2.9633524417877197 0.8915957808494568 -0.5755540728569031 -0.013270320370793343 0.0065226987935602665 -0.012665057554841042 -0.9998104572296143
