1732203252.223546 -0.0 -0.0 -0.0 -0.0 -0.0 -0.0 1.0
1732203254.023687 -0.021310515701770782 -0.055402759462594986 0.12085941433906555 0.008825724944472313 -0.012358741834759712 -0.006886226590722799 0.9998610019683838
1732203254.623481 -0.066794253885746 -0.2730962038040161 0.7484646439552307 0.007241135463118553 -0.036232974380254745 -0.017226018011569977 0.9991686940193176
1732203255.223644 -0.11374054104089737 -0.5049715638160706 1.3796416521072388 0.012690172530710697 -0.039226233959198 -0.018296195194125175 0.9989822506904602
1732203255.890345 -0.19158253073692322 -0.7688814997673035 2.082484722137451 0.014014451764523983 -0.046248819679021835 -0.022122694179415703 0.9985865950584412
1732203256.490521 -0.2568110227584839 -1.0003159046173096 2.734856367111206 0.014262210577726364 -0.049524806439876556 -0.025139275938272476 0.9983546137809753
1732203257.023458 -0.3286757171154022 -1.2124059200286865 3.305556535720825 0.014845801517367363 -0.054090678691864014 -0.028300803154706955 0.998024582862854
1732203257.623622 -0.40681615471839905 -1.4540983438491821 3.95526123046875 0.017262715846300125 -0.060074254870414734 -0.026996050029993057 0.9976794719696045
1732203258.223636 -0.4976571798324585 -1.693092703819275 4.611492156982422 0.015728618949651718 -0.06373060494661331 -0.030751293525099754 0.9973692297935486
1732203258.823684 -0.5933877229690552 -1.9328902959823608 5.25956916809082 0.01793232373893261 -0.06882195174694061 -0.030278393998742104 0.9970081448554993
1732203259.423451 -0.6906532049179077 -2.1654114723205566 5.8981547355651855 0.017985844984650612 -0.07263807207345963 -0.03303324058651924 0.9966489672660828
1732203260.090363 -0.8128764629364014 -2.433244228363037 6.621212005615234 0.018935341387987137 -0.07769530266523361 -0.035042621195316315 0.9961811900138855
1732203260.823598 -0.9634385108947754 -2.724443197250366 7.395322799682617 0.020906219258904457 -0.0839923545718193 -0.04024408385157585 0.9954339265823364
1732203261.491102 -1.1080846786499023 -2.9842894077301025 8.10764217376709 0.016873804852366447 -0.09095636755228043 -0.04202014207839966 0.9948249459266663
1732203262.223407 -1.3529342412948608 -3.2480990886688232 8.845139503479004 0.015804950147867203 -0.15114641189575195 -0.06193144619464874 0.9864428639411926
1732203262.890283 -1.6356297731399536 -3.4823317527770996 9.494111061096191 0.013113043271005154 -0.19019244611263275 -0.07441151142120361 0.9788349270820618
1732203263.623613 -2.03960919380188 -3.73437237739563 10.170052528381348 0.01635761745274067 -0.24065837264060974 -0.09092404693365097 0.9662033319473267
1732203264.290055 -2.4725966453552246 -3.953843593597412 10.748627662658691 0.017898397520184517 -0.2808438539505005 -0.10383718460798264 0.953951895236969
1732203264.823691 -2.823065757751465 -4.139477729797363 11.224721908569336 0.023712148889899254 -0.29200831055641174 -0.10333041846752167 0.9505218267440796
1732203265.423563 -3.226322650909424 -4.3486175537109375 11.734565734863281 0.030728450044989586 -0.30683842301368713 -0.10507763922214508 0.9454442262649536
1732203266.09022 -3.7354512214660645 -4.560053825378418 12.298776626586914 0.021000176668167114 -0.33553066849708557 -0.11838818341493607 0.9343246221542358
1732203266.623559 -4.196866989135742 -4.702103137969971 12.677236557006836 0.017643574625253677 -0.38357633352279663 -0.13863810896873474 0.9128731489181519
1732203267.290184 -4.83073616027832 -4.841300964355469 13.056924819946289 0.019825149327516556 -0.45214203000068665 -0.16507525742053986 0.8763131499290466
1732203267.890201 -5.456079006195068 -4.936013221740723 13.305143356323242 0.019938485696911812 -0.5076481103897095 -0.18763309717178345 0.840648353099823
1732203268.424149 -6.029245376586914 -5.0104827880859375 13.469806671142578 0.023966213688254356 -0.5522077083587646 -0.20152078568935394 0.80862957239151
1732203269.023571 -6.692652702331543 -5.069124221801758 13.605279922485352 0.025479678064584732 -0.587989091873169 -0.2118891179561615 0.7802067995071411
1732203269.623527 -7.3634748458862305 -5.12232780456543 13.730819702148438 0.025387583300471306 -0.6050645112991333 -0.2162017524242401 0.7658389210700989
1732203270.290161 -8.128995895385742 -5.163235664367676 13.815681457519531 0.02446732670068741 -0.6255061030387878 -0.2258748859167099 0.7464073896408081
1732203271.023574 -8.976032257080078 -5.197871685028076 13.852408409118652 0.02654873952269554 -0.6511226296424866 -0.2334308922290802 0.721695601940155
1732203271.623294 -9.680837631225586 -5.208481788635254 13.857614517211914 0.025877559557557106 -0.6649448275566101 -0.24057014286518097 0.7066150307655334
1732203272.29017 -10.435462951660156 -5.22360897064209 13.822784423828125 0.03176034614443779 -0.6828279495239258 -0.23937956988811493 0.6895177364349365
1732203272.890148 -11.115669250488281 -5.225083351135254 13.767546653747559 0.02900097705423832 -0.6938336491584778 -0.2446044385433197 0.676699697971344
1732203273.490172 -11.810710906982422 -5.215792655944824 13.688775062561035 0.02753625437617302 -0.7066952586174011 -0.25035038590431213 0.6611719131469727
1732203274.090002 -12.460991859436035 -5.199184894561768 13.571581840515137 0.029454361647367477 -0.7289096713066101 -0.2564166486263275 0.6340928673744202
1732203274.690103 -13.118697166442871 -5.149867057800293 13.374161720275879 0.03356093168258667 -0.7586073875427246 -0.2626497745513916 0.5953179597854614
1732203275.423448 -13.833562850952148 -5.041085243225098 12.993812561035156 0.031244691461324692 -0.8148958683013916 -0.2827746570110321 0.5049822926521301
1732203276.156849 -14.320779800415039 -4.87150239944458 12.464179992675781 0.029605811461806297 -0.87900310754776 -0.30532896518707275 0.36503615975379944
1732203276.823431 -14.669567108154297 -4.669145584106445 11.8802490234375 0.03131521865725517 -0.908893346786499 -0.3157822787761688 0.27058061957359314
1732203277.556757 -14.96469497680664 -4.426580905914307 11.173717498779297 0.03347983583807945 -0.9245703816413879 -0.32033196091651917 0.20355884730815887
1732203278.223414 -15.219841003417969 -4.202031135559082 10.523039817810059 0.03224049508571625 -0.9310585856437683 -0.31980279088020325 0.1726752519607544
1732203278.823446 -15.395452499389648 -3.9973628520965576 9.928067207336426 0.03618927672505379 -0.9348210692405701 -0.3210754096508026 0.1473451554775238
1732203279.35671 -15.537155151367188 -3.836104393005371 9.407177925109863 0.03982216864824295 -0.9410415887832642 -0.30917808413505554 0.1313920021057129
1732203280.023383 -15.718791961669922 -3.637697458267212 8.77231216430664 0.03648923337459564 -0.9411183595657349 -0.3080397844314575 0.13444839417934418
1732203280.623407 -15.941654205322266 -3.427152156829834 8.140490531921387 0.03146500140428543 -0.9379794597625732 -0.3114093244075775 0.14909328520298004
1732203281.156753 -16.121448516845703 -3.2473294734954834 7.577548027038574 0.03265494853258133 -0.9390055537223816 -0.3096393644809723 0.14603346586227417
1732203281.756559 -16.319259643554688 -3.0475196838378906 6.953571796417236 0.03383845090866089 -0.9400327205657959 -0.30722931027412415 0.14423464238643646
1732203282.356729 -16.534542083740234 -2.850616455078125 6.326562881469727 0.03397396206855774 -0.9384108781814575 -0.30775171518325806 0.15336157381534576
1732203283.023797 -16.812822341918945 -2.620542049407959 5.646327018737793 0.03196123242378235 -0.9351457357406616 -0.30903735756874084 0.17022620141506195
1732203283.623385 -17.057973861694336 -2.445737838745117 5.0424275398254395 0.03238473832607269 -0.9348756670951843 -0.30268049240112305 0.18260177969932556
1732203286.156694 -17.473243713378906 -2.245664596557617 4.361885070800781 0.028252560645341873 -0.9247725009918213 -0.29892054200172424 0.23376084864139557
1732203286.756643 -17.721332550048828 -2.1390578746795654 4.008525848388672 0.024142200127243996 -0.9181898832321167 -0.29685845971107483 0.2611887753009796
1732203287.356645 -18.00372886657715 -2.0416088104248047 3.6914596557617188 0.023752449080348015 -0.9050059914588928 -0.29321447014808655 0.3072868585586548
1732203290.823292 -18.432647705078125 -1.8670320510864258 3.0929994583129883 0.02274489402770996 -0.9090903401374817 -0.29568561911582947 0.29258763790130615
1732203292.756597 -18.89104461669922 -1.6731536388397217 2.459031105041504 0.023530039936304092 -0.9091450572013855 -0.2949858009815216 0.2930613160133362
1732203293.956587 -19.364112854003906 -1.4701032638549805 1.8124065399169922 0.023125406354665756 -0.9091303944587708 -0.29453516006469727 0.29359206557273865
1732203294.95657 -19.780319213867188 -1.307572841644287 1.2534198760986328 0.025452593341469765 -0.9089683294296265 -0.294180303812027 0.2942562997341156
1732203295.757305 -20.18352508544922 -1.1457304954528809 0.7056922912597656 0.022722313180565834 -0.9091358780860901 -0.2931123971939087 0.295026957988739
1732203296.556584 -20.673439025878906 -0.9730448722839355 0.11456108093261719 0.022733408957719803 -0.9013449549674988 -0.29194486141204834 0.3191058933734894
1732203296.956534 -20.974496841430664 -0.8796606063842773 -0.19683837890625 0.024773413315415382 -0.8900718688964844 -0.29190075397491455 0.3492166996002197
1732203297.356542 -21.309146881103516 -0.8071231842041016 -0.46116065979003906 0.023469960317015648 -0.8749093413352966 -0.28426221013069153 0.3913794457912445
1732203298.02324 -21.86895751953125 -0.7129888534545898 -0.8642787933349609 0.028085092082619667 -0.86134272813797 -0.2770088016986847 0.4249308407306671
1732203298.556527 -22.349971771240234 -0.6284093856811523 -1.214529037475586 0.031338565051555634 -0.8576703071594238 -0.27285611629486084 0.4347057640552521
1732203299.22318 -22.922142028808594 -0.5615358352661133 -1.6245403289794922 0.029389115050435066 -0.8619964122772217 -0.2503548860549927 0.4397965669631958
1732203299.956548 -23.6260986328125 -0.4187793731689453 -2.085479736328125 0.012289698235690594 -0.8476481437683105 -0.2730746567249298 0.45472171902656555
1732203300.623221 -24.217914581298828 -0.33904266357421875 -2.512615203857422 0.03307401016354561 -0.845034658908844 -0.26155519485473633 0.4652004539966583
1732203301.356318 -24.89255714416504 -0.24979209899902344 -2.9279117584228516 0.03161618113517761 -0.8409162759780884 -0.26013877987861633 0.47348514199256897
1732203302.156488 -25.50072479248047 -0.13837528228759766 -3.368898391723633 0.031861238181591034 -0.8524066805839539 -0.27203989028930664 0.44540083408355713
1732203303.356307 -25.74222755432129 -0.022156715393066406 -3.768648147583008 0.0371360145509243 -0.9025655388832092 -0.2908777594566345 0.315256267786026
1732203304.423139 -25.897891998291016 0.20268535614013672 -4.466278076171875 0.03924224525690079 -0.9303967952728271 -0.30672693252563477 0.19682611525058746
1732203305.156529 -26.150815963745117 0.42130041122436523 -5.189115524291992 0.03839744254946709 -0.9336056709289551 -0.3080907464027405 0.17884720861911774
1732203305.756528 -26.38526153564453 0.6217126846313477 -5.809577941894531 0.035541992634534836 -0.9351346492767334 -0.3094988763332367 0.16873200237751007
1732203306.489791 -26.660947799682617 0.8536925315856934 -6.54734992980957 0.033688828349113464 -0.9347705245018005 -0.31072530150413513 0.1688757687807083
1732203307.157788 -26.929492950439453 1.0474185943603516 -7.192804336547852 0.029028810560703278 -0.9337725043296814 -0.30695948004722595 0.18166516721248627
1732203307.889806 -27.23197364807129 1.279350757598877 -7.928033828735352 0.029310906305909157 -0.933238685131073 -0.307386189699173 0.18363071978092194
1732203308.556414 -27.529796600341797 1.4806747436523438 -8.588415145874023 0.028116900473833084 -0.9325273633003235 -0.3052454888820648 0.1908596158027649
1732203309.289751 -27.894027709960938 1.6797685623168945 -9.255437850952148 0.028097450733184814 -0.9231073260307312 -0.3011825680732727 0.23742881417274475
1732203309.956431 -28.231842041015625 1.8538894653320312 -9.84333610534668 0.028507955372333527 -0.9213754534721375 -0.3014462888240814 0.24369005858898163
1732203310.48975 -28.55345916748047 1.9980411529541016 -10.332578659057617 0.02763315476477146 -0.9147446751594543 -0.29754024744033813 0.27193453907966614
1732203311.089547 -28.96788215637207 2.1135101318359375 -10.76919937133789 0.02488626539707184 -0.8975786566734314 -0.28717002272605896 0.33356645703315735
1732203311.88974 -29.51401710510254 2.2152795791625977 -11.233924865722656 0.023661775514483452 -0.8876139521598816 -0.26991236209869385 0.37246328592300415
1732203312.689888 -30.096263885498047 2.326528549194336 -11.721057891845703 0.02124662511050701 -0.8877846598625183 -0.2587093412876129 0.3800743520259857
1732203313.556186 -30.760669708251953 2.4700889587402344 -12.209674835205078 0.02161027304828167 -0.865971565246582 -0.2719687223434448 0.4191172122955322
1732203314.290286 -31.426311492919922 2.555837631225586 -12.601211547851562 0.022986795753240585 -0.842599630355835 -0.26037105917930603 0.47085505723953247
1732203314.889722 -32.02424621582031 2.6482763290405273 -12.947296142578125 0.022586364299058914 -0.8346587419509888 -0.2632719874382019 0.4832416772842407
1732203315.48978 -32.630149841308594 2.720142364501953 -13.269393920898438 0.022284170612692833 -0.8277825713157654 -0.25874432921409607 0.49732375144958496
1732203316.15637 -33.30353927612305 2.795832633972168 -13.59183120727539 0.021007178351283073 -0.8190837502479553 -0.2563316822052002 0.5127909779548645
1732203316.889695 -34.059566497802734 2.8681182861328125 -13.93166732788086 0.0177286546677351 -0.8110038042068481 -0.25121214985847473 0.5280635356903076
1732203317.556359 -34.78095626831055 2.923574447631836 -14.226173400878906 0.01896059140563011 -0.8033558130264282 -0.2479463368654251 0.5410938858985901
1732203318.156144 -35.419925689697266 2.96805477142334 -14.473960876464844 0.019888266921043396 -0.7997244000434875 -0.2456769049167633 0.5474377870559692
1732203318.756542 -35.99675750732422 3.034285545349121 -14.768775939941406 0.02409738302230835 -0.8162503838539124 -0.2545235753059387 0.5180466771125793
1732203319.489679 -36.69169998168945 3.1161718368530273 -15.135608673095703 0.025113597512245178 -0.8216155767440796 -0.25703346729278564 0.5081840753555298
1732203320.156719 -37.29119873046875 3.200319290161133 -15.481712341308594 0.027821851894259453 -0.8312419056892395 -0.260425329208374 0.4903483986854553
1732203320.756129 -37.833866119384766 3.278348922729492 -15.812629699707031 0.02819495089352131 -0.8396151065826416 -0.2649194002151489 0.47335946559906006
1732203321.489604 -38.43436813354492 3.3998374938964844 -16.281543731689453 0.03004995919764042 -0.8575865030288696 -0.27113088965415955 0.43603938817977905
1732203322.156455 -38.923030853271484 3.528940200805664 -16.755863189697266 0.03015162982046604 -0.8754335045814514 -0.2798389792442322 0.3929342031478882
1732203322.889619 -39.419273376464844 3.6797618865966797 -17.301998138427734 0.030460651963949203 -0.889941394329071 -0.28484758734703064 0.3548778295516968
1732203323.55625 -39.80479431152344 3.8281688690185547 -17.829673767089844 0.032209333032369614 -0.9002774357795715 -0.2885103225708008 0.32438409328460693
1732203324.289585 -40.256568908691406 4.010274887084961 -18.422950744628906 0.03243141248822212 -0.9013724327087402 -0.28983747959136963 0.3201097249984741
1732203324.956267 -40.70490264892578 4.157619476318359 -18.951061248779297 0.03132718801498413 -0.8964594006538391 -0.28653696179389954 0.3365647792816162
1732203325.689399 -41.23357009887695 4.31414794921875 -19.497360229492188 0.0313754640519619 -0.8864812850952148 -0.2825670838356018 0.3651333153247833
1732203326.422882 -41.800437927246094 4.450248718261719 -20.0074462890625 0.029871931299567223 -0.8730911016464233 -0.27834010124206543 0.39918211102485657
1732203327.222894 -42.470802307128906 4.548450469970703 -20.428619384765625 0.028288595378398895 -0.8403865098953247 -0.2642272710800171 0.47237101197242737
1732203327.822903 -42.99324035644531 4.606822967529297 -20.72689437866211 0.02819654904305935 -0.838732898235321 -0.26200786232948303 0.47653332352638245
1732203328.422851 -43.56370162963867 4.68914794921875 -21.066383361816406 0.02782183140516281 -0.8322892785072327 -0.26129254698753357 0.48810529708862305
1732203329.022869 -44.1468391418457 4.759983062744141 -21.39029312133789 0.027989042922854424 -0.828300952911377 -0.2598574459552765 0.49558892846107483
1732203329.622874 -44.74018478393555 4.829900741577148 -21.700298309326172 0.026826024055480957 -0.8230070471763611 -0.2582053542137146 0.5052424073219299
1732203330.222874 -45.30982971191406 4.901956558227539 -22.02048110961914 0.02770419977605343 -0.8249555826187134 -0.2586910128593445 0.5017566084861755
1732203330.889501 -45.943153381347656 4.981527328491211 -22.379322052001953 0.027238409966230392 -0.8285911679267883 -0.2584717273712158 0.49587005376815796
1732203331.622851 -46.62727355957031 5.076852798461914 -22.790401458740234 0.027745697647333145 -0.8337357640266418 -0.2593683898448944 0.48666515946388245
1732203332.222985 -47.149593353271484 5.157190322875977 -23.148860931396484 0.027441246435046196 -0.8435288667678833 -0.2624979019165039 0.4677616059780121
1732203332.822644 -47.69380569458008 5.243425369262695 -23.49474334716797 0.023418642580509186 -0.8443941473960876 -0.2645871937274933 0.4652351140975952
1732203333.422824 -48.233428955078125 5.323444366455078 -23.855457305908203 0.02436201088130474 -0.845451831817627 -0.25988757610321045 0.4659144878387451
1732203334.089481 -48.84881591796875 5.421016693115234 -24.274791717529297 0.02147856168448925 -0.8463146686553955 -0.2611546218395233 0.4637763500213623
1732203334.622847 -49.34910202026367 5.494190216064453 -24.605411529541016 0.02128271386027336 -0.8465350270271301 -0.2598413825035095 0.4641207456588745
1732203335.222645 -49.9190559387207 5.584009170532227 -24.989906311035156 0.02192680910229683 -0.8468436002731323 -0.26005080342292786 0.4634098708629608
1732203335.822776 -50.472801208496094 5.665012359619141 -25.350357055664062 0.02088893949985504 -0.8475075960159302 -0.2582191824913025 0.4632681608200073
1732203336.422856 -50.99790954589844 5.753034591674805 -25.72064971923828 0.02142167277634144 -0.8508662581443787 -0.2601969838142395 0.45592254400253296
1732203337.022819 -51.526187896728516 5.837776184082031 -26.101436614990234 0.02054261788725853 -0.8523683547973633 -0.25980284810066223 0.4533747732639313
1732203337.62283 -52.05887985229492 5.926782608032227 -26.48431396484375 0.019448699429631233 -0.8526533246040344 -0.2613382637500763 0.4520026445388794
1732203338.222748 -52.591793060302734 6.022424697875977 -26.864093780517578 0.019795753061771393 -0.8533152937889099 -0.26118093729019165 0.45082780718803406
1732203338.822762 -53.13698959350586 6.109516143798828 -27.260135650634766 0.019880585372447968 -0.853785514831543 -0.26078420877456665 0.4501629173755646
1732203339.422777 -53.69029998779297 6.205625534057617 -27.661178588867188 0.018759209662675858 -0.8544884920120239 -0.2606208920478821 0.44897034764289856
1732203340.022769 -54.23961639404297 6.300374984741211 -28.05773162841797 0.017700541764497757 -0.8549605011940002 -0.26017212867736816 0.4483746290206909
1732203340.62257 -54.79443359375 6.397336959838867 -28.458114624023438 0.01583583652973175 -0.8558724522590637 -0.25894424319267273 0.44741421937942505
1732203341.222737 -55.365089416503906 6.493541717529297 -28.86145782470703 0.014839494600892067 -0.8546276092529297 -0.26177775859832764 0.44817832112312317
1732203341.822814 -55.928077697753906 6.588352203369141 -29.259780883789062 0.015029334463179111 -0.8559291362762451 -0.2606622576713562 0.446334570646286
1732203342.42291 -56.48465347290039 6.685571670532227 -29.661865234375 0.016687162220478058 -0.8548905849456787 -0.26303479075431824 0.44687405228614807
1732203343.022541 -57.034584045410156 6.768302917480469 -30.057090759277344 0.018970496952533722 -0.8568949699401855 -0.2578945755958557 0.4459388852119446
1732203343.62271 -57.60415267944336 6.880428314208984 -30.456268310546875 0.01578245870769024 -0.8525099158287048 -0.26772835850715637 0.44866394996643066
1732203344.222739 -58.19085693359375 7.00269889831543 -30.868003845214844 0.015474408864974976 -0.8496252298355103 -0.277037113904953 0.44849520921707153
1732203344.822715 -58.74654006958008 7.092418670654297 -31.2523193359375 0.024012885987758636 -0.8523929715156555 -0.26714277267456055 0.4488701820373535
1732203345.422545 -59.31926727294922 7.190540313720703 -31.64813232421875 0.017037520185112953 -0.8538818359375 -0.26428690552711487 0.4480492174625397
1732203346.022905 -59.88020324707031 7.289161682128906 -32.04866027832031 0.01151135005056858 -0.856080174446106 -0.26406431198120117 0.4441443979740143
1732203346.622679 -60.424373626708984 7.379179000854492 -32.45195770263672 0.015866896137595177 -0.862017810344696 -0.25632384419441223 0.4370029866695404
1732203347.222689 -60.948917388916016 7.484180450439453 -32.88031005859375 0.011168558150529861 -0.8698146939277649 -0.26648828387260437 0.41506826877593994
1732203347.822481 -61.45145797729492 7.5873260498046875 -33.32880401611328 0.011239073239266872 -0.8811309933662415 -0.2626178562641144 0.3930823504924774
1732203348.422649 -61.948448181152344 7.683099746704102 -33.779083251953125 0.014634951949119568 -0.882012665271759 -0.2621670365333557 0.3912900686264038
1732203349.089339 -62.51148986816406 7.789327621459961 -34.296905517578125 0.019377052783966064 -0.8836368918418884 -0.25523388385772705 0.392002671957016
1732203349.822669 -63.22186279296875 7.934089660644531 -34.85852813720703 0.01544411014765501 -0.8690489530563354 -0.264263391494751 0.4179477393627167
1732203350.422493 -63.79479217529297 8.04018783569336 -35.28636932373047 0.014600323513150215 -0.8638372421264648 -0.2636652886867523 0.42901360988616943
1732203351.023062 -64.36874389648438 8.130659103393555 -35.6895751953125 0.016212642192840576 -0.8576932549476624 -0.2595657408237457 0.4435370862483978
1732203351.622647 -64.94103240966797 8.233909606933594 -36.086631774902344 0.01580679975450039 -0.8529039025306702 -0.26782846450805664 0.4478537142276764
1732203352.222663 -65.5071792602539 8.320632934570312 -36.492881774902344 0.02224346622824669 -0.8535358905792236 -0.2612015902996063 0.45028388500213623
1732203352.822437 -66.10238647460938 8.421802520751953 -36.89635467529297 0.020836327224969864 -0.8503262400627136 -0.2648729085922241 0.4542613625526428
1732203353.4226 -66.69273376464844 8.517766952514648 -37.31287384033203 0.027165835723280907 -0.849968433380127 -0.2662346363067627 0.4538005292415619
1732203354.022638 -67.29396057128906 8.636693954467773 -37.73590087890625 0.021178849041461945 -0.8548939824104309 -0.2736757695674896 0.440237820148468
1732203354.622634 -67.82030487060547 8.767410278320312 -38.192291259765625 0.02247353456914425 -0.869903564453125 -0.2790924608707428 0.4060420095920563
1732203355.222407 -68.32384490966797 8.89065170288086 -38.66911315917969 0.025610698387026787 -0.8783187866210938 -0.2782593369483948 0.38790714740753174
1732203355.822554 -68.80276489257812 9.011444091796875 -39.15570831298828 0.02837212011218071 -0.8877230286598206 -0.27419885993003845 0.3687247037887573
1732203356.555906 -69.36392211914062 9.174306869506836 -39.761940002441406 0.020216701552271843 -0.8969959020614624 -0.27757686376571655 0.3434250056743622
1732203357.15782 -69.79261016845703 9.314029693603516 -40.29222106933594 0.017473094165325165 -0.9043039679527283 -0.28161007165908813 0.32035118341445923
1732203357.755715 -70.17847442626953 9.479900360107422 -40.85047149658203 0.016834523528814316 -0.9120857119560242 -0.2894151210784912 0.2899225950241089
1732203358.355879 -70.5400161743164 9.643768310546875 -41.42964172363281 0.014499083161354065 -0.9216228723526001 -0.2931116223335266 0.2539423108100891
1732203358.955889 -70.84976196289062 9.826597213745117 -42.0233154296875 0.008814672939479351 -0.9297659993171692 -0.2981862723827362 0.215736985206604
1732203359.555914 -71.10385131835938 10.008085250854492 -42.636314392089844 0.008685324341058731 -0.9362048506736755 -0.30199936032295227 0.17955899238586426
1732203360.156568 -71.32218933105469 10.212270736694336 -43.276458740234375 0.009932099841535091 -0.9397826790809631 -0.3057738244533539 0.15235571563243866
1732203360.755982 -71.51325988769531 10.42619514465332 -43.931976318359375 0.009129383601248264 -0.9423113465309143 -0.3093469440937042 0.1275559663772583
1732203361.355853 -71.68943786621094 10.645959854125977 -44.59003448486328 0.009900123812258244 -0.9441945552825928 -0.30873560905456543 0.1143721267580986
1732203361.955871 -71.84968566894531 10.862712860107422 -45.25465393066406 0.013407906517386436 -0.9436069130897522 -0.3143107295036316 0.10312612354755402
1732203362.555672 -71.9990234375 11.085567474365234 -45.916893005371094 0.013664902187883854 -0.9450151324272156 -0.3144459128379822 0.08878927677869797
1732203363.155865 -72.13408660888672 11.344642639160156 -46.5948600769043 0.0026128077879548073 -0.9417734742164612 -0.3275884985923767 0.07577361166477203
1732203363.755826 -72.24798583984375 11.568609237670898 -47.25917053222656 0.0008343247463926673 -0.9445404410362244 -0.32146528363227844 0.06710319221019745
1732203364.356098 -72.32905578613281 11.779096603393555 -47.91108703613281 0.01621907576918602 -0.9469627141952515 -0.31523337960243225 0.06022161617875099
1732203364.955819 -72.40443420410156 11.978513717651367 -48.547306060791016 0.020517051219940186 -0.9486615657806396 -0.3114674687385559 0.051072582602500916
1732203365.5558 -72.46869659423828 12.171333312988281 -49.164794921875 0.023507967591285706 -0.9478685855865479 -0.31490370631217957 0.04275701567530632
1732203366.155801 -72.48467254638672 12.37173080444336 -49.78556823730469 0.0192736703902483 -0.9478174448013306 -0.31803810596466064 -0.011062776669859886
1732203366.75581 -72.41462707519531 12.557775497436523 -50.38040542602539 0.017083710059523582 -0.9459860920906067 -0.3169887363910675 -0.06585320085287094
1732203367.555665 -72.21648406982422 12.836258888244629 -51.188941955566406 0.012955945916473866 -0.9367035627365112 -0.3217018246650696 -0.1375734508037567
1732203368.155793 -72.01810455322266 13.058642387390137 -51.80895233154297 0.012884627096354961 -0.935002863407135 -0.3203119933605194 -0.1516706943511963
1732203368.755794 -71.81033325195312 13.28623104095459 -52.432315826416016 0.00939338281750679 -0.9322259426116943 -0.3225337862968445 -0.16382475197315216
1732203369.355795 -71.58358001708984 13.517232894897461 -53.05455780029297 0.008255505003035069 -0.9287715554237366 -0.3258950412273407 -0.1763736456632614
1732203369.955609 -71.33824157714844 13.759675979614258 -53.6771240234375 0.005480578634887934 -0.9256030917167664 -0.3282853066921234 -0.18830227851867676
1732203370.755767 -70.9507827758789 14.001379013061523 -54.27987289428711 0.004430998116731644 -0.9010376334190369 -0.32629403471946716 -0.2857336699962616
1732203371.555767 -70.53186798095703 14.19700813293457 -54.76869583129883 -0.000926691631320864 -0.8857403993606567 -0.324343740940094 -0.3320607542991638
1732203372.155553 -70.12630462646484 14.388824462890625 -55.251522064208984 -0.007507051341235638 -0.8811854720115662 -0.32280483841896057 -0.34533020853996277
1732203372.755709 -69.68536376953125 14.579998016357422 -55.71686553955078 -0.007220726925879717 -0.8772624731063843 -0.32244500517845154 -0.3555104434490204
1732203373.355722 -69.2271499633789 14.782957077026367 -56.20372009277344 -0.009197218343615532 -0.8722586035728455 -0.32518383860588074 -0.3651517629623413
1732203373.955729 -68.78752136230469 14.964442253112793 -56.68110275268555 -0.012309152632951736 -0.8748771548271179 -0.32045963406562805 -0.36296558380126953
1732203374.755553 -68.26473236083984 15.215030670166016 -57.26674270629883 -0.008576150052249432 -0.8767358660697937 -0.3282974660396576 -0.3513994812965393
1732203375.55569 -67.82490539550781 15.400459289550781 -57.76833724975586 -0.010148180648684502 -0.8809682726860046 -0.31971776485443115 -0.34867241978645325
1732203376.425218 -67.37728881835938 15.600866317749023 -58.28400421142578 -0.008179107680916786 -0.8812546730041504 -0.3186485171318054 -0.3489793539047241
1732203377.422295 -66.85267639160156 15.824979782104492 -58.872840881347656 -0.005128542892634869 -0.881941020488739 -0.3167923092842102 -0.3489934504032135
1732203378.222333 -66.40570068359375 16.027633666992188 -59.381771087646484 -0.0024674918968230486 -0.8817623257637024 -0.31755486130714417 -0.34878090023994446
1732203379.222356 -65.89227294921875 16.271780014038086 -59.948883056640625 0.00017688440857455134 -0.8800377249717712 -0.321298748254776 -0.34971511363983154
1732203380.022172 -65.50269317626953 16.44847297668457 -60.40039825439453 -0.0028179611545056105 -0.8804216980934143 -0.31969907879829407 -0.3502032458782196
1732203380.955785 -65.06985473632812 16.63907814025879 -60.88928985595703 -0.003676331602036953 -0.8813393712043762 -0.31812939047813416 -0.34931519627571106
1732203382.022142 -64.56678009033203 16.847370147705078 -61.447608947753906 0.0008543829317204654 -0.8831096887588501 -0.3123827576637268 -0.3500480651855469
1732203382.955612 -64.10092163085938 17.064178466796875 -61.964298248291016 0.007766141556203365 -0.8815012574195862 -0.31968045234680176 -0.3474186658859253
1732203383.889056 -63.61217498779297 17.28968048095703 -62.52342987060547 0.0036067136097699404 -0.8802687525749207 -0.32031065225601196 -0.3500215411186218
1732203384.888752 -63.09642028808594 17.525650024414062 -63.11757278442383 0.002406076993793249 -0.8825727701187134 -0.31533512473106384 -0.3487453758716583
1732203385.688939 -62.65486145019531 17.73900032043457 -63.613895416259766 0.003927229437977076 -0.8796523809432983 -0.3243902921676636 -0.3478034734725952
1732203386.488925 -62.219627380371094 17.95294189453125 -64.10487365722656 0.004697606433182955 -0.878837525844574 -0.3267737030982971 -0.34762275218963623
1732203387.556091 -61.7471923828125 18.184036254882812 -64.65272521972656 0.0009742914699018002 -0.8780797123908997 -0.3283204138278961 -0.34811028838157654
1732203389.0889 -61.25556945800781 18.344926834106445 -65.05734252929688 -0.003214395372197032 -0.8528304100036621 -0.3104778230190277 -0.4198493957519531
1732203389.888721 -60.71946716308594 18.504005432128906 -65.41436004638672 -0.0008341838256455958 -0.8351070880889893 -0.30930018424987793 -0.45489421486854553
1732203390.690393 -60.14000701904297 18.658695220947266 -65.79724884033203 -0.0001448012626497075 -0.8319736123085022 -0.3052692115306854 -0.46328240633010864
1732203391.488859 -59.49810791015625 18.831703186035156 -66.2032470703125 -0.0021007496397942305 -0.8261739611625671 -0.3063041567802429 -0.4728741943836212
1732203392.288678 -58.82536315917969 19.00737953186035 -66.60513305664062 -0.0013498717453330755 -0.8178409934043884 -0.30937880277633667 -0.48520004749298096
1732203393.088838 -58.19996643066406 19.16830062866211 -66.9678955078125 -0.009922740049660206 -0.8138854503631592 -0.3071550130844116 -0.49310019612312317
1732203393.755516 -57.636993408203125 19.312644958496094 -67.27025604248047 -0.010756044648587704 -0.8100234270095825 -0.3091343343257904 -0.49817901849746704
1732203394.48886 -57.00658416748047 19.45924949645996 -67.62513732910156 -0.014029269106686115 -0.8082329630851746 -0.30587127804756165 -0.502996563911438
1732203395.288809 -56.30583190917969 19.636844635009766 -67.99888610839844 -0.010874452069401741 -0.8054161667823792 -0.3086652457714081 -0.5058778524398804
1732203396.088829 -55.58815002441406 19.811376571655273 -68.36650085449219 -0.005382417235523462 -0.8038199543952942 -0.30773475766181946 -0.5090617537498474
1732203396.888612 -54.89106750488281 19.978233337402344 -68.73077392578125 -0.009933420456945896 -0.8023099303245544 -0.3037566840648651 -0.5137432217597961
1732203397.555461 -54.28990173339844 20.116634368896484 -69.0328369140625 -0.0101941442117095 -0.7994260787963867 -0.3065565228462219 -0.5165627598762512
1732203398.288811 -53.61993408203125 20.271419525146484 -69.36467742919922 -0.011925879865884781 -0.7977852821350098 -0.3047958016395569 -0.5200923681259155
1732203398.888845 -53.067413330078125 20.40888786315918 -69.62296295166016 -0.005756036844104528 -0.7963587641716003 -0.3054794371128082 -0.5219787955284119
1732203399.68879 -52.367462158203125 20.580944061279297 -69.97270202636719 -0.0054605985060334206 -0.7990792393684387 -0.3090707063674927 -0.5156723856925964
1732203400.555463 -51.6953125 20.758750915527344 -70.35636138916016 -0.0041356864385306835 -0.8120002746582031 -0.3108595013618469 -0.4939684271812439
1732203401.488771 -51.060821533203125 20.9639892578125 -70.78690338134766 -0.002234683372080326 -0.8273637890815735 -0.3187575936317444 -0.46244752407073975
1732203402.288566 -50.511863708496094 21.157054901123047 -71.20114135742188 0.002412110101431608 -0.8396608233451843 -0.31939050555229187 -0.43926483392715454
1732203402.955406 -50.043983459472656 21.331838607788086 -71.57926940917969 0.005264914128929377 -0.8460831642150879 -0.3227923512458801 -0.424170583486557
1732203403.888804 -49.417152404785156 21.582561492919922 -72.11361694335938 0.009823436848819256 -0.8527729511260986 -0.3255465030670166 -0.40829071402549744
1732203404.488542 -48.96961975097656 21.764860153198242 -72.51194763183594 0.010508856736123562 -0.8570806980133057 -0.3245983123779297 -0.39992275834083557
1732203405.155397 -48.43993377685547 21.989635467529297 -72.99755859375 0.014435632154345512 -0.861636757850647 -0.3232802748680115 -0.39097774028778076
1732203405.68874 -48.019981384277344 22.167224884033203 -73.4084701538086 0.0126029122620821 -0.8645212650299072 -0.3233890235424042 -0.38453054428100586
1732203406.28871 -47.554222106933594 22.373720169067383 -73.86976623535156 0.015743421390652657 -0.867817223072052 -0.3236463963985443 -0.3766941428184509
1732203406.955456 -47.03465270996094 22.589733123779297 -74.36651611328125 0.012995059601962566 -0.8658488392829895 -0.32072946429252625 -0.3837571442127228
1732203407.688973 -46.44891357421875 22.822233200073242 -74.88595581054688 0.014460131525993347 -0.8589141368865967 -0.31836795806884766 -0.40087324380874634
1732203408.155353 -46.055809020996094 22.9776611328125 -75.22207641601562 0.013036618940532207 -0.8544166684150696 -0.32045021653175354 -0.40879565477371216
1732203408.755389 -45.558692932128906 23.147350311279297 -75.6021728515625 0.014791257679462433 -0.8475756049156189 -0.31431689858436584 -0.4273192584514618
1732203409.422006 -44.96153259277344 23.34842872619629 -76.01271057128906 0.017924340441823006 -0.8364035487174988 -0.315170556306839 -0.4480797350406647
1732203410.022013 -44.415794372558594 23.520977020263672 -76.3956298828125 0.01753924787044525 -0.8366932272911072 -0.31088879704475403 -0.45053863525390625
1732203410.688672 -43.80291748046875 23.7199764251709 -76.82416534423828 0.015375453047454357 -0.8349703550338745 -0.3112432062625885 -0.4535590410232544
1732203411.222009 -43.304527282714844 23.881031036376953 -77.15699005126953 0.019239647313952446 -0.8326009511947632 -0.3120934069156647 -0.45716866850852966
1732203411.821806 -42.72321319580078 24.05198860168457 -77.48649597167969 0.018210701644420624 -0.8094744086265564 -0.30776840448379517 -0.49969807267189026
1732203412.422003 -42.10681915283203 24.16748809814453 -77.68103790283203 0.01568695344030857 -0.7620950937271118 -0.29446941614151 -0.5764137506484985
1732203413.021988 -41.476829528808594 24.247852325439453 -77.81163024902344 0.010172748006880283 -0.7282977104187012 -0.27824848890304565 -0.6261444091796875
1732203413.621983 -40.79730987548828 24.324420928955078 -77.88267517089844 0.010230904445052147 -0.6965339779853821 -0.2735305428504944 -0.6632622480392456
1732203414.221759 -40.11819839477539 24.371753692626953 -77.89360046386719 0.010676211677491665 -0.6666945219039917 -0.2670917809009552 -0.6957488059997559
1732203414.822059 -39.43212127685547 24.400287628173828 -77.86135864257812 0.001397067797370255 -0.6407491564750671 -0.25419124960899353 -0.7244484424591064
1732203415.42196 -38.71926498413086 24.438884735107422 -77.80985260009766 0.007227042224258184 -0.6293855309486389 -0.25557321310043335 -0.7338282465934753
1732203416.021943 -38.037803649902344 24.443233489990234 -77.74954223632812 -0.0028122521471232176 -0.6182065606117249 -0.24503648281097412 -0.7468400001525879
1732203416.621765 -37.35395050048828 24.45114517211914 -77.68263244628906 -0.01212503481656313 -0.606460452079773 -0.24661263823509216 -0.7558048367500305
1732203417.42196 -36.549922943115234 24.437715530395508 -77.45295715332031 0.00048701840569265187 -0.5122305154800415 -0.22970570623874664 -0.8275596499443054
1732203418.021908 -36.557403564453125 24.336612701416016 -77.25227355957031 -0.01995716616511345 -0.312938928604126 -0.15098822116851807 -0.937482476234436
1732203418.822226 -36.22209167480469 24.102195739746094 -76.58863067626953 -0.02810085564851761 -0.19766287505626678 -0.11785764247179031 -0.9727534651756287
1732203419.421719 -35.92692565917969 23.901803970336914 -75.95555114746094 -0.008765450678765774 -0.17539146542549133 -0.11466657370328903 -0.9777589440345764
1732203420.021879 -35.65958786010742 23.67844581604004 -75.36541748046875 -0.023092294111847878 -0.15999311208724976 -0.10628686845302582 -0.9811075925827026
1732203420.621915 -35.42192077636719 23.453519821166992 -74.75150299072266 -0.02160380408167839 -0.14949053525924683 -0.09603555500507355 -0.9838511347770691
1732203421.221888 -35.14715576171875 23.257543563842773 -74.16204071044922 -0.014819062314927578 -0.1641097068786621 -0.1076662465929985 -0.9804368615150452
1732203422.021691 -34.796470642089844 23.010894775390625 -73.51815032958984 -0.028830967843532562 -0.18089456856250763 -0.11664818227291107 -0.9761348366737366
1732203422.822628 -34.426536560058594 22.778392791748047 -72.8747329711914 -0.03063388727605343 -0.19642828404903412 -0.1260622888803482 -0.971898078918457
1732203423.621878 -34.04781723022461 22.556047439575195 -72.20932006835938 -0.014010639861226082 -0.21162591874599457 -0.12330444157123566 -0.9694401621818542
1732203425.222163 -33.69917678833008 22.311567306518555 -71.51846313476562 -0.017514634877443314 -0.18224433064460754 -0.11137241870164871 -0.9767683744430542
1732203426.021836 -33.343299865722656 22.087753295898438 -70.79714965820312 -0.005779745988547802 -0.17942172288894653 -0.1147150993347168 -0.9770439863204956
1732203426.621825 -33.07069396972656 21.91422462463379 -70.23381042480469 -0.0075155277736485004 -0.175167053937912 -0.11542109400033951 -0.9777208566665649
1732203427.421794 -32.718963623046875 21.68260383605957 -69.51203155517578 -0.007658109068870544 -0.172865092754364 -0.11597764492034912 -0.9780635237693787
1732203428.221797 -32.36067581176758 21.500600814819336 -68.90957641601562 -0.005920228082686663 -0.19933143258094788 -0.12684358656406403 -0.9716700315475464
1732203429.221604 -31.956279754638672 21.27503204345703 -68.20707702636719 -0.0044404384680092335 -0.2157311886548996 -0.12866078317165375 -0.9679291248321533
1732203430.621803 -31.38231658935547 21.131271362304688 -67.65985107421875 0.007360083982348442 -0.3853810429573059 -0.18582777678966522 -0.903822660446167
1732203431.888263 -30.832502365112305 21.039241790771484 -67.26192474365234 0.008798755705356598 -0.39872968196868896 -0.18991154432296753 -0.8971459269523621
1732203433.022927 -30.205642700195312 20.943958282470703 -66.83285522460938 0.005884964019060135 -0.41418206691741943 -0.1937272697687149 -0.8893190622329712
1732203433.88822 -29.69515037536621 20.879432678222656 -66.50669860839844 0.010431010276079178 -0.4263095557689667 -0.1953176110982895 -0.8831774592399597
1732203434.888445 -29.070812225341797 20.802223205566406 -66.124267578125 0.011724669486284256 -0.43892592191696167 -0.19885076582431793 -0.876164972782135
1732203435.888437 -28.437618255615234 20.737476348876953 -65.77013397216797 0.011495696380734444 -0.4510311484336853 -0.20188748836517334 -0.8692987561225891
1732203436.888202 -27.773174285888672 20.671092987060547 -65.41301727294922 0.01097672525793314 -0.4617845118045807 -0.20343254506587982 -0.8632785677909851
1732203438.021705 -27.027803421020508 20.607887268066406 -65.05249786376953 0.013604491017758846 -0.4725298583507538 -0.20816421508789062 -0.856269896030426
1732203439.021498 -26.323253631591797 20.543813705444336 -64.72132873535156 0.008801840245723724 -0.4821968972682953 -0.2084784358739853 -0.8508499264717102
1732203440.021662 -25.544208526611328 20.49102020263672 -64.36506652832031 0.013424620032310486 -0.4909985065460205 -0.21307484805583954 -0.8445941805839539
1732203441.02206 -24.752294540405273 20.430648803710938 -64.00682830810547 0.014836704358458519 -0.4848429560661316 -0.21121791005134583 -0.8485836982727051
1732203441.761635 -24.206331253051758 20.373376846313477 -63.704627990722656 0.008617441169917583 -0.46809205412864685 -0.20329086482524872 -0.8599351644515991
1732203442.555186 -23.52035140991211 20.311283111572266 -63.27906036376953 0.01602359488606453 -0.44012269377708435 -0.2016933262348175 -0.8748457431793213
1732203443.355044 -22.88689613342285 20.201339721679688 -62.8447151184082 0.006802958436310291 -0.4153926372528076 -0.18818481266498566 -0.8899378180503845
1732203443.954769 -22.395450592041016 20.110698699951172 -62.443878173828125 0.010500220581889153 -0.38179630041122437 -0.18320396542549133 -0.9058464169502258
1732203444.554963 -21.945383071899414 19.99727439880371 -62.020263671875 0.0044027334079146385 -0.35509881377220154 -0.17054197192192078 -0.9191305637359619
1732203445.154961 -21.4881591796875 19.88270378112793 -61.59491729736328 0.004379110876470804 -0.34955814480781555 -0.16486771404743195 -0.9222844839096069
1732203445.754945 -21.03461456298828 19.76894760131836 -61.134117126464844 0.006481554359197617 -0.33565741777420044 -0.1598171442747116 -0.9283052086830139
1732203446.354758 -20.59984588623047 19.643220901489258 -60.64735794067383 0.006985630840063095 -0.32102566957473755 -0.15265220403671265 -0.9346609711647034
1732203446.954924 -20.162391662597656 19.510101318359375 -60.13987350463867 0.009857874363660812 -0.3084280490875244 -0.14885665476322174 -0.9394768476486206
1732203447.554939 -19.736652374267578 19.37496566772461 -59.62930679321289 0.008256691507995129 -0.3019566237926483 -0.14190636575222015 -0.942664623260498
1732203448.154893 -19.305747985839844 19.238929748535156 -59.12741470336914 0.008448591455817223 -0.2991202771663666 -0.14010943472385406 -0.9438352584838867
1732203448.754712 -18.79871368408203 19.130281448364258 -58.663421630859375 0.015488390810787678 -0.34807565808296204 -0.15856918692588806 -0.9238285422325134
1732203449.354889 -18.298828125 19.031082153320312 -58.27532196044922 0.010605346411466599 -0.37494686245918274 -0.16306349635124207 -0.9125309586524963
1732203449.954881 -17.745376586914062 18.927663803100586 -57.82612991333008 0.012309364974498749 -0.3798457980155945 -0.16499467194080353 -0.9101331830024719
1732203450.554919 -17.21055030822754 18.824758529663086 -57.38374328613281 0.011537970043718815 -0.3821806013584137 -0.1622532606124878 -0.9096586108207703
1732203451.154924 -16.661712646484375 18.71762466430664 -56.9442024230957 0.009999853558838367 -0.38452792167663574 -0.16202828288078308 -0.9087272882461548
1732203451.754711 -16.119579315185547 18.613525390625 -56.51209259033203 0.014977363869547844 -0.3863518238067627 -0.16313999891281128 -0.9076856970787048
1732203452.354864 -15.575080871582031 18.50979995727539 -56.09046173095703 0.012188307009637356 -0.3877052068710327 -0.1635848879814148 -0.9070701003074646
1732203452.954908 -15.035862922668457 18.417774200439453 -55.66581726074219 0.014350478537380695 -0.3890644609928131 -0.16451354324817657 -0.906288206577301
1732203453.554892 -14.484777450561523 18.31206512451172 -55.244293212890625 0.014064453542232513 -0.3906290829181671 -0.1655578911304474 -0.9054290652275085
1732203454.154724 -13.942449569702148 18.204565048217773 -54.81877136230469 0.012992706149816513 -0.3921475410461426 -0.16327673196792603 -0.9052028656005859
1732203454.821528 -13.326967239379883 18.09319305419922 -54.34642028808594 0.014366308227181435 -0.3908020555973053 -0.1677985042333603 -0.9049370884895325
1732203455.554839 -12.683221817016602 17.9551944732666 -53.8230094909668 0.011000883765518665 -0.37555980682373047 -0.16499683260917664 -0.9119265079498291
1732203456.154842 -12.173579216003418 17.844566345214844 -53.36177062988281 0.01372963935136795 -0.3570603132247925 -0.16508062183856964 -0.9192757606506348
1732203456.754676 -11.726175308227539 17.71937370300293 -52.85490417480469 0.01703827828168869 -0.3174692690372467 -0.14898324012756348 -0.9363369941711426
1732203457.3548 -11.285961151123047 17.579444885253906 -52.34970474243164 0.010565949603915215 -0.30308640003204346 -0.14385779201984406 -0.9419829845428467
1732203457.954838 -10.859354019165039 17.433799743652344 -51.81504440307617 0.010301421396434307 -0.2869395911693573 -0.137183278799057 -0.9480192065238953
1732203458.554841 -10.440211296081543 17.279172897338867 -51.27976608276367 0.00823553092777729 -0.2786800265312195 -0.13406464457511902 -0.9509449601173401
1732203459.154589 -10.049367904663086 17.123897552490234 -50.744590759277344 0.005673736799508333 -0.2729964852333069 -0.12755900621414185 -0.9535037279129028
1732203459.754777 -9.656240463256836 16.972293853759766 -50.208492279052734 0.00785201508551836 -0.26476046442985535 -0.12758491933345795 -0.9558045864105225
1732203460.354784 -9.270319938659668 16.815509796142578 -49.64757537841797 0.010077245533466339 -0.25954556465148926 -0.12474276125431061 -0.9575875401496887
1732203460.954809 -8.909127235412598 16.659107208251953 -49.10139465332031 0.012354434467852116 -0.24910558760166168 -0.12029233574867249 -0.9608972668647766
1732203461.554586 -8.577449798583984 16.504220962524414 -48.553016662597656 0.013461262919008732 -0.23133663833141327 -0.11167187988758087 -0.9663496613502502
1732203462.15475 -8.2752103805542 16.343015670776367 -47.998321533203125 0.010555615648627281 -0.2112221121788025 -0.10556606203317642 -0.9716633558273315
1732203462.754763 -7.9829936027526855 16.17179298400879 -47.41484069824219 0.012392831966280937 -0.19342340528964996 -0.09929244220256805 -0.9759994149208069
1732203463.354769 -7.715845108032227 16.00682258605957 -46.840301513671875 0.009921682998538017 -0.18232347071170807 -0.09420501440763474 -0.9786649942398071
1732203463.954558 -7.474600791931152 15.835182189941406 -46.28499984741211 0.008196297101676464 -0.17111583054065704 -0.09075140208005905 -0.9810282588005066
1732203464.55472 -7.235556602478027 15.663477897644043 -45.70726013183594 0.008943797089159489 -0.15894991159439087 -0.08823300898075104 -0.9832953810691833
1732203465.154725 -7.010405540466309 15.489481925964355 -45.10554504394531 0.01323938462883234 -0.15312901139259338 -0.08398918807506561 -0.9845415353775024
1732203465.754742 -6.7988505363464355 15.313057899475098 -44.49922561645508 0.013490359298884869 -0.14433999359607697 -0.08062667399644852 -0.9861457347869873
1732203466.354526 -6.5778913497924805 15.139461517333984 -43.90247344970703 0.012041815556585789 -0.13795708119869232 -0.07853850722312927 -0.9872459769248962
1732203466.954688 -6.378829002380371 14.962722778320312 -43.30911636352539 0.011381644755601883 -0.13012827932834625 -0.07530283182859421 -0.9885679483413696
1732203467.554719 -6.191870212554932 14.787529945373535 -42.715885162353516 0.011781668290495872 -0.1254197210073471 -0.07294110208749771 -0.9893486499786377
1732203468.354717 -5.904596328735352 14.573083877563477 -42.000328063964844 0.01111199613660574 -0.14367493987083435 -0.07975789904594421 -0.9863431453704834
1732203469.154632 -5.635832786560059 14.360486030578613 -41.30594253540039 0.010000730864703655 -0.1414460986852646 -0.07875379174947739 -0.986757755279541
1732203469.821334 -5.391524314880371 14.164507865905762 -40.64423751831055 0.010457979515194893 -0.13794487714767456 -0.07847737520933151 -0.9872705936431885
1732203470.488086 -5.151774883270264 13.961030006408691 -39.966976165771484 0.010250243358314037 -0.1359846591949463 -0.07704687863588333 -0.9876573085784912
1732203471.154477 -4.919617652893066 13.764052391052246 -39.29273986816406 0.010780689306557178 -0.1334945261478424 -0.0761205330491066 -0.9880630970001221
1732203471.687949 -4.737590312957764 13.5975341796875 -38.74457550048828 0.010973526164889336 -0.13144060969352722 -0.0749082937836647 -0.9884289503097534
1732203472.288024 -4.529749870300293 13.416153907775879 -38.14129638671875 0.007797665428370237 -0.12788210809230804 -0.0754157155752182 -0.9888871908187866
1732203472.887996 -4.322232723236084 13.237125396728516 -37.54225158691406 0.008314195089042187 -0.1270999014377594 -0.07541544735431671 -0.9889838695526123
1732203473.488021 -4.125170707702637 13.04926872253418 -36.92838668823242 0.007853621616959572 -0.12470441311597824 -0.07509597390890121 -0.9893168210983276
1732203474.087789 -3.9246437549591064 12.86679458618164 -36.344085693359375 0.00866213720291853 -0.125504732131958 -0.07112255692481995 -0.989502489566803
1732203474.687943 -3.7313735485076904 12.679970741271973 -35.72401809692383 0.007349156774580479 -0.12289442867040634 -0.06947410106658936 -0.9899577498435974
1732203475.288068 -3.532210111618042 12.49207592010498 -35.10221862792969 0.009638058952987194 -0.12229447066783905 -0.07017497718334198 -0.9899629950523376
1732203475.954621 -3.317049980163574 12.298615455627441 -34.413299560546875 0.015200207009911537 -0.12123744934797287 -0.06831096112728119 -0.9901536107063293
1732203476.487749 -3.152329683303833 12.128899574279785 -33.87958908081055 0.008548316545784473 -0.12183686345815659 -0.06436524540185928 -0.9904241561889648
1732203477.087958 -2.96901273727417 11.95647144317627 -33.28322982788086 0.009369224309921265 -0.12074626982212067 -0.06358816474676132 -0.9906004071235657
1732203477.687932 -2.7836923599243164 11.770598411560059 -32.69651794433594 0.006032769568264484 -0.11914551258087158 -0.06397722661495209 -0.9907950758934021
1732203478.28794 -2.5989134311676025 11.583001136779785 -32.09058380126953 0.00563337467610836 -0.11254723370075226 -0.06200411543250084 -0.9916939735412598
1732203478.9544 -2.465693712234497 11.371623039245605 -31.41105842590332 0.007586298044770956 -0.08915183693170547 -0.051193658262491226 -0.9946726560592651
1732203479.688245 -2.3387880325317383 11.132499694824219 -30.69120979309082 -5.116919783176854e-05 -0.06455140560865402 -0.04064953327178955 -0.997086226940155
1732203480.288106 -2.279546022415161 10.932639122009277 -30.092344284057617 0.0009500236483290792 -0.03677074983716011 -0.029570648446679115 -0.9988857507705688
1732203480.954605 -2.2533817291259766 10.711747169494629 -29.403173446655273 0.003817877732217312 -0.008506321348249912 -0.01967642456293106 -0.9997629523277283
1732203481.554369 -2.266575574874878 10.505125999450684 -28.766971588134766 0.005971310660243034 0.014998761005699635 -0.009972111321985722 -0.9998199939727783
1732203482.089891 -2.294649600982666 10.321884155273438 -28.19801139831543 0.0032408873084932566 0.025076337158679962 -0.008381613530218601 -0.9996451735496521
1732203482.754534 -2.3363335132598877 10.087552070617676 -27.486202239990234 0.0023212411906570196 0.03681972995400429 -0.003165000583976507 -0.9993142485618591
1732203483.288051 -2.394864559173584 9.894231796264648 -26.91532325744629 -0.0004637213423848152 0.04594302549958229 -0.0016567582497373223 -0.9989426136016846
1732203484.087675 -2.415477991104126 9.615255355834961 -26.08773422241211 0.0019647085573524237 0.03013407066464424 -0.0061744400300085545 -0.9995248913764954
1732203484.887834 -2.389437675476074 9.356886863708496 -25.32036018371582 -0.0020633158273994923 0.006232794374227524 -0.015757372602820396 -0.999854326248169
1732203485.687867 -2.311889171600342 9.126258850097656 -24.56775665283203 0.009928743354976177 -0.02500450424849987 -0.026202654466032982 -0.9992945790290833
1732203486.487697 -2.2513504028320312 8.878722190856934 -23.833189010620117 5.413343387772329e-05 -0.028768351301550865 -0.027094919234514236 -0.9992188215255737
1732203487.287802 -2.114070177078247 8.620685577392578 -23.07575798034668 -0.0023005229886621237 -0.05893094092607498 -0.04085696488618851 -0.997422993183136
1732203488.087836 -1.9736778736114502 8.3499174118042 -22.27664566040039 0.00047204221482388675 -0.06345579028129578 -0.04304889962077141 -0.9970556497573853
1732203488.754289 -1.8257931470870972 8.120477676391602 -21.547529220581055 0.006439077667891979 -0.07026316225528717 -0.048017699271440506 -0.9963513612747192
1732203489.287807 -1.7147725820541382 7.9353132247924805 -20.995948791503906 0.0035463934764266014 -0.07581275701522827 -0.05006123334169388 -0.9958583116531372
1732203489.954488 -1.5453535318374634 7.704268932342529 -20.27195167541504 0.004096786491572857 -0.08256269991397858 -0.05215444043278694 -0.9952118396759033
1732203490.687785 -1.355886459350586 7.450838565826416 -19.47418975830078 0.006650022696703672 -0.08809220045804977 -0.05181582644581795 -0.9947414994239807
1732203491.287603 -1.2114704847335815 7.2354655265808105 -18.825368881225586 0.005459516774863005 -0.08575192838907242 -0.054459307342767715 -0.99481201171875
1732203491.954416 -1.1072646379470825 7.002017974853516 -18.119720458984375 0.0027845201548188925 -0.059179436415433884 -0.04492092505097389 -0.9972322583198547
1732203492.687758 -0.9942554235458374 6.740076065063477 -17.31191635131836 0.0015191484708338976 -0.04472694173455238 -0.043197158724069595 -0.9980637431144714
1732203493.287791 -0.8994819521903992 6.5252580642700195 -16.65074348449707 0.003098516957834363 -0.0458880290389061 -0.04429560899734497 -0.9979592561721802
1732203493.887566 -0.7961899638175964 6.308174133300781 -16.002552032470703 0.0003915640409104526 -0.042899128049612045 -0.04697408899664879 -0.9979744553565979
1732203494.487755 -0.6936435103416443 6.106812477111816 -15.374608993530273 0.0028373021632432938 -0.04817755147814751 -0.04908347874879837 -0.9976280927658081
1732203495.087754 -0.5779133439064026 5.910841464996338 -14.77448558807373 0.0016799656441435218 -0.0579676553606987 -0.053748082369565964 -0.9968691468238831
1732203495.887746 -0.40320056676864624 5.677249908447266 -14.061555862426758 0.0017669344088062644 -0.07998155057430267 -0.06188558414578438 -0.9948719143867493
1732203496.687538 -0.21220850944519043 5.4554643630981445 -13.403390884399414 -0.0015024630120024085 -0.09323164820671082 -0.06715821474790573 -0.993375837802887
1732203497.4877 0.012181229889392853 5.201588153839111 -12.61695671081543 -0.0005990935023874044 -0.10051414370536804 -0.06904832273721695 -0.9925366044044495
1732203498.088091 0.2076757550239563 4.987672328948975 -11.95643138885498 0.0007253866060636938 -0.10555111616849899 -0.07339267432689667 -0.991701602935791
1732203498.687692 0.37456756830215454 4.771702289581299 -11.301567077636719 -0.000503466057125479 -0.09088286757469177 -0.06731589138507843 -0.9935837388038635
1732203499.287693 0.5067515969276428 4.54868745803833 -10.641578674316406 -0.0025226117577403784 -0.07219546288251877 -0.06339117139577866 -0.9953708052635193
1732203499.887676 0.6520444750785828 4.339148044586182 -9.975772857666016 0.0003171669377479702 -0.07459045201539993 -0.06413116306066513 -0.9951499104499817
1732203500.421042 0.7848240733146667 4.148555755615234 -9.386789321899414 0.0002650943642947823 -0.07474295049905777 -0.06530911475419998 -0.9950618743896484
1732203501.020808 0.9166998267173767 3.9314496517181396 -8.717605590820312 -4.331163290771656e-05 -0.06871074438095093 -0.06154711917042732 -0.995736300945282
1732203501.620815 1.0226256847381592 3.7170891761779785 -8.059842109680176 0.00010765773913590237 -0.05561592057347298 -0.05432168394327164 -0.99697345495224
1732203502.220968 1.1033177375793457 3.4904561042785645 -7.391805648803711 -0.0017075474606826901 -0.04281517118215561 -0.04593159630894661 -0.9980251789093018
1732203502.887689 1.202663779258728 3.2306203842163086 -6.648860931396484 -0.004548444412648678 -0.040128957480192184 -0.043894749134778976 -0.9982195496559143
1732203503.48745 1.2805771827697754 3.0026583671569824 -5.967671871185303 -0.002519371220842004 -0.03791176155209541 -0.03958103805780411 -0.9984937310218811
1732203504.087451 1.3534345626831055 2.7772233486175537 -5.303973197937012 -0.003860591910779476 -0.03471717983484268 -0.03645255044102669 -0.9987247586250305
1732203504.687613 1.4213520288467407 2.5670361518859863 -4.68405818939209 -0.005181547254323959 -0.03204696625471115 -0.0346863754093647 -0.9988709688186646
1732203505.28762 1.4673116207122803 2.382161855697632 -4.1365485191345215 -0.0028850589878857136 -0.028407100588083267 -0.031426697969436646 -0.9990981221199036
1732203505.620956 1.4904155731201172 2.2964251041412354 -3.8901610374450684 -0.0036388703156262636 -0.027666382491588593 -0.032036107033491135 -0.9990971684455872
1732203506.020767 1.5009973049163818 2.2438457012176514 -3.7114086151123047 0.0027254847809672356 -0.023882562294602394 -0.02995023876428604 -0.9992623329162598
