1758725107.475907 -0.0 -0.0 -0.0 -0.0 -0.0 -0.0 1.0
1758725109.209224 -0.003361716168001294 -0.04576755315065384 0.09787143766880035 0.005547201260924339 -0.001177880447357893 -0.0007546684937551618 0.9999836087226868
1758725109.942501 0.003375506028532982 -0.27209705114364624 0.7739538550376892 0.0024192146956920624 -0.0015489539364352822 -0.0015861809952184558 0.9999946355819702
1758725110.542819 0.004772197920829058 -0.49748706817626953 1.420192003250122 0.007035297807306051 -0.0016782417660579085 -0.003141304710879922 0.9999688863754272
1758725111.142599 0.007379259914159775 -0.7385104298591614 2.0709540843963623 0.01217961311340332 -0.0008772058063186705 -0.004153934307396412 0.9999169111251831
1758725111.809162 0.01325275655835867 -0.9979565143585205 2.791903018951416 0.01339259184896946 -0.001370140933431685 -0.005894708912819624 0.999891996383667
1758725112.475769 0.016225608065724373 -1.2489789724349976 3.4849021434783936 0.012661859393119812 -0.0014021140523254871 -0.006582531146705151 0.9998972415924072
1758725113.075785 0.018413571640849113 -1.491764783859253 4.1346940994262695 0.016223115846514702 -0.0018891451181843877 -0.0069257901050150394 0.9998427033424377
1758725113.742443 0.02143017016351223 -1.746573567390442 4.842828750610352 0.014761253260076046 -0.0026061476673930883 -0.006910596042871475 0.999863862991333
1758725114.409058 0.023286737501621246 -2.0085911750793457 5.542759418487549 0.016803158447146416 -0.003192699747160077 -0.007140211295336485 0.9998282790184021
1758725115.142402 0.030601702630519867 -2.2993316650390625 6.334840297698975 0.016877183690667152 -0.004026942420750856 -0.007357921916991472 0.9998224377632141
1758725115.809054 0.01942627690732479 -2.5714778900146484 7.052857398986816 0.020764149725437164 -0.006667184177786112 -0.010248088277876377 0.9997096657752991
1758725116.475691 -0.07726992666721344 -2.8297853469848633 7.754878044128418 0.019465284422039986 -0.053294625133275986 -0.02803659625351429 0.9979953765869141
1758725117.142396 -0.20356817543506622 -3.080484390258789 8.461706161499023 0.016514910385012627 -0.07348459213972092 -0.03405999019742012 0.9965777397155762
1758725117.875684 -0.3207467198371887 -3.376067876815796 9.247753143310547 0.017909295856952667 -0.08083632588386536 -0.03342322260141373 0.9960058927536011
1758725118.542336 -0.4955436587333679 -3.6296751499176025 9.940849304199219 0.01817476935684681 -0.11428197473287582 -0.04637067764997482 0.9921991229057312
1758725119.209 -0.6798428893089294 -3.891047716140747 10.63585376739502 0.02084856852889061 -0.12138327956199646 -0.046422671526670456 0.9913004040718079
1758725119.875621 -0.8703844547271729 -4.149898052215576 11.334586143493652 0.02093176543712616 -0.1322917491197586 -0.049807142466306686 0.989737331867218
1758725120.542277 -1.0964226722717285 -4.416268825531006 11.994888305664062 0.029956649988889694 -0.15830643475055695 -0.05388026684522629 0.9854636788368225
1758725121.34225 -1.520375370979309 -4.662202835083008 12.667505264282227 0.025585796684026718 -0.2566068172454834 -0.08832690864801407 0.9621313214302063
1758725122.008913 -1.9767900705337524 -4.817783355712891 13.04055118560791 0.02507062815129757 -0.35966435074806213 -0.1273265779018402 0.9240135550498962
1758725122.808874 -2.648038387298584 -4.980905532836914 13.439544677734375 0.02438589558005333 -0.44088417291641235 -0.1607632339000702 0.8827126622200012
1758725123.342224 -3.167156934738159 -5.078300476074219 13.672693252563477 0.0231259036809206 -0.4968010485172272 -0.18286806344985962 0.8480644226074219
1758725124.008888 -3.8544890880584717 -5.178149223327637 13.916985511779785 0.02479054592549801 -0.5257092714309692 -0.1952974796295166 0.8275712132453918
1758725124.808815 -4.701987266540527 -5.29618501663208 14.194448471069336 0.02709970995783806 -0.5434962511062622 -0.2004850059747696 0.8146675825119019
1758725125.608846 -5.515471458435059 -5.402061939239502 14.41501235961914 0.02890167571604252 -0.565035879611969 -0.20486241579055786 0.7987056374549866
1758725126.275471 -6.220795631408691 -5.477614402770996 14.572921752929688 0.02843574993312359 -0.5812350511550903 -0.21136020123958588 0.785292387008667
1758725126.942107 -6.942078113555908 -5.548060417175293 14.704543113708496 0.0315164178609848 -0.5968677997589111 -0.2152484655380249 0.7722846865653992
1758725127.942096 -7.967776298522949 -5.609816551208496 14.823030471801758 0.029010619968175888 -0.6310999393463135 -0.2303091138601303 0.7401547431945801
1758725129.542072 -8.845701217651367 -5.595108509063721 14.652482986450195 0.034102268517017365 -0.7304834127426147 -0.2628461718559265 0.6293989419937134
1758725131.342001 -9.58091926574707 -5.429265022277832 14.227330207824707 0.02790996991097927 -0.8162850737571716 -0.3055672347545624 0.48941636085510254
1758725132.475852 -10.096719741821289 -5.302554130554199 13.837109565734863 0.03564434498548508 -0.8442607522010803 -0.30360132455825806 0.44020381569862366
1758725133.675295 -10.696823120117188 -5.126716136932373 13.306734085083008 0.03577510267496109 -0.868797779083252 -0.30514129996299744 0.3883289098739624
1758725134.608627 -11.210073471069336 -4.918188095092773 12.699677467346191 0.03301294147968292 -0.8883661031723022 -0.31666508316993713 0.33081570267677307
1758725135.608578 -11.861249923706055 -4.652215480804443 11.879209518432617 0.035468939691782 -0.8975315690040588 -0.31298893690109253 0.3085724115371704
1758725136.675216 -12.541048049926758 -4.424590110778809 11.144622802734375 0.03952427953481674 -0.8890198469161987 -0.2997277081012726 0.34386733174324036
1758725137.67519 -13.156156539916992 -4.21192741394043 10.371234893798828 0.04566464200615883 -0.9001996517181396 -0.2846817970275879 0.3263610303401947
1758725138.541849 -14.002666473388672 -3.9688241481781006 9.525459289550781 0.04016469419002533 -0.8822273015975952 -0.2887580096721649 0.36970335245132446
1758725139.408477 -14.8292236328125 -3.760223150253296 8.696773529052734 0.04103858768939972 -0.8829340934753418 -0.2864525020122528 0.3697136640548706
1758725140.408493 -15.837074279785156 -3.4785919189453125 7.702569007873535 0.041908372193574905 -0.8840314149856567 -0.2867955267429352 0.36671578884124756
1758725141.408423 -16.838150024414062 -3.1964011192321777 6.687161445617676 0.03991520777344704 -0.8837193846702576 -0.29201367497444153 0.3635585904121399
1758725142.875105 -18.426761627197266 -2.748764991760254 5.255951881408691 0.044118527323007584 -0.8647849559783936 -0.29092714190483093 0.40689313411712646
1758725143.741756 -19.390342712402344 -2.5602545738220215 4.579425811767578 0.044634029269218445 -0.8504540324211121 -0.28296276926994324 0.4412118196487427
1758725144.54172 -20.316802978515625 -2.410170078277588 3.9509239196777344 0.044430531561374664 -0.8511151671409607 -0.28467288613319397 0.43885117769241333
1758725145.341673 -21.178447723388672 -2.215752601623535 3.23504638671875 0.046967580914497375 -0.862736165523529 -0.2902105450630188 0.4114099144935608
1758725146.34168 -22.18970489501953 -2.0278186798095703 2.3981246948242188 0.04848732426762581 -0.865945041179657 -0.2827295958995819 0.4096975326538086
1758725147.208276 -23.04231834411621 -1.8576998710632324 1.6894035339355469 0.04554049298167229 -0.8661339282989502 -0.28405970335006714 0.40871527791023254
1758725148.074935 -23.886188507080078 -1.6795344352722168 0.9805412292480469 0.04659881070256233 -0.8669231534004211 -0.2833957374095917 0.4073815941810608
1758725148.94162 -24.612098693847656 -1.498227596282959 0.3236579895019531 0.045393094420433044 -0.8795027732849121 -0.2953442335128784 0.37038654088974
1758725150.14159 -25.485713958740234 -1.2299928665161133 -0.6030502319335938 0.03862342610955238 -0.8842474222183228 -0.29947805404663086 0.35626909136772156
1758725151.474868 -26.47184181213379 -0.975189208984375 -1.5246963500976562 0.03866324573755264 -0.8727277517318726 -0.29086339473724365 0.3901921510696411
1758725152.874842 -27.51036262512207 -0.7193965911865234 -2.4822845458984375 0.038758762180805206 -0.874737024307251 -0.2898820638656616 0.38639548420906067
1758725155.341453 -28.98347282409668 -0.2514762878417969 -4.0079803466796875 0.033061619848012924 -0.8740790486335754 -0.29031917452812195 0.38808202743530273
1758725156.808074 -30.008792877197266 0.010910987854003906 -4.959968566894531 0.03743447735905647 -0.8635367155075073 -0.28684571385383606 0.41306477785110474
1758725158.341401 -31.155452728271484 0.2629671096801758 -5.8202972412109375 0.039169251918792725 -0.8532657623291016 -0.28749775886535645 0.4332994818687439
1758725160.141319 -32.14600372314453 0.45271778106689453 -6.593746185302734 0.04148933291435242 -0.8496073484420776 -0.28381162881851196 0.4426024854183197
1758725163.141272 -33.463985443115234 0.7405614852905273 -7.760509490966797 0.043321993201971054 -0.873896062374115 -0.2941831946372986 0.3845584988594055
1758725165.074566 -34.34854507446289 0.9526863098144531 -8.578048706054688 0.04340555891394615 -0.858855128288269 -0.2850048840045929 0.4233865439891815
1758725167.341162 -35.5108642578125 1.2146663665771484 -9.555213928222656 0.03962896391749382 -0.8572149872779846 -0.28570130467414856 0.4265991747379303
1758725169.807803 -36.76081848144531 1.4733686447143555 -10.561546325683594 0.036483827978372574 -0.8529783487319946 -0.28377968072891235 0.43653857707977295
1758725171.874424 -37.90209197998047 1.688673973083496 -11.447349548339844 0.03507797792553902 -0.839853823184967 -0.27488642930984497 0.46674683690071106
1758725174.807667 -39.527305603027344 1.8974666595458984 -12.491363525390625 0.032806146889925 -0.8340458869934082 -0.2697795629501343 0.48011481761932373
1758725176.874269 -40.906822204589844 2.1019859313964844 -13.294292449951172 0.027496587485074997 -0.8289335370063782 -0.26941439509391785 0.48941704630851746
1758725178.140933 -41.86861801147461 2.2376880645751953 -13.831920623779297 0.025629350915551186 -0.8267970681190491 -0.2690425217151642 0.49332135915756226
1758725179.474243 -42.64680480957031 2.3396739959716797 -14.271617889404297 0.025752389803528786 -0.8260025382041931 -0.26501932740211487 0.49681124091148376
1758725180.740845 -43.46982955932617 2.4518909454345703 -14.72406005859375 0.02305559441447258 -0.8234432339668274 -0.26660072803497314 0.5003336071968079
1758725182.207504 -44.46540069580078 2.593526840209961 -15.236873626708984 0.021643148735165596 -0.8212342858314514 -0.2678617238998413 0.5033447742462158
1758725183.607803 -45.25674057006836 2.7381725311279297 -15.78183364868164 0.024533430114388466 -0.8500921726226807 -0.2745136320590973 0.448758065700531
1758725184.740755 -45.85968017578125 2.9088993072509766 -16.252769470214844 0.018122408539056778 -0.8521773219108582 -0.29993173480033875 0.42837652564048767
1758725185.540748 -46.23127365112305 2.984708786010742 -16.567691802978516 0.034503817558288574 -0.8629680871963501 -0.28076300024986267 0.41864994168281555
1758725186.74066 -46.7646484375 3.124103546142578 -17.039260864257812 0.031181812286376953 -0.8700951337814331 -0.28901857137680054 0.3980332016944885
1758725187.807348 -47.248573303222656 3.2661209106445312 -17.486595153808594 0.03331047296524048 -0.8727964758872986 -0.29786917567253113 0.38521525263786316
1758725188.674014 -47.72539138793945 3.3920326232910156 -17.92251968383789 0.03483896702528 -0.8716750741004944 -0.28917497396469116 0.39414048194885254
1758725189.540645 -48.27922821044922 3.478893280029297 -18.350914001464844 0.04118499904870987 -0.8665139079093933 -0.2769070565700531 0.4132553040981293
1758725190.540639 -48.92222595214844 3.61505126953125 -18.896987915039062 0.04545660689473152 -0.8663516044616699 -0.27762630581855774 0.41266489028930664
1758725191.407409 -49.52776336669922 3.7746047973632812 -19.405567169189453 0.04308861494064331 -0.860681414604187 -0.294551819562912 0.4130499064922333
1758725192.140587 -50.06324005126953 3.8933868408203125 -19.846553802490234 0.040646493434906006 -0.8634791970252991 -0.2931196391582489 0.40845128893852234
1758725192.807284 -50.56077575683594 4.0301361083984375 -20.26966094970703 0.04197348281741142 -0.8620366454124451 -0.2970198094844818 0.4085466265678406
1758725193.47387 -51.10710906982422 4.164968490600586 -20.731178283691406 0.043332289904356 -0.8638515472412109 -0.29676374793052673 0.40473976731300354
1758725194.140556 -51.67108154296875 4.314035415649414 -21.191436767578125 0.041215065866708755 -0.8618830442428589 -0.30439493060112 0.4034881293773651
1758725194.940537 -52.340087890625 4.483213424682617 -21.74262237548828 0.04112722724676132 -0.8636940717697144 -0.3042020797729492 0.39975279569625854
1758725195.740696 -52.973411560058594 4.637859344482422 -22.283126831054688 0.039596203714609146 -0.8656328916549683 -0.30086326599121094 0.3982376754283905
1758725196.340508 -53.454246520996094 4.759483337402344 -22.69061279296875 0.03675024211406708 -0.8681789040565491 -0.29759082198143005 0.39541691541671753
1758725196.940594 -53.94556427001953 4.874580383300781 -23.116729736328125 0.033128827810287476 -0.8718324303627014 -0.2911307215690613 0.3924967348575592
1758725197.740544 -54.562469482421875 5.038614273071289 -23.654251098632812 0.024440167471766472 -0.8782897591590881 -0.2908417880535126 0.3787095546722412
1758725198.540438 -54.9342041015625 5.229644775390625 -24.271472930908203 0.027652237564325333 -0.9216098189353943 -0.3062857687473297 0.23676960170269012
1758725199.74039 -55.23929977416992 5.533927917480469 -25.211517333984375 0.030377021059393883 -0.9358115196228027 -0.31740570068359375 0.15029224753379822
1758725200.67372 -55.413429260253906 5.835824012756348 -26.073131561279297 0.032604530453681946 -0.9421859979629517 -0.3203817307949066 0.09261766076087952
1758725201.540331 -55.591796875 6.136085510253906 -26.95010757446289 0.032628461718559265 -0.9426779747009277 -0.3244442045688629 0.07091997563838959
1758725202.407004 -55.714508056640625 6.476469039916992 -27.884292602539062 0.03337564319372177 -0.9417566061019897 -0.33089542388916016 0.049887608736753464
1758725203.207007 -55.70966720581055 6.788743019104004 -28.73201560974121 0.02945896051824093 -0.9436130523681641 -0.32921844720840454 -0.018490882590413094
1758725203.740293 -55.62493896484375 6.999459743499756 -29.301944732666016 0.0268708523362875 -0.9416334629058838 -0.3295157551765442 -0.06343405693769455
1758725204.406969 -55.509918212890625 7.264983654022217 -30.01188087463379 0.02628961205482483 -0.9396121501922607 -0.33061063289642334 -0.08446628600358963
1758725204.940305 -55.383094787597656 7.494075298309326 -30.61920738220215 0.026418335735797882 -0.9382558465003967 -0.3305731415748596 -0.09848665446043015
1758725205.406938 -55.239952087402344 7.746607780456543 -31.287809371948242 0.021292435005307198 -0.9357250928878784 -0.3342338502407074 -0.11069297790527344
1758725205.80691 -55.109840393066406 7.948642730712891 -31.8253116607666 0.018800318241119385 -0.936368465423584 -0.32792216539382935 -0.12380539625883102
1758725206.340589 -54.89129638671875 8.235206604003906 -32.59404754638672 0.014303158037364483 -0.9341184496879578 -0.32800987362861633 -0.14009898900985718
1758725206.806895 -54.67688751220703 8.507757186889648 -33.273223876953125 0.015151089988648891 -0.9307117462158203 -0.33267542719841003 -0.15123897790908813
1758725207.140231 -54.493499755859375 8.714482307434082 -33.78718948364258 0.016730261966586113 -0.9263853430747986 -0.3404691219329834 -0.16003477573394775
1758725207.540177 -54.25657653808594 8.9803466796875 -34.4350700378418 0.02094985358417034 -0.9252597093582153 -0.3396056890487671 -0.16770096123218536
1758725207.87353 -54.03630828857422 9.186966896057129 -34.98525619506836 0.02127736806869507 -0.927948534488678 -0.32745859026908875 -0.17671938240528107
1758725208.206851 -53.793365478515625 9.41991901397705 -35.577842712402344 0.02917456068098545 -0.9267382621765137 -0.3270846903324127 -0.18253961205482483
1758725208.540357 -53.529502868652344 9.67277717590332 -36.18936538696289 0.03790845721960068 -0.923133134841919 -0.33268386125564575 -0.18897011876106262
1758725208.873511 -53.276123046875 9.898214340209961 -36.78602600097656 0.03819579631090164 -0.923553466796875 -0.32750314474105835 -0.19578497111797333
1758725209.274289 -52.95355224609375 10.162467956542969 -37.4761962890625 0.03504098951816559 -0.9211424589157104 -0.32214924693107605 -0.21561206877231598
1758725209.540545 -52.68897247314453 10.33662223815918 -37.914737701416016 0.030750542879104614 -0.9115656614303589 -0.31993862986564636 -0.2564017176628113
1758725209.873464 -52.287940979003906 10.544498443603516 -38.41870880126953 0.025585155934095383 -0.8900266885757446 -0.31878259778022766 -0.32492387294769287
1758725210.207067 -51.89226531982422 10.743379592895508 -38.898284912109375 0.024767741560935974 -0.8879199028015137 -0.3190809488296509 -0.3304120898246765
1758725210.540177 -51.49701690673828 10.92778491973877 -39.364967346191406 0.02319076657295227 -0.8862033486366272 -0.31421318650245667 -0.33967024087905884
1758725210.87347 -51.067726135253906 11.125801086425781 -39.841678619384766 0.02309742569923401 -0.8824554085731506 -0.3168230652809143 -0.3469325006008148
1758725211.27347 -50.56317138671875 11.347053527832031 -40.38009262084961 0.023584874346852303 -0.8788366317749023 -0.31461235880851746 -0.3579232096672058
1758725211.60682 -50.13572311401367 11.526266098022461 -40.82966995239258 0.021296223625540733 -0.8774865865707397 -0.3114176094532013 -0.36411941051483154
1758725212.007116 -49.59922790527344 11.757137298583984 -41.36559295654297 0.022857649251818657 -0.8727168440818787 -0.3152158260345459 -0.37213149666786194
1758725212.340095 -49.152931213378906 11.937976837158203 -41.80928039550781 0.021235793828964233 -0.8713780641555786 -0.3116987943649292 -0.3782765567302704
1758725212.673422 -48.71800994873047 12.11806583404541 -42.222232818603516 0.019031887874007225 -0.8681904077529907 -0.3133412301540375 -0.3843183219432831
1758725213.073424 -48.17214584350586 12.33517837524414 -42.73299026489258 0.0168242696672678 -0.865537166595459 -0.31313619017601013 -0.39052286744117737
1758725213.473423 -47.627254486083984 12.544699668884277 -43.22210693359375 0.017274897545576096 -0.8626713752746582 -0.31424784660339355 -0.3959141671657562
1758725213.806722 -47.160091400146484 12.722627639770508 -43.63782501220703 0.018187645822763443 -0.8611913919448853 -0.3143378794193268 -0.39901167154312134
1758725214.140071 -46.69479751586914 12.901293754577637 -44.035621643066406 0.018155569210648537 -0.8585771918296814 -0.31481999158859253 -0.40423259139060974
1758725214.473372 -46.21135330200195 13.049388885498047 -44.37617492675781 0.01989326812326908 -0.8440173864364624 -0.3082091510295868 -0.43845880031585693
1758725214.806701 -45.70979309082031 13.205999374389648 -44.712562561035156 0.021444212645292282 -0.8392756581306458 -0.30705752968788147 -0.44818776845932007
1758725215.140245 -45.194725036621094 13.368152618408203 -45.04912567138672 0.023813683539628983 -0.8365306258201599 -0.3067825734615326 -0.4533584415912628
1758725215.473399 -44.68446350097656 13.52518367767334 -45.372501373291016 0.024118436500430107 -0.8334847092628479 -0.30752575397491455 -0.45842063426971436
1758725215.806707 -44.156742095947266 13.679590225219727 -45.71240234375 0.024134738370776176 -0.831285297870636 -0.30522868037223816 -0.46391561627388
1758725216.139982 -43.630245208740234 13.83234977722168 -46.025535583496094 0.02454192377626896 -0.8282373547554016 -0.30328017473220825 -0.4705759286880493
1758725216.608507 -42.96983337402344 14.044379234313965 -46.45648956298828 0.027295546606183052 -0.8375588059425354 -0.3082112967967987 -0.450284481048584
1758725217.006662 -42.45551681518555 14.219266891479492 -46.86405944824219 0.0268399715423584 -0.8508405685424805 -0.3089597523212433 -0.4241390526294708
1758725217.339983 -41.96422576904297 14.392400741577148 -47.23958206176758 0.029306547716259956 -0.8476932048797607 -0.309575617313385 -0.4297908544540405
1758725217.673317 -41.470909118652344 14.564203262329102 -47.61532211303711 0.030781183391809464 -0.8471643328666687 -0.30812498927116394 -0.43176865577697754
1758725218.006641 -40.95726013183594 14.737556457519531 -47.99744415283203 0.03146259859204292 -0.8457430005073547 -0.30921292304992676 -0.4337235987186432
1758725218.339965 -40.442108154296875 14.916622161865234 -48.38783264160156 0.03107585944235325 -0.8455598950386047 -0.3080086410045624 -0.4349638819694519
1758725218.673444 -39.93152618408203 15.086753845214844 -48.76644515991211 0.029061423614621162 -0.8437344431877136 -0.3082464635372162 -0.43846529722213745
1758725219.006598 -39.421669006347656 15.25 -49.139686584472656 0.028258223086595535 -0.8427529335021973 -0.30772605538368225 -0.4407648742198944
1758725219.33995 -38.89177703857422 15.424280166625977 -49.52311325073242 0.02803022414445877 -0.8419345617294312 -0.30676591396331787 -0.4430069923400879
1758725219.673941 -38.35600280761719 15.604978561401367 -49.90057373046875 0.027850229293107986 -0.840088427066803 -0.30735546350479126 -0.44610369205474854
1758725220.006603 -37.80712127685547 15.779729843139648 -50.290924072265625 0.02682766132056713 -0.8383525609970093 -0.30847465991973877 -0.4486521780490875
1758725220.339883 -37.28816223144531 15.954177856445312 -50.64868927001953 0.02811901457607746 -0.8353962302207947 -0.3112591803073883 -0.4521506726741791
1758725220.739891 -36.661354064941406 16.1430721282959 -51.06034851074219 0.024269303306937218 -0.8343352675437927 -0.3087020516395569 -0.456068754196167
1758725221.073233 -36.1148681640625 16.320615768432617 -51.416473388671875 0.02541997656226158 -0.8320730924606323 -0.3095250129699707 -0.4595677852630615
1758725221.406582 -35.57587432861328 16.504253387451172 -51.772377014160156 0.026679683476686478 -0.8302389979362488 -0.31157538294792175 -0.4614240527153015
1758725221.806558 -34.92559814453125 16.713075637817383 -52.20425033569336 0.027727250009775162 -0.8288314938545227 -0.31129392981529236 -0.4640750586986542
1758725222.073231 -34.48089599609375 16.849916458129883 -52.489280700683594 0.025154491886496544 -0.8268128037452698 -0.3119218647480011 -0.46738919615745544
1758725222.47318 -33.81671905517578 17.06157684326172 -52.90348815917969 0.025814510881900787 -0.8253137469291687 -0.31376585364341736 -0.4687662720680237
1758725222.806523 -33.25413513183594 17.225595474243164 -53.248111724853516 0.025691641494631767 -0.8235121369361877 -0.31179484724998474 -0.4732353687286377
1758725223.206505 -32.54757308959961 17.400646209716797 -53.56625747680664 0.020867466926574707 -0.7863726019859314 -0.2995355427265167 -0.5398713946342468
1758725223.473178 -32.0628547668457 17.473133087158203 -53.708744049072266 0.011771422810852528 -0.7543817162513733 -0.2848348021507263 -0.5913026928901672
1758725223.873168 -31.31964111328125 17.617416381835938 -53.90039825439453 0.016081495210528374 -0.7407084703445435 -0.29809582233428955 -0.6018564701080322
1758725224.206527 -30.716777801513672 17.723175048828125 -54.056270599365234 0.00995632354170084 -0.7367628812789917 -0.2981531620025635 -0.6067834496498108
1758725224.539832 -30.119556427001953 17.8256778717041 -54.2115592956543 0.006366603076457977 -0.7335699796676636 -0.29880088567733765 -0.6103708744049072
1758725224.939773 -29.422691345214844 17.930065155029297 -54.38154220581055 0.001094204606488347 -0.7342262864112854 -0.2913307547569275 -0.6132185459136963
1758725225.273115 -28.83358383178711 18.01227569580078 -54.5185661315918 -0.002191822277382016 -0.7334372997283936 -0.28707972168922424 -0.616157591342926
1758725225.606451 -28.243717193603516 18.08096694946289 -54.66789245605469 -0.0056114597246050835 -0.7310131788253784 -0.2853504419326782 -0.6198091506958008
1758725225.939799 -27.67046356201172 18.126985549926758 -54.78123474121094 -0.01619494892656803 -0.7223829627037048 -0.27229639887809753 -0.6354174017906189
1758725226.273142 -27.083999633789062 18.17270851135254 -54.83749008178711 -0.008592347614467144 -0.6939857602119446 -0.2714028060436249 -0.6668212413787842
1758725226.673071 -26.435470581054688 18.18535041809082 -54.83963394165039 -0.015635596588253975 -0.6583329439163208 -0.2576848566532135 -0.7070727348327637
1758725227.139853 -25.701602935791016 18.17890739440918 -54.755523681640625 -0.009105338715016842 -0.6168308854103088 -0.24079853296279907 -0.749301552772522
1758725227.673101 -24.893138885498047 18.123620986938477 -54.55849838256836 -0.011276105418801308 -0.5662474036216736 -0.21905623376369476 -0.7945132255554199
1758725228.206429 -24.125732421875 18.056758880615234 -54.28650665283203 -0.007595030590891838 -0.5179376602172852 -0.21059860289096832 -0.8290544152259827
1758725228.673022 -23.539939880371094 17.97018051147461 -54.013160705566406 -0.01043689250946045 -0.4847145080566406 -0.1999666690826416 -0.8514436483383179
1758725229.406569 -22.844181060791016 17.84213638305664 -53.64893341064453 -0.018091659992933273 -0.46596765518188477 -0.18884427845478058 -0.864224910736084
1758725230.073039 -22.16857147216797 17.740646362304688 -53.26314926147461 -0.0048783873207867146 -0.45225465297698975 -0.19061872363090515 -0.8712671399116516
1758725230.606296 -21.6464900970459 17.654184341430664 -52.95257568359375 -0.004829889163374901 -0.44504591822624207 -0.18660007417201996 -0.875837504863739
1758725231.139633 -21.14696502685547 17.55791473388672 -52.64958190917969 -0.009276295080780983 -0.4356754720211029 -0.18250928819179535 -0.8813575506210327
1758725231.739637 -20.561405181884766 17.460420608520508 -52.264034271240234 -0.0002963589213322848 -0.42317280173301697 -0.18651898205280304 -0.8866428136825562
1758725232.272972 -20.03885269165039 17.3675537109375 -51.90370178222656 0.002538333646953106 -0.4173453748226166 -0.18602211773395538 -0.88950115442276
1758725232.806242 -19.53665542602539 17.266544342041016 -51.55352020263672 -0.001036106375977397 -0.411831259727478 -0.18119890987873077 -0.8930627107620239
1758725233.339597 -19.01856231689453 17.17038345336914 -51.1847038269043 0.0019352801609784365 -0.40700429677963257 -0.1774825006723404 -0.896015465259552
1758725233.872946 -18.503429412841797 17.069324493408203 -50.808631896972656 0.0040009296499192715 -0.4015015661716461 -0.17443038523197174 -0.8990854024887085
1758725234.406258 -18.025665283203125 16.96483039855957 -50.43610382080078 0.00196851696819067 -0.3966713547706604 -0.17050279676914215 -0.9019849300384521
1758725234.939557 -17.48854637145996 16.854684829711914 -50.00499725341797 0.0053794290870428085 -0.39229512214660645 -0.1682576686143875 -0.9043035507202148
1758725235.539574 -16.898887634277344 16.72595977783203 -49.52900695800781 0.00527586042881012 -0.3862341046333313 -0.16616065800189972 -0.9072959423065186
1758725236.072883 -16.36050796508789 16.60748863220215 -49.0833625793457 0.007871231995522976 -0.38202834129333496 -0.1645829677581787 -0.9093431234359741
1758725236.60622 -15.768126487731934 16.46569061279297 -48.580589294433594 0.006708998698741198 -0.3776615262031555 -0.16107295453548431 -0.9118016958236694
1758725237.139507 -15.157148361206055 16.32513427734375 -48.07216262817383 0.00654714647680521 -0.376244455575943 -0.1602286994457245 -0.912537157535553
1758725237.673431 -14.535537719726562 16.214609146118164 -47.627052307128906 0.007852849550545216 -0.4069746732711792 -0.17265626788139343 -0.8969390988349915
1758725238.206167 -13.890579223632812 16.089942932128906 -47.14271545410156 0.009038824588060379 -0.40133151412010193 -0.17046773433685303 -0.8998845219612122
1758725238.606154 -13.386616706848145 15.994346618652344 -46.77063751220703 0.008417299017310143 -0.40222495794296265 -0.16771483421325684 -0.9000089168548584
1758725238.939428 -12.91845703125 15.905988693237305 -46.41341018676758 0.009675915353000164 -0.4025813937187195 -0.16717444360256195 -0.8999373912811279
1758725239.272773 -12.404796600341797 15.829107284545898 -46.0745849609375 0.013225757516920567 -0.4253232181072235 -0.1753685027360916 -0.8877900838851929
1758725239.672771 -11.799734115600586 15.757428169250488 -45.75880813598633 0.015523022040724754 -0.46951261162757874 -0.18745756149291992 -0.8626567721366882
1758725240.006113 -11.276815414428711 15.690010070800781 -45.490943908691406 0.013295033015310764 -0.47289180755615234 -0.18633006513118744 -0.8610910773277283
1758725240.339437 -10.726840019226074 15.624666213989258 -45.20563507080078 0.013284191489219666 -0.47720855474472046 -0.18480931222438812 -0.8590349555015564
1758725240.672779 -10.152314186096191 15.563305854797363 -44.922264099121094 0.015733493492007256 -0.4808996021747589 -0.1854238659143448 -0.8567999005317688
1758725241.072729 -9.46678638458252 15.504129409790039 -44.58441162109375 0.021218426525592804 -0.4841172993183136 -0.1893252730369568 -0.8540118336677551
1758725241.406107 -8.913594245910645 15.431720733642578 -44.33045959472656 0.008758637122809887 -0.48897433280944824 -0.18363478779792786 -0.8527049422264099
1758725241.806052 -8.266654968261719 15.345714569091797 -43.97361755371094 0.01305485051125288 -0.46291428804397583 -0.1774783879518509 -0.8683556318283081
1758725242.139376 -7.742834568023682 15.265520095825195 -43.62992858886719 0.015081790275871754 -0.44187450408935547 -0.17375324666500092 -0.8799598813056946
1758725242.473179 -7.21530818939209 15.184534072875977 -43.31568908691406 0.012716353870928288 -0.44887208938598633 -0.17372092604637146 -0.8764549493789673
1758725242.872739 -6.597919464111328 15.094446182250977 -42.95318603515625 0.012213608250021935 -0.4473590850830078 -0.1731073558330536 -0.8773565888404846
1758725243.139372 -6.170863151550293 15.028444290161133 -42.70185470581055 0.013089650310575962 -0.4461641013622284 -0.17460086941719055 -0.8776564598083496
1758725243.539339 -5.558222770690918 14.943939208984375 -42.34712219238281 0.011653008870780468 -0.4448878765106201 -0.17352180182933807 -0.8785381317138672
1758725243.872673 -5.01347541809082 14.86394214630127 -42.0189094543457 0.010729041881859303 -0.4418869614601135 -0.1765788048505783 -0.8794548511505127
1758725244.273157 -4.394918441772461 14.774112701416016 -41.64979553222656 0.008472648449242115 -0.4404263198375702 -0.17666171491146088 -0.880195140838623
1758725244.739332 -3.6703453063964844 14.66085147857666 -41.197486877441406 0.007981604896485806 -0.43786680698394775 -0.1739550530910492 -0.8820139169692993
1758725245.139336 -3.075958251953125 14.552480697631836 -40.77436447143555 0.010090922936797142 -0.4139916002750397 -0.1671108901500702 -0.894753098487854
1758725245.405947 -2.694912910461426 14.46673583984375 -40.470523834228516 0.00903067272156477 -0.3910417854785919 -0.15983876585960388 -0.9063423275947571
1758725245.805959 -2.1703171730041504 14.3323974609375 -39.989891052246094 0.006677759345620871 -0.3684205710887909 -0.1483701765537262 -0.9177188873291016
1758725246.13929 -1.7201967239379883 14.219666481018066 -39.59458923339844 0.005718950182199478 -0.3690169155597687 -0.14761969447135925 -0.9176068902015686
1758725246.539619 -1.1764464378356934 14.083361625671387 -39.112640380859375 0.00648096576333046 -0.36337241530418396 -0.14649513363838196 -0.9200313687324524
1758725246.939312 -0.6472492218017578 13.948747634887695 -38.623348236083984 0.01098130363970995 -0.3574036657810211 -0.1464763879776001 -0.9223268032073975
1758725247.272621 -0.20957088470458984 13.833577156066895 -38.21186828613281 0.005973360035568476 -0.35437601804733276 -0.14275778830051422 -0.9241224527359009
1758725247.672568 0.3102860450744629 13.69603157043457 -37.72247314453125 0.009038678370416164 -0.34921470284461975 -0.13986819982528687 -0.9265011548995972
1758725248.072584 0.8311657905578613 13.55543041229248 -37.207733154296875 0.010494666174054146 -0.3439691364765167 -0.1404217779636383 -0.9283624291419983
1758725248.472572 1.3314156532287598 13.395641326904297 -36.70806884765625 0.0021367697045207024 -0.3364398777484894 -0.13779233396053314 -0.9315669536590576
1758725248.805902 1.748826503753662 13.28113079071045 -36.28519821166992 0.006676262244582176 -0.33145639300346375 -0.13945260643959045 -0.9330835938453674
1758725249.139266 2.180868148803711 13.16534423828125 -35.847225189208984 0.01155055034905672 -0.3267239034175873 -0.14156466722488403 -0.9343861937522888
1758725249.472516 2.570197105407715 13.04450798034668 -35.40284729003906 0.010334235616028309 -0.3061823844909668 -0.1348949372768402 -0.9423104524612427
1758725249.80585 2.9161553382873535 12.907845497131348 -34.94953536987305 0.007591749541461468 -0.283567875623703 -0.12527263164520264 -0.9507042169570923
1758725250.205851 3.301055908203125 12.74907398223877 -34.41178894042969 0.009951307438313961 -0.2703897953033447 -0.12017291784286499 -0.9551695585250854
1758725250.672545 3.7607624530792236 12.55682373046875 -33.797203063964844 0.005051958374679089 -0.2663692235946655 -0.11306130141019821 -0.9572038054466248
1758725251.072509 4.131938457489014 12.395034790039062 -33.25249099731445 0.007063568104058504 -0.26072943210601807 -0.10945237427949905 -0.9591614007949829
1758725251.405856 4.45073127746582 12.26605224609375 -32.79655456542969 0.0074873510748147964 -0.2559233009815216 -0.10697106271982193 -0.9607312083244324
1758725251.8058 4.811492919921875 12.102148056030273 -32.23820877075195 0.010714881122112274 -0.2504679560661316 -0.10355447232723236 -0.9625110626220703
1758725252.13915 5.128255844116211 11.966136932373047 -31.76165008544922 0.011238867416977882 -0.24651028215885162 -0.10094864666461945 -0.9638028144836426
1758725252.539137 5.469305038452148 11.800220489501953 -31.185773849487305 0.011194565333425999 -0.2409496009349823 -0.09769348055124283 -0.9655433893203735
1758725252.939132 5.819770812988281 11.63315200805664 -30.6188907623291 0.010333802551031113 -0.23574617505073547 -0.09605435281991959 -0.9670008420944214
1758725253.205785 6.036456108093262 11.522073745727539 -30.243980407714844 0.011077150702476501 -0.23239946365356445 -0.09375113993883133 -0.96802818775177
1758725253.605817 6.367612838745117 11.36585521697998 -29.721477508544922 0.009286626242101192 -0.22772431373596191 -0.09161406010389328 -0.9693617820739746
1758725253.939084 6.626247406005859 11.21677303314209 -29.243877410888672 0.007885767146945 -0.22427912056446075 -0.08843938261270523 -0.9704716801643372
1758725254.20653 6.849071502685547 11.104156494140625 -28.857194900512695 0.010798034258186817 -0.21638111770153046 -0.08582237362861633 -0.972469687461853
1758725254.672942 7.155296325683594 10.905522346496582 -28.182119369506836 0.012633070349693298 -0.1831514537334442 -0.07474350929260254 -0.9801578521728516
1758725255.139074 7.412182807922363 10.705172538757324 -27.509944915771484 0.013066058047115803 -0.15752173960208893 -0.06669782847166061 -0.9851739406585693
1758725255.539084 7.654171943664551 10.52297592163086 -26.916231155395508 0.011320851743221283 -0.1540893316268921 -0.06590473651885986 -0.9857915043830872
1758725255.872379 7.845864295959473 10.370574951171875 -26.4191837310791 0.011501681059598923 -0.14913266897201538 -0.06296055018901825 -0.9867437481880188
1758725256.272364 8.048398971557617 10.191003799438477 -25.830223083496094 0.012141501531004906 -0.14254237711429596 -0.060536183416843414 -0.987861156463623
1758725256.739021 8.273045539855957 9.979085922241211 -25.14899253845215 0.010107181966304779 -0.1351945996284485 -0.056795645505189896 -0.9891383647918701
1758725257.139055 8.476296424865723 9.790361404418945 -24.53870964050293 0.009317075833678246 -0.12839755415916443 -0.05463256686925888 -0.9901730418205261
1758725257.472378 8.623882293701172 9.642271041870117 -24.059255599975586 0.010588739067316055 -0.12340056896209717 -0.05358319357037544 -0.9908527135848999
1758725257.939011 8.812335014343262 9.440177917480469 -23.397504806518555 0.010094919241964817 -0.11638672649860382 -0.050930507481098175 -0.9918459057807922
1758725258.405665 9.011834144592285 9.21702766418457 -22.675029754638672 0.010271395556628704 -0.11035393923521042 -0.04788615182042122 -0.9926849603652954
1758725258.805674 9.175006866455078 9.019740104675293 -22.03984260559082 0.010624133050441742 -0.10487974435091019 -0.04596605896949768 -0.9933652877807617
1758725259.07233 9.282196998596191 8.885287284851074 -21.61446762084961 0.010289185680449009 -0.10115627944469452 -0.04435785487294197 -0.9938279390335083
1758725259.405654 9.410069465637207 8.718240737915039 -21.0908145904541 0.007588034961372614 -0.09784867614507675 -0.042601726949214935 -0.9942601323127747
1758725259.872319 9.564433097839355 8.509261131286621 -20.397348403930664 0.008931360207498074 -0.09254200011491776 -0.040586765855550766 -0.9948412179946899
1758725260.272482 9.692148208618164 8.317502975463867 -19.78132438659668 0.009198031388223171 -0.08915413171052933 -0.036391481757164 -0.9953103065490723
1758725260.738947 9.842232704162598 8.094029426574707 -19.071794509887695 0.008692052215337753 -0.08487917482852936 -0.03267507627606392 -0.9958174824714661
1758725261.072544 9.944324493408203 7.930120944976807 -18.547197341918945 0.00935505609959364 -0.08218535035848618 -0.0307169109582901 -0.9960997104644775
1758725261.472426 10.06052303314209 7.74338960647583 -17.909683227539062 0.015740571543574333 -0.07824831455945969 -0.029114332050085068 -0.9963844418525696
1758725261.805653 10.151323318481445 7.582923412322998 -17.377731323242188 0.014061723835766315 -0.0760568156838417 -0.026096954941749573 -0.9966627359390259
1758725262.13889 10.24528980255127 7.419832706451416 -16.876325607299805 0.007847736589610577 -0.0728788822889328 -0.024337872862815857 -0.9970129728317261
1758725262.472264 10.340572357177734 7.254721164703369 -16.35552215576172 0.009270683862268925 -0.06999508291482925 -0.02358078397810459 -0.9972255229949951
1758725262.872222 10.436389923095703 7.052657127380371 -15.725621223449707 0.007183894049376249 -0.06651438027620316 -0.022663984447717667 -0.9975022077560425
1758725263.338883 10.551074028015137 6.828206539154053 -15.014199256896973 0.01002800278365612 -0.06317689269781113 -0.020504647865891457 -0.9977413415908813
1758725263.605553 10.619034767150879 6.701979160308838 -14.592488288879395 0.01529048103839159 -0.061635617166757584 -0.019356124103069305 -0.9977938532829285
1758725264.072238 10.72503662109375 6.469761848449707 -13.925107955932617 0.002561155240982771 -0.060157451778650284 -0.012754438444972038 -0.9981042146682739
1758725264.605543 10.820350646972656 6.211019515991211 -13.130720138549805 0.004671557806432247 -0.056612301617860794 -0.010473879054188728 -0.9983304142951965
1758725265.138836 10.936196327209473 5.947711944580078 -12.31799030303955 0.008337735198438168 -0.05332394316792488 -0.008222167380154133 -0.998508632183075
1758725265.605495 11.015218734741211 5.720348834991455 -11.60187816619873 0.007850375026464462 -0.049759820103645325 -0.007867091335356236 -0.998699426651001
1758725266.072172 11.103546142578125 5.490164756774902 -10.890557289123535 0.006064014974981546 -0.04673415422439575 -0.007082120515406132 -0.9988638758659363
1758725266.538819 11.177291870117188 5.250105381011963 -10.166913986206055 0.0036666556261479855 -0.04475881904363632 -0.005354583263397217 -0.9989767670631409
1758725267.005484 11.258331298828125 5.013448715209961 -9.44210147857666 0.003767065005376935 -0.041351400315761566 -0.004948854446411133 -0.9991253018379211
1758725267.472105 11.330909729003906 4.773940563201904 -8.718741416931152 0.002786817029118538 -0.03818442299962044 -0.005036420654505491 -0.9992541670799255
1758725267.938787 11.391217231750488 4.539669513702393 -7.99505615234375 0.00816099438816309 -0.03656431660056114 -0.00426797941327095 -0.9992889165878296
1758725268.405521 11.447300910949707 4.294154167175293 -7.262112140655518 0.005316062830388546 -0.03197961673140526 -0.00396852008998394 -0.9994665384292603
1758725268.93877 11.511539459228516 4.018378257751465 -6.473028659820557 -0.0040806070901453495 -0.03057083673775196 -0.004003949463367462 -0.9995163083076477
1758725269.472056 11.579026222229004 3.750013828277588 -5.656469821929932 0.002814200706779957 -0.027085857465863228 -0.004951144568622112 -0.9996169209480286
1758725269.938722 11.644098281860352 3.5238962173461914 -4.942712306976318 0.010255458764731884 -0.040987901389598846 -0.011948413215577602 -0.9990355968475342
1758725270.472154 11.834162712097168 3.2687079906463623 -4.188179016113281 0.0058976407162845135 -0.09376631677150726 -0.03127704933285713 -0.9950853586196899
1758725271.005357 12.009346961975098 3.009899616241455 -3.399294853210449 0.006058875471353531 -0.09351050108671188 -0.03195850923657417 -0.9950868487358093
1758725271.405367 12.158190727233887 2.813462734222412 -2.7868475914001465 0.007108303718268871 -0.0978742390871048 -0.03204292058944702 -0.9946574568748474
1758725271.805354 12.31550121307373 2.6090798377990723 -2.163161516189575 0.007006642408668995 -0.10084758698940277 -0.03442990779876709 -0.9942812919616699
1758725272.272016 12.509490013122559 2.3718817234039307 -1.44395112991333 0.0038386753294616938 -0.10414645820856094 -0.03603906184434891 -0.9939014315605164
1758725272.671969 12.680583000183105 2.172921657562256 -0.8285456895828247 0.0034611509181559086 -0.10788296163082123 -0.0366327278316021 -0.9934824109077454
1758725273.071971 12.846094131469727 1.970263957977295 -0.21163970232009888 0.003942761570215225 -0.11002445220947266 -0.03944007679820061 -0.993138313293457
1758725273.538635 13.047013282775879 1.7337473630905151 0.5125128626823425 0.0035759941674768925 -0.11182998865842819 -0.04370439425110817 -0.9927593469619751
1758725273.938636 13.222963333129883 1.5481284856796265 1.1087632179260254 0.006808385252952576 -0.11472716927528381 -0.04765225201845169 -0.9922301769256592
1758725274.40537 13.414562225341797 1.3464323282241821 1.7227883338928223 0.006456732749938965 -0.11585663259029388 -0.04918842017650604 -0.9920262694358826
1758725275.005669 13.624163627624512 1.1096487045288086 2.444270610809326 0.0029788941610604525 -0.11797653138637543 -0.04986299201846123 -0.9917592406272888
1758725275.538602 13.826789855957031 0.8853719234466553 3.1052496433258057 0.0005811973824165761 -0.11998998373746872 -0.050408441573381424 -0.991494357585907
1758725276.205245 14.073083877563477 0.6246966123580933 3.9068431854248047 0.0022070847917348146 -0.12319090962409973 -0.05206691101193428 -0.991013765335083
1758725276.871897 14.28647232055664 0.3904082775115967 4.613831043243408 0.0007396371802315116 -0.12495191395282745 -0.053082212805747986 -0.990741491317749
1758725277.405231 14.47198486328125 0.20093891024589539 5.189932346343994 0.001208077883347869 -0.12293359637260437 -0.05360450595617294 -0.9909654855728149
1758725278.138548 14.620233535766602 -0.03908257558941841 5.916849136352539 0.004182660020887852 -0.07934699207544327 -0.04049770534038544 -0.9960153102874756
1758725279.205164 14.711482048034668 -0.3012087643146515 6.709667682647705 0.003960418980568647 -0.044144757091999054 -0.02961130440235138 -0.9985784292221069
1758725280.338471 14.77774429321289 -0.5566264986991882 7.459342956542969 0.0009229559800587595 -0.032705727964639664 -0.026476742699742317 -0.9991138577461243
1758725281.271776 14.849749565124512 -0.7984866499900818 8.176095008850098 0.0012490743538364768 -0.028552960604429245 -0.02348298579454422 -0.9993156790733337
1758725282.205109 14.90164566040039 -1.040040135383606 8.901902198791504 0.0014004431432113051 -0.02119918167591095 -0.018770504742860794 -0.9995981454849243
1758725283.271736 14.934571266174316 -1.2886110544204712 9.629128456115723 -0.0027014166116714478 -0.014670631848275661 -0.01310841366648674 -0.999802827835083
1758725284.53842 14.969206809997559 -1.5611310005187988 10.428027153015137 -0.0010236286325380206 -0.014125705696642399 -0.011901400052011013 -0.9998289346694946
1758725286.071668 15.025809288024902 -1.848395824432373 11.266401290893555 -0.0020058753434568644 -0.025931047275662422 -0.013729525730013847 -0.999567449092865
1758725287.272183 15.07425594329834 -2.057164430618286 11.882842063903809 -0.00098890601657331 -0.029205942526459694 -0.012124382890760899 -0.9994994401931763
1758725288.271676 15.109380722045898 -2.212897539138794 12.333660125732422 -0.004129036795347929 -0.031588274985551834 -0.011481466703116894 -0.9994264841079712
1758725288.6716 15.120864868164062 -2.2595744132995605 12.478503227233887 -0.001300716307014227 -0.03264492005109787 -0.01127099059522152 -0.9994027018547058
