1762212615.033313 -0.0 -0.0 -0.0 -0.0 -0.0 -0.0 1.0
1762212617.166618 -0.04370410367846489 -0.04780622571706772 0.0942656397819519 0.009394883178174496 -0.033333368599414825 -0.010350008495151997 0.9993465542793274
1762212619.366625 -0.4991514980792999 -0.44225701689720154 1.1322731971740723 0.012647903524339199 -0.02991441637277603 -0.007624187972396612 0.9994434118270874
1762212622.56659 -0.5130894780158997 -1.1203389167785645 2.8509151935577393 0.01326366700232029 -0.004432557616382837 -0.0006368713220581412 0.9999020099639893
1762212625.30035 -0.7773014903068542 -1.6001982688903809 4.285553455352783 0.018033692613244057 -0.09710204601287842 -0.03972673416137695 0.9943177700042725
1762212627.033193 -1.0868202447891235 -1.9605896472930908 5.129968166351318 0.02402866818010807 -0.16666723787784576 -0.05479736626148224 0.984196126461029
1762212628.367252 -0.9363498687744141 -1.7724649906158447 6.512928009033203 0.0873170718550682 -0.4368109107017517 -0.1396971344947815 0.8843397498130798
1762212686.36598 -1.3481745719909668 -1.540320634841919 6.6367902755737305 0.09581945836544037 -0.4155564308166504 -0.1667567640542984 0.8890014886856079
1762212686.965993 -1.5798044204711914 -1.6384769678115845 6.675632476806641 0.09788679331541061 -0.4165278971195221 -0.1625736802816391 0.8890964984893799
1762212687.565968 -1.7449287176132202 -1.7118382453918457 6.758359909057617 0.09496192634105682 -0.4158858060836792 -0.17078058421611786 0.8881752490997314
1762212688.299258 -1.7404052019119263 -1.7076250314712524 6.753349304199219 0.0960065945982933 -0.415038138628006 -0.17562785744667053 0.8875139355659485
1762212689.099277 -1.7086849212646484 -1.7035143375396729 6.704073429107666 0.09602107852697372 -0.41518378257751465 -0.17032979428768158 0.8884763121604919
1762212689.699273 -1.7398401498794556 -1.7860689163208008 6.745810508728027 0.08333339542150497 -0.41717398166656494 -0.16598911583423615 0.8896454572677612
1762212803.298165 -2.275764226913452 -1.9228358268737793 7.895524978637695 -0.03329039365053177 -0.3517586588859558 -0.20393002033233643 0.9130006432533264
1762212804.564811 -2.283843517303467 -1.9277561902999878 7.902647972106934 -0.032657913863658905 -0.3527925908565521 -0.20480772852897644 0.9124279022216797
