1760456485.596576 -0.0 -0.0 -0.0 -0.0 -0.0 -0.0 1.0
1760456487.26309 0.0046114749275147915 -0.03211379423737526 0.07275401055812836 0.004656121600419283 0.00013447071250993758 0.0007476760074496269 0.9999889135360718
1760456488.196389 -0.014092463999986649 -0.31112954020500183 0.869137167930603 0.00726183969527483 -0.016840770840644836 -0.007469308562576771 0.9998039603233337
1760456488.796383 -0.07283511012792587 -0.5476004481315613 1.5361285209655762 0.010124708525836468 -0.03418948873877525 -0.015821494162082672 0.9992388486862183
1760456489.396615 -0.1176472157239914 -0.8024073839187622 2.217998743057251 0.014891260303556919 -0.035662006586790085 -0.015742454677820206 0.9991289973258972
1760456489.996373 -0.16583356261253357 -1.0533792972564697 2.9087212085723877 0.014278224669396877 -0.03943285718560219 -0.018892964348196983 0.9989415407180786
1760456490.596557 -0.22717782855033875 -1.301925539970398 3.593397855758667 0.013955563306808472 -0.04444339871406555 -0.020266974344849586 0.9987088441848755
1760456491.196339 -0.29276543855667114 -1.5459001064300537 4.244718551635742 0.017490115016698837 -0.0488060787320137 -0.021452806890010834 0.9984247088432312
1760456491.796997 -0.3651816248893738 -1.7883403301239014 4.903690338134766 0.016130954027175903 -0.052531369030475616 -0.023113179951906204 0.9982214570045471
1760456492.396292 -0.43230026960372925 -2.039942979812622 5.574889659881592 0.016557833179831505 -0.05742551013827324 -0.02319556288421154 0.9979429244995117
1760456493.062911 -0.5198974013328552 -2.313638925552368 6.30901575088501 0.018358761444687843 -0.061481162905693054 -0.025365298613905907 0.9976170063018799
1760456493.662917 -0.6055664420127869 -2.5581235885620117 6.95880126953125 0.01837238483130932 -0.06461062282323837 -0.027266614139080048 0.9973688125610352
1760456494.396246 -0.7141942977905273 -2.8444149494171143 7.718204498291016 0.02176089584827423 -0.06936779618263245 -0.030152639374136925 0.9968979358673096
1760456495.062862 -0.8156574368476868 -3.1101534366607666 8.454450607299805 0.016951879486441612 -0.07414469122886658 -0.03156556561589241 0.9966036677360535
1760456495.596195 -0.904149055480957 -3.3248884677886963 9.029345512390137 0.018619930371642113 -0.0783856138586998 -0.030078843235969543 0.9962952733039856
1760456496.262866 -1.023082971572876 -3.5865638256073 9.753850936889648 0.018109150230884552 -0.08315487951040268 -0.03093925677239895 0.9958916306495667
1760456496.99622 -1.243220329284668 -3.8552193641662598 10.463700294494629 0.020814048126339912 -0.14303745329380035 -0.052543673664331436 0.988102376461029
1760456497.662954 -1.5540870428085327 -4.076971530914307 11.065048217773438 0.021890638396143913 -0.20791669189929962 -0.07475722581148148 0.9750399589538574
1760456498.262836 -1.9175679683685303 -4.273778915405273 11.564556121826172 0.022500554099678993 -0.27322298288345337 -0.0981348380446434 0.9566673636436462
1760456498.862833 -2.3383049964904785 -4.471981525421143 12.022334098815918 0.03190941736102104 -0.32195547223091125 -0.10944845527410507 0.9398656487464905
1760456499.396098 -2.76420259475708 -4.637411594390869 12.414209365844727 0.030742906033992767 -0.36214762926101685 -0.12434839457273483 0.9232775568962097
1760456500.062828 -3.375530481338501 -4.815914154052734 12.84329605102539 0.025345150381326675 -0.42072793841362 -0.14632627367973328 0.8949493765830994
1760456500.662871 -3.9772512912750244 -4.958010673522949 13.196219444274902 0.023823296651244164 -0.44716861844062805 -0.16066227853298187 0.8795796036720276
1760456501.196077 -4.513169288635254 -5.086428165435791 13.495024681091309 0.026707341894507408 -0.465104341506958 -0.16661201417446136 0.8690254092216492
1760456501.796047 -5.138523101806641 -5.208471298217773 13.79369831085205 0.028008345514535904 -0.48347753286361694 -0.17643679678440094 0.8569335341453552
1760456502.39625 -5.780450820922852 -5.3158488273620605 14.032478332519531 0.03180896118283272 -0.5217026472091675 -0.18841198086738586 0.8314538598060608
1760456502.996094 -6.428604602813721 -5.389961242675781 14.185808181762695 0.0323469452559948 -0.5717682838439941 -0.20520195364952087 0.7936792373657227
1760456503.596046 -7.099384307861328 -5.432366371154785 14.254303932189941 0.03264187276363373 -0.6184609532356262 -0.22358165681362152 0.7526299953460693
1760456504.196309 -7.7782392501831055 -5.442670822143555 14.238048553466797 0.031450871378183365 -0.6642595529556274 -0.24311962723731995 0.7061607241630554
1760456504.796338 -8.443305969238281 -5.414292812347412 14.125940322875977 0.034261588007211685 -0.7069265842437744 -0.2578345835208893 0.6577250361442566
1760456505.395987 -9.080842971801758 -5.366021156311035 13.959754943847656 0.031102608889341354 -0.7473344802856445 -0.2760407030582428 0.6035937666893005
1760456505.995981 -9.708063125610352 -5.310581684112549 13.730073928833008 0.03840356320142746 -0.7704297304153442 -0.27716463804244995 0.5728376507759094
1760456506.595933 -10.359835624694824 -5.205939292907715 13.457914352416992 0.03823782876133919 -0.7797273397445679 -0.29814592003822327 0.5492469668388367
1760456507.195945 -10.970959663391113 -5.101991176605225 13.159035682678223 0.048077020794153214 -0.7950371503829956 -0.30445247888565063 0.5224109888076782
1760456507.795939 -11.512456893920898 -5.061748504638672 12.854100227355957 0.05918034166097641 -0.8210017085075378 -0.28123486042022705 0.49331626296043396
1760456508.595964 -12.269181251525879 -4.943570613861084 12.42041301727295 0.04067734628915787 -0.8348351716995239 -0.2944145202636719 0.46337440609931946
1760456509.195887 -12.812288284301758 -4.832293510437012 12.035354614257812 0.041350577026605606 -0.8457905054092407 -0.293841153383255 0.443380206823349
1760456509.795927 -13.313119888305664 -4.723452568054199 11.644765853881836 0.040621157735586166 -0.8564529418945312 -0.29276543855667114 0.4232337772846222
1760456510.395881 -13.806764602661133 -4.604148864746094 11.218502044677734 0.04214455559849739 -0.8650347590446472 -0.293484628200531 0.4047289490699768
1760456510.996133 -14.273551940917969 -4.481929779052734 10.794922828674316 0.0431123711168766 -0.872142493724823 -0.29367586970329285 0.3889259099960327
1760456511.595828 -14.759345054626465 -4.394861698150635 10.405820846557617 0.04446272924542427 -0.8678362369537354 -0.28193050622940063 0.4066922068595886
1760456512.329426 -15.300397872924805 -4.274250507354736 9.880243301391602 0.04605376720428467 -0.8783953785896301 -0.28021615743637085 0.38442084193229675
1760456512.995799 -15.82011604309082 -4.128987789154053 9.386306762695312 0.042719729244709015 -0.8810569047927856 -0.28814178705215454 0.3726767599582672
1760456513.462471 -16.17045021057129 -4.029653549194336 9.017608642578125 0.04060801491141319 -0.8844512104988098 -0.289126992225647 0.36400923132896423
1760456514.129129 -16.628503799438477 -3.904743194580078 8.514604568481445 0.04141626134514809 -0.8896427750587463 -0.2868668735027313 0.352884978055954
1760456514.52911 -16.95505142211914 -3.8150904178619385 8.155952453613281 0.043481044471263885 -0.8942362070083618 -0.28209832310676575 0.3447777330875397
1760456514.929218 -17.432117462158203 -3.662322759628296 7.616938591003418 0.03896398842334747 -0.8950532674789429 -0.2916254997253418 0.33513590693473816
1760456515.329056 -17.918880462646484 -3.505887508392334 7.038368225097656 0.03888799995183945 -0.8973613381385803 -0.294668972492218 0.3261910378932953
1760456515.662494 -18.311752319335938 -3.357485294342041 6.536688804626465 0.04052252694964409 -0.9009562730789185 -0.29244551062583923 0.3179803192615509
1760456515.995729 -18.74943733215332 -3.2049641609191895 6.000585556030273 0.0375518798828125 -0.9019443988800049 -0.29809266328811646 0.3102046549320221
1760456516.329062 -19.170337677001953 -3.0411970615386963 5.4462127685546875 0.03797728195786476 -0.9040173292160034 -0.29851916432380676 0.30363917350769043
1760456516.529073 -19.42941665649414 -2.927326202392578 5.090704917907715 0.03706173971295357 -0.9041376113891602 -0.3033674359321594 0.29854628443717957
1760456516.795825 -19.775779724121094 -2.7830605506896973 4.625904083251953 0.0351656898856163 -0.905392050743103 -0.30493107438087463 0.29333552718162537
1760456517.129032 -20.197914123535156 -2.60321044921875 4.031979560852051 0.04069972410798073 -0.9067580699920654 -0.30353856086730957 0.28982362151145935
1760456517.329015 -20.469106674194336 -2.4932215213775635 3.6860857009887695 0.041461776942014694 -0.901918351650238 -0.30510956048965454 0.30287376046180725
1760456517.729013 -21.055646896362305 -2.299712657928467 3.020540237426758 0.04296785220503807 -0.8914220333099365 -0.29967817664146423 0.33721446990966797
1760456517.995678 -21.451900482177734 -2.171971321105957 2.588970184326172 0.04270210489630699 -0.8897488117218018 -0.2981526255607605 0.34297025203704834
1760456518.329014 -21.93408966064453 -2.00761079788208 2.05230712890625 0.043649110943078995 -0.889570415019989 -0.3021460175514221 0.33980438113212585
1760456518.595712 -22.32406234741211 -1.8726692199707031 1.6192855834960938 0.04323109611868858 -0.8902316093444824 -0.30213168263435364 0.3381349444389343
1760456518.929007 -22.80255126953125 -1.7213716506958008 1.0861568450927734 0.04702862724661827 -0.8913693428039551 -0.2991337776184082 0.3372952342033386
1760456519.129147 -23.09902572631836 -1.6180305480957031 0.7497444152832031 0.04598706588149071 -0.8912482261657715 -0.3002539873123169 0.3367631137371063
1760456519.328992 -23.376394271850586 -1.5422091484069824 0.4371681213378906 0.046676065772771835 -0.893775463104248 -0.29357635974884033 0.33585670590400696
1760456519.528952 -23.644800186157227 -1.4503822326660156 0.11716461181640625 0.048249583691358566 -0.8936903476715088 -0.29364195466041565 0.33580347895622253
1760456519.728958 -23.921964645385742 -1.3577303886413574 -0.19942092895507812 0.045852333307266235 -0.8930621147155762 -0.29730433225631714 0.33458617329597473
1760456519.92896 -24.19119644165039 -1.2726736068725586 -0.5243625640869141 0.045429643243551254 -0.8943539261817932 -0.29389721155166626 0.33420315384864807
1760456520.195632 -24.583757400512695 -1.1452360153198242 -0.9525260925292969 0.04596497491002083 -0.89369136095047 -0.29654791951179504 0.3335600197315216
1760456520.528945 -25.047828674316406 -0.9958395957946777 -1.4973335266113281 0.04557006061077118 -0.8944167494773865 -0.2958957254886627 0.3322465419769287
1760456520.795619 -25.3861026763916 -0.8909435272216797 -1.909921646118164 0.047715820372104645 -0.8945955038070679 -0.29495641589164734 0.3322994112968445
1760456521.12895 -25.86529541015625 -0.7327795028686523 -2.448465347290039 0.046534571796655655 -0.893144428730011 -0.30048468708992004 0.33141613006591797
1760456521.329083 -26.137531280517578 -0.6418542861938477 -2.7658615112304688 0.04765612259507179 -0.8933876156806946 -0.2995229959487915 0.33147165179252625
1760456521.528964 -26.41730308532715 -0.5517797470092773 -3.086528778076172 0.045385342091321945 -0.8927702307701111 -0.2977308928966522 0.3350491225719452
1760456521.728902 -26.703330993652344 -0.45504188537597656 -3.398418426513672 0.04414552450180054 -0.8876009583473206 -0.2995726466178894 0.3470907211303711
1760456521.928906 -26.987491607666016 -0.36785030364990234 -3.695436477661133 0.0442533940076828 -0.883045494556427 -0.29877734184265137 0.3591720163822174
1760456522.195577 -27.375385284423828 -0.254638671875 -4.078367233276367 0.0408678762614727 -0.8812638521194458 -0.2989831864833832 0.36374837160110474
1760456522.528914 -27.824787139892578 -0.11480903625488281 -4.546195983886719 0.040313199162483215 -0.8818617463111877 -0.2975592017173767 0.3635289967060089
1760456522.728917 -28.122526168823242 -0.02964019775390625 -4.851776123046875 0.040040526539087296 -0.8816953897476196 -0.2968035638332367 0.3645787835121155
1760456522.928909 -28.41779136657715 0.0478363037109375 -5.142387390136719 0.039057791233062744 -0.8826568126678467 -0.29379817843437195 0.3647930920124054
1760456523.128909 -28.703611373901367 0.1364421844482422 -5.43780517578125 0.037793390452861786 -0.8824071884155273 -0.2935323417186737 0.3657431900501251
1760456523.329019 -29.005699157714844 0.2290201187133789 -5.7372589111328125 0.035868898034095764 -0.8805122375488281 -0.29785650968551636 0.3670055568218231
1760456523.528884 -29.29659652709961 0.31719493865966797 -6.0268402099609375 0.03474966809153557 -0.8812658786773682 -0.2959615886211395 0.3668375313282013
1760456523.728949 -29.58328628540039 0.4037790298461914 -6.3173370361328125 0.0345531702041626 -0.8816929459571838 -0.29386574029922485 0.36751413345336914
1760456523.928876 -29.868911743164062 0.4784727096557617 -6.605339050292969 0.035978786647319794 -0.8820483088493347 -0.2920668423175812 0.3679581880569458
1760456524.328868 -30.429222106933594 0.6352815628051758 -7.1486358642578125 0.035174429416656494 -0.879680335521698 -0.289963036775589 0.37529557943344116
1760456524.92885 -31.32286262512207 0.8487997055053711 -7.893898010253906 0.034313760697841644 -0.865155041217804 -0.2872370481491089 0.4096636474132538
1760456525.528855 -32.06250762939453 1.0075502395629883 -8.471542358398438 0.031173592433333397 -0.8649557828903198 -0.2888946831226349 0.40916919708251953
1760456526.795492 -33.05266571044922 1.223428726196289 -9.253448486328125 0.033917102962732315 -0.8631973266601562 -0.2836265563964844 0.4162883758544922
1760456528.328739 -34.20245361328125 1.447077751159668 -10.152168273925781 0.0349719412624836 -0.8624125719070435 -0.28363236784935 0.41782093048095703
1760456530.128784 -35.499568939208984 1.7388267517089844 -11.248092651367188 0.03539828583598137 -0.870269775390625 -0.28828921914100647 0.39782771468162537
1760456532.328798 -36.92645263671875 2.0912084579467773 -12.5611572265625 0.03557184338569641 -0.872115969657898 -0.29091963171958923 0.39180901646614075
1760456533.72875 -37.79195022583008 2.326374053955078 -13.402229309082031 0.03753100708127022 -0.8735189437866211 -0.29110074043273926 0.3883510231971741
1760456534.528661 -38.30663299560547 2.459115982055664 -13.893516540527344 0.03754601255059242 -0.8743286728858948 -0.2918224632740021 0.3859785199165344
1760456535.92864 -39.13716506958008 2.688243865966797 -14.734241485595703 0.03860922530293465 -0.8755084276199341 -0.29158490896224976 0.3833701014518738
1760456537.128542 -39.837867736816406 2.8868770599365234 -15.42477798461914 0.037854425609111786 -0.8739948272705078 -0.291551411151886 0.38690805435180664
1760456537.995212 -40.437374114990234 3.035554885864258 -15.953742980957031 0.03738994523882866 -0.8665556311607361 -0.28888610005378723 0.4052507281303406
1760456538.528543 -40.849029541015625 3.1260242462158203 -16.28760528564453 0.03751301020383835 -0.864849865436554 -0.2876279652118683 0.4097532629966736
1760456538.92854 -41.16904830932617 3.1988048553466797 -16.55386734008789 0.03592575341463089 -0.8639677166938782 -0.28837278485298157 0.41123026609420776
1760456539.328479 -41.502159118652344 3.274148941040039 -16.820972442626953 0.03563781827688217 -0.8628497123718262 -0.2888251841068268 0.41328006982803345
1760456539.928476 -41.987335205078125 3.3849716186523438 -17.214828491210938 0.03545944392681122 -0.8618375062942505 -0.28807660937309265 0.41592147946357727
1760456540.595142 -42.50775909423828 3.512725830078125 -17.645591735839844 0.03433030843734741 -0.8603418469429016 -0.28841498494148254 0.41886773705482483
1760456541.195201 -43.001041412353516 3.6243724822998047 -18.034393310546875 0.034662045538425446 -0.8592482805252075 -0.2882847189903259 0.42116859555244446
1760456541.928433 -43.59521484375 3.755495071411133 -18.49893569946289 0.033315178006887436 -0.8582438230514526 -0.2873299717903137 0.42396846413612366
1760456542.528449 -44.14497375488281 3.8814048767089844 -18.931747436523438 0.03343725576996803 -0.8573328852653503 -0.2872900664806366 0.42582467198371887
1760456543.128424 -44.747955322265625 3.997446060180664 -19.385807037353516 0.032953064888715744 -0.8579267263412476 -0.28223931789398193 0.4280383586883545
1760456543.595136 -45.23619842529297 4.107736587524414 -19.759288787841797 0.02891814336180687 -0.856042742729187 -0.28573089838027954 0.4297817349433899
1760456544.128381 -45.82206344604492 4.223089218139648 -20.205394744873047 0.030431918799877167 -0.857344388961792 -0.27903762459754944 0.43147727847099304
1760456544.528403 -46.25823974609375 4.310029983520508 -20.52013397216797 0.02976611815392971 -0.8560243844985962 -0.2811627984046936 0.4327629804611206
1760456544.928387 -46.70720672607422 4.399227142333984 -20.854660034179688 0.029490506276488304 -0.8557785153388977 -0.27958381175994873 0.43428835272789
1760456545.328386 -47.19628143310547 4.498100280761719 -21.221084594726562 0.02956942468881607 -0.8555962443351746 -0.27818983793258667 0.4355355501174927
1760456545.795044 -47.769264221191406 4.613128662109375 -21.632530212402344 0.029076293110847473 -0.8546527028083801 -0.2790023982524872 0.4368993937969208
1760456546.261682 -48.34918212890625 4.721107482910156 -22.044410705566406 0.029367178678512573 -0.8544374704360962 -0.2779432237148285 0.4379746615886688
1760456546.728347 -48.94651794433594 4.83135986328125 -22.471633911132812 0.02708342857658863 -0.854375958442688 -0.27702459692955017 0.4388229548931122
1760456547.261672 -49.670738220214844 4.968250274658203 -22.982372283935547 0.02449641562998295 -0.8538346290588379 -0.27814698219299316 0.4393184781074524
1760456547.661691 -50.17367935180664 5.061456680297852 -23.34957504272461 0.025556577369570732 -0.8537648320198059 -0.27663183212280273 0.44034919142723083
1760456548.061683 -50.66360092163086 5.156721115112305 -23.705345153808594 0.025242643430829048 -0.8533107042312622 -0.2767183184623718 0.4411923587322235
1760456548.461588 -51.1446647644043 5.241537094116211 -24.036888122558594 0.02325909025967121 -0.853503406047821 -0.27553415298461914 0.4416695237159729
1760456548.861599 -51.626556396484375 5.331611633300781 -24.37520980834961 0.022632382810115814 -0.8539671897888184 -0.27376505732536316 0.44190558791160583
1760456549.328264 -52.170494079589844 5.436737060546875 -24.75796890258789 0.020021049305796623 -0.852857768535614 -0.2761184871196747 0.4427090287208557
1760456549.861603 -52.731346130371094 5.540042877197266 -25.151504516601562 0.020520657300949097 -0.8528717756271362 -0.27592727541923523 0.44277849793434143
1760456550.46175 -53.38636016845703 5.671577453613281 -25.598339080810547 0.019917039200663567 -0.852189302444458 -0.27677208185195923 0.4435920715332031
1760456550.861545 -53.85481643676758 5.759302139282227 -25.928062438964844 0.020257476717233658 -0.8524664640426636 -0.27624648809432983 0.4433717429637909
1760456551.261534 -54.35430145263672 5.849969863891602 -26.2877197265625 0.021715957671403885 -0.853594183921814 -0.27259159088134766 0.4433952569961548
1760456551.661543 -54.86790466308594 5.965553283691406 -26.640151977539062 0.012804238125681877 -0.8501577377319336 -0.2830181121826172 0.4438115060329437
1760456552.128209 -55.453285217285156 6.082866668701172 -27.05677032470703 0.01703120768070221 -0.8511157631874084 -0.28159984946250916 0.4427340626716614
1760456552.661513 -56.08002471923828 6.212850570678711 -27.50678253173828 0.028006603941321373 -0.8492628931999207 -0.27928778529167175 0.4471763074398041
1760456553.261531 -56.75377655029297 6.362117767333984 -27.98291778564453 0.023143162950873375 -0.8432204723358154 -0.2921430170536041 0.45066195726394653
1760456553.861505 -57.307899475097656 6.449079513549805 -28.366226196289062 0.02820807881653309 -0.8483516573905945 -0.2772417664527893 0.45015639066696167
1760456554.46149 -57.88347625732422 6.549263000488281 -28.747787475585938 0.02478400245308876 -0.84769207239151 -0.2761930525302887 0.4522404670715332
1760456555.061465 -58.428871154785156 6.638278961181641 -29.119834899902344 0.02279289811849594 -0.8499082326889038 -0.27150020003318787 0.4510256350040436
1760456555.661579 -58.986488342285156 6.724069595336914 -29.49535369873047 0.019979970529675484 -0.8523808717727661 -0.2649494707584381 0.450388103723526
1760456556.261439 -59.554222106933594 6.804924011230469 -29.8804931640625 0.01803043857216835 -0.8546885848045349 -0.26111969351768494 0.44832897186279297
1760456556.861444 -60.09284591674805 6.921062469482422 -30.301727294921875 0.019653894007205963 -0.862024188041687 -0.2722996175289154 0.42706090211868286
1760456557.461436 -60.603267669677734 7.048545837402344 -30.74738311767578 0.019295120611786842 -0.8724343180656433 -0.2816242575645447 0.39896610379219055
1760456558.061414 -61.12886428833008 7.168689727783203 -31.21271514892578 0.017049042508006096 -0.8771493434906006 -0.28168466687202454 0.3885512948036194
1760456558.661389 -61.638389587402344 7.314546585083008 -31.69654083251953 0.016637930646538734 -0.8803361654281616 -0.2843722999095917 0.37929391860961914
1760456559.261378 -62.154815673828125 7.46595573425293 -32.182884216308594 0.019455093890428543 -0.8796668648719788 -0.2938224673271179 0.3734649419784546
1760456559.861333 -62.662620544433594 7.612852096557617 -32.681304931640625 0.027466557919979095 -0.8813231587409973 -0.2906898558139801 0.3715030550956726
1760456560.461394 -63.155555725097656 7.767629623413086 -33.18852233886719 0.033869460225105286 -0.8807502388954163 -0.29709485173225403 0.3672419488430023
1760456561.061343 -63.62614059448242 7.914480209350586 -33.688453674316406 0.03981943055987358 -0.8849427700042725 -0.2999075949192047 0.35404250025749207
1760456561.661311 -64.06041717529297 8.11323356628418 -34.224021911621094 0.03139851614832878 -0.8948292136192322 -0.3171461224555969 0.312591016292572
1760456562.261304 -64.43729400634766 8.279853820800781 -34.77323913574219 0.031573131680488586 -0.9081545472145081 -0.3121308982372284 0.277187317609787
1760456562.861285 -64.75726318359375 8.471832275390625 -35.35803985595703 0.03077947534620762 -0.919259250164032 -0.3120855689048767 0.23794472217559814
1760456563.461301 -65.02558135986328 8.666440963745117 -35.95704650878906 0.03342374041676521 -0.928741991519928 -0.3110502362251282 0.19891929626464844
1760456564.061245 -65.24870300292969 8.87330436706543 -36.60930633544922 0.03503166511654854 -0.935783863067627 -0.3122544288635254 0.15993307530879974
1760456564.661443 -65.4791259765625 9.095518112182617 -37.27018737792969 0.03507060930132866 -0.9363924264907837 -0.3143399655818939 0.15208470821380615
1760456565.261255 -65.68621826171875 9.315261840820312 -37.90130615234375 0.034256335347890854 -0.9371057152748108 -0.3178497552871704 0.14011037349700928
1760456565.86123 -65.8778305053711 9.534662246704102 -38.5499267578125 0.03472515568137169 -0.9388782978057861 -0.31749093532562256 0.12845681607723236
1760456566.461192 -66.04985046386719 9.7547607421875 -39.2005500793457 0.033319324254989624 -0.9400987029075623 -0.31878241896629333 0.116112120449543
1760456567.061191 -66.20828247070312 9.978662490844727 -39.86000442504883 0.03404124081134796 -0.9406905174255371 -0.32093346118927 0.10461517423391342
1760456567.661172 -66.31495666503906 10.215497970581055 -40.51896667480469 0.033681195229291916 -0.9421572089195251 -0.3267228603363037 0.06676513701677322
1760456568.261109 -66.34152221679688 10.444891929626465 -41.16904067993164 0.02968519739806652 -0.945040225982666 -0.3250225782394409 0.019448313862085342
1760456568.861255 -66.3181381225586 10.689767837524414 -41.82509231567383 0.027801234275102615 -0.9426856637001038 -0.3318997323513031 -0.020331988111138344
1760456569.461129 -66.25518035888672 10.91688060760498 -42.475345611572266 0.02695637010037899 -0.9427927136421204 -0.3282560706138611 -0.0516078881919384
1760456570.061137 -66.12030029296875 11.154497146606445 -43.11983871459961 0.0289091058075428 -0.9392476677894592 -0.32774391770362854 -0.09778602421283722
1760456570.66116 -65.94810485839844 11.419215202331543 -43.781524658203125 0.02814626134932041 -0.9344331622123718 -0.33399370312690735 -0.12037737667560577
1760456571.261127 -65.7680892944336 11.681008338928223 -44.44995880126953 0.01964348927140236 -0.9311004281044006 -0.3374783396720886 -0.13702048361301422
1760456571.86108 -65.57373046875 11.926776885986328 -45.10322952270508 0.013838906772434711 -0.9313302040100098 -0.3306364417076111 -0.15202656388282776
1760456572.461132 -65.34597778320312 12.165791511535645 -45.74778747558594 0.015020202845335007 -0.930037796497345 -0.3278789818286896 -0.1652255803346634
1760456573.061323 -65.1122055053711 12.40610122680664 -46.37986755371094 0.014709148555994034 -0.9279407858848572 -0.32734817266464233 -0.17763084173202515
1760456573.661049 -64.84337615966797 12.662393569946289 -47.01275634765625 0.019392963498830795 -0.9243759512901306 -0.3301977515220642 -0.19005921483039856
1760456574.261031 -64.56009674072266 12.905202865600586 -47.639774322509766 0.02688733860850334 -0.9224316477775574 -0.3296598792076111 -0.19930200278759003
1760456574.927873 -64.24054718017578 13.152290344238281 -48.30683135986328 0.0344681590795517 -0.9230161309242249 -0.3204522728919983 -0.2101515382528305
1760456575.660965 -63.88298797607422 13.433618545532227 -49.03763961791992 0.03864037245512009 -0.9206841588020325 -0.32013067603111267 -0.21991786360740662
1760456576.394311 -63.504493713378906 13.725834846496582 -49.756988525390625 0.034294694662094116 -0.9167013168334961 -0.32459157705307007 -0.23048420250415802
1760456576.99432 -63.19316101074219 13.959468841552734 -50.34641647338867 0.031480707228183746 -0.914941668510437 -0.32441800832748413 -0.23799942433834076
1760456577.594251 -62.883575439453125 14.179302215576172 -50.92945861816406 0.025697682052850723 -0.9139017462730408 -0.3209300637245178 -0.2472391128540039
1760456577.994263 -62.60437774658203 14.359728813171387 -51.39405822753906 0.0238407701253891 -0.9110457301139832 -0.3221535384654999 -0.2562115490436554
1760456578.394262 -62.26451110839844 14.592354774475098 -51.95236587524414 0.020569659769535065 -0.9034133553504944 -0.32713741064071655 -0.27640992403030396
1760456578.794717 -61.867347717285156 14.792771339416504 -52.4708251953125 0.017106499522924423 -0.894114077091217 -0.32029101252555847 -0.3125396966934204
1760456579.194255 -61.44429016113281 14.996537208557129 -52.95806884765625 0.016420718282461166 -0.8820181488990784 -0.3193153738975525 -0.34613874554634094
1760456579.594209 -60.988929748535156 15.19336223602295 -53.43794631958008 0.01451584417372942 -0.8771731853485107 -0.31772908568382263 -0.35972872376441956
1760456579.994207 -60.53571319580078 15.384270668029785 -53.9286003112793 0.00806090235710144 -0.8749788999557495 -0.3151629865169525 -0.3674497902393341
1760456580.394222 -60.06993103027344 15.591520309448242 -54.39594268798828 0.00950448215007782 -0.8707448840141296 -0.31921958923339844 -0.3739141821861267
1760456580.794213 -59.60150909423828 15.779790878295898 -54.863468170166016 0.007819377817213535 -0.8681281805038452 -0.31799086928367615 -0.3810172379016876
1760456581.194357 -59.141151428222656 15.960657119750977 -55.31238555908203 0.004075625445693731 -0.8655921220779419 -0.3168259561061859 -0.3877564072608948
1760456581.594153 -58.65619659423828 16.16026496887207 -55.7559700012207 0.007533333729952574 -0.860880434513092 -0.3211888372898102 -0.39454519748687744
1760456581.994153 -58.192359924316406 16.3188419342041 -56.17582702636719 0.002665688283741474 -0.8608902096748352 -0.31429237127304077 -0.40010160207748413
1760456582.394147 -57.716522216796875 16.50354766845703 -56.58243942260742 0.0055736517533659935 -0.8566425442695618 -0.317930668592453 -0.4062667191028595
1760456582.794166 -57.24029541015625 16.678373336791992 -56.99718475341797 0.003973361104726791 -0.8546198606491089 -0.3167126178741455 -0.4114634096622467
1760456583.194297 -56.718414306640625 16.845701217651367 -57.429412841796875 0.002943821018561721 -0.8530097007751465 -0.31221914291381836 -0.4181925058364868
1760456583.594144 -56.14399719238281 17.051387786865234 -57.9000129699707 0.003935161046683788 -0.8503229022026062 -0.31366458535194397 -0.4225519001483917
1760456583.994108 -55.56787109375 17.255754470825195 -58.35280990600586 0.003683315357193351 -0.8470519781112671 -0.31601959466934204 -0.42734187841415405
1760456584.394147 -54.96131896972656 17.455930709838867 -58.81852340698242 0.00711336825042963 -0.8454056978225708 -0.3152981996536255 -0.4310751259326935
1760456584.660778 -54.508644104003906 17.608665466308594 -59.162269592285156 0.007506031077355146 -0.8446753621101379 -0.31339648365974426 -0.4338777959346771
1760456584.99411 -53.94969177246094 17.78806495666504 -59.578880310058594 0.009343309327960014 -0.8423023223876953 -0.31420910358428955 -0.4378494322299957
1760456585.260765 -53.483436584472656 17.9466552734375 -59.923828125 0.012611981481313705 -0.8406717777252197 -0.3143175542354584 -0.4408133625984192
1760456585.594087 -52.886322021484375 18.125215530395508 -60.36199951171875 0.012760006822645664 -0.8408070206642151 -0.3087097406387329 -0.4444986581802368
1760456585.860767 -52.405555725097656 18.285490036010742 -60.70664978027344 0.01335347443819046 -0.8382668495178223 -0.31103095412254333 -0.4476494789123535
1760456586.194038 -51.78955078125 18.48549461364746 -61.12915802001953 0.01376862172037363 -0.8364720940589905 -0.31155312061309814 -0.45062127709388733
1760456586.460724 -51.28681945800781 18.642230987548828 -61.472896575927734 0.014146500267088413 -0.8349406123161316 -0.31208598613739014 -0.45307448506355286
1760456586.794137 -50.66228485107422 18.84269905090332 -61.8985710144043 0.015263933688402176 -0.8330156803131104 -0.3125167787075043 -0.45627307891845703
1760456587.06073 -50.15602111816406 19.00352668762207 -62.238983154296875 0.011836091987788677 -0.8309616446495056 -0.3143550157546997 -0.45885035395622253
1760456587.394041 -49.56909942626953 19.181842803955078 -62.644195556640625 0.009451027028262615 -0.831775426864624 -0.3096899688243866 -0.4606001675128937
1760456587.660737 -49.049720764160156 19.347270965576172 -62.98616409301758 0.009969010017812252 -0.8290331959724426 -0.31321823596954346 -0.4631403088569641
1760456587.99404 -48.437835693359375 19.535755157470703 -63.39554977416992 0.009966487064957619 -0.8284173011779785 -0.3119010627269745 -0.46512719988822937
1760456588.260685 -47.92090606689453 19.699066162109375 -63.72434997558594 0.009032370522618294 -0.8258784413337708 -0.31524020433425903 -0.46740439534187317
1760456588.594023 -47.275604248046875 19.89641571044922 -64.13842010498047 0.010477290488779545 -0.8250881433486938 -0.3138127028942108 -0.4697248339653015
1760456588.860658 -46.73143005371094 20.07027244567871 -64.46830749511719 0.013480237685143948 -0.82334303855896 -0.3161522150039673 -0.47113925218582153
1760456589.260662 -46.02796173095703 20.293903350830078 -64.8943862915039 0.019583160057663918 -0.8175751566886902 -0.32066208124160767 -0.4778737723827362
1760456589.794238 -45.42719268798828 20.472204208374023 -65.2635498046875 0.01616644114255905 -0.8197795748710632 -0.31408703327178955 -0.47859105467796326
1760456590.393995 -44.8233642578125 20.654460906982422 -65.6114273071289 0.018014296889305115 -0.8153625130653381 -0.3153621554374695 -0.4851868748664856
1760456590.993949 -44.203521728515625 20.82122802734375 -65.931640625 0.016257351264357567 -0.8045424818992615 -0.308554470539093 -0.5071895122528076
1760456591.593945 -43.566322326660156 20.981678009033203 -66.25871276855469 0.014891652390360832 -0.8017884492874146 -0.3064446747303009 -0.5128402709960938
1760456592.193939 -42.939125061035156 21.147354125976562 -66.56932067871094 0.01432966347783804 -0.8002917170524597 -0.3026524782180786 -0.5174257159233093
1760456592.793895 -42.312591552734375 21.30818748474121 -66.86519622802734 0.018101871013641357 -0.7979576587677002 -0.3026810884475708 -0.5208839774131775
1760456593.393918 -41.66326904296875 21.472118377685547 -67.16078186035156 0.02110004611313343 -0.7953526973724365 -0.30256161093711853 -0.5248099565505981
1760456593.993891 -40.990509033203125 21.62628173828125 -67.39556121826172 0.023920372128486633 -0.7708002328872681 -0.30174538493156433 -0.5605752468109131
1760456594.593881 -40.3284797668457 21.719215393066406 -67.54916381835938 0.013464448042213917 -0.7402969002723694 -0.28675025701522827 -0.607909083366394
1760456595.193849 -39.63103103637695 21.82146453857422 -67.64291381835938 0.02042064443230629 -0.714922308921814 -0.28024429082870483 -0.6402595043182373
1760456595.793847 -38.90414047241211 21.902021408081055 -67.68511962890625 0.02735055424273014 -0.6940789818763733 -0.27097010612487793 -0.6663944721221924
1760456596.393825 -38.224517822265625 21.974853515625 -67.73538970947266 0.023048605769872665 -0.6855534315109253 -0.26718011498451233 -0.6768308877944946
1760456596.993825 -37.5202751159668 22.04030990600586 -67.78697204589844 0.013685262762010098 -0.6713711619377136 -0.270248144865036 -0.6899560689926147
1760456597.593766 -36.862308502197266 22.061267852783203 -67.81202697753906 -0.01222944539040327 -0.6647350192070007 -0.2571772336959839 -0.701311469078064
1760456598.193783 -36.18214416503906 22.073392868041992 -67.80502319335938 -0.014954828657209873 -0.6437749862670898 -0.25339242815971375 -0.7218881249427795
1760456598.793787 -35.543758392333984 22.046215057373047 -67.71488952636719 -0.01968400366604328 -0.6078176498413086 -0.23314957320690155 -0.7588224411010742
1760456599.593714 -34.72651290893555 21.974550247192383 -67.46281433105469 -0.015813631936907768 -0.5457330346107483 -0.21139252185821533 -0.8107025623321533
1760456600.193882 -34.11036682128906 21.895336151123047 -67.20538330078125 -0.013359137810766697 -0.5010823607444763 -0.2016656994819641 -0.8414683938026428
1760456600.793753 -33.491676330566406 21.815767288208008 -66.91893768310547 -0.012082742527127266 -0.4862914979457855 -0.197313129901886 -0.8511416912078857
1760456601.393717 -32.86466979980469 21.737728118896484 -66.60208129882812 -0.006320127286016941 -0.4723827838897705 -0.19696615636348724 -0.8590803146362305
1760456601.993668 -32.28430938720703 21.635208129882812 -66.29766082763672 -0.013791434466838837 -0.46442899107933044 -0.18887768685817719 -0.8651247620582581
1760456602.593677 -31.70529556274414 21.525588989257812 -65.95491027832031 -0.011240188032388687 -0.4406406879425049 -0.18048693239688873 -0.8792803883552551
1760456603.193678 -31.145021438598633 21.42059326171875 -65.56745147705078 -0.004837976302951574 -0.41220253705978394 -0.17965349555015564 -0.8931910991668701
1760456603.793618 -30.58688735961914 21.31624984741211 -65.16548156738281 0.0025749655906111 -0.40635913610458374 -0.17564274370670319 -0.8966690301895142
1760456604.393622 -30.066783905029297 21.185707092285156 -64.78684997558594 -0.012407260946929455 -0.39766180515289307 -0.1636344939470291 -0.9027374982833862
1760456604.993632 -29.505699157714844 21.080156326293945 -64.36188507080078 0.002753955777734518 -0.3848022222518921 -0.17414778470993042 -0.9064173102378845
1760456605.593612 -28.97856330871582 20.9655818939209 -63.95185089111328 0.003146602539345622 -0.38608330488204956 -0.17381194233894348 -0.905935525894165
1760456606.193569 -28.46015167236328 20.86089324951172 -63.55414581298828 0.0016252398490905762 -0.39033687114715576 -0.17206205427646637 -0.9044497013092041
1760456606.793558 -27.930356979370117 20.74945831298828 -63.138450622558594 0.004767912905663252 -0.38371196389198303 -0.17009834945201874 -0.90763920545578
1760456607.39356 -27.389156341552734 20.64490509033203 -62.7425422668457 0.004520727321505547 -0.3959142565727234 -0.17368853092193604 -0.901700496673584
1760456607.993572 -26.871681213378906 20.547950744628906 -62.363128662109375 0.004319208208471537 -0.40156683325767517 -0.17508354783058167 -0.8989278078079224
1760456608.593521 -26.33120346069336 20.441495895385742 -61.95561981201172 0.00501849502325058 -0.39913445711135864 -0.17420504987239838 -0.9001772999763489
1760456609.193514 -25.786579132080078 20.342832565307617 -61.551429748535156 0.005728165619075298 -0.396579772233963 -0.17558841407299042 -0.9010329842567444
1760456609.793519 -25.226192474365234 20.24335479736328 -61.18494415283203 0.0037858281284570694 -0.4130142629146576 -0.17949166893959045 -0.8928536772727966
1760456610.393529 -24.687583923339844 20.148418426513672 -60.79438781738281 0.00831802561879158 -0.411494642496109 -0.17801782488822937 -0.8938190937042236
1760456610.993453 -24.113353729248047 20.052528381347656 -60.402732849121094 0.006487868260592222 -0.4117157757282257 -0.17782902717590332 -0.8937700986862183
1760456611.593454 -23.56955337524414 19.952579498291016 -60.020301818847656 0.006221355404704809 -0.4138112962245941 -0.17647665739059448 -0.8930718898773193
1760456612.193505 -22.88196563720703 19.833606719970703 -59.54676818847656 0.004825967364013195 -0.41561266779899597 -0.17494283616542816 -0.892545759677887
1760456612.660102 -22.249719619750977 19.72995948791504 -59.121788024902344 0.008666938170790672 -0.4170067012310028 -0.17399990558624268 -0.8920506834983826
1760456613.060081 -21.651473999023438 19.626089096069336 -58.701168060302734 0.008567022159695625 -0.418146550655365 -0.17179566621780396 -0.8919453024864197
1760456613.460085 -20.995338439941406 19.505794525146484 -58.26080322265625 0.007717454340308905 -0.42059826850891113 -0.16847562789916992 -0.8914334177970886
1760456613.793446 -20.362001419067383 19.400352478027344 -57.828636169433594 0.010168688371777534 -0.4206969738006592 -0.1692410111427307 -0.8912172913551331
1760456613.993405 -19.967418670654297 19.331069946289062 -57.55769348144531 0.010512019507586956 -0.42084601521492004 -0.16899365186691284 -0.8911898732185364
1760456614.260106 -19.441537857055664 19.244625091552734 -57.20307159423828 0.010919571854174137 -0.42017239332199097 -0.1693180799484253 -0.8914411664009094
1760456614.593436 -18.806968688964844 19.14933967590332 -56.783103942871094 0.015382114797830582 -0.4189302921295166 -0.17348866164684296 -0.8911579251289368
1760456614.860004 -18.2974796295166 19.040393829345703 -56.46013641357422 -0.0015736990608274937 -0.42065662145614624 -0.16748003661632538 -0.8916254639625549
1760456615.193357 -17.65707015991211 18.94919204711914 -56.013092041015625 0.012764989398419857 -0.4187079668045044 -0.17399130761623383 -0.8912057876586914
1760456615.393354 -17.26849937438965 18.876819610595703 -55.75349426269531 0.009218855760991573 -0.4189971089363098 -0.17319242656230927 -0.8912692666053772
1760456615.660049 -16.758012771606445 18.786731719970703 -55.40950012207031 0.008057300001382828 -0.4194071888923645 -0.17050424218177795 -0.8916058540344238
1760456615.993357 -16.106910705566406 18.666351318359375 -54.9825439453125 0.007959999144077301 -0.41900336742401123 -0.16983602941036224 -0.8919241428375244
1760456616.326691 -15.46416187286377 18.55709457397461 -54.53779602050781 0.010996745899319649 -0.41773560643196106 -0.1722436398267746 -0.8920247554779053
1760456616.660016 -14.810356140136719 18.43994140625 -54.10261154174805 0.007568170316517353 -0.4160715341567993 -0.17258472740650177 -0.8927719593048096
1760456616.993349 -14.203482627868652 18.324222564697266 -53.64143371582031 0.007590842433273792 -0.3913157880306244 -0.16633297502994537 -0.9050678014755249
1760456617.193333 -13.858341217041016 18.2396240234375 -53.339561462402344 0.005634215194731951 -0.37685421109199524 -0.15932616591453552 -0.9124496579170227
1760456617.526708 -13.305547714233398 18.10736083984375 -52.86240768432617 0.00481783552095294 -0.3692470192909241 -0.15342870354652405 -0.9165659546852112
1760456617.793333 -12.848245620727539 17.99761199951172 -52.47054672241211 0.00433748634532094 -0.3688509166240692 -0.15334492921829224 -0.9167418479919434
1760456617.993345 -12.492860794067383 17.913707733154297 -52.160980224609375 0.006641271058470011 -0.36599209904670715 -0.15309837460517883 -0.9179142713546753
1760456618.193316 -12.14101791381836 17.826467514038086 -51.8562126159668 0.003431198187172413 -0.36678066849708557 -0.15087345242500305 -0.9179855585098267
1760456618.526652 -11.571390151977539 17.682743072509766 -51.34812927246094 0.005299960728734732 -0.36224061250686646 -0.14990203082561493 -0.91993647813797
1760456618.793296 -11.111781120300293 17.566957473754883 -50.93954849243164 0.0033518995624035597 -0.36065125465393066 -0.14803357422351837 -0.9208722114562988
1760456619.126629 -10.544781684875488 17.432809829711914 -50.43573760986328 0.006533266510814428 -0.3576538562774658 -0.14651331305503845 -0.9222662448883057
1760456619.393244 -10.098251342773438 17.320648193359375 -50.025123596191406 0.008706443011760712 -0.3533424735069275 -0.1467827558517456 -0.9238659143447876
1760456619.726601 -9.581050872802734 17.167186737060547 -49.52342224121094 0.00656900042667985 -0.3388245403766632 -0.140027716755867 -0.9303478002548218
1760456619.993265 -9.203166007995605 17.041698455810547 -49.09286117553711 0.0050471327267587185 -0.30978477001190186 -0.13159744441509247 -0.9416422247886658
1760456620.326583 -8.767478942871094 16.876815795898438 -48.5111083984375 0.011848332360386848 -0.2789001166820526 -0.12153123319149017 -0.9525253772735596
1760456620.526581 -8.506511688232422 16.75832748413086 -48.18658447265625 0.0031830070074647665 -0.28217417001724243 -0.11913365125656128 -0.9519321918487549
1760456620.726573 -8.232227325439453 16.657224655151367 -47.84090042114258 -0.0020143543370068073 -0.27668526768684387 -0.12108108401298523 -0.953299880027771
1760456620.993242 -7.866085052490234 16.519899368286133 -47.35480880737305 0.006734674796462059 -0.2697020173072815 -0.12178114801645279 -0.9551884531974792
1760456621.326593 -7.425516128540039 16.338157653808594 -46.74895477294922 0.008668491616845131 -0.2646152079105377 -0.1204986646771431 -0.9567569494247437
1760456621.593187 -7.085649490356445 16.197181701660156 -46.26670837402344 0.008208302780985832 -0.2593330144882202 -0.11884945631027222 -0.9584121704101562
1760456621.793199 -6.83552360534668 16.08331298828125 -45.90254592895508 0.004001052584499121 -0.2563333809375763 -0.11655755341053009 -0.959526777267456
1760456622.126529 -6.430853843688965 15.90548038482666 -45.30753707885742 0.0051916372030973434 -0.2532503008842468 -0.1122204065322876 -0.9608558416366577
1760456622.393193 -6.123314380645752 15.760287284851074 -44.84467315673828 0.0042554219253361225 -0.24890391528606415 -0.1088796928524971 -0.9623793363571167
1760456622.593232 -5.887217998504639 15.647640228271484 -44.48919677734375 0.001750844530761242 -0.24763043224811554 -0.10549246519804001 -0.9630926847457886
1760456622.926525 -5.513705253601074 15.474886894226074 -43.890655517578125 0.006238286383450031 -0.24233104288578033 -0.10228472203016281 -0.9647666811943054
1760456623.193369 -5.214868545532227 15.331563949584961 -43.42796325683594 0.0058666132390499115 -0.23971976339817047 -0.10106933116912842 -0.965549111366272
1760456623.593207 -4.784214973449707 15.135693550109863 -42.731346130371094 0.008920942433178425 -0.2346445769071579 -0.0957694873213768 -0.9673110246658325
1760456623.926468 -4.419281005859375 14.950963973999023 -42.14469909667969 0.006617371924221516 -0.23079204559326172 -0.09362328052520752 -0.9684657454490662
1760456624.193143 -4.150999069213867 14.81749153137207 -41.691410064697266 0.006801491603255272 -0.22702865302562714 -0.09207480400800705 -0.9695019721984863
1760456624.526474 -3.8338112831115723 14.644691467285156 -41.14586639404297 0.004874884616583586 -0.22433537244796753 -0.0892646387219429 -0.9704028367996216
1760456624.726464 -3.6232776641845703 14.534858703613281 -40.7833251953125 0.0057486072182655334 -0.22093774378299713 -0.08870025724172592 -0.9712290167808533
1760456624.993139 -3.362790584564209 14.383885383605957 -40.32058334350586 0.0028166230767965317 -0.21726174652576447 -0.08846380561590195 -0.9720923900604248
1760456625.326469 -3.0400280952453613 14.205608367919922 -39.73006057739258 0.0054047005251049995 -0.21290361881256104 -0.08826034516096115 -0.9730637073516846
1760456625.726472 -2.685321569442749 14.012813568115234 -39.09313201904297 0.009234470315277576 -0.2096729576587677 -0.08605853468179703 -0.973933219909668
1760456626.126413 -2.3663108348846436 13.804709434509277 -38.40727996826172 0.008714902214705944 -0.1794050633907318 -0.07351075857877731 -0.9809862971305847
1760456626.326421 -2.2269763946533203 13.696920394897461 -38.06300354003906 0.007961121387779713 -0.16311393678188324 -0.06812732666730881 -0.9842200875282288
1760456626.593112 -2.0516037940979004 13.545096397399902 -37.587337493896484 0.005296429619193077 -0.14772416651248932 -0.06087082251906395 -0.9871394634246826
1760456626.926428 -1.819861650466919 13.354679107666016 -36.973175048828125 0.007294248789548874 -0.14852827787399292 -0.05987417697906494 -0.9870669841766357
1760456627.193213 -1.637488842010498 13.193387031555176 -36.468780517578125 0.006904264912009239 -0.14302724599838257 -0.057743560522794724 -0.9880087375640869
1760456627.593093 -1.3832876682281494 12.956314086914062 -35.7147216796875 0.006748865824192762 -0.13742110133171082 -0.05570477619767189 -0.988922119140625
1760456627.926418 -1.1672618389129639 12.75192642211914 -35.07145690917969 0.007219619583338499 -0.1308586299419403 -0.054576341062784195 -0.9898713827133179
1760456628.126416 -1.0441572666168213 12.629631996154785 -34.69636535644531 0.006125990301370621 -0.1260165125131607 -0.053736183792352676 -0.9905527234077454
1760456628.393035 -0.8888083696365356 12.461347579956055 -34.19375991821289 0.003957834094762802 -0.12476175278425217 -0.05113580450415611 -0.9908602833747864
1760456628.726579 -0.6960460543632507 12.255366325378418 -33.55636215209961 0.006887213326990604 -0.11893025040626526 -0.04913746938109398 -0.9916621446609497
1760456629.126363 -0.4899962544441223 12.006790161132812 -32.82939529418945 0.0017696410650387406 -0.11555259674787521 -0.04410611093044281 -0.9923201203346252
1760456629.393054 -0.3480607867240906 11.83739185333252 -32.30793380737305 0.003566570347175002 -0.11124593019485474 -0.04407248646020889 -0.9928087592124939
1760456629.726389 -0.1724918931722641 11.627723693847656 -31.672245025634766 0.0030981693416833878 -0.1065501943230629 -0.041853297501802444 -0.9934212565422058
1760456629.993296 -0.040619730949401855 11.453863143920898 -31.125932693481445 0.004374816548079252 -0.10243148356676102 -0.040336914360523224 -0.9939122796058655
1760456630.326377 0.11860312521457672 11.237772941589355 -30.482025146484375 0.0017281211912631989 -0.09859564900398254 -0.04000958055257797 -0.9943215250968933
1760456630.593023 0.24669325351715088 11.06303882598877 -29.927743911743164 0.005463496316224337 -0.09440220892429352 -0.038573652505874634 -0.9947715997695923
1760456630.926309 0.40264207124710083 10.845413208007812 -29.263195037841797 0.005775525234639645 -0.0920182541012764 -0.03685685992240906 -0.9950582385063171
1760456631.12633 0.4888274073600769 10.712410926818848 -28.873668670654297 0.00474005239084363 -0.08928772062063217 -0.035248056054115295 -0.9953706860542297
1760456631.393134 0.5986928939819336 10.543498039245605 -28.34528350830078 0.0033707874827086926 -0.08712911605834961 -0.03200706094503403 -0.9956769943237305
1760456631.72632 0.7482671141624451 10.333501815795898 -27.725341796875 0.003923153504729271 -0.08288063853979111 -0.031131042167544365 -0.9960653781890869
1760456631.993053 0.8553686141967773 10.163419723510742 -27.212862014770508 0.0011021684622392058 -0.07989168912172318 -0.02839173749089241 -0.9963985681533813
1760456632.193218 0.9248110055923462 10.03237533569336 -26.83034324645996 -0.00011701041512424126 -0.07871169596910477 -0.0269656702876091 -0.996532678604126
1760456632.526559 1.0505307912826538 9.817419052124023 -26.193191528320312 0.0006120121106505394 -0.07457394897937775 -0.02646484039723873 -0.9968640804290771
1760456632.859635 1.157850742340088 9.603227615356445 -25.5662841796875 -0.0029372896533459425 -0.07096506655216217 -0.025804001837968826 -0.9971407055854797
1760456633.192935 1.2667521238327026 9.383296966552734 -24.940507888793945 -0.005466458387672901 -0.06781218945980072 -0.025223126634955406 -0.9973642826080322
1760456633.52626 1.3892784118652344 9.16477108001709 -24.27362060546875 0.0024760630913078785 -0.06480906903743744 -0.02298659272491932 -0.9976298213005066
1760456633.926517 1.5038437843322754 8.90842342376709 -23.538646697998047 0.0007039838819764555 -0.06185709312558174 -0.02016144059598446 -0.9978811144828796
1760456634.192951 1.5934560298919678 8.730733871459961 -22.99635124206543 0.00282881036400795 -0.05955052748322487 -0.018781177699565887 -0.9980446100234985
1760456634.526288 1.6937553882598877 8.51021957397461 -22.335554122924805 0.002443870296701789 -0.05731675401329994 -0.01638364978134632 -0.9982186555862427
1760456634.726287 1.7473948001861572 8.374542236328125 -21.94339942932129 -0.0002306976093677804 -0.05495027080178261 -0.016233788803219795 -0.9983571767807007
1760456634.99286 1.8172967433929443 8.18812084197998 -21.400678634643555 0.0007094461470842361 -0.05195699259638786 -0.01448542345315218 -0.9985440373420715
1760456635.326215 1.857671856880188 7.972591400146484 -20.754043579101562 0.0021867116447538137 -0.02448181062936783 -0.005495299585163593 -0.9996827840805054
1760456635.7262 1.8807889223098755 7.7288818359375 -20.016616821289062 0.0038506248965859413 -0.010800971649587154 -0.0018044024473056197 -0.9999326467514038
1760456636.126195 1.915671944618225 7.46878719329834 -19.246274948120117 0.004301345441490412 -0.008621523156762123 -0.0015924011822789907 -0.9999523758888245
1760456636.459549 1.9420733451843262 7.223598957061768 -18.523277282714844 -0.002297905506566167 -0.003738451050594449 -0.002736944006755948 -0.9999866485595703
1760456636.726218 1.949986219406128 7.0311150550842285 -17.935728073120117 -0.00023218539718072861 0.001131611061282456 -0.002746475161984563 -0.9999955892562866
1760456637.059534 1.9509576559066772 6.784458160400391 -17.20308494567871 0.0007841768674552441 0.006084088701754808 -0.0031748341862112284 -0.9999761581420898
1760456637.326141 1.9410028457641602 6.594359397888184 -16.621232986450195 0.005645884200930595 0.010775279253721237 -0.0016869822284206748 -0.9999246001243591
1760456637.659477 1.9310585260391235 6.388790130615234 -16.023582458496094 0.0029224916361272335 0.016491329297423363 0.0001871282292995602 -0.9998597502708435
1760456638.12615 1.918655276298523 6.173129081726074 -15.390231132507324 0.0011404111282899976 0.018563952296972275 -0.0005632450338453054 -0.9998269081115723
1760456638.659474 1.8994766473770142 5.921175003051758 -14.641374588012695 0.0031733184587210417 0.025782618671655655 -0.00020439567742869258 -0.9996625185012817
1760456639.259484 1.8683561086654663 5.663950443267822 -13.867515563964844 0.008571877144277096 0.0275247972458601 0.00390865933150053 -0.99957674741745
1760456639.859423 1.8410621881484985 5.444636821746826 -13.252269744873047 -0.0008088211179710925 0.031047604978084564 0.0027622217312455177 -0.9995138049125671
1760456640.459423 1.8474639654159546 5.238831996917725 -12.664449691772461 -0.0004830046964343637 0.014587866142392159 -0.004950408823788166 -0.9998812675476074
1760456641.059435 1.8733150959014893 5.048045635223389 -12.07767105102539 0.00342272175475955 -0.001133276498876512 -0.011863242834806442 -0.9999231696128845
1760456641.726042 1.8903262615203857 4.81734561920166 -11.406603813171387 0.002350006951019168 -0.0009921921882778406 -0.013272149488329887 -0.9999086856842041
1760456642.459382 1.9259008169174194 4.55951452255249 -10.654441833496094 0.0005902870325371623 -0.002205247525125742 -0.014711383730173111 -0.9998891949653625
1760456643.128142 1.9527432918548584 4.32034158706665 -9.939193725585938 -0.00017222527822013944 -0.004700277931988239 -0.015674274414777756 -0.9998661279678345
1760456643.726056 1.9759942293167114 4.094540119171143 -9.310540199279785 -0.00347052956931293 -0.007451352663338184 -0.016137318685650826 -0.9998360276222229
1760456644.459323 2.0208613872528076 3.8321709632873535 -8.554414749145508 -0.004446600563824177 -0.009324555285274982 -0.017087552696466446 -0.9998006224632263
1760456645.126254 2.0585813522338867 3.592851161956787 -7.854439735412598 -0.0036986968480050564 -0.011139200069010258 -0.01822565495967865 -0.9997650384902954
1760456645.72603 2.1022510528564453 3.3727691173553467 -7.211634635925293 -0.0019008679082617164 -0.011387832462787628 -0.02065368928015232 -0.99972003698349
1760456646.45943 2.1513614654541016 3.1050024032592773 -6.435351848602295 -0.0034667786676436663 -0.013303686864674091 -0.02293800748884678 -0.9996424317359924
1760456647.059278 2.193056344985962 2.882561445236206 -5.798679828643799 -0.0023237590212374926 -0.013875049538910389 -0.023883085697889328 -0.9996157884597778
1760456647.859297 2.2036962509155273 2.6255433559417725 -5.046698093414307 -0.0011691200779750943 0.0009281928068958223 -0.020029794424772263 -0.9997982978820801
1760456648.459263 2.227397918701172 2.410364866256714 -4.449203968048096 -0.0048969099298119545 0.002160071860998869 -0.019656943157315254 -0.9997925162315369
1760456649.059216 2.2671589851379395 2.1932294368743896 -3.812420129776001 -0.0010644119465723634 -0.01876864582300186 -0.024794820696115494 -0.9995158314704895
1760456649.859226 2.3615846633911133 1.9250768423080444 -3.053252935409546 -0.0048319497145712376 -0.034769389778375626 -0.028188105672597885 -0.9989861249923706
1760456650.459166 2.3664419651031494 1.7060751914978027 -2.4284164905548096 -0.004387036431580782 -0.0023511426988989115 -0.012955077923834324 -0.999903678894043
1760456651.259169 2.3685719966888428 1.435971736907959 -1.6770246028900146 -0.00592756224796176 0.0005260419566184282 -0.00829359982162714 -0.9999479055404663
1760456652.05917 2.3708183765411377 1.1806371212005615 -0.9602415561676025 -0.00951907504349947 0.0040974849835038185 -0.004835677333176136 -0.9999346137046814
1760456652.659345 2.381089687347412 0.9869008660316467 -0.39825910329818726 -0.006753271445631981 0.0042636459693312645 -0.002704363316297531 -0.9999644756317139
1760456653.0591 2.3771440982818604 0.8707087635993958 -0.06441040337085724 -0.0036443776916712523 0.00871048029512167 -0.0010297212284058332 -0.999954879283905
1760456653.259273 2.377473831176758 0.8265506625175476 0.056314319372177124 -0.005222239997237921 0.008253812789916992 -0.0007833805866539478 -0.9999520778656006
