1760456485.463141 -0.0 -0.0 -0.0 -0.0 -0.0 -0.0 1.0
1760456487.26309 0.00442997133359313 -0.03136245906352997 0.07155655324459076 0.004650827497243881 0.0002497247187420726 0.0006650632130913436 0.9999890327453613
1760456488.196389 -0.01362080592662096 -0.30786076188087463 0.8610297441482544 0.0071948375552892685 -0.016654623672366142 -0.007565820589661598 0.999806821346283
1760456488.796383 -0.07318983972072601 -0.5435656905174255 1.5244404077529907 0.009999167174100876 -0.03390076011419296 -0.015972161665558815 0.9992475509643555
1760456489.396615 -0.11713721603155136 -0.7977061867713928 2.206685781478882 0.014759176410734653 -0.035263173282146454 -0.015882814303040504 0.9991429448127747
1760456489.996373 -0.16565406322479248 -1.0488109588623047 2.897667407989502 0.014133409596979618 -0.038982562720775604 -0.019068729132413864 0.9989580512046814
1760456490.596557 -0.2277316451072693 -1.2980443239212036 3.5832605361938477 0.013785422779619694 -0.04394274950027466 -0.020469386130571365 0.9987292289733887
1760456491.196339 -0.29336273670196533 -1.542885422706604 4.2364935874938965 0.017281435430049896 -0.04828067868947983 -0.02165471948683262 0.9984495043754578
1760456491.796997 -0.365511029958725 -1.7859662771224976 4.897795677185059 0.015917813405394554 -0.05196913704276085 -0.02329791523516178 0.9982500672340393
1760456492.396292 -0.4327765107154846 -2.0385053157806396 5.571980953216553 0.016331728547811508 -0.05682830885052681 -0.02337026782333851 0.9979767799377441
1760456493.062911 -0.5203179717063904 -2.313239812850952 6.30959939956665 0.018127666786313057 -0.06085839122533798 -0.025539454072713852 0.9976549744606018
1760456493.662917 -0.6058967709541321 -2.558432102203369 6.962395668029785 0.01814398169517517 -0.06395546346902847 -0.027435624971985817 0.9974105954170227
1760456494.396246 -0.714223325252533 -2.8456664085388184 7.725490570068359 0.021532800048589706 -0.06868499517440796 -0.030321508646011353 0.9969449639320374
1760456495.062862 -0.815203070640564 -3.112351417541504 8.465144157409668 0.01672212965786457 -0.07344343513250351 -0.03172618895769119 0.9966543316841125
1760456495.596195 -0.9033252000808716 -3.327767848968506 9.042555809020996 0.018389765173196793 -0.07767047733068466 -0.030236830934882164 0.9963507652282715
1760456496.262866 -1.0216206312179565 -3.5902891159057617 9.77018928527832 0.017876403406262398 -0.08243191242218018 -0.03109383024275303 0.9959511160850525
1760456496.99622 -1.2409197092056274 -3.859689474105835 10.482635498046875 0.0205414779484272 -0.14235122501850128 -0.05267397686839104 0.9882002472877502
1760456497.662954 -1.551134705543518 -4.08182430267334 11.085750579833984 0.021573195233941078 -0.2072824388742447 -0.07485883682966232 0.9751742482185364
1760456498.262836 -1.9140534400939941 -4.278810977935791 11.58682632446289 0.022151384502649307 -0.27264952659606934 -0.09820383787155151 0.9568321108818054
1760456498.862833 -2.3343214988708496 -4.477109432220459 12.046019554138184 0.03153865039348602 -0.3214356303215027 -0.1094970703125 0.940050482749939
1760456499.396098 -2.7597718238830566 -4.642597675323486 12.439017295837402 0.030352208763360977 -0.36167463660240173 -0.12436992675065994 0.9234730005264282
1760456500.062828 -3.370655059814453 -4.821036338806152 12.869449615478516 0.024932973086833954 -0.4202997088432312 -0.14631564915180206 0.895163893699646
1760456500.662871 -3.971797227859497 -4.963022708892822 13.223434448242188 0.02340072952210903 -0.44677138328552246 -0.16064061224460602 0.8797968029975891
1760456501.196077 -4.507181644439697 -5.091159820556641 13.523056030273438 0.02628602273762226 -0.4647243320941925 -0.16658544540405273 0.8692466020584106
1760456501.796047 -5.131651878356934 -5.212882995605469 13.822334289550781 0.02758168615400791 -0.48311540484428406 -0.17640338838100433 0.8571584820747375
1760456502.39625 -5.772457122802734 -5.320050239562988 14.061835289001465 0.03137033432722092 -0.5213679075241089 -0.18836186826229095 0.8316918015480042
1760456502.996094 -6.419619560241699 -5.393979072570801 14.215799331665039 0.031899090856313705 -0.5714666247367859 -0.2051212340593338 0.7939355969429016
1760456503.596046 -7.089297771453857 -5.436233043670654 14.285032272338867 0.03218432888388634 -0.6181901693344116 -0.22347085177898407 0.7529049515724182
1760456504.196309 -7.76701021194458 -5.446440696716309 14.269655227661133 0.030988600105047226 -0.6640273928642273 -0.24297940731048584 0.7064477205276489
1760456504.796338 -8.430952072143555 -5.418161869049072 14.158529281616211 0.033803023397922516 -0.7067316770553589 -0.25767359137535095 0.6580213904380798
1760456505.395987 -9.067590713500977 -5.370067119598389 13.993358612060547 0.030646206811070442 -0.7471815943717957 -0.2758565843105316 0.6038904190063477
1760456505.995981 -9.694073677062988 -5.314908504486084 13.764745712280273 0.0379488430917263 -0.77029949426651 -0.27697449922561646 0.5731349587440491
1760456506.595933 -10.3451566696167 -5.210744380950928 13.49371337890625 0.037777241319417953 -0.7796255350112915 -0.2979523241519928 0.5495282411575317
1760456507.195945 -10.955592155456543 -5.1069135665893555 13.195588111877441 0.04762037843465805 -0.7949574589729309 -0.30424660444259644 0.5226940512657166
1760456507.795939 -11.496105194091797 -5.067246913909912 12.892204284667969 0.05873439088463783 -0.8209349513053894 -0.2810267508029938 0.49359914660453796
1760456508.595964 -12.251527786254883 -4.949596405029297 12.460416793823242 0.040230803191661835 -0.8347961902618408 -0.2941854000091553 0.4636290371417999
1760456509.195887 -12.794059753417969 -4.8389177322387695 12.076967239379883 0.04090163856744766 -0.8457695841789246 -0.2936035692691803 0.4436189830303192
1760456509.795927 -13.29449462890625 -4.7302985191345215 11.687094688415527 0.04017948359251022 -0.8564363718032837 -0.2925151288509369 0.4234822988510132
1760456510.395881 -13.787586212158203 -4.611477851867676 11.262102127075195 0.04170597717165947 -0.8650330305099487 -0.2932238280773163 0.40496692061424255
1760456510.996133 -14.253694534301758 -4.4900689125061035 10.840226173400879 0.04266862943768501 -0.8721562623977661 -0.2934179902076721 0.3891385495662689
1760456511.595828 -14.738852500915527 -4.4033355712890625 10.452188491821289 0.044019196182489395 -0.8678427338600159 -0.28168007731437683 0.40689989924430847
1760456512.329426 -15.279483795166016 -4.283344745635986 9.927803039550781 0.045609813183546066 -0.8784114718437195 -0.27995967864990234 0.38462406396865845
1760456512.995799 -15.798891067504883 -4.138755798339844 9.434654235839844 0.04226166009902954 -0.8810797333717346 -0.28788745403289795 0.3728717863559723
1760456513.462471 -16.14938735961914 -4.0399346351623535 9.06663703918457 0.04014088585972786 -0.8844820857048035 -0.2888730764389038 0.3641875684261322
1760456514.129129 -16.607276916503906 -3.915231704711914 8.564353942871094 0.04095517843961716 -0.8896815776824951 -0.28661084175109863 0.35304901003837585
1760456514.52911 -16.933801651000977 -3.8258728981018066 8.205763816833496 0.04301360994577408 -0.8942745327949524 -0.2818504571914673 0.34493932127952576
1760456514.929218 -17.411333084106445 -3.67348313331604 7.666083335876465 0.038482893258333206 -0.8951014876365662 -0.29138246178627014 0.3352740705013275
1760456515.329056 -17.89812469482422 -3.5169777870178223 7.0866289138793945 0.03839709609746933 -0.8974114656448364 -0.2944316864013672 0.326325386762619
1760456515.662494 -18.291706085205078 -3.3688604831695557 6.584296226501465 0.040010109543800354 -0.9010154604911804 -0.29221755266189575 0.318086713552475
1760456515.995729 -18.730018615722656 -3.2162458896636963 6.04715633392334 0.03703071549534798 -0.9020082354545593 -0.297867089509964 0.31029847264289856
1760456516.329062 -19.151628494262695 -3.052384376525879 5.491772651672363 0.03745448216795921 -0.9040869474411011 -0.2983006238937378 0.30371153354644775
1760456516.529073 -19.410879135131836 -2.937983274459839 5.134880065917969 0.03654222935438156 -0.9042067527770996 -0.30314281582832336 0.29862916469573975
1760456516.795825 -19.758056640625 -2.7936248779296875 4.668968200683594 0.03464532643556595 -0.9054625034332275 -0.30471986532211304 0.2933993935585022
1760456517.129032 -20.18111801147461 -2.6135010719299316 4.073477745056152 0.040181905031204224 -0.9068316221237183 -0.30333930253982544 0.28987449407577515
1760456517.329015 -20.452960968017578 -2.5035881996154785 3.7273874282836914 0.040923673659563065 -0.9020012617111206 -0.3049154281616211 0.3028952479362488
1760456517.729013 -21.042129516601562 -2.3092756271362305 3.058788299560547 0.04242292046546936 -0.8914952278137207 -0.2995094656944275 0.33723974227905273
1760456517.995678 -21.439510345458984 -2.181410789489746 2.6262969970703125 0.04214630275964737 -0.8898266553878784 -0.2979966402053833 0.3429725766181946
1760456518.329014 -21.92314910888672 -2.016629695892334 2.0880966186523438 0.043090201914310455 -0.8896525502204895 -0.301993727684021 0.3397962749004364
1760456518.595712 -22.31398582458496 -1.8811430931091309 1.6538505554199219 0.04267147555947304 -0.8903151154518127 -0.3019767105579376 0.338124543428421
1760456518.929007 -22.793838500976562 -1.7296242713928223 1.1193866729736328 0.04645972698926926 -0.8914570808410645 -0.2989848256111145 0.3372741639614105
1760456519.129147 -23.090869903564453 -1.626112937927246 0.7822494506835938 0.045413337647914886 -0.8913388252258301 -0.3001093864440918 0.33673006296157837
1760456519.328992 -23.368675231933594 -1.550224781036377 0.4692859649658203 0.04609675705432892 -0.8938688039779663 -0.29343506693840027 0.33581167459487915
1760456519.528952 -23.637619018554688 -1.4582157135009766 0.1485919952392578 0.047668687999248505 -0.8937867283821106 -0.2935040295124054 0.3357504904270172
1760456519.728958 -23.915246963500977 -1.3654484748840332 -0.1685028076171875 0.0452689602971077 -0.8931617736816406 -0.2971716821193695 0.334517240524292
1760456519.92896 -24.18487548828125 -1.2802977561950684 -0.4939117431640625 0.044840097427368164 -0.8944565653800964 -0.2937668561935425 0.3341223895549774
1760456520.195632 -24.57786750793457 -1.1525912284851074 -0.9227943420410156 0.045371655374765396 -0.8937978148460388 -0.29642239212989807 0.3334676921367645
1760456520.528945 -25.042861938476562 -1.0029449462890625 -1.4683952331542969 0.044971127063035965 -0.8945282101631165 -0.29577407240867615 0.3321365416049957
1760456520.795619 -25.381816864013672 -0.8979167938232422 -1.8814983367919922 0.047113317996263504 -0.8947122693061829 -0.2948383688926697 0.33217552304267883
1760456521.12895 -25.86152458190918 -0.7396469116210938 -2.4206485748291016 0.045921485871076584 -0.893268883228302 -0.30037379264831543 0.3312666416168213
1760456521.329083 -26.134056091308594 -0.6486339569091797 -2.7384605407714844 0.04703732579946518 -0.8935145735740662 -0.2994154393672943 0.33131495118141174
1760456521.528964 -26.414077758789062 -0.5583658218383789 -3.059549331665039 0.044762879610061646 -0.8928974866867065 -0.2976287305355072 0.3348842263221741
1760456521.728902 -26.70032501220703 -0.4614877700805664 -3.3717422485351562 0.043517790734767914 -0.8877310752868652 -0.2994827330112457 0.34691470861434937
1760456521.928906 -26.984642028808594 -0.37415504455566406 -3.6690807342529297 0.04362098500132561 -0.8831769824028015 -0.2986999750137329 0.35899004340171814
1760456522.195577 -27.372615814208984 -0.26076316833496094 -4.052335739135742 0.040227070450782776 -0.8813968896865845 -0.29891517758369446 0.36355337500572205
1760456522.528914 -27.822101593017578 -0.1206979751586914 -4.520545959472656 0.03966701403260231 -0.8819959163665771 -0.29749706387519836 0.3633253574371338
1760456522.728917 -28.119888305664062 -0.03548145294189453 -4.826202392578125 0.03938987851142883 -0.8818333745002747 -0.2967457175254822 0.36436304450035095
1760456522.928909 -28.414955139160156 0.042217254638671875 -5.11700439453125 0.0384032242000103 -0.8827942609786987 -0.29374200105667114 0.3645752966403961
1760456523.128909 -28.70083236694336 0.13105297088623047 -5.412792205810547 0.037138681858778 -0.8825432658195496 -0.2934805154800415 0.3655233383178711
1760456523.329019 -29.002809524536133 0.2237691879272461 -5.712333679199219 0.03520931676030159 -0.880650520324707 -0.29780906438827515 0.36677610874176025
1760456523.528884 -29.293771743774414 0.3120746612548828 -6.002056121826172 0.03408974036574364 -0.8814035058021545 -0.29591894149780273 0.36660295724868774
1760456523.728949 -29.580507278442383 0.39896202087402344 -6.2930908203125 0.03389041870832443 -0.8818283081054688 -0.2938281297683716 0.3672809898853302
1760456523.928876 -29.86634635925293 0.4737672805786133 -6.581165313720703 0.035304851830005646 -0.882186770439148 -0.29203298687934875 0.36771848797798157
1760456524.328868 -30.426734924316406 0.6310958862304688 -7.126125335693359 0.034487638622522354 -0.8797996044158936 -0.2899504601955414 0.3750893473625183
1760456524.92885 -31.320951461791992 0.8460502624511719 -7.872032165527344 0.033679984509944916 -0.865282416343689 -0.2872525453567505 0.4094361960887909
1760456525.528855 -32.06351089477539 1.006439208984375 -8.450469970703125 0.030597928911447525 -0.865098774433136 -0.2888970375061035 0.40890881419181824
1760456526.795492 -33.05485153198242 1.2235660552978516 -9.235301971435547 0.03334689512848854 -0.8633086085319519 -0.28365784883499146 0.4160822927951813
1760456528.328739 -34.21672058105469 1.4483461380004883 -10.13714599609375 0.03450039401650429 -0.8625063300132751 -0.2836732268333435 0.4176385998725891
1760456530.128784 -35.49245834350586 1.7387542724609375 -11.235939025878906 0.034874312579631805 -0.8703324198722839 -0.2883046567440033 0.3977256417274475
1760456532.328798 -36.9212646484375 2.095731735229492 -12.557609558105469 0.03506540507078171 -0.872133195400238 -0.29093533754348755 0.39180469512939453
1760456533.72875 -37.793575286865234 2.3290367126464844 -13.40707015991211 0.036767520010471344 -0.8735502362251282 -0.2911788523197174 0.3882950246334076
1760456534.528661 -38.314056396484375 2.4637832641601562 -13.90692138671875 0.03674719110131264 -0.8743289709091187 -0.2918969690799713 0.3859984576702118
1760456535.92864 -39.13756561279297 2.695474624633789 -14.752212524414062 0.037836965173482895 -0.8754888772964478 -0.29165118932724 0.38344138860702515
1760456537.128542 -39.84794616699219 2.8963623046875 -15.448741912841797 0.037088800221681595 -0.8739718198776245 -0.2916278541088104 0.3869766592979431
1760456537.995212 -40.44841384887695 3.0456981658935547 -15.978401184082031 0.036634474992752075 -0.8665186762809753 -0.2889830768108368 0.4053296446800232
1760456538.528543 -40.860626220703125 3.1366043090820312 -16.312637329101562 0.036734312772750854 -0.8648104071617126 -0.28773102164268494 0.40983477234840393
1760456538.92854 -41.18122863769531 3.209840774536133 -16.579017639160156 0.035152778029441833 -0.8639256358146667 -0.28847819566726685 0.41131141781806946
1760456539.328479 -41.514610290527344 3.2855892181396484 -16.846210479736328 0.03486383706331253 -0.8628070950508118 -0.28893378376960754 0.413359135389328
1760456539.928476 -42.00064468383789 3.3970394134521484 -17.24034881591797 0.03467849642038345 -0.8617914319038391 -0.28819015622138977 0.4160040616989136
1760456540.595142 -42.52146911621094 3.525308609008789 -17.67110824584961 0.033545613288879395 -0.8602933287620544 -0.2885357439517975 0.418947696685791
1760456541.195201 -43.01543045043945 3.6374378204345703 -18.059993743896484 0.03387349098920822 -0.8591987490653992 -0.2884102165699005 0.4212477207183838
1760456541.928433 -43.609901428222656 3.769113540649414 -18.52456283569336 0.03251620754599571 -0.8581888675689697 -0.2874619960784912 0.42405223846435547
1760456542.528449 -44.15971755981445 3.895488739013672 -18.957141876220703 0.03263263404369354 -0.857275128364563 -0.28742870688438416 0.4259098768234253
1760456543.128424 -44.7620849609375 4.012239456176758 -19.410717010498047 0.03214611858129501 -0.8578646183013916 -0.282382607460022 0.42812979221343994
1760456543.595136 -45.25044250488281 4.122957229614258 -19.78376007080078 0.02810634672641754 -0.855978786945343 -0.2858782112598419 0.4298652410507202
1760456544.128381 -45.835567474365234 4.238866806030273 -20.229202270507812 0.029616594314575195 -0.8572779297828674 -0.27918919920921326 0.4315679371356964
1760456544.528403 -46.27149200439453 4.32623291015625 -20.543502807617188 0.02894935943186283 -0.8559570908546448 -0.28131917119026184 0.4328499436378479
1760456544.928387 -46.72029113769531 4.415927886962891 -20.877647399902344 0.02867206744849682 -0.8557084798812866 -0.2797444760799408 0.43437764048576355
1760456545.328386 -47.2091064453125 4.515359878540039 -21.2435302734375 0.028750918805599213 -0.8555242419242859 -0.27835389971733093 0.43562689423561096
1760456545.795044 -47.78118896484375 4.631134033203125 -21.654525756835938 0.02826051227748394 -0.8545770049095154 -0.27917295694351196 0.43699195981025696
1760456546.261682 -48.360897064208984 4.739784240722656 -22.066070556640625 0.02855234593153 -0.8543587923049927 -0.27811717987060547 0.438071608543396
1760456546.728347 -48.95832061767578 4.850641250610352 -22.493206024169922 0.02626882679760456 -0.8542917370796204 -0.27720633149147034 0.4389217495918274
1760456547.261672 -49.6827392578125 4.98820686340332 -23.003223419189453 0.02367902360856533 -0.8537473678588867 -0.2783331871032715 0.4394148588180542
1760456547.661691 -50.18549728393555 5.081958770751953 -23.369869232177734 0.024738863110542297 -0.8536766767501831 -0.2768230438232422 0.44044655561447144
1760456548.061683 -50.675437927246094 5.1776885986328125 -23.72519302368164 0.024422531947493553 -0.8532206416130066 -0.2769133150577545 0.44129034876823425
1760456548.461588 -51.156402587890625 5.263038635253906 -24.056232452392578 0.022438136860728264 -0.8534101247787476 -0.27573251724243164 0.4417683184146881
1760456548.861599 -51.63819885253906 5.353635787963867 -24.394100189208984 0.021812161430716515 -0.8538716435432434 -0.273967981338501 0.4420056939125061
1760456549.328264 -52.18201446533203 5.459383010864258 -24.776371002197266 0.019201302900910378 -0.8527582287788391 -0.2763260006904602 0.442807674407959
1760456549.861603 -52.74287414550781 5.563320159912109 -25.16939926147461 0.01970115676522255 -0.8527716994285583 -0.2761405110359192 0.44287559390068054
1760456550.46175 -53.397796630859375 5.695634841918945 -25.61574935913086 0.0190989151597023 -0.8520867228507996 -0.27699121832847595 0.4436883330345154
1760456550.861545 -53.86626434326172 5.783916473388672 -25.945114135742188 0.019439902156591415 -0.8523630499839783 -0.27646881341934204 0.4434686303138733
1760456551.261534 -54.36579895019531 5.8751678466796875 -26.304412841796875 0.02089880406856537 -0.8534902930259705 -0.2728179097175598 0.44349515438079834
1760456551.661543 -54.87945556640625 5.991327285766602 -26.65654754638672 0.011986115016043186 -0.8500473499298096 -0.28324633836746216 0.44390028715133667
1760456552.128209 -55.464881896972656 6.109296798706055 -27.07275390625 0.016212359070777893 -0.8510077595710754 -0.281832218170166 0.44282451272010803
1760456552.661513 -56.091529846191406 6.239980697631836 -27.522232055664062 0.027189292013645172 -0.849159836769104 -0.27953317761421204 0.44726890325546265
1760456553.261531 -56.765281677246094 6.3900909423828125 -27.997886657714844 0.022327156737446785 -0.8431123495101929 -0.2923956513404846 0.45074158906936646
1760456553.861505 -57.31946563720703 6.477800369262695 -28.380874633789062 0.0273942518979311 -0.8482446074485779 -0.27749893069267273 0.4502498209476471
1760456554.46149 -57.895042419433594 6.578752517700195 -28.762107849121094 0.023971620947122574 -0.8475795984268188 -0.27645382285118103 0.4523357152938843
1760456555.061465 -58.440513610839844 6.6684112548828125 -29.133766174316406 0.021980850026011467 -0.8497921824455261 -0.2717655599117279 0.45112475752830505
1760456555.661579 -58.998226165771484 6.754894256591797 -29.508880615234375 0.019171008840203285 -0.8522604703903198 -0.26521867513656616 0.4504926800727844
1760456556.261439 -59.56602478027344 6.836462020874023 -29.89356231689453 0.017221709713339806 -0.8545663356781006 -0.26139065623283386 0.44843590259552
1760456556.861444 -60.10471725463867 6.953304290771484 -30.31439208984375 0.018839340656995773 -0.8619104027748108 -0.2725590765476227 0.42716163396835327
1760456557.461436 -60.615264892578125 7.081426620483398 -30.759674072265625 0.01847301982343197 -0.8723304867744446 -0.28186503052711487 0.39906182885169983
1760456558.061414 -61.141029357910156 7.202262878417969 -31.224639892578125 0.016224900260567665 -0.8770468235015869 -0.28192052245140076 0.3886469304561615
1760456558.661389 -61.650638580322266 7.348756790161133 -31.708045959472656 0.01581181399524212 -0.8802358508110046 -0.28460437059402466 0.37938788533210754
1760456559.261378 -62.16720199584961 7.50084114074707 -32.194053649902344 0.018625887110829353 -0.8795713782310486 -0.2940545678138733 0.37354958057403564
1760456559.861333 -62.675132751464844 7.648405075073242 -32.692169189453125 0.026638004928827286 -0.8812333941459656 -0.29092711210250854 0.37159064412117004
1760456560.461394 -63.16819763183594 7.803798675537109 -33.199012756347656 0.03303809463977814 -0.8806673288345337 -0.29733404517173767 0.3673228323459625
1760456561.061343 -63.63897705078125 7.951303482055664 -33.698692321777344 0.03898511826992035 -0.8848690986633301 -0.30014145374298096 0.3541214168071747
1760456561.661311 -64.07333374023438 8.150604248046875 -34.23394775390625 0.03055528551340103 -0.894763708114624 -0.317347913980484 0.3126571476459503
1760456562.261304 -64.45040130615234 8.317703247070312 -34.782920837402344 0.030723772943019867 -0.9081008434295654 -0.31230756640434265 0.27725958824157715
1760456562.861285 -64.77053833007812 8.510129928588867 -35.36761474609375 0.029924247413873672 -0.9192184209823608 -0.3122335374355316 0.23801776766777039
1760456563.461301 -65.03901672363281 8.705087661743164 -35.96653747558594 0.03256463631987572 -0.9287159442901611 -0.31117159128189087 0.19899402558803558
1760456564.061245 -65.26229858398438 8.912261962890625 -36.618743896484375 0.03416915982961655 -0.935772180557251 -0.31234800815582275 0.1600050926208496
1760456564.661443 -65.49288940429688 9.134803771972656 -37.27959442138672 0.034205999225378036 -0.9363836050033569 -0.3144291639328003 0.15215131640434265
1760456565.261255 -65.70014953613281 9.354896545410156 -37.91072082519531 0.033390022814273834 -0.9371006488800049 -0.3179304897785187 0.14017033576965332
1760456565.86123 -65.89189147949219 9.57461929321289 -38.559364318847656 0.03385714069008827 -0.9388777613639832 -0.31756362318992615 0.12851323187351227
1760456566.461192 -66.06401824951172 9.794988632202148 -39.2099609375 0.03244948759675026 -0.9401012659072876 -0.31884586811065674 0.11616378277540207
1760456567.061191 -66.2225112915039 10.019176483154297 -39.86952209472656 0.03316818177700043 -0.9406974911689758 -0.3209894895553589 0.10466109216213226
1760456567.661172 -66.32917785644531 10.25619888305664 -40.52855682373047 0.03280353173613548 -0.9421762824058533 -0.32674935460090637 0.06680355221033096
1760456568.261109 -66.35578918457031 10.485608100891113 -41.178672790527344 0.028800321742892265 -0.9450705051422119 -0.3250117897987366 0.019483549520373344
1760456568.861255 -66.3324966430664 10.730405807495117 -41.83491516113281 0.0269094817340374 -0.9427262544631958 -0.3318594992160797 -0.02030831389129162
1760456569.461129 -66.26949310302734 10.957420349121094 -42.48533248901367 0.026061899960041046 -0.9428414702415466 -0.3281913995742798 -0.051586735993623734
1760456570.061137 -66.1346206665039 11.194798469543457 -43.13005828857422 0.02801336720585823 -0.9393115639686584 -0.3276427388191223 -0.09777162969112396
1760456570.66116 -65.96237182617188 11.459227561950684 -43.79200744628906 0.02724667824804783 -0.9345024228096008 -0.3338751196861267 -0.12037566304206848
1760456571.261127 -65.78229522705078 11.720732688903809 -44.460731506347656 0.018741289153695107 -0.9311664700508118 -0.3373444080352783 -0.13702750205993652
1760456571.86108 -65.58794403076172 11.96618366241455 -45.1142578125 0.012934649363160133 -0.9313939809799194 -0.3304893374443054 -0.15203562378883362
1760456572.461132 -65.36006927490234 12.204824447631836 -45.75910568237305 0.014113388955593109 -0.9301053285598755 -0.32772213220596313 -0.16523678600788116
1760456573.061323 -65.12621307373047 12.444714546203613 -46.39143371582031 0.013799946755170822 -0.9280101656913757 -0.3271816372871399 -0.1776484102010727
1760456573.661049 -64.85726165771484 12.700565338134766 -47.024654388427734 0.018480878323316574 -0.9244515299797058 -0.33002206683158875 -0.19008751213550568
1760456574.261031 -64.57383728027344 12.942962646484375 -47.652076721191406 0.02597314491868019 -0.9225150942802429 -0.3294786512851715 -0.1993364691734314
1760456574.927873 -64.25416564941406 13.189598083496094 -48.31961441040039 0.03355313837528229 -0.9231083393096924 -0.3202624022960663 -0.2101839780807495
1760456575.660965 -63.89641571044922 13.47039794921875 -49.050880432128906 0.03772349655628204 -0.920781135559082 -0.3199335038661957 -0.2199583649635315
1760456576.394311 -63.51756286621094 13.762092590332031 -49.77069854736328 0.03337736055254936 -0.9167963862419128 -0.3243822455406189 -0.23053540289402008
1760456576.99432 -63.206077575683594 13.99526596069336 -50.36048889160156 0.030561713501811028 -0.9150349497795105 -0.3242001235485077 -0.2380577027797699
1760456577.594251 -62.89630889892578 14.21462631225586 -50.94385528564453 0.02477828599512577 -0.9139905571937561 -0.3207012712955475 -0.24730141460895538
1760456577.994263 -62.61705780029297 14.394598007202148 -51.40870666503906 0.0229217279702425 -0.9111340641975403 -0.3219150900840759 -0.2562812864780426
1760456578.394262 -62.27696990966797 14.62667465209961 -51.96723175048828 0.01965368539094925 -0.9035025835037231 -0.3268774151802063 -0.27649247646331787
1760456578.794717 -61.87963104248047 14.826448440551758 -52.48595428466797 0.01619834452867508 -0.8942075371742249 -0.31999507546424866 -0.3126240074634552
1760456579.194255 -61.456390380859375 15.029518127441406 -52.973487854003906 0.015520221553742886 -0.8821171522140503 -0.31898653507232666 -0.3462311923503876
1760456579.594209 -61.000938415527344 15.225564956665039 -53.45365905761719 0.013616438023746014 -0.8772717118263245 -0.31738513708114624 -0.35982730984687805
1760456579.994207 -60.547462463378906 15.415717124938965 -53.9445686340332 0.007163341622799635 -0.875072181224823 -0.31480708718299866 -0.3675512969493866
1760456580.394222 -60.081504821777344 15.622185707092285 -54.412254333496094 0.008608994074165821 -0.8708398342132568 -0.31885460019111633 -0.37402626872062683
1760456580.794213 -59.61292266845703 15.809674263000488 -54.88008499145508 0.006925799883902073 -0.8682219982147217 -0.3176155686378479 -0.38113388419151306
1760456581.194357 -59.15235137939453 15.989740371704102 -55.32930374145508 0.0031837942078709602 -0.8656827807426453 -0.31643936038017273 -0.3878781199455261
1760456581.594153 -58.66716766357422 16.188508987426758 -55.77308654785156 0.006645007524639368 -0.8609750866889954 -0.32079213857650757 -0.39467722177505493
1760456581.994153 -58.203163146972656 16.346294403076172 -56.1932258605957 0.0017789178527891636 -0.8609797954559326 -0.3138851523399353 -0.4002334475517273
1760456582.394147 -57.727088928222656 16.53016471862793 -56.60008239746094 0.004688635468482971 -0.8567352294921875 -0.3175148665904999 -0.40640759468078613
1760456582.794166 -57.2506103515625 16.70416259765625 -57.01513671875 0.003087927820160985 -0.8547104597091675 -0.3162880539894104 -0.4116094410419464
1760456583.194297 -56.72844696044922 16.870620727539062 -57.44770812988281 0.00206063874065876 -0.8530992269515991 -0.31178274750709534 -0.4183407425880432
1760456583.594144 -56.15348815917969 17.075439453125 -57.91879653930664 0.003050877247005701 -0.8504132628440857 -0.31321981549263 -0.4227070212364197
1760456583.994108 -55.576934814453125 17.278764724731445 -58.372013092041016 0.00279973354190588 -0.8471408486366272 -0.3155660331249237 -0.42750757932662964
1760456584.394147 -54.97016906738281 17.477733612060547 -58.837730407714844 0.0062298825941979885 -0.8454974889755249 -0.31483763456344604 -0.4312453866004944
1760456584.660778 -54.51708984375 17.629671096801758 -59.181846618652344 0.006622815039008856 -0.844765841960907 -0.31292924284935 -0.43405312299728394
1760456584.99411 -53.95780944824219 17.808103561401367 -59.598941802978516 0.008457965217530727 -0.8423928618431091 -0.3137357532978058 -0.4380326569080353
1760456585.260765 -53.49113464355469 17.965946197509766 -59.94437026977539 0.011724578216671944 -0.8407639861106873 -0.31383854150772095 -0.44100332260131836
1760456585.594087 -52.89361572265625 18.14337921142578 -60.38287353515625 0.011870210990309715 -0.8408964276313782 -0.30822470784187317 -0.4446908235549927
1760456585.860767 -52.412437438964844 18.302772521972656 -60.72779083251953 0.012462150305509567 -0.8383552432060242 -0.3105405867099762 -0.44785013794898987
1760456586.194038 -51.795814514160156 18.5017147064209 -61.15071105957031 0.012875918298959732 -0.836557924747467 -0.3110564053058624 -0.4508315324783325
1760456586.460724 -51.29280090332031 18.65749740600586 -61.49470901489258 0.01324980054050684 -0.8350240588188171 -0.3115847706794739 -0.4532926678657532
1760456586.794137 -50.66785430908203 18.85666847229004 -61.92062759399414 0.014365727081894875 -0.8330963253974915 -0.3120105266571045 -0.45650145411491394
1760456587.06073 -50.161293029785156 19.016525268554688 -62.26121520996094 0.010935317724943161 -0.8310357332229614 -0.3138432800769806 -0.4590887129306793
1760456587.394041 -49.57359313964844 19.193864822387695 -62.66704177856445 0.008544252254068851 -0.8318424820899963 -0.30917295813560486 -0.4608440697193146
1760456587.660737 -49.05351257324219 19.35838508605957 -63.009403228759766 0.009060073643922806 -0.8290979266166687 -0.3126963675022125 -0.4633958041667938
1760456587.99404 -48.440834045410156 19.54584312438965 -63.4193115234375 0.00905337743461132 -0.8284777402877808 -0.311373770236969 -0.4653913378715515
1760456588.260685 -47.923194885253906 19.708253860473633 -63.74848175048828 0.008116313256323338 -0.8259351253509521 -0.31470805406570435 -0.4676796495914459
1760456588.594023 -47.276824951171875 19.904550552368164 -64.16314697265625 0.009555544704198837 -0.8251422643661499 -0.31327390670776367 -0.4700089693069458
1760456588.860658 -46.731849670410156 20.077463150024414 -64.49349212646484 0.012553847394883633 -0.8233965635299683 -0.3156096935272217 -0.4714350998401642
1760456589.260662 -46.02729797363281 20.299909591674805 -64.92012786865234 0.018653301522135735 -0.8176309466362 -0.3201097846031189 -0.47818559408187866
1760456589.794238 -45.42576599121094 20.477161407470703 -65.289794921875 0.015228602103888988 -0.8198264837265015 -0.3135310709476471 -0.47890594601631165
1760456590.393995 -44.82091522216797 20.658397674560547 -65.63810729980469 0.017073413357138634 -0.8154070377349854 -0.31479525566101074 -0.48551392555236816
1760456590.993949 -44.200050354003906 20.824125289916992 -65.95873260498047 0.015321381390094757 -0.8045816421508789 -0.3079603314399719 -0.5075176358222961
1760456591.593945 -43.56190490722656 20.983421325683594 -66.28619384765625 0.013953072018921375 -0.8018216490745544 -0.3058401644229889 -0.5131757259368896
1760456592.193939 -42.93365478515625 21.14797019958496 -66.59718322753906 0.013386066071689129 -0.8003180623054504 -0.30203771591186523 -0.5177693963050842
1760456592.793895 -42.306114196777344 21.30762481689453 -66.89337158203125 0.01715596206486225 -0.7979828119277954 -0.30205848813056946 -0.5212388038635254
1760456593.393918 -41.65580749511719 21.470340728759766 -67.18928527832031 0.02014911361038685 -0.79537433385849 -0.3019298315048218 -0.5251782536506653
1760456593.993891 -40.98206329345703 21.62311363220215 -67.42430114746094 0.022991696372628212 -0.7708171606063843 -0.3010683059692383 -0.560954749584198
1760456594.593881 -40.31938934326172 21.714618682861328 -67.57798767089844 0.01256539672613144 -0.7402921319007874 -0.28601354360580444 -0.6082810759544373
1760456595.193849 -39.62126922607422 21.81533432006836 -67.67176818847656 0.019544750452041626 -0.7149161696434021 -0.2794651985168457 -0.6406341791152954
1760456595.793847 -38.893836975097656 21.894241333007812 -67.71405029296875 0.02649405226111412 -0.6940708756446838 -0.27015405893325806 -0.6667687892913818
1760456596.393825 -38.213687896728516 21.96552085876465 -67.76435089111328 0.022197958081960678 -0.6855302453041077 -0.2663452923297882 -0.6772117614746094
1760456596.993825 -37.50896453857422 22.02935791015625 -67.81588745117188 0.012848799116909504 -0.6713258028030396 -0.2693921625614166 -0.6903509497642517
1760456597.593766 -36.85071563720703 22.04880142211914 -67.84085083007812 -0.013062583282589912 -0.6646462082862854 -0.25630173087120056 -0.7017009854316711
1760456598.193783 -36.17036437988281 22.059268951416016 -67.83379364013672 -0.015763897448778152 -0.6436719298362732 -0.25248807668685913 -0.7222796082496643
1760456598.793787 -35.532012939453125 22.030517578125 -67.7435302734375 -0.020447541028261185 -0.6076942086219788 -0.2321905642747879 -0.75919508934021
1760456599.593714 -34.715003967285156 21.956865310668945 -67.49143981933594 -0.01649715192615986 -0.5455871820449829 -0.21034936606884003 -0.8110583424568176
1760456600.193882 -34.09906005859375 21.876117706298828 -67.23390197753906 -0.01399493869394064 -0.5009151101112366 -0.20056919753551483 -0.8418196439743042
1760456600.793753 -33.48057174682617 21.79501724243164 -66.9472885131836 -0.012701890431344509 -0.486098051071167 -0.19619521498680115 -0.8515015840530396
1760456601.393717 -32.85395812988281 21.715389251708984 -66.63030242919922 -0.006924751214683056 -0.4721761643886566 -0.1958336979150772 -0.8594480156898499
1760456601.993668 -32.27436828613281 21.611438751220703 -66.32595825195312 -0.014387651346623898 -0.4641907215118408 -0.1877267062664032 -0.8654933571815491
1760456602.593677 -31.696044921875 21.500431060791016 -65.983154296875 -0.011811341159045696 -0.4403848648071289 -0.17930026352405548 -0.8796437382698059
1760456603.193678 -31.136499404907227 21.394052505493164 -65.59568786621094 -0.005374148488044739 -0.4119347035884857 -0.17842891812324524 -0.8935570120811462
1760456603.793618 -30.57932472229004 21.28832244873047 -65.19376373291016 0.0020402695517987013 -0.40608811378479004 -0.17439809441566467 -0.8970360159873962
1760456604.393622 -30.060117721557617 21.156564712524414 -64.81510162353516 -0.012936978600919247 -0.3973633646965027 -0.16237488389015198 -0.9030888080596924
1760456604.993632 -29.50002670288086 21.049724578857422 -64.3900146484375 0.002240353962406516 -0.38452252745628357 -0.17286129295825958 -0.9067836403846741
1760456605.593612 -28.973857879638672 20.933900833129883 -63.98021697998047 0.0026278391014784575 -0.38579505681991577 -0.1725163757801056 -0.906307578086853
1760456606.193569 -28.456356048583984 20.827945709228516 -63.582618713378906 0.0010993869509547949 -0.3900423049926758 -0.1707577407360077 -0.9048246741294861
1760456606.793558 -27.927539825439453 20.71515655517578 -63.167030334472656 0.004250812344253063 -0.3834228515625 -0.16876229643821716 -0.9080132842063904
1760456607.39356 -27.387226104736328 20.609188079833984 -62.77100372314453 0.003986718133091927 -0.39563214778900146 -0.17235195636749268 -0.902083158493042
1760456607.993572 -26.870601654052734 20.510770797729492 -62.39158630371094 0.0037774727679789066 -0.40129005908966064 -0.17374800145626068 -0.8993128538131714
1760456608.593521 -26.330738067626953 20.40277671813965 -61.98374938964844 0.004481143783777952 -0.39886555075645447 -0.1728620082139969 -0.9005581140518188
1760456609.193514 -25.786449432373047 20.302494049072266 -61.57915115356445 0.005196950398385525 -0.3963172435760498 -0.17424379289150238 -0.9014127254486084
1760456609.793519 -25.22623634338379 20.20135498046875 -61.21259307861328 0.003233120311051607 -0.41274285316467285 -0.17817234992980957 -0.89324551820755
1760456610.393529 -24.687854766845703 20.104808807373047 -60.82187271118164 0.0077728936448693275 -0.41121649742126465 -0.1767151653766632 -0.8942104578018188
1760456610.993453 -24.114261627197266 20.007341384887695 -60.429908752441406 0.005935413297265768 -0.41145095229148865 -0.17649564146995544 -0.8941600918769836
1760456611.593454 -23.570770263671875 19.905698776245117 -60.047142028808594 0.005669704172760248 -0.41354432702064514 -0.17514358460903168 -0.8934616446495056
1760456612.193505 -22.882671356201172 19.78457260131836 -59.57279968261719 0.004271104000508785 -0.41533714532852173 -0.173625186085701 -0.8929340839385986
1760456612.660102 -22.249568939208984 19.678688049316406 -59.14673614501953 0.008115878328680992 -0.4167184829711914 -0.17266911268234253 -0.8924490213394165
1760456613.060081 -21.65038299560547 19.572738647460938 -58.72471237182617 0.00801244005560875 -0.41785386204719543 -0.17045773565769196 -0.8923442363739014
1760456613.460085 -20.9927978515625 19.450084686279297 -58.282928466796875 0.007160636130720377 -0.420288622379303 -0.16713882982730865 -0.8918356895446777
1760456613.793446 -20.35737419128418 19.34234046936035 -57.84885025024414 0.009609092958271503 -0.4203817844390869 -0.16790509223937988 -0.8916248083114624
1760456613.993405 -19.961599349975586 19.27161407470703 -57.576629638671875 0.009949320927262306 -0.420527845621109 -0.1676536649465561 -0.8915994763374329
1760456614.260106 -19.433887481689453 19.18324851989746 -57.219947814941406 0.010354198515415192 -0.4198385775089264 -0.16797177493572235 -0.891859769821167
1760456614.593436 -18.79499626159668 19.08545684814453 -56.79639434814453 0.014809682033956051 -0.4186142683029175 -0.17210881412029266 -0.8915836215019226
1760456614.860004 -18.283754348754883 18.974210739135742 -56.471275329589844 -0.0021793826017528772 -0.42028236389160156 -0.16611912846565247 -0.8920552134513855
1760456615.193357 -17.648183822631836 18.881183624267578 -56.02555847167969 0.0121872927993536 -0.4183591902256012 -0.1726248562335968 -0.8916432857513428
1760456615.460944 -17.140779495239258 18.787317276000977 -55.68373107910156 0.008040494285523891 -0.4183233976364136 -0.17204143106937408 -0.891819953918457
1760456615.793357 -16.49544334411621 18.670042037963867 -55.259246826171875 0.009294118732213974 -0.41890478134155273 -0.17120341956615448 -0.891696035861969
1760456616.060031 -15.975927352905273 18.574527740478516 -54.908355712890625 0.006740430369973183 -0.4184282124042511 -0.16925431787967682 -0.892314612865448
1760456616.393368 -15.31760025024414 18.457412719726562 -54.458831787109375 0.008697185665369034 -0.417177677154541 -0.17325736582279205 -0.8921149373054504
1760456616.660016 -14.805137634277344 18.365205764770508 -54.11741256713867 0.00701078400015831 -0.4156026542186737 -0.17120809853076935 -0.8932598233222961
1760456616.993349 -14.204050064086914 18.24930763244629 -53.65974426269531 0.007105693221092224 -0.3908071219921112 -0.16495078802108765 -0.9055444002151489
1760456617.259955 -13.744913101196289 18.14335823059082 -53.26982879638672 0.007056558039039373 -0.3712468445301056 -0.15697570145130157 -0.9151418805122375
1760456617.593298 -13.189068794250488 18.002601623535156 -52.78409194946289 0.0054670823737978935 -0.37022849917411804 -0.1536206156015396 -0.9161341190338135
1760456617.926671 -12.609105110168457 17.86622428894043 -52.282230377197266 0.007866455242037773 -0.3653133809566498 -0.15292207896709442 -0.9182042479515076
1760456618.193316 -12.141324996948242 17.740867614746094 -51.87244415283203 0.003062674542888999 -0.36642691493034363 -0.14938317239284515 -0.9183717370033264
1760456618.526652 -11.57040786743164 17.596904754638672 -51.36687469482422 0.004914320074021816 -0.36185431480407715 -0.14846563339233398 -0.9203234314918518
1760456618.793296 -11.10860538482666 17.479963302612305 -50.96023941040039 0.002966952044516802 -0.36019593477249146 -0.14659440517425537 -0.9212818145751953
1760456619.126629 -10.541881561279297 17.344112396240234 -50.45464324951172 0.0061395433731377125 -0.3572114408016205 -0.14505057036876678 -0.9226714968681335
1760456619.393244 -10.09538745880127 17.230548858642578 -50.04389953613281 0.008326994255185127 -0.35286077857017517 -0.14532370865345 -0.9242841005325317
1760456619.726601 -9.577560424804688 17.075515747070312 -49.54180145263672 0.006207142490893602 -0.33829620480537415 -0.1385955512523651 -0.9307569265365601
1760456619.993265 -9.19853687286377 16.948562622070312 -49.111515045166016 0.0047372174449265 -0.30914998054504395 -0.13023948669433594 -0.9420411586761475
1760456620.326583 -8.760769844055176 16.781173706054688 -48.53016662597656 0.0115825729444623 -0.2781377136707306 -0.12027257680892944 -0.9529112577438354
1760456620.593243 -8.401110649108887 16.622520446777344 -48.07630920410156 -0.001485929824411869 -0.2814592123031616 -0.11893011629581451 -0.9521734118461609
1760456620.92658 -7.938863754272461 16.449188232421875 -47.47060775756836 0.007103782147169113 -0.2711125910282135 -0.12000350654125214 -0.9550113677978516
1760456621.193473 -7.56651496887207 16.30553436279297 -46.97932052612305 0.008716325275599957 -0.2646521329879761 -0.12238861620426178 -0.9565063714981079
1760456621.526513 -7.139895439147949 16.124114990234375 -46.36428451538086 0.007781920023262501 -0.259605348110199 -0.11789751052856445 -0.9584595561027527
1760456621.793199 -6.804287433624268 15.974088668823242 -45.87506103515625 0.0037568106781691313 -0.25564849376678467 -0.11527220904827118 -0.9598656892776489
1760456622.126529 -6.3985595703125 15.795232772827148 -45.28308868408203 0.004974699113518 -0.25252097845077515 -0.11096540838479996 -0.9611946940422058
1760456622.393193 -6.0820207595825195 15.645794868469238 -44.80877685546875 0.004035753197968006 -0.2481713443994522 -0.10754545778036118 -0.9627194404602051
1760456622.726521 -5.69464111328125 15.460498809814453 -44.220951080322266 0.0009845440508797765 -0.24486525356769562 -0.10210298746824265 -0.964165449142456
1760456622.993189 -5.391441822052002 15.318187713623047 -43.7341194152832 0.005372625309973955 -0.23978962004184723 -0.10207287967205048 -0.9654290676116943
1760456623.326522 -5.015413284301758 15.141275405883789 -43.122459411621094 0.006415901239961386 -0.23748448491096497 -0.09780968725681305 -0.9664332866668701
1760456623.593207 -4.733297824859619 15.00124740600586 -42.6461296081543 0.008865431882441044 -0.23375444114208221 -0.09478194266557693 -0.9676242470741272
1760456623.926468 -4.371553421020508 14.815250396728516 -42.05643081665039 0.006585017777979374 -0.22980757057666779 -0.09266578406095505 -0.9687920808792114
1760456624.193143 -4.098973274230957 14.677802085876465 -41.59171676635742 0.006823864299803972 -0.22599822282791138 -0.09116580337285995 -0.9698283672332764
1760456624.526474 -3.778181552886963 14.500143051147461 -41.03022003173828 0.004841829650104046 -0.22343386709690094 -0.08838419616222382 -0.9706916213035583
1760456624.793137 -3.507209300994873 14.35798454284668 -40.57384490966797 0.005401710979640484 -0.2189115732908249 -0.08751094341278076 -0.971797525882721
1760456625.126469 -3.177572250366211 14.167469024658203 -39.96497344970703 0.005604500882327557 -0.21390663087368011 -0.08867450058460236 -0.9728049039840698
1760456625.393137 -2.913449287414551 14.018312454223633 -39.48932647705078 0.006187743041664362 -0.2108309119939804 -0.08789317309856415 -0.9735434651374817
1760456625.793163 -2.536961555480957 13.810473442077637 -38.78778076171875 0.010438657365739346 -0.208251491189003 -0.08311275392770767 -0.9744818210601807
1760456626.126413 -2.266496419906616 13.626383781433105 -38.19166564941406 0.008709819987416267 -0.17849695682525635 -0.07209126651287079 -0.9812573194503784
1760456626.393097 -2.0751140117645264 13.477468490600586 -37.730438232421875 0.005057695787400007 -0.15742391347885132 -0.06480830907821655 -0.9853892922401428
1760456626.726437 -1.857190728187561 13.28843879699707 -37.117774963378906 0.006486464757472277 -0.14983998239040375 -0.05949468910694122 -0.986897349357605
1760456626.993105 -1.6698590517044067 13.127188682556152 -36.60599899291992 0.007908287458121777 -0.14611048996448517 -0.05812235549092293 -0.9875277280807495
1760456627.193213 -1.5364601612091064 13.001350402832031 -36.21738052368164 0.00693959416821599 -0.14194686710834503 -0.056296516209840775 -0.9882477521896362
1760456627.593093 -1.2815359830856323 12.758406639099121 -35.45238494873047 0.006861763074994087 -0.1362118273973465 -0.05441398173570633 -0.9891604781150818
1760456627.793088 -1.1472747325897217 12.628700256347656 -35.05073928833008 0.005339948460459709 -0.1322580724954605 -0.05411572754383087 -0.9897226095199585
1760456628.126416 -0.9540213346481323 12.427188873291016 -34.41777420043945 0.0062705399468541145 -0.1250164806842804 -0.05232363939285278 -0.9907541871070862
1760456628.526355 -0.7045106887817383 12.177980422973633 -33.6533203125 0.005280603189021349 -0.12119965255260468 -0.04908185824751854 -0.991399884223938
1760456628.793039 -0.5504406690597534 12.010334968566895 -33.13273239135742 0.005564436782151461 -0.11806987226009369 -0.04683379828929901 -0.991884708404541
1760456629.126363 -0.36814677715301514 11.796767234802246 -32.51372528076172 0.0019274868536740541 -0.11447703838348389 -0.04281008616089821 -0.9925012588500977
1760456629.326366 -0.2667735517024994 11.671764373779297 -32.1126708984375 0.0032678572461009026 -0.11154956370592117 -0.04153738543391228 -0.9928850531578064
1760456629.59328 -0.11841951310634613 11.490449905395508 -31.559370040893555 0.004550522193312645 -0.10769236832857132 -0.04098862409591675 -0.9933285117149353
1760456629.926363 0.05010025203227997 11.272787094116211 -30.893177032470703 0.0044827573001384735 -0.1024055927991867 -0.03892265260219574 -0.9939708709716797
1760456630.12636 0.14373372495174408 11.132834434509277 -30.487607955932617 0.001503302832134068 -0.1001076027750969 -0.03836388513445854 -0.994235634803772
1760456630.393055 0.28567904233932495 10.953802108764648 -29.934967041015625 0.0032936115749180317 -0.0960283949971199 -0.03858835622668266 -0.9946249127388
1760456630.726419 0.43227580189704895 10.733521461486816 -29.248170852661133 0.005789638496935368 -0.09111809730529785 -0.03680228441953659 -0.9951429963111877
1760456630.993436 0.5417697429656982 10.562108039855957 -28.71986198425293 0.006822995375841856 -0.08997698873281479 -0.03528721630573273 -0.9952951669692993
1760456631.326315 0.686235249042511 10.351813316345215 -28.08860206604004 0.00380724691785872 -0.08587030321359634 -0.03293948993086815 -0.9957544207572937
1760456631.59301 0.7826980352401733 10.1841459274292 -27.58271026611328 0.004375775810331106 -0.08288346230983734 -0.0314740389585495 -0.9960525035858154
1760456631.993053 0.9337769746780396 9.923185348510742 -26.807395935058594 0.0014317084569483995 -0.0788089856505394 -0.027347618713974953 -0.9965135455131531
1760456632.328625 1.0491666793823242 9.70370101928711 -26.17380714416504 0.00046109248069114983 -0.07578922808170319 -0.025186607614159584 -0.9968056678771973
1760456632.593019 1.149077296257019 9.537843704223633 -25.675762176513672 0.0009094221750274301 -0.0726006031036377 -0.02508298121392727 -0.9970452785491943
1760456632.926253 1.2542808055877686 9.315644264221191 -25.039106369018555 -0.0032380525954067707 -0.0695667639374733 -0.023651840165257454 -0.9972916841506958
1760456633.192935 1.3423502445220947 9.147184371948242 -24.534732818603516 -0.005128830671310425 -0.06663515418767929 -0.024196460843086243 -0.9974707961082458
1760456633.52626 1.459899663925171 8.933243751525879 -23.882314682006836 0.0028551234863698483 -0.0635429173707962 -0.021996941417455673 -0.9977326393127441
1760456633.792936 1.5391589403152466 8.758162498474121 -23.378755569458008 0.001503113890066743 -0.06109175831079483 -0.020497646182775497 -0.997920572757721
1760456634.126463 1.6397534608840942 8.535181999206543 -22.714807510375977 0.0021300585940480232 -0.058394160121679306 -0.01908651366829872 -0.9981088638305664
1760456634.392931 1.727311611175537 8.351895332336426 -22.17516326904297 0.002123083919286728 -0.05625471472740173 -0.0167442187666893 -0.9982737898826599
1760456634.726287 1.8176296949386597 8.12729549407959 -21.511079788208008 0.00020540374680422246 -0.0536891371011734 -0.015380541794002056 -0.9984392523765564
1760456634.926208 1.8663777112960815 7.989099979400635 -21.102113723754883 0.002016668673604727 -0.05050687491893768 -0.014564852230250835 -0.9986155033111572
1760456635.193011 1.9132640361785889 7.808909893035889 -20.565372467041016 0.002362436382099986 -0.03551122546195984 -0.008177547715604305 -0.9993330836296082
1760456635.39287 1.9317576885223389 7.673783302307129 -20.16864013671875 0.002671449910849333 -0.019603323191404343 -0.002815600950270891 -0.9998003244400024
1760456635.792905 1.9613674879074097 7.42461633682251 -19.407609939575195 0.003773122327402234 -0.012854758650064468 -0.0011702270712703466 -0.9999096393585205
1760456636.126195 1.9843907356262207 7.202553749084473 -18.76259994506836 0.004880465101450682 -0.007584444247186184 -0.0006676256889477372 -0.9999591112136841
1760456636.459549 2.007798433303833 6.954355239868164 -18.031049728393555 -0.0016864266945049167 -0.0027468723710626364 -0.0020305661018937826 -0.9999927878379822
1760456636.726218 2.017315149307251 6.759478569030762 -17.431560516357422 0.0003793727664742619 0.0021347736474126577 -0.00195694575086236 -0.9999958276748657
1760456637.059534 2.018935203552246 6.509697437286377 -16.683895111083984 0.001397046959027648 0.007064510136842728 -0.0023916272912174463 -0.9999712109565735
1760456637.259484 2.0195820331573486 6.360026836395264 -16.231517791748047 0.004050620831549168 0.009241953492164612 -0.0007790729869157076 -0.9999488592147827
1760456637.659477 2.0027530193328857 6.111052513122559 -15.486082077026367 0.0035409238189458847 0.017479941248893738 0.0009195863967761397 -0.9998405575752258
1760456638.12615 1.9878578186035156 5.890698432922363 -14.844236373901367 0.00182308629155159 0.019545186311006546 0.0001916282926686108 -0.9998072981834412
1760456638.659474 1.965111494064331 5.636813640594482 -14.08614444732666 0.0038734718691557646 0.026751577854156494 0.000524111557751894 -0.9996345043182373
1760456639.259484 1.9315894842147827 5.377707004547119 -13.302492141723633 0.009282403625547886 0.02849481999874115 0.0045982892625033855 -0.9995402693748474
1760456639.859423 1.9022563695907593 5.156497955322266 -12.679769515991211 -8.121504652081057e-05 0.03203311935067177 0.0034239504020661116 -0.9994809031486511
1760456640.459423 1.9069690704345703 4.948821544647217 -12.084329605102539 0.00024875777307897806 0.015585026703774929 -0.0042931800708174706 -0.9998693466186523
1760456641.059435 1.9316989183425903 4.75639009475708 -11.489810943603516 0.004159597679972649 -0.0001268171181436628 -0.011206927709281445 -0.9999285936355591
1760456641.726042 1.9468510150909424 4.523533344268799 -10.80949592590332 0.003098506713286042 4.398436431074515e-05 -0.012640738859772682 -0.999915361404419
1760456642.459382 1.980195164680481 4.263287544250488 -10.04666805267334 0.0013515844475477934 -0.001131350756622851 -0.01409592479467392 -0.9998990893363953
1760456643.128142 2.004631519317627 4.021605491638184 -9.321151733398438 0.0006045183399692178 -0.0035920313093811274 -0.015073730610311031 -0.999879777431488
1760456643.726056 2.0247089862823486 3.793632984161377 -8.683219909667969 -0.0026904603000730276 -0.00632844353094697 -0.01556690689176321 -0.9998552203178406
1760456644.459323 2.065023899078369 3.529789686203003 -7.917817115783691 -0.0036716153845191 -0.008184864185750484 -0.016538621857762337 -0.9998230338096619
1760456645.059328 2.1013054847717285 3.3112125396728516 -7.271963596343994 -0.0023991339839994907 -0.00974534172564745 -0.017635861411690712 -0.9997941255569458
1760456645.72603 2.1417627334594727 3.066509485244751 -6.552614212036133 -0.0011240413878113031 -0.01021827757358551 -0.020118966698646545 -0.9997447729110718
1760456646.45943 2.191396474838257 2.795308828353882 -5.76218318939209 -0.0026805445086210966 -0.012070330791175365 -0.022430868819355965 -0.9996719360351562
1760456647.059278 2.2323129177093506 2.570570468902588 -5.114347457885742 -0.0015372497728094459 -0.012613870203495026 -0.023390885442495346 -0.9996456503868103
1760456647.859297 2.241168975830078 2.311840772628784 -4.353429794311523 -0.0003770245530176908 0.002236668486148119 -0.01955806277692318 -0.9998061656951904
1760456648.459263 2.2637104988098145 2.09551739692688 -3.7495129108428955 -0.004103806801140308 0.003499877406284213 -0.019217990338802338 -0.9998008012771606
1760456649.059216 2.3021953105926514 1.8775031566619873 -3.1069445610046387 -0.0002651679387781769 -0.017396075651049614 -0.024361303076148033 -0.9995518326759338
1760456649.859226 2.3955841064453125 1.6083765029907227 -2.3410861492156982 -0.004018830601125956 -0.03333403542637825 -0.027779731899499893 -0.9990500807762146
1760456650.459166 2.398911714553833 1.3890644311904907 -1.7116883993148804 -0.0035670555662363768 -0.0008481277618557215 -0.012610171921551228 -0.99991375207901
1760456651.259169 2.3990485668182373 1.118800163269043 -0.9554705619812012 -0.00510205514729023 0.0020945225842297077 -0.007992065511643887 -0.9999528527259827
1760456652.05917 2.3992624282836914 0.8635757565498352 -0.23476357758045197 -0.008696956560015678 0.005731490906327963 -0.004567752592265606 -0.9999353289604187
1760456652.659345 2.4080729484558105 0.6700958013534546 0.32983437180519104 -0.005923562217503786 0.005944464821368456 -0.002459924900904298 -0.9999617338180542
1760456653.0591 2.4031832218170166 0.5543416738510132 0.6645693778991699 -0.002807316370308399 0.010400013066828251 -0.0008180905715562403 -0.9999416470527649
1760456653.259273 2.4029643535614014 0.5103339552879333 0.7853553891181946 -0.004381686449050903 0.009911064989864826 -0.0006204235833138227 -0.9999411106109619
