1750948304.149872 -0.0 -0.0 -0.0 -0.0 -0.0 -0.0 1.0
1750948305.949816 -0.009877852164208889 -0.049729835242033005 0.10528284311294556 0.009573569521307945 -0.007363425102084875 -0.003042877186089754 0.9999224543571472
1750948306.349826 -0.0360577292740345 -0.19846667349338531 0.5654524564743042 0.00015907878696452826 -0.022783761844038963 -0.008673912845551968 0.9997028708457947
1750948307.016625 -0.10608185827732086 -0.4471793472766876 1.253853678703308 0.006759073585271835 -0.04528456926345825 -0.019053762778639793 0.9987695813179016
1750948307.816437 -0.2046080380678177 -0.7236052751541138 2.0312535762786865 0.007670409511774778 -0.05446123704314232 -0.022831030189990997 0.9982253909111023
1750948308.349773 -0.24903006851673126 -0.942638099193573 2.6110751628875732 0.012850945815443993 -0.047736044973134995 -0.021147215738892555 0.998553454875946
1750948308.749972 -0.29856547713279724 -1.1365013122558594 3.1427175998687744 0.013149674981832504 -0.04380769655108452 -0.019856171682476997 0.9987561106681824
1750948309.216591 -0.3300879895687103 -1.3618502616882324 3.765906810760498 0.012931077741086483 -0.03323200345039368 -0.017919573932886124 0.9992033243179321
1750948309.749917 -0.3581490218639374 -1.6266192197799683 4.481525897979736 0.016350198537111282 -0.028286440297961235 -0.014822864904999733 0.9993562698364258
1750948310.216395 -0.38462844491004944 -1.853460669517517 5.111483097076416 0.014294907450675964 -0.025383496657013893 -0.015047432854771614 0.999462366104126
1750948310.816388 -0.41015467047691345 -2.151646375656128 5.901697635650635 0.018477866426110268 -0.02413422428071499 -0.01346089132130146 0.9994473457336426
1750948311.416514 -0.4337799847126007 -2.444639205932617 6.677104949951172 0.017139483243227005 -0.024751294404268265 -0.01516080554574728 0.9994317293167114
1750948311.949663 -0.477009117603302 -2.711336374282837 7.387056827545166 0.019485067576169968 -0.033582426607608795 -0.017632873728871346 0.9990904331207275
1750948312.549698 -0.5308021306991577 -3.0039589405059814 8.1415433883667 0.019204599782824516 -0.04262925311923027 -0.02322143316268921 0.9986364841461182
1750948313.149821 -0.6224419474601746 -3.282250165939331 8.909085273742676 0.015279176644980907 -0.0649116113781929 -0.029462696984410286 0.9973390102386475
1750948313.749796 -0.7735289931297302 -3.555025100708008 9.657145500183105 0.01690305955708027 -0.09362871199846268 -0.03836631402373314 0.9947240948677063
1750948314.349619 -0.9893009662628174 -3.8205385208129883 10.370404243469238 0.01621873304247856 -0.1382042020559311 -0.054119572043418884 0.9887910485267639
1750948314.949616 -1.2716498374938965 -4.063945770263672 11.033645629882812 0.020012982189655304 -0.1847371757030487 -0.06882501393556595 0.9801708459854126
1750948315.549745 -1.6451761722564697 -4.2990007400512695 11.673768043518066 0.019803598523139954 -0.23186321556568146 -0.08487679809331894 0.9688360095024109
1750948316.149566 -2.076833486557007 -4.534203052520752 12.251262664794922 0.029920855537056923 -0.28628313541412354 -0.09845950454473495 0.9526029825210571
1750948316.749753 -2.5867116451263428 -4.744847774505615 12.781587600708008 0.025721101090312004 -0.34559598565101624 -0.11878309398889542 0.9304797053337097
1750948317.416232 -3.2406697273254395 -4.940371036529541 13.27949333190918 0.02249760925769806 -0.41476911306381226 -0.14849677681922913 0.8974459171295166
1750948318.016351 -3.9149656295776367 -5.0967512130737305 13.676778793334961 0.02376585453748703 -0.4596719443798065 -0.16462743282318115 0.8723730444908142
1750948318.616197 -4.667824745178223 -5.210989952087402 13.988905906677246 0.023945225402712822 -0.5070527195930481 -0.18703415989875793 0.8410364389419556
1750948319.216202 -5.427014350891113 -5.320917129516602 14.23758602142334 0.02894415333867073 -0.5452873706817627 -0.19788074493408203 0.8140437602996826
1750948319.816197 -6.205320358276367 -5.408716201782227 14.424665451049805 0.02892068773508072 -0.5784707069396973 -0.20900997519493103 0.7879403829574585
1750948320.349667 -6.912671089172363 -5.459028244018555 14.532796859741211 0.029706139117479324 -0.6075281500816345 -0.2192644327878952 0.762856662273407
1750948320.949461 -7.717187881469727 -5.499935150146484 14.582019805908203 0.02932905964553356 -0.6380953788757324 -0.23122012615203857 0.733833372592926
1750948321.549496 -8.539459228515625 -5.512115478515625 14.568007469177246 0.030761219561100006 -0.6666213870048523 -0.24112668633460999 0.7046471238136292
1750948322.149588 -9.336007118225098 -5.493269443511963 14.47315502166748 0.03155629709362984 -0.7078225612640381 -0.2552265524864197 0.6579140424728394
1750948322.749411 -10.070653915405273 -5.439239501953125 14.266627311706543 0.033186253160238266 -0.7518293857574463 -0.2682424485683441 0.6014127135276794
1750948323.349451 -10.791399955749512 -5.334346294403076 13.974261283874512 0.03120223619043827 -0.7879068851470947 -0.2884353995323181 0.5431705713272095
1750948323.816084 -11.291366577148438 -5.247954368591309 13.681259155273438 0.03590765967965126 -0.8195874094963074 -0.2900892496109009 0.4927833080291748
1750948324.416206 -11.90614128112793 -5.114187240600586 13.243322372436523 0.03501313179731369 -0.8503242135047913 -0.29497596621513367 0.4344099462032318
1750948325.016182 -12.445549011230469 -4.9335408210754395 12.732148170471191 0.033936262130737305 -0.8732243180274963 -0.3075390160083771 0.3764934837818146
1750948325.549388 -12.888036727905273 -4.77562141418457 12.23117446899414 0.03662916645407677 -0.8853840827941895 -0.3076409101486206 0.34656956791877747
1750948326.149534 -13.367414474487305 -4.582650184631348 11.638952255249023 0.03888854384422302 -0.8963901996612549 -0.30897465348243713 0.3154471218585968
1750948326.749509 -13.819049835205078 -4.40070915222168 11.025226593017578 0.039126548916101456 -0.9025556445121765 -0.30598580837249756 0.30039188265800476
1750948327.349499 -14.248945236206055 -4.21544075012207 10.421059608459473 0.040539272129535675 -0.9063298106193542 -0.29907330870628357 0.2957669496536255
1750948328.016261 -14.729076385498047 -4.05968713760376 9.806928634643555 0.04270010441541672 -0.902623176574707 -0.28894996643066406 0.31615814566612244
1750948328.616145 -15.219181060791016 -3.9122045040130615 9.260475158691406 0.03784230723977089 -0.9001015424728394 -0.29351019859313965 0.3197450041770935
1750948329.216142 -15.684026718139648 -3.7538769245147705 8.675081253051758 0.03835798427462578 -0.9004522562026978 -0.2930960953235626 0.3190753757953644
1750948329.815949 -16.145835876464844 -3.5987443923950195 8.110406875610352 0.03822309151291847 -0.9020721316337585 -0.290853351354599 0.3165585398674011
1750948330.415942 -16.60968017578125 -3.451537609100342 7.569429397583008 0.03637013956904411 -0.89608234167099 -0.2942686080932617 0.33033257722854614
1750948331.016038 -17.09471893310547 -3.3057947158813477 7.013613700866699 0.036602091044187546 -0.8953384160995483 -0.2910177409648895 0.3351687490940094
1750948331.616069 -17.592487335205078 -3.1543920040130615 6.454132080078125 0.03618703782558441 -0.8927951455116272 -0.2904358208179474 0.34242427349090576
1750948332.215941 -18.110782623291016 -3.0019350051879883 5.911449432373047 0.03514541685581207 -0.8883955478668213 -0.29247409105300903 0.35210391879081726
1750948332.749276 -18.587871551513672 -2.8728296756744385 5.433255195617676 0.036387328058481216 -0.8846319317817688 -0.2914362847805023 0.3621703088283539
1750948333.34935 -19.13304901123047 -2.719669818878174 4.917304992675781 0.03559320047497749 -0.8805688619613647 -0.29391202330589294 0.37006399035453796
1750948333.949668 -19.675634384155273 -2.5770392417907715 4.413549423217773 0.03832164406776428 -0.8799993395805359 -0.2891022562980652 0.37490350008010864
1750948334.549168 -20.220142364501953 -2.4253573417663574 3.889333724975586 0.038777802139520645 -0.8773322105407715 -0.29229843616485596 0.3786107897758484
1750948335.149318 -20.760202407836914 -2.278930187225342 3.3705673217773438 0.03902888670563698 -0.8766771554946899 -0.2914820611476898 0.3807257413864136
1750948335.74911 -21.297386169433594 -2.1335701942443848 2.8548965454101562 0.041614484041929245 -0.8774493336677551 -0.29202693700790405 0.3782477080821991
1750948336.349111 -21.843280792236328 -1.9896612167358398 2.3477916717529297 0.04148005321621895 -0.8774035573005676 -0.2958769202232361 0.3753655254840851
1750948336.949114 -22.375186920166016 -1.8482880592346191 1.830078125 0.04429646208882332 -0.8814798593521118 -0.2947014570236206 0.36630889773368835
1750948337.549234 -22.890907287597656 -1.6809039115905762 1.2865772247314453 0.04442145302891731 -0.8867502212524414 -0.2982199490070343 0.35037940740585327
1750948338.149065 -23.35751724243164 -1.5333614349365234 0.7247638702392578 0.04636611416935921 -0.8949134349822998 -0.2940708100795746 0.3324192464351654
1750948338.750093 -23.828187942504883 -1.3549909591674805 0.12315940856933594 0.04357469826936722 -0.899282693862915 -0.30019471049308777 0.3150794208049774
1750948339.349062 -24.32131004333496 -1.182030200958252 -0.4794597625732422 0.043193988502025604 -0.8976624011993408 -0.2961914837360382 0.32343021035194397
1750948339.949011 -24.818477630615234 -1.0129685401916504 -1.0689926147460938 0.04372813552618027 -0.8947275280952454 -0.29658186435699463 0.3310432732105255
1750948340.549 -25.322751998901367 -0.8587779998779297 -1.6328048706054688 0.0438724011182785 -0.8906891345977783 -0.2926045358181 0.34515300393104553
1750948341.149008 -25.85359764099121 -0.7037811279296875 -2.18194580078125 0.04296991974115372 -0.8846262693405151 -0.29453063011169434 0.35894539952278137
1750948341.749142 -26.3912410736084 -0.5587501525878906 -2.7124366760253906 0.0416596457362175 -0.879927396774292 -0.29146313667297363 0.37288275361061096
1750948342.349384 -26.941917419433594 -0.41119384765625 -3.2104930877685547 0.03909851610660553 -0.8748944997787476 -0.29315057396888733 0.3835279643535614
1750948342.81565 -27.367725372314453 -0.29987049102783203 -3.602264404296875 0.03578479588031769 -0.8746016621589661 -0.2922605872154236 0.3851949870586395
1750948343.41562 -27.9433650970459 -0.16102313995361328 -4.110973358154297 0.033562373369932175 -0.8737642168998718 -0.29014724493026733 0.3888757824897766
1750948343.949097 -28.44122314453125 -0.03674793243408203 -4.562751770019531 0.03351987898349762 -0.8736943602561951 -0.28789323568344116 0.3907071650028229
1750948344.54891 -28.999237060546875 0.10202693939208984 -5.059173583984375 0.0320826917886734 -0.8751857876777649 -0.2917884588241577 0.3845517337322235
1750948345.148917 -29.537134170532227 0.25884532928466797 -5.5969696044921875 0.03331863135099411 -0.8779656291007996 -0.2929467260837555 0.37715843319892883
1750948345.748939 -30.0703067779541 0.4180135726928711 -6.154041290283203 0.035459741950035095 -0.8830897212028503 -0.2929455637931824 0.36479878425598145
1750948346.349054 -30.58858871459961 0.5671157836914062 -6.697872161865234 0.0359233021736145 -0.8836153149604797 -0.2921656370162964 0.3641054928302765
1750948346.948857 -31.10661506652832 0.7167596817016602 -7.2110595703125 0.03329882025718689 -0.8838505148887634 -0.29494184255599976 0.36153656244277954
1750948347.548853 -31.614925384521484 0.8693361282348633 -7.741481781005859 0.031917471438646317 -0.8851484060287476 -0.2937183678150177 0.3594761788845062
1750948348.149022 -32.12504577636719 1.0201549530029297 -8.270729064941406 0.02945144660770893 -0.8860697150230408 -0.29309070110321045 0.3579258620738983
1750948348.748867 -32.645626068115234 1.179244041442871 -8.81832504272461 0.02910226210951805 -0.8841707110404968 -0.2953513562679291 0.3607809245586395
1750948349.348827 -33.182743072509766 1.3319740295410156 -9.350467681884766 0.030526956543326378 -0.8802035450935364 -0.28971344232559204 0.3746676743030548
1750948349.948811 -33.71743392944336 1.4796733856201172 -9.886112213134766 0.03275067359209061 -0.8800621628761292 -0.2886793315410614 0.3756091296672821
1750948350.54895 -34.26538848876953 1.625840187072754 -10.406978607177734 0.032336052507162094 -0.8788978457450867 -0.29029688239097595 0.3771215081214905
1750948351.148752 -34.81972885131836 1.778660774230957 -10.945751190185547 0.03380629047751427 -0.8780675530433655 -0.2900942265987396 0.3790777623653412
1750948351.548756 -35.19367218017578 1.8820037841796875 -11.30093765258789 0.033440813422203064 -0.8775225281715393 -0.2903250753879547 0.3801937699317932
1750948352.148754 -35.7603874206543 2.0313568115234375 -11.827560424804688 0.03378814831376076 -0.8770358562469482 -0.2904652953147888 0.38117775321006775
1750948352.682206 -36.265869140625 2.168487548828125 -12.303779602050781 0.0346376858651638 -0.8756465315818787 -0.29050347208976746 0.38425394892692566
1750948353.282232 -36.816871643066406 2.3140316009521484 -12.815093994140625 0.03616160526871681 -0.8745180368423462 -0.2888461649417877 0.3879155218601227
1750948353.748694 -37.25951385498047 2.4362096786499023 -13.220359802246094 0.035617291927337646 -0.8720756769180298 -0.2898757755756378 0.392667293548584
1750948354.348876 -37.823089599609375 2.572000503540039 -13.730350494384766 0.03738897293806076 -0.8706813454627991 -0.28797367215156555 0.39697274565696716
1750948354.948847 -38.38999938964844 2.715547561645508 -14.216293334960938 0.03726678341627121 -0.867948591709137 -0.2883482575416565 0.4026558995246887
1750948355.548972 -38.9587516784668 2.844043731689453 -14.708972930908203 0.036917053163051605 -0.8662684559822083 -0.28621533513069153 0.4077953100204468
1750948355.949014 -39.358787536621094 2.9357032775878906 -15.031879425048828 0.03703318536281586 -0.864860475063324 -0.2849131226539612 0.41166651248931885
1750948356.548754 -39.93743896484375 3.0608463287353516 -15.503952026367188 0.03665700554847717 -0.8623718023300171 -0.2849544286727905 0.41685986518859863
1750948357.148802 -40.54997253417969 3.1899147033691406 -15.986377716064453 0.03767210617661476 -0.8604432344436646 -0.28291183710098267 0.4221128225326538
1750948357.748615 -41.10850524902344 3.3106956481933594 -16.449806213378906 0.03614490479230881 -0.8618314862251282 -0.28441086411476135 0.41839030385017395
1750948358.282027 -41.650535583496094 3.4364452362060547 -16.91104507446289 0.0362694151699543 -0.8654860258102417 -0.2867419421672821 0.40914255380630493
1750948358.881959 -42.216251373291016 3.569997787475586 -17.412761688232422 0.03558003157377243 -0.8703183531761169 -0.2882653772830963 0.39772242307662964
1750948359.481907 -42.79295349121094 3.7153263092041016 -17.92493438720703 0.03553340211510658 -0.8697119355201721 -0.28937894105911255 0.39824408292770386
1750948360.082042 -43.38169479370117 3.8571434020996094 -18.433895111083984 0.03409578278660774 -0.8685092329978943 -0.2885933518409729 0.4015510082244873
1750948360.549024 -43.8527717590332 3.975910186767578 -18.832443237304688 0.03476179391145706 -0.8662579655647278 -0.28920018672943115 0.4058966636657715
1750948361.082073 -44.40428924560547 4.10197639465332 -19.277828216552734 0.03383447229862213 -0.8640875816345215 -0.28851082921028137 0.41105884313583374
1750948361.681991 -44.996788024902344 4.241252899169922 -19.771038055419922 0.03398188203573227 -0.8628385663032532 -0.28712260723114014 0.41462692618370056
1750948362.281871 -45.595924377441406 4.379297256469727 -20.265525817871094 0.03302706405520439 -0.8621914982795715 -0.2867775857448578 0.4162856638431549
1750948362.88186 -46.20902633666992 4.51025390625 -20.751930236816406 0.03342802822589874 -0.8621752858161926 -0.2850663661956787 0.4174608588218689
1750948363.481947 -46.824913024902344 4.6397247314453125 -21.243255615234375 0.031629353761672974 -0.8623650074005127 -0.2827012538909912 0.41881540417671204
1750948363.949173 -47.32245635986328 4.752504348754883 -21.63266372680664 0.029911154881119728 -0.8618543744087219 -0.2835463285446167 0.4194209575653076
1750948364.549084 -47.92119216918945 4.871807098388672 -22.102779388427734 0.029036030173301697 -0.8605114817619324 -0.28061214089393616 0.42418599128723145
1750948365.148587 -48.53153991699219 4.996522903442383 -22.55986785888672 0.027989160269498825 -0.8584927916526794 -0.2790846526622772 0.4293234646320343
1750948365.74866 -49.14750671386719 5.11302375793457 -23.014286041259766 0.02760903723537922 -0.8555797338485718 -0.27779415249824524 0.43594905734062195
1750948366.348797 -49.762306213378906 5.2322845458984375 -23.46662139892578 0.027393905445933342 -0.8540427684783936 -0.27643823623657227 0.4398210048675537
1750948366.948508 -50.4117546081543 5.350736618041992 -23.930133819580078 0.02687215618789196 -0.8532092571258545 -0.27585726976394653 0.44183099269866943
1750948367.481777 -50.983734130859375 5.456661224365234 -24.34280776977539 0.02533075213432312 -0.8538147807121277 -0.274881511926651 0.441360205411911
1750948368.081701 -51.639732360839844 5.58397102355957 -24.82575225830078 0.02434319257736206 -0.8544981479644775 -0.27654901146888733 0.43904563784599304
1750948368.6817 -52.30427932739258 5.714725494384766 -25.311630249023438 0.024025749415159225 -0.8561033010482788 -0.2758796215057373 0.43634888529777527
1750948369.281703 -52.94530487060547 5.835681915283203 -25.775821685791016 0.0222962386906147 -0.855546772480011 -0.27549996972084045 0.4377697706222534
1750948369.881855 -53.58985900878906 5.965635299682617 -26.26471710205078 0.02142338454723358 -0.8592514991760254 -0.2747960388660431 0.4309466779232025
1750948370.481643 -54.231109619140625 6.094566345214844 -26.749069213867188 0.02006002888083458 -0.8591801524162292 -0.2761334478855133 0.4302993416786194
1750948371.081655 -54.87025451660156 6.230245590209961 -27.218505859375 0.019028346985578537 -0.8575738072395325 -0.27844810485839844 0.4320553243160248
1750948371.681664 -55.51050567626953 6.354734420776367 -27.682754516601562 0.01784421317279339 -0.8560399413108826 -0.27621960639953613 0.43655478954315186
1750948372.215076 -56.07737731933594 6.460483551025391 -28.088172912597656 0.0181750301271677 -0.8540499806404114 -0.27401357889175415 0.44179731607437134
1750948372.814946 -56.737823486328125 6.594266891479492 -28.527183532714844 0.014170382171869278 -0.8500446677207947 -0.27615317702293396 0.44828855991363525
1750948373.414953 -57.40849304199219 6.7342071533203125 -28.982864379882812 0.018247809261083603 -0.8474367260932922 -0.27507007122039795 0.45371192693710327
1750948374.014934 -58.042335510253906 6.8556976318359375 -29.428138732910156 0.027076641097664833 -0.8456572890281677 -0.27752214670181274 0.45509570837020874
1750948374.614938 -58.6898193359375 6.996707916259766 -29.907485961914062 0.027992237359285355 -0.8517733812332153 -0.2825872302055359 0.44027605652809143
1750948375.214878 -59.29295349121094 7.132537841796875 -30.39983367919922 0.027679817751049995 -0.862975001335144 -0.2797626554965973 0.41981056332588196
1750948375.815283 -59.90483474731445 7.254209518432617 -30.89287567138672 0.02890012040734291 -0.8659020662307739 -0.2770332098007202 0.41548892855644226
1750948376.41504 -60.50633239746094 7.4022674560546875 -31.38256072998047 0.025363430380821228 -0.8662575483322144 -0.28257572650909424 0.41122448444366455
1750948377.014894 -61.12267303466797 7.506624221801758 -31.88396453857422 0.027377698570489883 -0.8676872253417969 -0.2701423466205597 0.4164043962955475
1750948377.614998 -61.75634765625 7.637290954589844 -32.36884307861328 0.02438104897737503 -0.862025797367096 -0.2762531638145447 0.4242655634880066
1750948378.214825 -62.415740966796875 7.791616439819336 -32.877464294433594 0.024906016886234283 -0.859377384185791 -0.28205761313438416 0.4257860481739044
1750948378.814954 -63.05705261230469 7.929943084716797 -33.382415771484375 0.030493009835481644 -0.8593201041221619 -0.2837817966938019 0.4243902564048767
1750948379.414783 -63.67344665527344 8.08953857421875 -33.905113220214844 0.027669645845890045 -0.8699960112571716 -0.2878686487674713 0.3993406593799591
1750948380.014777 -64.25176239013672 8.265970230102539 -34.470436096191406 0.03191617876291275 -0.8813973665237427 -0.2945921719074249 0.36787983775138855
1750948380.614953 -64.80863952636719 8.450967788696289 -35.07060241699219 0.031736742705106735 -0.8864508867263794 -0.30384591221809387 0.34767138957977295
1750948381.214721 -65.31314849853516 8.656232833862305 -35.70106506347656 0.030509844422340393 -0.896611750125885 -0.3081245422363281 0.31656894087791443
1750948381.814724 -65.7783203125 8.8873291015625 -36.357757568359375 0.029879258945584297 -0.9049756526947021 -0.31528669595718384 0.28411367535591125
1750948382.214728 -66.06189727783203 9.018465042114258 -36.80625915527344 0.03482258319854736 -0.914242684841156 -0.30641889572143555 0.2627837359905243
1750948382.814724 -66.46646881103516 9.223731994628906 -37.49005126953125 0.02742307074368 -0.9220802783966064 -0.30175068974494934 0.24075408279895782
1750948383.414819 -66.83167266845703 9.450775146484375 -38.183738708496094 0.025372711941599846 -0.9263045191764832 -0.30691003799438477 0.21707729995250702
1750948384.014667 -67.14030456542969 9.682409286499023 -38.90900421142578 0.030126838013529778 -0.9318513870239258 -0.30991724133491516 0.1862707883119583
1750948384.614741 -67.37972259521484 9.92795181274414 -39.64019775390625 0.029745440930128098 -0.9376727342605591 -0.31412273645401 0.14564312994480133
1750948385.214675 -67.55870056152344 10.172590255737305 -40.38616943359375 0.029897823929786682 -0.9406532645225525 -0.320167601108551 0.10849113762378693
1750948385.814621 -67.68656921386719 10.427215576171875 -41.14664077758789 0.033154457807540894 -0.9450424909591675 -0.3178960084915161 0.06883060932159424
1750948386.41462 -67.75758361816406 10.70399284362793 -41.9123420715332 0.033387407660484314 -0.9433959126472473 -0.3272721469402313 0.04221896082162857
1750948387.014626 -67.79459381103516 10.98253345489502 -42.69615173339844 0.030741579830646515 -0.9446783065795898 -0.32605525851249695 0.01805398426949978
1750948387.614758 -67.79078674316406 11.262874603271484 -43.475799560546875 0.022824110463261604 -0.9457268118858337 -0.32391804456710815 -0.012528816238045692
1750948388.214583 -67.72990417480469 11.546773910522461 -44.26154708862305 0.024074435234069824 -0.9440648555755615 -0.3261261284351349 -0.0424707755446434
1750948388.814588 -67.62068176269531 11.833978652954102 -45.03380584716797 0.02440308779478073 -0.9405723810195923 -0.33054786920547485 -0.07393364608287811
1750948389.414733 -67.45450592041016 12.121650695800781 -45.80832290649414 0.01945229433476925 -0.9364745020866394 -0.33295226097106934 -0.1085355132818222
1750948389.814657 -67.31158447265625 12.311006546020508 -46.31772232055664 0.01742616482079029 -0.9348800778388977 -0.3298598825931549 -0.1299540102481842
1750948390.41451 -67.06916809082031 12.589962005615234 -47.069068908691406 0.010893152095377445 -0.9333578944206238 -0.32415008544921875 -0.15378911793231964
1750948391.014521 -66.8067626953125 12.876508712768555 -47.831565856933594 0.012985296547412872 -0.9298158288002014 -0.32874342799186707 -0.1649291068315506
1750948391.614513 -66.50520324707031 13.160515785217285 -48.57023620605469 0.019595542922616005 -0.9254360795021057 -0.3280741274356842 -0.1885511875152588
1750948392.214411 -66.14402770996094 13.434854507446289 -49.28807067871094 0.025331923738121986 -0.9221725463867188 -0.32078883051872253 -0.21459421515464783
1750948392.814473 -65.75926971435547 13.689207077026367 -49.9931526184082 0.030151352286338806 -0.9185788035392761 -0.31548818945884705 -0.23615939915180206
1750948393.41455 -65.37107849121094 13.9688081741333 -50.683815002441406 0.03528664633631706 -0.9121057987213135 -0.3240153193473816 -0.2486604005098343
1750948394.014625 -64.96815490722656 14.241003036499023 -51.35871887207031 0.034379810094833374 -0.9080281853675842 -0.3257398307323456 -0.2611447274684906
1750948394.41544 -64.6876220703125 14.411477088928223 -51.810874938964844 0.03214022517204285 -0.9078737497329712 -0.31941622495651245 -0.2696397602558136
1750948395.014454 -64.25148010253906 14.666417121887207 -52.46402359008789 0.03332618251442909 -0.9057313203811646 -0.3168131709098816 -0.279588520526886
1750948395.614488 -63.75121307373047 14.915288925170898 -53.10010528564453 0.03146567568182945 -0.8923075199127197 -0.3144358694553375 -0.3223777711391449
1750948396.214414 -63.20588684082031 15.150215148925781 -53.69036865234375 0.028908245265483856 -0.882546603679657 -0.3109409809112549 -0.3515560030937195
1750948396.814359 -62.62049865722656 15.386678695678711 -54.25065231323242 0.029131116345524788 -0.8722463250160217 -0.3091442883014679 -0.3778459131717682
1750948397.41436 -62.011497497558594 15.600887298583984 -54.782039642333984 0.025814224034547806 -0.8655544519424438 -0.3023105263710022 -0.3984437584877014
1750948398.014443 -61.40582275390625 15.809508323669434 -55.284141540527344 0.025110604241490364 -0.8575048446655273 -0.3049927353858948 -0.41356316208839417
1750948398.61446 -60.76811218261719 16.010936737060547 -55.78596878051758 0.02261238545179367 -0.8527562022209167 -0.3017033636569977 -0.4257589876651764
1750948399.214408 -60.13470458984375 16.214387893676758 -56.26292419433594 0.02222665399312973 -0.8482210636138916 -0.30020275712013245 -0.4357813894748688
1750948399.814312 -59.49291229248047 16.41775894165039 -56.74365234375 0.018857235088944435 -0.8441818356513977 -0.30400747060775757 -0.4411132037639618
1750948400.41431 -58.86119842529297 16.62908935546875 -57.22187042236328 0.020242301747202873 -0.8470155596733093 -0.3052404820919037 -0.4347219467163086
1750948401.014243 -58.20732116699219 16.84624671936035 -57.71550369262695 0.02101581171154976 -0.844849169254303 -0.30837368965148926 -0.43668514490127563
1750948401.614361 -57.5443115234375 17.052101135253906 -58.189632415771484 0.02130461484193802 -0.8461438417434692 -0.3026510775089264 -0.4381656050682068
1750948402.214262 -56.90320587158203 17.25975799560547 -58.65142059326172 0.02534114196896553 -0.8446076512336731 -0.3038727045059204 -0.440064936876297
1750948402.814276 -56.252906799316406 17.467105865478516 -59.11296463012695 0.029298672452569008 -0.8438051342964172 -0.30126523971557617 -0.44314080476760864
1750948403.414709 -55.58710479736328 17.6769962310791 -59.58039474487305 0.03306063264608383 -0.84291011095047 -0.2996390759944916 -0.4456748962402344
1750948404.014223 -54.93170166015625 17.88149070739746 -60.034515380859375 0.03486572951078415 -0.8408911228179932 -0.3011319041252136 -0.4483371376991272
1750948404.614207 -54.2655029296875 18.09249496459961 -60.489681243896484 0.03542254492640495 -0.8400371074676514 -0.30037662386894226 -0.45039626955986023
1750948405.014236 -53.80775451660156 18.23894691467285 -60.807003021240234 0.035586729645729065 -0.8395304083824158 -0.3029845058917999 -0.4495806396007538
1750948405.614357 -53.15608215332031 18.44997787475586 -61.289546966552734 0.03303365409374237 -0.8440273404121399 -0.30269062519073486 -0.44148051738739014
1750948406.214174 -52.538429260253906 18.661354064941406 -61.770721435546875 0.031281519681215286 -0.849298357963562 -0.3038969337940216 -0.4305351972579956
1750948406.814161 -51.90790557861328 18.877365112304688 -62.26000213623047 0.032294079661369324 -0.8501846194267273 -0.30462828278541565 -0.4281878173351288
1750948407.214223 -51.47648620605469 19.023630142211914 -62.601776123046875 0.031052226200699806 -0.8523935675621033 -0.3049888610839844 -0.4236067235469818
1750948407.814256 -50.829315185546875 19.26457977294922 -63.12221145629883 0.03281586617231369 -0.8534607887268066 -0.3108433783054352 -0.4170183539390564
1750948408.414178 -50.225982666015625 19.48536491394043 -63.63172149658203 0.030346231535077095 -0.8574162721633911 -0.3083445429801941 -0.4109015166759491
1750948409.014104 -49.609718322753906 19.713024139404297 -64.15262603759766 0.03118916228413582 -0.858820378780365 -0.3080582916736603 -0.4081115126609802
1750948409.614191 -49.009361267089844 19.936927795410156 -64.65423583984375 0.029863106086850166 -0.8551721572875977 -0.30930209159851074 -0.41487473249435425
1750948410.214049 -48.361778259277344 20.17796516418457 -65.16162109375 0.030658937990665436 -0.8504504561424255 -0.3103935718536377 -0.42361530661582947
1750948410.814118 -47.70365905761719 20.396718978881836 -65.59786987304688 0.031050119549036026 -0.8360079526901245 -0.30784115195274353 -0.453167200088501
1750948411.414049 -47.00823211669922 20.595504760742188 -65.99932861328125 0.03209928423166275 -0.822569727897644 -0.3037617802619934 -0.4796639382839203
1750948412.013991 -46.292518615722656 20.791778564453125 -66.37666320800781 0.029558736830949783 -0.8126112222671509 -0.30209290981292725 -0.49752306938171387
1750948412.414081 -45.79277038574219 20.930606842041016 -66.63651275634766 0.02793491818010807 -0.8076906204223633 -0.30397501587867737 -0.5044350624084473
1750948413.014078 -45.043365478515625 21.119003295898438 -67.00186157226562 0.024478329345583916 -0.7981337308883667 -0.3016526997089386 -0.5209501385688782
1750948413.614011 -44.263221740722656 21.295455932617188 -67.30874633789062 0.0216374434530735 -0.7804760336875916 -0.29769498109817505 -0.5493329763412476
1750948414.213947 -43.469268798828125 21.454133987426758 -67.55924987792969 0.021571964025497437 -0.7625380754470825 -0.2928934097290039 -0.5764406323432922
1750948414.813951 -42.669944763183594 21.586566925048828 -67.77432250976562 0.017057539895176888 -0.7484628558158875 -0.28598418831825256 -0.5981015563011169
1750948415.413954 -41.860618591308594 21.711904525756836 -67.98841094970703 0.00962976086884737 -0.7372165322303772 -0.2856772541999817 -0.6122152805328369
1750948415.947272 -41.11599349975586 21.835540771484375 -68.13156127929688 0.013896670192480087 -0.7215316891670227 -0.28983721137046814 -0.6286439895629883
1750948416.413956 -40.485721588134766 21.913265228271484 -68.24359893798828 0.009132732637226582 -0.7155629396438599 -0.2806708812713623 -0.6396172642707825
1750948417.013914 -39.69033432006836 22.00379180908203 -68.34479522705078 0.011023496277630329 -0.6975248456001282 -0.27485018968582153 -0.6616608500480652
1750948417.613886 -38.877689361572266 22.043285369873047 -68.37966918945312 0.0005063178250566125 -0.6717219352722168 -0.26017725467681885 -0.693611741065979
1750948418.213902 -38.082435607910156 22.04157257080078 -68.36077880859375 -0.017811475321650505 -0.6505399942398071 -0.24249958992004395 -0.719495952129364
1750948418.747327 -37.350868225097656 22.03311538696289 -68.29371643066406 -0.014850866049528122 -0.6260802745819092 -0.24056780338287354 -0.7415727376937866
1750948419.347314 -36.55817413330078 22.014129638671875 -68.16668701171875 -0.009824744425714016 -0.5985292196273804 -0.23300890624523163 -0.7664027214050293
1750948419.947272 -35.73370361328125 21.989234924316406 -67.994140625 -0.005549906753003597 -0.5825765132904053 -0.22808034718036652 -0.7800981998443604
1750948420.547271 -34.93244171142578 21.949623107910156 -67.80284118652344 -0.0069949692115187645 -0.5635280013084412 -0.22331520915031433 -0.7953097820281982
1750948421.147244 -34.1567268371582 21.900997161865234 -67.58929443359375 -0.006496995221823454 -0.547902524471283 -0.2184247225522995 -0.807496964931488
1750948421.747217 -33.39210891723633 21.837329864501953 -67.33328247070312 -0.005089824087917805 -0.527908444404602 -0.2099771350622177 -0.8229194283485413
1750948422.347348 -32.645347595214844 21.76388168334961 -67.02110290527344 0.0004317276179790497 -0.5022871494293213 -0.20477668941020966 -0.8401035666465759
1750948422.947202 -31.913196563720703 21.675302505493164 -66.66516876220703 0.004233649466186762 -0.4796598553657532 -0.19652798771858215 -0.8551522493362427
1750948423.547205 -31.216062545776367 21.57982635498047 -66.2825927734375 0.005632592830806971 -0.45962369441986084 -0.1907961517572403 -0.8673587441444397
1750948424.14717 -30.525970458984375 21.48738670349121 -65.87751770019531 0.008761776611208916 -0.43973100185394287 -0.19166356325149536 -0.8773967027664185
1750948424.747201 -29.878517150878906 21.379283905029297 -65.46034240722656 0.005994753912091255 -0.4235638678073883 -0.18386900424957275 -0.8869892954826355
1750948425.347139 -29.241283416748047 21.267589569091797 -65.01060485839844 0.008417459204792976 -0.4094144105911255 -0.17842702567577362 -0.894691526889801
1750948425.947146 -28.593608856201172 21.146636962890625 -64.55290222167969 0.0064681656658649445 -0.40336138010025024 -0.17494961619377136 -0.8981372714042664
1750948426.547326 -27.92560577392578 21.031356811523438 -64.08391571044922 0.007701811846345663 -0.40903422236442566 -0.17653284966945648 -0.8952473402023315
1750948427.147279 -27.26854705810547 20.927391052246094 -63.618682861328125 0.009651320055127144 -0.4098026156425476 -0.17778298258781433 -0.8946294784545898
1750948427.747107 -26.631607055664062 20.80557632446289 -63.15936279296875 0.009126696735620499 -0.4050459861755371 -0.17449162900447845 -0.8974447846412659
1750948428.347102 -25.98077392578125 20.7017765045166 -62.72146987915039 0.010907823219895363 -0.4157748520374298 -0.17855727672576904 -0.8917003870010376
1750948428.947068 -25.294567108154297 20.600215911865234 -62.2672119140625 0.010243642143905163 -0.4217526614665985 -0.1792050302028656 -0.8887662291526794
1750948429.54708 -24.64309310913086 20.49240493774414 -61.82129669189453 0.01076128426939249 -0.418107271194458 -0.17897050082683563 -0.8905280232429504
1750948430.147007 -23.982952117919922 20.377422332763672 -61.35795974731445 0.009069054387509823 -0.41185081005096436 -0.1737740933895111 -0.8944826126098633
1750948430.747026 -23.34928321838379 20.262741088867188 -60.89170837402344 0.011495034210383892 -0.4054962396621704 -0.17060254514217377 -0.8979618549346924
1750948431.347012 -22.71665382385254 20.147586822509766 -60.41425323486328 0.011618825607001781 -0.4013640582561493 -0.16829858720302582 -0.9002485275268555
1750948431.946959 -22.06924057006836 20.02801513671875 -59.93077087402344 0.011195559985935688 -0.39814117550849915 -0.1670805960893631 -0.9019103646278381
1750948432.546957 -21.43071937561035 19.91569709777832 -59.46044921875 0.010587699711322784 -0.4014095664024353 -0.16543905436992645 -0.9007708430290222
1750948433.147061 -20.805057525634766 19.805076599121094 -59.02532196044922 0.011879965662956238 -0.40872499346733093 -0.166488379240036 -0.8972650170326233
1750948433.74699 -20.163482666015625 19.69443130493164 -58.57011413574219 0.013929897919297218 -0.4141370952129364 -0.16472989320755005 -0.8950757384300232
1750948434.346911 -19.529754638671875 19.581302642822266 -58.11613082885742 0.014500891789793968 -0.41519060730934143 -0.16368401050567627 -0.8947703838348389
1750948434.74692 -19.0902099609375 19.50420379638672 -57.802452087402344 0.012707334011793137 -0.4141758680343628 -0.1641056388616562 -0.8951906561851501
1750948435.346914 -18.44328498840332 19.379924774169922 -57.351478576660156 0.012805178761482239 -0.4113653898239136 -0.16462737321853638 -0.896388590335846
1750948435.946916 -17.80116081237793 19.26399803161621 -56.90039825439453 0.010907752439379692 -0.4119097888469696 -0.16438154876232147 -0.8962087631225586
1750948436.546852 -17.16366958618164 19.147056579589844 -56.46184539794922 0.012566645629703999 -0.41173797845840454 -0.1663728654384613 -0.8958984613418579
1750948437.14685 -16.549434661865234 19.03064727783203 -56.032684326171875 0.008512658067047596 -0.4104531705379486 -0.16592296957969666 -0.8966188430786133
1750948437.746901 -15.919490814208984 18.90951156616211 -55.584144592285156 0.006749823223799467 -0.4090513288974762 -0.16817085444927216 -0.8968556523323059
1750948438.346856 -15.25845718383789 18.78716468811035 -55.11166000366211 0.0074649350717663765 -0.40884631872177124 -0.17099319398403168 -0.8964096903800964
1750948438.94683 -14.601996421813965 18.665205001831055 -54.64427185058594 0.008507353253662586 -0.40975451469421387 -0.17062707245349884 -0.8960554003715515
1750948439.546828 -13.955390930175781 18.54932403564453 -54.17609786987305 0.006315679755061865 -0.41102659702301025 -0.1687426120042801 -0.895847737789154
1750948440.147026 -13.314867973327637 18.417192459106445 -53.69035720825195 0.0060614063404500484 -0.3971118927001953 -0.1616196185350418 -0.9034072160720825
1750948440.746625 -12.698387145996094 18.27945327758789 -53.18408203125 0.008126739412546158 -0.3788180649280548 -0.15681928396224976 -0.9120518565177917
1750948441.346777 -12.11463737487793 18.13718032836914 -52.65446853637695 0.008367138914763927 -0.3595263659954071 -0.15254926681518555 -0.9205430746078491
1750948441.946763 -11.517669677734375 17.98577117919922 -52.12683868408203 0.006967365276068449 -0.3597628176212311 -0.15302245318889618 -0.920383870601654
1750948442.546742 -10.942588806152344 17.829570770263672 -51.57124328613281 0.00701776472851634 -0.3468987047672272 -0.14769728481769562 -0.9261736273765564
1750948443.146753 -10.406129837036133 17.672269821166992 -50.999324798583984 0.01067894697189331 -0.33232390880584717 -0.14453159272670746 -0.9319642782211304
1750948443.746727 -9.891042709350586 17.493669509887695 -50.4484748840332 -0.003816746873781085 -0.3170185983181 -0.13941547274589539 -0.9381088018417358
1750948444.346817 -9.357001304626465 17.328052520751953 -49.850982666015625 0.008004361763596535 -0.30641284584999084 -0.1428239494562149 -0.9410889744758606
1750948444.946693 -8.851906776428223 17.154430389404297 -49.24081802368164 0.005929033271968365 -0.2911064028739929 -0.1383773386478424 -0.9466117024421692
1750948445.546694 -8.369051933288574 16.971220016479492 -48.61308288574219 0.005368489306420088 -0.2774454355239868 -0.1331687867641449 -0.9514522552490234
1750948446.146697 -7.924355506896973 16.791725158691406 -48.015933990478516 0.003296784358099103 -0.2634577453136444 -0.12625503540039062 -0.9563676118850708
1750948446.746678 -7.522711753845215 16.59041404724121 -47.37920379638672 0.0017975147347897291 -0.2513604462146759 -0.11664178967475891 -0.9608379006385803
1750948447.346457 -7.130864143371582 16.406517028808594 -46.77603530883789 0.004787680692970753 -0.2359801083803177 -0.1106521338224411 -0.9654256105422974
1750948447.94662 -6.765300273895264 16.197906494140625 -46.09114456176758 0.0064178151078522205 -0.22038179636001587 -0.10254678130149841 -0.9699870944023132
1750948448.546606 -6.432360649108887 16.002906799316406 -45.44898986816406 0.00901835598051548 -0.20479024946689606 -0.0954144299030304 -0.9741025567054749
1750948449.146607 -6.115706920623779 15.80570125579834 -44.82267761230469 0.006573716178536415 -0.19371022284030914 -0.09127170592546463 -0.9767818450927734
1750948449.746592 -5.779460430145264 15.589716911315918 -44.12242126464844 0.007125134579837322 -0.18955618143081665 -0.08985716104507446 -0.9777235984802246
1750948450.346568 -5.4496989250183105 15.381241798400879 -43.461124420166016 0.005365633871406317 -0.18908877670764923 -0.08926428109407425 -0.9778796434402466
1750948450.946569 -5.120998859405518 15.166182518005371 -42.77244567871094 0.0035912971943616867 -0.19021940231323242 -0.08594536036252975 -0.9779658317565918
1750948451.546577 -4.7991251945495605 14.961442947387695 -42.10140609741211 0.008171023800969124 -0.18934156000614166 -0.08483535051345825 -0.9782055020332336
1750948452.146522 -4.473232269287109 14.753722190856934 -41.39970397949219 0.010738547891378403 -0.18552979826927185 -0.08534697443246841 -0.9788663387298584
1750948452.746522 -4.141554832458496 14.54578685760498 -40.71247482299805 0.007083539385348558 -0.1816425919532776 -0.08487893640995026 -0.9796690344810486
1750948453.213319 -3.8946194648742676 14.377315521240234 -40.170677185058594 0.0075477357022464275 -0.17894430458545685 -0.08331754803657532 -0.9802959561347961
1750948453.813165 -3.5925395488739014 14.171618461608887 -39.4874267578125 0.0072973244823515415 -0.17605362832546234 -0.0821164920926094 -0.9809224605560303
1750948454.413114 -3.284182071685791 13.951107025146484 -38.79990005493164 0.005588578060269356 -0.1726710945367813 -0.08107294142246246 -0.9816214442253113
1750948454.879799 -3.0496013164520264 13.783393859863281 -38.27142333984375 0.003940465860068798 -0.16996075212955475 -0.08111407607793808 -0.9820989966392517
1750948455.413112 -2.7871766090393066 13.589098930358887 -37.647300720214844 0.005827230866998434 -0.16338680684566498 -0.07914165407419205 -0.9833654165267944
1750948455.946456 -2.57317852973938 13.391278266906738 -37.018123626708984 0.003831210546195507 -0.1375630497932434 -0.07107830792665482 -0.987932026386261
1750948456.546406 -2.350360155105591 13.169172286987305 -36.31650924682617 0.004607572220265865 -0.123458132147789 -0.06645934283733368 -0.9901111721992493
1750948457.146419 -2.1663453578948975 12.945426940917969 -35.61452865600586 0.004017832223325968 -0.1070229709148407 -0.060201067477464676 -0.9924241900444031
1750948457.746697 -2.017887830734253 12.707378387451172 -34.90319061279297 0.0025875361170619726 -0.08431483805179596 -0.05235805734992027 -0.9950593113899231
1750948458.346421 -1.8700413703918457 12.477587699890137 -34.206974029541016 0.0014184596948325634 -0.07503367215394974 -0.05012333765625954 -0.9959195256233215
1750948458.946315 -1.7361397743225098 12.230701446533203 -33.46110916137695 0.0034240465611219406 -0.06907777488231659 -0.045076802372932434 -0.9965865015983582
1750948459.47969 -1.6254935264587402 12.01050853729248 -32.7992057800293 0.001672388520091772 -0.065088652074337 -0.04150119423866272 -0.9970147013664246
1750948460.079653 -1.509547472000122 11.765295028686523 -32.044219970703125 0.0015559770399704576 -0.0595310740172863 -0.03807149827480316 -0.9974989891052246
1750948460.679473 -1.4029737710952759 11.523080825805664 -31.27280044555664 0.010234950110316277 -0.05712193250656128 -0.03628696873784065 -0.9976550936698914
1750948461.079657 -1.3139007091522217 11.354846000671387 -30.75442886352539 0.007209666073322296 -0.06733120232820511 -0.03745455667376518 -0.9970014095306396
1750948461.546278 -1.2013280391693115 11.156278610229492 -30.179121017456055 0.001364861149340868 -0.07081381231546402 -0.039002012461423874 -0.996725857257843
1750948462.146305 -1.0662007331848145 10.909207344055176 -29.44253158569336 0.00024629151448607445 -0.07456187903881073 -0.03979981690645218 -0.9964218735694885
1750948462.746303 -0.9323686361312866 10.66357707977295 -28.697601318359375 -0.00031963145011104643 -0.07679364085197449 -0.04045112431049347 -0.9962260723114014
1750948463.346267 -0.7791334986686707 10.41332721710205 -27.940753936767578 0.0030887413304299116 -0.07876303046941757 -0.03657069057226181 -0.9962176084518433
1750948463.946231 -0.6366329193115234 10.160780906677246 -27.20758819580078 -0.003975472878664732 -0.07858775556087494 -0.03389832749962807 -0.9963228106498718
1750948464.346233 -0.5391197800636292 9.990191459655762 -26.710309982299805 -0.004614584147930145 -0.07915058732032776 -0.032360196113586426 -0.9963266849517822
1750948464.94621 -0.3949277400970459 9.736486434936523 -25.97090721130371 -0.00040308089228346944 -0.08097387850284576 -0.03231118991971016 -0.9961922764778137
1750948465.479559 -0.26412028074264526 9.508572578430176 -25.29036521911621 0.0010548478458076715 -0.08672408759593964 -0.03421049937605858 -0.9956442713737488
1750948466.079498 -0.09703628718852997 9.255393028259277 -24.53680992126465 -0.0006935847923159599 -0.08775395154953003 -0.03525739908218384 -0.9955178499221802
1750948466.679523 0.06226809322834015 8.989982604980469 -23.785802841186523 -0.003259421791881323 -0.08856946974992752 -0.03851622715592384 -0.9953197240829468
1750948467.146224 0.19261232018470764 8.789777755737305 -23.20207405090332 -0.0032112353947013617 -0.08956131339073181 -0.039627932012081146 -0.9951874613761902
1750948467.746111 0.3613518178462982 8.533967018127441 -22.455183029174805 -0.0030836425721645355 -0.08938287943601608 -0.04077034071087837 -0.9951578378677368
1750948468.346128 0.5231912136077881 8.275592803955078 -21.704421997070312 -0.005187465809285641 -0.0906466618180275 -0.04095323756337166 -0.9950272440910339
1750948468.946206 0.7066615223884583 8.033055305480957 -20.945751190185547 0.0022887634113430977 -0.09008524566888809 -0.04291011393070221 -0.9950066208839417
1750948469.545962 0.8748965859413147 7.767148017883301 -20.206310272216797 -0.0063783698715269566 -0.09060076624155045 -0.04472741484642029 -0.9948619604110718
1750948470.14614 1.0521141290664673 7.513298988342285 -19.46776008605957 -0.003968395292758942 -0.08470390737056732 -0.045866917818784714 -0.9953420758247375
1750948470.6794 1.1829160451889038 7.285035133361816 -18.80130386352539 -0.00203829538077116 -0.07875442504882812 -0.044621791690588 -0.9958928227424622
1750948471.279449 1.3590831756591797 7.036563873291016 -18.03016471862793 0.0007868673419579864 -0.07692282646894455 -0.04468955844640732 -0.9960346817970276
1750948471.879262 1.5023834705352783 6.778465747833252 -17.27986717224121 -0.0027552496176213026 -0.07702552527189255 -0.04293963685631752 -0.9961002469062805
1750948472.479378 1.6569174528121948 6.521475791931152 -16.533374786376953 -0.004229111131280661 -0.0747208371758461 -0.04175310581922531 -0.9963210225105286
1750948473.079371 1.7966581583023071 6.282102108001709 -15.770546913146973 0.004103931598365307 -0.07114982604980469 -0.039559539407491684 -0.9966723918914795
1750948473.67939 1.9156732559204102 6.023053169250488 -15.019892692565918 -0.0021126160863786936 -0.061654649674892426 -0.03925586864352226 -0.9973230361938477
1750948474.145824 2.0097103118896484 5.8215012550354 -14.439898490905762 -0.004796226974576712 -0.05529206246137619 -0.039503585547208786 -0.9976769685745239
1750948474.679314 2.1204209327697754 5.5969743728637695 -13.762106895446777 7.497482147300616e-05 -0.05001501739025116 -0.040369968861341476 -0.9979323148727417
1750948475.145948 2.208500385284424 5.403217315673828 -13.166993141174316 -0.00047320325393229723 -0.052808552980422974 -0.04263666644692421 -0.9976939558982849
1750948475.745945 2.3275482654571533 5.146678447723389 -12.416386604309082 -0.0029236639384180307 -0.05064169317483902 -0.04338459298014641 -0.9977699518203735
1750948476.34578 2.437448501586914 4.8866448402404785 -11.665239334106445 -0.0035527185536921024 -0.0489274337887764 -0.04224370792508125 -0.9979023337364197
1750948476.945931 2.542402505874634 4.629042625427246 -10.933411598205566 -0.0068818312138319016 -0.0440850704908371 -0.04121973365545273 -0.9981533885002136
1750948477.545929 2.6257481575012207 4.366205215454102 -10.21573543548584 -0.00837857834994793 -0.03211645409464836 -0.036740466952323914 -0.9987735152244568
1750948478.145925 2.694451093673706 4.108312606811523 -9.477289199829102 -0.007472365628927946 -0.026203449815511703 -0.035524845123291016 -0.9989972710609436
1750948478.679074 2.750610828399658 3.868997097015381 -8.791752815246582 -0.006615450605750084 -0.02189214900135994 -0.03637989982962608 -0.9990763664245605
1750948479.279229 2.8162593841552734 3.6034059524536133 -8.03603458404541 -0.007959266193211079 -0.0176699198782444 -0.036094799637794495 -0.9991604685783386
1750948479.879224 2.869523286819458 3.3243956565856934 -7.2730488777160645 -0.007930401712656021 -0.014484069310128689 -0.03728283569216728 -0.999168336391449
1750948480.479194 2.91847562789917 3.052734613418579 -6.4951372146606445 -0.007868587970733643 -0.01143497321754694 -0.03625251352787018 -0.9992462396621704
1750948480.879038 2.965010643005371 2.866255044937134 -5.961086273193359 -0.009585559368133545 -0.018622582778334618 -0.038073308765888214 -0.9990554451942444
1750948481.345807 3.029621124267578 2.645263671875 -5.326345920562744 -0.006259692367166281 -0.027332739904522896 -0.038640208542346954 -0.998859703540802
1750948481.879272 3.0881927013397217 2.4001221656799316 -4.643170356750488 -0.009916099719703197 -0.02437260001897812 -0.03636223450303078 -0.9989922642707825
1750948482.479162 3.0990326404571533 2.1180596351623535 -3.8761961460113525 -0.011024403385818005 -0.0025354637764394283 -0.02501802332699299 -0.9996230602264404
1750948483.078946 3.1197922229766846 1.8278234004974365 -3.0757761001586914 -0.011583399958908558 0.0011757219908758998 -0.02093552239239216 -0.9997130632400513
1750948483.479122 3.1374363899230957 1.632385492324829 -2.533738851547241 -0.011100185103714466 0.00034041309845633805 -0.020432405173778534 -0.999729573726654
1750948483.879116 3.1492316722869873 1.443318486213684 -2.0039029121398926 -0.010301980189979076 0.002119137207046151 -0.017317987978458405 -0.9997947216033936
1750948484.279105 3.1532938480377197 1.2446117401123047 -1.4809530973434448 -0.014753440394997597 0.0020527748856693506 -0.01718837209045887 -0.9997413158416748
1750948484.879105 3.1593642234802246 0.9810153841972351 -0.7071754336357117 -0.0013198734959587455 0.007894969545304775 -0.013115494512021542 -0.9998819828033447
1750948485.079125 3.157571315765381 0.9293723702430725 -0.5731677412986755 -0.0026926794089376926 0.007601058576256037 -0.011955101042985916 -0.9998960494995117
1750948485.545561 3.1615867614746094 0.9151662588119507 -0.5731803178787231 -0.013667364604771137 0.005066267680376768 -0.01281972136348486 -0.9998116493225098
