1744746716.200992 -0.0 -0.0 -0.0 -0.0 -0.0 -0.0 1.0
1744746718.13433 0.008360517211258411 -0.06385273486375809 0.16603884100914001 0.00266581354662776 0.007907976396381855 0.0014149044873192906 0.9999642372131348
1744746719.600927 0.06715535372495651 -0.36599674820899963 1.0074964761734009 0.00835398305207491 0.024227822199463844 0.005691314581781626 0.9996553659439087
1744746721.334196 0.118989959359169 -0.6466246247291565 1.777768850326538 0.008650952950119972 0.028067054226994514 0.003849146654829383 0.9995611906051636
1744746722.734278 0.12968242168426514 -0.8842737078666687 2.4376015663146973 0.00961418729275465 0.015259360894560814 -0.003320359857752919 0.9998319149017334
1744746724.334289 0.09730679541826248 -1.1565630435943604 3.179530143737793 0.01061607338488102 -0.016092665493488312 -0.015619365498423576 0.9996922016143799
1744746725.734089 0.004982975777238607 -1.4328975677490234 3.9521520137786865 0.009055983275175095 -0.05449511855840683 -0.027896203100681305 0.9980831742286682
1744746727.134219 -0.13499382138252258 -1.6932896375656128 4.685873508453369 0.009983422234654427 -0.08632095158100128 -0.03607584908604622 0.9955639839172363
1744746728.734008 -0.29067790508270264 -1.9664496183395386 5.427584171295166 0.01080332137644291 -0.09821608662605286 -0.03758951276540756 0.9943962693214417
1744746730.334544 -0.444724440574646 -2.24373722076416 6.17545747756958 0.011722220107913017 -0.09135661274194717 -0.035070281475782394 0.9951314330101013
1744746731.73401 -0.5409756898880005 -2.5126330852508545 6.897711277008057 0.012555569410324097 -0.0711735337972641 -0.026804842054843903 0.9970247149467468
1744746733.200654 -0.6088423728942871 -2.8214306831359863 7.755697727203369 0.011103454977273941 -0.04341841861605644 -0.016159582883119583 0.9988645911216736
1744746734.60052 -0.6331069469451904 -3.09847354888916 8.50743293762207 0.011646898463368416 -0.025857552886009216 -0.008726857602596283 0.9995597004890442
1744746736.133888 -0.6453360915184021 -3.367826223373413 9.246976852416992 0.011955933645367622 -0.023827526718378067 -0.007475405931472778 0.9996166825294495
1744746737.733887 -0.7049912810325623 -3.6427085399627686 9.979021072387695 0.014147135429084301 -0.04259030893445015 -0.013127456419169903 0.9989062547683716
1744746739.067214 -0.81229168176651 -3.8892526626586914 10.633787155151367 0.015402787365019321 -0.07157522439956665 -0.02261059172451496 0.9970600008964539
1744746740.467162 -1.002572774887085 -4.184369087219238 11.385637283325195 0.015416274778544903 -0.12000145763158798 -0.03687568008899689 0.9919688701629639
1744746741.867167 -1.3205782175064087 -4.453485488891602 12.073837280273438 0.016788048669695854 -0.20491473376750946 -0.061722587794065475 0.9766875505447388
1744746743.067149 -1.764793872833252 -4.675442218780518 12.58675765991211 0.016683991998434067 -0.2943826913833618 -0.0909431204199791 0.9512044191360474
1744746744.267042 -2.3255467414855957 -4.865907669067383 13.065303802490234 0.017042122781276703 -0.37813714146614075 -0.12312302738428116 0.9173672199249268
1744746745.067026 -2.764194965362549 -4.97625207901001 13.313496589660645 0.016760654747486115 -0.43216291069984436 -0.1434790939092636 0.8901506066322327
1744746746.266989 -3.4460928440093994 -5.1208343505859375 13.651653289794922 0.015471416525542736 -0.48334696888923645 -0.16418860852718353 0.8597548007965088
1744746747.466932 -4.117528915405273 -5.240563869476318 13.915397644042969 0.019018137827515602 -0.517800509929657 -0.17554640769958496 0.8370808959007263
1744746748.733754 -4.858877182006836 -5.345158576965332 14.148645401000977 0.01851905882358551 -0.5441489219665527 -0.18464232981204987 0.818209171295166
1744746750.066865 -5.634837627410889 -5.441070556640625 14.352434158325195 0.020835570991039276 -0.5740659236907959 -0.19324694573879242 0.7954055070877075
1744746751.266917 -6.325710773468018 -5.495240211486816 14.443968772888184 0.02215142920613289 -0.6127185821533203 -0.20851586759090424 0.7619752287864685
1744746752.666878 -7.05185079574585 -5.512866973876953 14.439898490905762 0.023436885327100754 -0.6625412106513977 -0.22727738320827484 0.7133266925811768
1744746753.866802 -7.776904106140137 -5.497030258178711 14.34177017211914 0.021644748747348785 -0.7089346051216125 -0.2445383071899414 0.6611688733100891
1744746755.066801 -8.512979507446289 -5.442220687866211 14.139270782470703 0.0205715149641037 -0.7521002888679504 -0.26059356331825256 0.6049899458885193
1744746756.466765 -9.280741691589355 -5.354670524597168 13.798973083496094 0.025953076779842377 -0.7946155071258545 -0.26808515191078186 0.544098436832428
1744746758.066733 -10.007808685302734 -5.258443355560303 13.451348304748535 0.024950960651040077 -0.8039330840110779 -0.27506154775619507 0.5266975164413452
1744746759.53338 -10.695276260375977 -5.1793718338012695 13.147989273071289 0.027755873277783394 -0.8037235140800476 -0.2707942724227905 0.5290828347206116
1744746760.866649 -11.394431114196777 -5.124063014984131 12.866436004638672 0.028847718611359596 -0.7991798520088196 -0.2572964131832123 0.5424740314483643
1744746762.266574 -12.074913024902344 -5.064489364624023 12.579174041748047 0.025494549423456192 -0.7947563529014587 -0.2573111951351166 0.5490931868553162
1744746764.866513 -12.771061897277832 -4.998786926269531 12.254980087280273 0.030343927443027496 -0.8061977028846741 -0.2580110728740692 0.5315588712692261
1744746767.266527 -13.172879219055176 -4.915223121643066 11.935949325561523 0.033654507249593735 -0.8427128195762634 -0.27358484268188477 0.46244344115257263
1744746768.866486 -13.606863021850586 -4.740139961242676 11.345027923583984 0.03522380068898201 -0.8921573162078857 -0.2877107858657837 0.346463680267334
1744746770.266383 -14.080490112304688 -4.589728832244873 10.779989242553711 0.03578167408704758 -0.8979443907737732 -0.28541162610054016 0.33310019969940186
1744746771.666345 -14.558086395263672 -4.457528114318848 10.253334999084473 0.03705385699868202 -0.896937906742096 -0.27800872921943665 0.3418193757534027
1744746773.266294 -15.14846420288086 -4.341807842254639 9.66628360748291 0.03990025073289871 -0.8873542547225952 -0.2644352316856384 0.3756121098995209
1744746774.666291 -15.757383346557617 -4.235015869140625 9.16132926940918 0.03410477936267853 -0.8714953660964966 -0.2681935429573059 0.40915152430534363
1744746776.266256 -16.308229446411133 -4.149276256561279 8.728961944580078 0.03260187804698944 -0.8665779232978821 -0.2632529139518738 0.4227030277252197
1744746778.599549 -16.872238159179688 -4.049144268035889 8.240031242370605 0.03470994904637337 -0.8758803009986877 -0.2639968693256378 0.40241101384162903
1744746780.466101 -17.38140869140625 -3.9123849868774414 7.652701377868652 0.034999873489141464 -0.8969908356666565 -0.27497127652168274 0.3443446755409241
1744746781.866072 -17.747751235961914 -3.7604949474334717 7.063514232635498 0.03715158998966217 -0.917495846748352 -0.28234657645225525 0.27767160534858704
1744746783.066062 -18.06565284729004 -3.5963821411132812 6.467234134674072 0.03709673509001732 -0.9249122142791748 -0.28904351592063904 0.24416185915470123
1744746784.399341 -18.402151107788086 -3.4358067512512207 5.845007419586182 0.03618263453245163 -0.9271056056022644 -0.2896002233028412 0.23515503108501434
1744746785.666019 -18.768539428710938 -3.2841200828552246 5.24661922454834 0.03382670134305954 -0.9238782525062561 -0.2866738438606262 0.2512426972389221
1744746787.199234 -19.208206176757812 -3.1339871883392334 4.646456718444824 0.031729694455862045 -0.9142587780952454 -0.2809412181377411 0.2901659309864044
1744746788.665895 -19.75469970703125 -2.9792063236236572 4.02932071685791 0.029831537976861 -0.8954038619995117 -0.27776581048965454 0.3467106223106384
1744746790.068244 -20.32756805419922 -2.855538845062256 3.4796714782714844 0.03340954706072807 -0.8833956718444824 -0.27019166946411133 0.3814346194267273
1744746791.265854 -20.802623748779297 -2.765594005584717 3.068235397338867 0.03614937886595726 -0.8799254894256592 -0.2701691687107086 0.38914376497268677
1744746792.865764 -21.391849517822266 -2.621062755584717 2.4726409912109375 0.03785204514861107 -0.88667893409729 -0.2758748531341553 0.36913517117500305
1744746794.199041 -21.904197692871094 -2.4899754524230957 1.9220008850097656 0.03901143744587898 -0.8953650593757629 -0.28069716691970825 0.3435240685939789
1744746795.465906 -22.352947235107422 -2.329540729522705 1.3092575073242188 0.03972894325852394 -0.9038990139961243 -0.2868613600730896 0.31479963660240173
1744746796.865633 -22.81600570678711 -2.1628975868225098 0.6708507537841797 0.04209142178297043 -0.9097733497619629 -0.287192165851593 0.29675137996673584
1744746798.265638 -23.251140594482422 -2.0029921531677246 0.043361663818359375 0.04295362904667854 -0.9108549952507019 -0.2855473756790161 0.2948915362358093
1744746799.665645 -23.730972290039062 -1.8568806648254395 -0.5818614959716797 0.04159361124038696 -0.9065206050872803 -0.2807641625404358 0.31250903010368347
1744746800.865573 -24.184707641601562 -1.728907585144043 -1.1178874969482422 0.039992425590753555 -0.8992716670036316 -0.27772989869117737 0.3355253040790558
1744746801.998889 -24.653676986694336 -1.6170525550842285 -1.613739013671875 0.03868280351161957 -0.8915525078773499 -0.2739633619785309 0.35858312249183655
1744746803.198835 -25.172687530517578 -1.5016002655029297 -2.1307754516601562 0.03830481320619583 -0.8843250274658203 -0.2719048261642456 0.37758421897888184
1744746804.665585 -25.81778335571289 -1.380204200744629 -2.705587387084961 0.03981063887476921 -0.8801378607749939 -0.2684554159641266 0.3894922137260437
1744746805.998864 -26.387086868286133 -1.2643413543701172 -3.2239646911621094 0.03843896836042404 -0.87827467918396 -0.27162325382232666 0.3916337192058563
1744746807.198732 -26.90875244140625 -1.157719612121582 -3.6958885192871094 0.03820759057998657 -0.879247784614563 -0.27152004837989807 0.38953885436058044
1744746808.665239 -27.57427215576172 -1.017991065979004 -4.286155700683594 0.034027472138404846 -0.8802623748779297 -0.2757289409637451 0.3846477270126343
1744746810.065354 -28.161304473876953 -0.8780593872070312 -4.850982666015625 0.030661605298519135 -0.8832036256790161 -0.2756370007991791 0.3782002031803131
1744746811.465259 -28.748178482055664 -0.7381191253662109 -5.444206237792969 0.02990551106631756 -0.885847806930542 -0.2755327820777893 0.37210360169410706
1744746812.798577 -29.256555557250977 -0.6077098846435547 -5.989707946777344 0.03104401007294655 -0.8899775743484497 -0.2751811742782593 0.36228644847869873
1744746814.198784 -29.803264617919922 -0.46755027770996094 -6.566143035888672 0.030862296000123024 -0.8909770846366882 -0.2794109880924225 0.35656261444091797
1744746815.532003 -30.323293685913086 -0.34145259857177734 -7.109718322753906 0.03171737119555473 -0.8912270069122314 -0.27932125329971313 0.3559327721595764
1744746816.931831 -30.85407066345215 -0.2107372283935547 -7.672588348388672 0.03372561186552048 -0.8889926671981812 -0.27647143602371216 0.3634805977344513
1744746818.331846 -31.419065475463867 -0.06747722625732422 -8.261947631835938 0.032744184136390686 -0.8842157125473022 -0.2767678201198578 0.3748200535774231
1744746819.531727 -31.93021583557129 0.04355621337890625 -8.737442016601562 0.030810387805104256 -0.881369948387146 -0.2757953107357025 0.38232821226119995
1744746820.798423 -32.46589660644531 0.15912818908691406 -9.224300384521484 0.030368175357580185 -0.8797799944877625 -0.27445900440216064 0.3869590759277344
1744746822.131697 -33.025020599365234 0.2870359420776367 -9.752784729003906 0.028891757130622864 -0.880325198173523 -0.2751791477203369 0.38531720638275146
1744746823.531473 -33.57979202270508 0.4301605224609375 -10.321529388427734 0.02864421345293522 -0.8820870518684387 -0.27835020422935486 0.3789764940738678
1744746824.731631 -34.063697814941406 0.5463142395019531 -10.805072784423828 0.031047606840729713 -0.8865492343902588 -0.2764665186405182 0.3696387708187103
1744746825.998083 -34.54930877685547 0.6746234893798828 -11.317886352539062 0.03165726363658905 -0.8886162042617798 -0.2792169451713562 0.36248713731765747
1744746827.331558 -35.06682205200195 0.809330940246582 -11.866352081298828 0.03320750221610069 -0.8893850445747375 -0.27984151244163513 0.35997262597084045
1744746828.531346 -35.54766845703125 0.9312276840209961 -12.348731994628906 0.03368181362748146 -0.8884482383728027 -0.279623419046402 0.36240312457084656
1744746829.998174 -36.113624572753906 1.0863094329833984 -12.93564224243164 0.03370779752731323 -0.8845199942588806 -0.2791619896888733 0.37223219871520996
1744746831.331422 -36.65980529785156 1.2067546844482422 -13.435379028320312 0.03414595127105713 -0.8775495886802673 -0.2764202654361725 0.39029812812805176
1744746832.731393 -37.233154296875 1.3224334716796875 -13.898242950439453 0.03384996950626373 -0.8658274412155151 -0.2722419798374176 0.4184271991252899
1744746834.131462 -37.84967803955078 1.4212150573730469 -14.32467269897461 0.032968562096357346 -0.853469967842102 -0.2672654390335083 0.44617408514022827
1744746835.531326 -38.50695037841797 1.5226707458496094 -14.753459930419922 0.03499766066670418 -0.8449562191963196 -0.2628287374973297 0.4644838571548462
1744746836.931306 -39.13408279418945 1.6054134368896484 -15.161338806152344 0.035223040729761124 -0.8443903923034668 -0.2616422772407532 0.46616262197494507
1744746837.997949 -39.622798919677734 1.6713752746582031 -15.478065490722656 0.03548375517129898 -0.8480063080787659 -0.2628011703491211 0.45887017250061035
1744746839.331228 -40.16802978515625 1.7568321228027344 -15.892646789550781 0.036319710314273834 -0.8581250309944153 -0.26752740144729614 0.43672823905944824
1744746840.664368 -40.656105041503906 1.8625450134277344 -16.335796356201172 0.037957563996315 -0.8683915138244629 -0.27338504791259766 0.4119661748409271
1744746842.131149 -41.171749114990234 1.9863224029541016 -16.874500274658203 0.03989211842417717 -0.8784338235855103 -0.2779271602630615 0.38667723536491394
1744746843.664474 -41.72036361694336 2.116453170776367 -17.40713882446289 0.04011758044362068 -0.8814585208892822 -0.28162500262260437 0.37697336077690125
1744746845.264403 -42.316505432128906 2.247425079345703 -17.965675354003906 0.03949238732457161 -0.8789354562759399 -0.2794625461101532 0.3844652473926544
1744746846.731097 -42.915122985839844 2.3594112396240234 -18.470298767089844 0.038094960153102875 -0.8686866760253906 -0.27406683564186096 0.410876601934433
1744746848.330965 -43.632164001464844 2.4791088104248047 -18.989795684814453 0.03605783358216286 -0.8546150922775269 -0.2691555619239807 0.442592591047287
1744746849.46428 -44.16461944580078 2.557209014892578 -19.34579849243164 0.03446507826447487 -0.846294105052948 -0.26611319184303284 0.4601980447769165
1744746850.664097 -44.68087387084961 2.6300487518310547 -19.67764663696289 0.03520888462662697 -0.8412304520606995 -0.263190358877182 0.4709804356098175
1744746852.130941 -45.27404022216797 2.7217636108398438 -20.07709503173828 0.03346908092498779 -0.8411445617675781 -0.26715242862701416 0.46902593970298767
1744746853.864158 -45.965538024902344 2.83233642578125 -20.567642211914062 0.0346326008439064 -0.8516290187835693 -0.270284503698349 0.44774433970451355
1744746855.330648 -46.550758361816406 2.951631546020508 -21.06307601928711 0.03583820164203644 -0.8665532469749451 -0.27501726150512695 0.41492971777915955
1744746856.664094 -47.07598114013672 3.0785789489746094 -21.57492446899414 0.035033948719501495 -0.8790560960769653 -0.27685868740081787 0.38649994134902954
1744746858.330787 -47.660682678222656 3.2346973419189453 -22.172508239746094 0.031473010778427124 -0.8825713396072388 -0.2796913981437683 0.3766297996044159
1744746860.263841 -48.312042236328125 3.370687484741211 -22.726333618164062 0.02906203456223011 -0.8763988614082336 -0.2730786204338074 0.39561164379119873
1744746861.664054 -48.91170120239258 3.479827880859375 -23.174877166748047 0.02755960077047348 -0.8609228730201721 -0.2672344446182251 0.4320163428783417
1744746863.063809 -49.60105895996094 3.56512451171875 -23.59766387939453 0.026231994852423668 -0.8436780571937561 -0.25924748182296753 0.46937185525894165
1744746864.530588 -50.32044982910156 3.634817123413086 -23.97408676147461 0.02735649235546589 -0.832692563533783 -0.25308141112327576 0.4917566180229187
1744746866.130544 -51.04907989501953 3.711528778076172 -24.381385803222656 0.02691778354346752 -0.8339447975158691 -0.25470176339149475 0.48881345987319946
1744746867.663697 -51.72903060913086 3.803905487060547 -24.822490692138672 0.025269439443945885 -0.846591055393219 -0.2609482705593109 0.4631965458393097
1744746868.930659 -52.31806182861328 3.9062328338623047 -25.27505111694336 0.025652315467596054 -0.8592073321342468 -0.2651255428791046 0.4368215501308441
1744746870.26358 -52.91993713378906 4.023397445678711 -25.782249450683594 0.02599167264997959 -0.8703389763832092 -0.26801860332489014 0.41231122612953186
1744746871.530414 -53.46339797973633 4.143756866455078 -26.275283813476562 0.025409305468201637 -0.8755516409873962 -0.27172142267227173 0.3986618220806122
1744746872.730179 -53.92987823486328 4.242094039916992 -26.698196411132812 0.027108624577522278 -0.8774136900901794 -0.26878413558006287 0.3964410424232483
1744746874.063686 -54.514156341552734 4.357219696044922 -27.180320739746094 0.025260083377361298 -0.8713229894638062 -0.26773306727409363 0.4104597568511963
1744746875.530127 -55.146949768066406 4.466257095336914 -27.64118194580078 0.020840901881456375 -0.8600865006446838 -0.265566885471344 0.4350760579109192
1744746876.663603 -55.71940612792969 4.541830062866211 -27.99536895751953 0.017655139788985252 -0.8477036952972412 -0.2590321898460388 0.4625895619392395
1744746877.796719 -56.33843231201172 4.608938217163086 -28.329654693603516 0.014200380071997643 -0.8350682854652405 -0.25464919209480286 0.4874558746814728
1744746878.996877 -56.958011627197266 4.66883659362793 -28.660419464111328 0.017152780666947365 -0.8296095132827759 -0.24826788902282715 0.4998168349266052
1744746880.46332 -57.70450210571289 4.81171989440918 -29.067737579345703 0.004023490473628044 -0.822178304195404 -0.280544638633728 0.4952791631221771
1744746881.596825 -58.223541259765625 4.865427017211914 -29.404563903808594 0.0197014007717371 -0.8381168842315674 -0.2651042342185974 0.47633156180381775
1744746882.863618 -58.82249450683594 4.992530822753906 -29.844749450683594 0.026778612285852432 -0.8503695130348206 -0.2825889587402344 0.4430553615093231
1744746884.196735 -59.408287048339844 5.1298828125 -30.367874145507812 0.04193795472383499 -0.8656162023544312 -0.2866920530796051 0.408359557390213
1744746885.396541 -59.856788635253906 5.208223342895508 -30.795433044433594 0.043966345489025116 -0.8824893832206726 -0.26893043518066406 0.3833482563495636
1744746886.996668 -60.47264862060547 5.329811096191406 -31.30963897705078 0.029461324214935303 -0.8740842938423157 -0.27325528860092163 0.4005499482154846
1744746888.396618 -61.04910659790039 5.413511276245117 -31.717041015625 0.03106381744146347 -0.8581464290618896 -0.2640449106693268 0.43920400738716125
1744746889.596679 -61.67022705078125 5.47215461730957 -32.082252502441406 0.030016178265213966 -0.8426253795623779 -0.2501263916492462 0.47593942284584045
1744746891.06322 -62.43016052246094 5.552227020263672 -32.48602294921875 0.023424329236149788 -0.8288674354553223 -0.2532680034637451 0.49828246235847473
1744746892.396339 -63.06658935546875 5.629749298095703 -32.84686279296875 0.02581602707505226 -0.8313195705413818 -0.25629234313964844 0.49249929189682007
1744746893.86322 -63.74011993408203 5.72498893737793 -33.294708251953125 0.030939554795622826 -0.845606803894043 -0.262948215007782 0.46351921558380127
1744746895.196279 -64.3653335571289 5.833600997924805 -33.783203125 0.028851443901658058 -0.862928569316864 -0.2674846947193146 0.4277545213699341
1744746896.596415 -64.97461700439453 5.974708557128906 -34.28919982910156 0.025084268301725388 -0.8671756386756897 -0.28174057602882385 0.40987733006477356
1744746898.19635 -65.56730651855469 6.110185623168945 -34.80615234375 0.03727865219116211 -0.8688644170761108 -0.2830996811389923 0.4044002890586853
1744746899.396357 -66.06809997558594 6.220083236694336 -35.217002868652344 0.03554006293416023 -0.8651063442230225 -0.28508585691452026 0.411161869764328
1744746900.596286 -66.60438537597656 6.3147735595703125 -35.62071990966797 0.04051986336708069 -0.8588853478431702 -0.2762168347835541 0.4293932020664215
1744746901.862942 -67.2386245727539 6.41480827331543 -36.03099822998047 0.035576507449150085 -0.8476096987724304 -0.27240896224975586 0.4539664089679718
1744746903.26291 -67.95665740966797 6.522560119628906 -36.47126007080078 0.030077561736106873 -0.8422248363494873 -0.2722805440425873 0.46434471011161804
1744746905.396008 -68.60073852539062 6.614177703857422 -36.94078063964844 0.03697590529918671 -0.8569473624229431 -0.26164060831069946 0.4425136148929596
1744746907.262613 -69.22718811035156 6.7626953125 -37.50749206542969 0.026427652686834335 -0.8797395825386047 -0.27554014325141907 0.38657146692276
1744746908.462755 -69.69470977783203 6.893442153930664 -38.01251220703125 0.02258911356329918 -0.8910652995109558 -0.28228551149368286 0.35469332337379456
1744746909.596285 -70.16990661621094 7.0465545654296875 -38.53638458251953 0.02181139588356018 -0.894203782081604 -0.2879338562488556 0.34207883477211
1744746910.796317 -70.70039367675781 7.218936920166016 -39.094322204589844 0.016578098759055138 -0.8929787278175354 -0.29011619091033936 0.3437248766422272
1744746912.196021 -71.2673110961914 7.400581359863281 -39.698280334472656 0.013860265724360943 -0.8946051597595215 -0.2898043990135193 0.33985722064971924
1744746913.595982 -71.76310729980469 7.572357177734375 -40.27167510986328 0.017539842054247856 -0.8975412249565125 -0.29220959544181824 0.3297359049320221
1744746914.862636 -72.1761474609375 7.758380889892578 -40.852691650390625 0.02007477916777134 -0.9081584811210632 -0.3013691008090973 0.2898653745651245
1744746916.395961 -72.38066101074219 7.975654602050781 -41.51416015625 0.021451130509376526 -0.9374153017997742 -0.3134545087814331 0.15012897551059723
1744746917.795674 -72.36524200439453 8.204155921936035 -42.26532745361328 0.02406291849911213 -0.9498196244239807 -0.3117988407611847 0.006726160179823637
1744746918.995837 -72.25846862792969 8.470502853393555 -42.997840881347656 0.02366098389029503 -0.9426566958427429 -0.3255654573440552 -0.06961085647344589
1744746920.395783 -72.12383270263672 8.717260360717773 -43.63822555541992 0.016382213681936264 -0.9351113438606262 -0.336093008518219 -0.11108458042144775
1744746921.862442 -71.98979187011719 8.990537643432617 -44.35585021972656 0.006876069586724043 -0.9358153939247131 -0.3360212445259094 -0.1062641516327858
1744746923.129048 -71.91649627685547 9.246261596679688 -45.08856964111328 0.010996164754033089 -0.9426271915435791 -0.32758069038391113 -0.06343473494052887
1744746924.329019 -71.86414337158203 9.485591888427734 -45.74034881591797 0.02370462194085121 -0.9438735246658325 -0.32697874307632446 -0.040321625769138336
1744746926.928955 -71.721435546875 9.746162414550781 -46.48992156982422 0.030796553939580917 -0.9410942792892456 -0.3222021162509918 -0.09787243604660034
1744746928.928918 -71.46053314208984 9.867684364318848 -46.82142639160156 0.028148597106337547 -0.9223561882972717 -0.31832292675971985 -0.21711136400699615
1744746930.328694 -70.94026184082031 10.099729537963867 -47.383697509765625 0.029222652316093445 -0.8857429027557373 -0.3174492418766022 -0.3373894989490509
1744746932.128635 -70.36952209472656 10.2786283493042 -47.843265533447266 0.01855694316327572 -0.8552169799804688 -0.30091407895088196 -0.4215570092201233
1744746944.528302 -69.77548217773438 10.44011116027832 -48.22450256347656 0.016528423875570297 -0.8381246328353882 -0.2981908321380615 -0.45646047592163086
1744746951.928121 -69.66593933105469 10.583629608154297 -48.59663772583008 0.018888525664806366 -0.9077875018119812 -0.3182057738304138 -0.2725990116596222
1744746952.728116 -69.76116943359375 10.686391830444336 -48.917545318603516 0.02060302533209324 -0.9418448805809021 -0.3224254846572876 -0.09244278073310852
1744746954.128241 -69.90376281738281 10.82406997680664 -49.331077575683594 0.02200639247894287 -0.9438655972480774 -0.3222143054008484 0.06936440616846085
1744746968.461179 -69.90799713134766 11.09292221069336 -50.07879638671875 0.018692001700401306 -0.9380149245262146 -0.3300161361694336 -0.1042499840259552
1744746969.261201 -69.61474609375 11.220427513122559 -50.39262390136719 0.015245374292135239 -0.9052424430847168 -0.32577282190322876 -0.27235254645347595
1744746970.327647 -68.98794555664062 11.447044372558594 -50.902889251708984 0.013968528248369694 -0.8625285625457764 -0.3204912543296814 -0.39132431149482727
1744746971.127788 -68.42546844482422 11.647212982177734 -51.34845733642578 0.010721075348556042 -0.8494024276733398 -0.31499290466308594 -0.42329680919647217
1744746973.727784 -67.77958679199219 11.878426551818848 -51.8701171875 0.009907322004437447 -0.856102705001831 -0.31627413630485535 -0.40860819816589355
1744746975.12751 -67.41561126708984 12.1553955078125 -52.502986907958984 0.017369411885738373 -0.8957433700561523 -0.33470189571380615 -0.29209038615226746
1744746977.327453 -67.16097259521484 12.417564392089844 -53.12310028076172 0.015615742653608322 -0.9119385480880737 -0.34092143177986145 -0.2278088927268982
1744746986.927196 -66.8018798828125 12.692575454711914 -53.78623962402344 0.006656600162386894 -0.9076169729232788 -0.33705493807792664 -0.2501623034477234
1744746988.127344 -66.43241119384766 12.843276977539062 -54.09199142456055 0.0012581308837980032 -0.8655292987823486 -0.33590418100357056 -0.37151843309402466
1744746989.260473 -65.88653564453125 13.028791427612305 -54.51343536376953 -0.0021230222191661596 -0.849384605884552 -0.3242023289203644 -0.41645440459251404
1744746990.127133 -65.26396179199219 13.245853424072266 -54.961158752441406 -0.0015335045754909515 -0.8377285003662109 -0.32381221652030945 -0.4397207498550415
1744746990.860632 -64.72462463378906 13.415053367614746 -55.33575439453125 -0.002051950665190816 -0.8329512476921082 -0.31869179010391235 -0.45235344767570496
1744746991.660609 -64.0959701538086 13.60940933227539 -55.73208999633789 0.0025080114137381315 -0.8253307342529297 -0.3183686137199402 -0.46633073687553406
1744746992.460403 -63.445228576660156 13.791985511779785 -56.11103057861328 0.003012734465301037 -0.8191544413566589 -0.312599241733551 -0.48089364171028137
1744746993.26057 -62.7661247253418 13.982670783996582 -56.48819351196289 0.0055456911213696 -0.8135782480239868 -0.31525272130966187 -0.48854413628578186
1744746994.06058 -62.17628479003906 14.148439407348633 -56.84283447265625 0.005430413410067558 -0.8210369348526001 -0.31302323937416077 -0.47737348079681396
1744746994.86036 -61.541908264160156 14.360798835754395 -57.28284454345703 0.00900918710976839 -0.8334646224975586 -0.3209739327430725 -0.4497014284133911
1744746995.660468 -60.98926544189453 14.561176300048828 -57.69239044189453 0.014555910602211952 -0.838706374168396 -0.32294997572898865 -0.4382501244544983
1744746996.460478 -60.478797912597656 14.735936164855957 -58.08018112182617 0.011375010944902897 -0.84249347448349 -0.31566208600997925 -0.4363860487937927
1744746997.260262 -59.96666717529297 14.930292129516602 -58.47068786621094 0.012659604661166668 -0.8412022590637207 -0.32303866744041443 -0.43343350291252136
1744746998.060514 -59.472190856933594 15.101987838745117 -58.85144805908203 0.012483508326113224 -0.8439662456512451 -0.3185497224330902 -0.4313828647136688
1744746999.127048 -58.812355041503906 15.3513765335083 -59.362335205078125 0.015582652762532234 -0.8424661159515381 -0.32492807507514954 -0.4294528663158417
1744747002.193479 -58.34193801879883 15.427927017211914 -59.48587417602539 0.0057033393532037735 -0.7647224068641663 -0.29699939489364624 -0.5718029141426086
1744747003.460283 -57.9437370300293 15.399839401245117 -59.34918975830078 -0.001271587796509266 -0.6221933364868164 -0.2504546642303467 -0.741718590259552
1744747004.793412 -57.26130676269531 15.504669189453125 -59.46046447753906 0.016033044084906578 -0.7140446305274963 -0.2830226719379425 -0.6401416659355164
1744747005.393565 -56.977874755859375 15.637500762939453 -59.75774002075195 0.028715195134282112 -0.8323203325271606 -0.31060296297073364 -0.4581966698169708
1744747006.193539 -56.483863830566406 15.848200798034668 -60.198951721191406 0.03141794726252556 -0.8517309427261353 -0.3166494071483612 -0.4162937104701996
1744747006.793338 -55.998756408691406 16.063232421875 -60.65455627441406 0.032650887966156006 -0.8608008027076721 -0.3195027709007263 -0.39480850100517273
1744747007.393342 -55.52375030517578 16.287551879882812 -61.1082763671875 0.03314937651157379 -0.8611647486686707 -0.32678958773612976 -0.3879496455192566
1744747007.993482 -55.06006622314453 16.49448585510254 -61.57065200805664 0.02830597013235092 -0.8658344149589539 -0.32370856404304504 -0.3804502785205841
1744747008.66013 -54.55408477783203 16.72945213317871 -62.086647033691406 0.026497146114706993 -0.8684285283088684 -0.32417258620262146 -0.37422192096710205
1744747009.393308 -54.01072692871094 16.990209579467773 -62.64967346191406 0.02718489244580269 -0.869696319103241 -0.32791581749916077 -0.3679138720035553
1744747009.993265 -53.55248260498047 17.20330047607422 -63.1107292175293 0.02639748901128769 -0.8684913516044617 -0.3272556662559509 -0.3713890314102173
1744747010.793407 -52.929603576660156 17.46731948852539 -63.62539291381836 0.02244800329208374 -0.8439100980758667 -0.32828211784362793 -0.4237247407436371
1744747011.46007 -52.39341735839844 17.671310424804688 -64.03385162353516 0.01971733570098877 -0.8423635959625244 -0.325418084859848 -0.42911288142204285
1744747012.059921 -51.874847412109375 17.858427047729492 -64.43317413330078 0.017590036615729332 -0.8423281908035278 -0.3235637843608856 -0.430674284696579
1744747012.659903 -51.33496856689453 18.06728744506836 -64.85002899169922 0.018531210720539093 -0.8405613303184509 -0.3258408010005951 -0.43236687779426575
1744747013.193352 -50.86494445800781 18.249752044677734 -65.2043228149414 0.01744900643825531 -0.8394448757171631 -0.3277321457862854 -0.43315067887306213
1744747013.660099 -50.446807861328125 18.41033363342285 -65.52792358398438 0.015961837023496628 -0.8394961953163147 -0.3275422155857086 -0.4332522451877594
1744747014.193145 -49.987953186035156 18.584932327270508 -65.87255096435547 0.014964068308472633 -0.8395432233810425 -0.32725244760513306 -0.43341556191444397
1744747014.793335 -49.475852966308594 18.788576126098633 -66.255615234375 0.01756233163177967 -0.8376274108886719 -0.3307850658893585 -0.43434226512908936
1744747015.593289 -48.8521728515625 19.022254943847656 -66.72552490234375 0.01420251838862896 -0.8377671241760254 -0.3282184600830078 -0.43613898754119873
1744747016.25994 -48.32273864746094 19.234331130981445 -67.11613464355469 0.018054818734526634 -0.8346054553985596 -0.3354272246360779 -0.43657344579696655
1744747016.993084 -47.76282501220703 19.437084197998047 -67.52174377441406 0.01568572409451008 -0.8342134952545166 -0.32919469475746155 -0.4421229660511017
1744747017.859745 -47.093284606933594 19.683670043945312 -67.97742462158203 0.019171779975295067 -0.8309293389320374 -0.32956746220588684 -0.44785505533218384
1744747018.459924 -46.605445861816406 19.85650634765625 -68.28776550292969 0.01975363865494728 -0.8244374394416809 -0.3275250196456909 -0.46112915873527527
1744747019.193016 -46.00190734863281 20.04820442199707 -68.625732421875 0.02123870886862278 -0.8136242032051086 -0.32318392395973206 -0.4828217923641205
1744747019.993037 -45.322898864746094 20.248760223388672 -68.94702911376953 0.023013001307845116 -0.7969983816146851 -0.31642916798591614 -0.5139422416687012
1744747020.859826 -44.55388641357422 20.433937072753906 -69.23910522460938 0.022661689668893814 -0.7748040556907654 -0.3067249059677124 -0.5523450374603271
1744747021.659807 -43.84746170043945 20.57889175415039 -69.42266845703125 0.02279573678970337 -0.7439531087875366 -0.2971819341182709 -0.5980778932571411
1744747022.39298 -43.171207427978516 20.680505752563477 -69.5137939453125 0.022043658420443535 -0.709709882736206 -0.2853555381298065 -0.64373779296875
1744747023.193304 -42.41453170776367 20.770586013793945 -69.52766418457031 0.02243085950613022 -0.6745893359184265 -0.2780844271183014 -0.6834436655044556
1744747023.993089 -41.60262680053711 20.83574867248535 -69.5101089477539 0.01774206943809986 -0.65505051612854 -0.2653457820415497 -0.7072380781173706
1744747024.792879 -40.80463409423828 20.86040687561035 -69.44287872314453 0.011602574028074741 -0.6416373252868652 -0.24374152719974518 -0.7271568775177002
1744747025.392924 -40.1346435546875 20.881772994995117 -69.37591552734375 0.014430653303861618 -0.6344019770622253 -0.23826146125793457 -0.735226035118103
1744747026.19301 -39.31631851196289 20.888694763183594 -69.28932189941406 0.005295724142342806 -0.6202660202980042 -0.23655129969120026 -0.7478539347648621
1744747026.992828 -38.55132293701172 20.902889251708984 -69.12450408935547 0.01181105338037014 -0.5802169442176819 -0.23915615677833557 -0.7784684300422668
1744747027.792995 -37.88210678100586 20.87368392944336 -68.87252807617188 0.012417660094797611 -0.5171401500701904 -0.2245362401008606 -0.8258301019668579
1744747028.592974 -37.235069274902344 20.810407638549805 -68.47654724121094 0.012760513462126255 -0.44114622473716736 -0.20700755715370178 -0.8731409907341003
1744747029.392753 -36.65169906616211 20.70433807373047 -68.0869140625 -0.0032149064354598522 -0.4184192717075348 -0.1921316236257553 -0.8876938819885254
1744747033.059491 -35.972991943359375 20.575725555419922 -67.66990661621094 -0.01304410770535469 -0.4277563989162445 -0.189802348613739 -0.8836455941200256
1744747034.793271 -35.34793472290039 20.47563934326172 -67.22750854492188 -0.003035701811313629 -0.405032753944397 -0.19168025255203247 -0.8939787745475769
1744747035.992762 -34.838645935058594 20.340734481811523 -66.82369995117188 -0.01776329055428505 -0.3822721540927887 -0.17489546537399292 -0.9071736931800842
1744747037.259214 -34.2358283996582 20.20327377319336 -66.34241485595703 -0.007365073077380657 -0.3892644941806793 -0.1763613224029541 -0.9040551781654358
1744747038.79272 -33.58168029785156 20.095844268798828 -65.88467407226562 0.003223554929718375 -0.40555089712142944 -0.19194498658180237 -0.8936862945556641
1744747040.12582 -32.90105438232422 20.00754165649414 -65.49835205078125 -0.0025485423393547535 -0.4378393888473511 -0.20197530090808868 -0.876068651676178
1744747041.525974 -32.147865295410156 19.936452865600586 -65.07144165039062 0.010427668690681458 -0.44494733214378357 -0.21126317977905273 -0.8702189922332764
1744747042.592417 -31.567237854003906 19.88420295715332 -64.74767303466797 0.012427198700606823 -0.45204243063926697 -0.21462488174438477 -0.8657017350196838
1744747043.992581 -30.82327651977539 19.819053649902344 -64.33029174804688 0.015913207083940506 -0.45099133253097534 -0.21475738286972046 -0.8661598563194275
1744747045.392611 -30.136226654052734 19.734638214111328 -63.89641571044922 0.010868377983570099 -0.4305435121059418 -0.20556874573230743 -0.8787807822227478
1744747046.792309 -29.467967987060547 19.649919509887695 -63.43117904663086 0.009871918708086014 -0.4014488160610199 -0.1987234652042389 -0.8940080404281616
1744747047.992289 -28.930221557617188 19.550607681274414 -63.002601623535156 0.005598017480224371 -0.3843613564968109 -0.19395644962787628 -0.9025607109069824
1744747049.192418 -28.3699951171875 19.463916778564453 -62.57695770263672 0.007222743704915047 -0.38111600279808044 -0.1963915228843689 -0.9033985137939453
1744747050.525556 -27.767669677734375 19.372901916503906 -62.14112091064453 0.011518649756908417 -0.3955501317977905 -0.20070680975914001 -0.8961719870567322
1744747051.925497 -27.05077362060547 19.286102294921875 -61.69148254394531 0.010933966375887394 -0.422096848487854 -0.20660218596458435 -0.8826269507408142
1744747053.125649 -26.428302764892578 19.22545623779297 -61.34008026123047 0.011804988607764244 -0.44193753600120544 -0.2138291895389557 -0.8711079359054565
1744747054.525455 -25.664005279541016 19.173381805419922 -60.944644927978516 0.011957329697906971 -0.4540984332561493 -0.21693342924118042 -0.864055335521698
1744747055.792209 -25.010915756225586 19.11457061767578 -60.57335662841797 0.010386361740529537 -0.4501075744628906 -0.21488521993160248 -0.8666715621948242
1744747057.125366 -24.354328155517578 19.038543701171875 -60.160606384277344 0.008710706606507301 -0.4251828193664551 -0.2083270102739334 -0.8807631134986877
1744747058.725487 -23.703327178955078 18.908437728881836 -59.59293746948242 0.004496620502322912 -0.3607276380062103 -0.18525277078151703 -0.9140770435333252
1744747060.125303 -23.1860408782959 18.74215316772461 -58.96965789794922 0.004024124704301357 -0.2956357002258301 -0.16056914627552032 -0.9417010545730591
1744747061.925267 -22.722272872924805 18.56122398376465 -58.30987548828125 0.0065627447329461575 -0.2623610198497772 -0.14344102144241333 -0.9542266130447388
1744747064.125358 -22.250612258911133 18.355499267578125 -57.59283447265625 0.004887247458100319 -0.23822420835494995 -0.13117681443691254 -0.9622982740402222
1744747066.525372 -21.78663444519043 18.17571258544922 -56.91101837158203 0.01131515670567751 -0.25354135036468506 -0.13783587515354156 -0.9573871493339539
1744747068.925224 -21.228424072265625 18.045085906982422 -56.4065055847168 0.009186377748847008 -0.35369405150413513 -0.1631614714860916 -0.9209747314453125
1744747070.125204 -20.620370864868164 17.990007400512695 -56.06583023071289 0.020049450919032097 -0.43882492184638977 -0.19043198227882385 -0.8779330849647522
1744747071.391998 -19.94227409362793 17.947954177856445 -55.74966049194336 0.021086739376187325 -0.47493776679039 -0.20382322371006012 -0.8558303117752075
1744747073.52799 -19.20792007446289 17.888586044311523 -55.40367889404297 0.014721972867846489 -0.469765841960907 -0.20157600939273834 -0.8593430519104004
1744747075.458237 -18.5242862701416 17.82044219970703 -54.98982620239258 0.014263848774135113 -0.4342338740825653 -0.19407889246940613 -0.879528820514679
1744747077.258171 -17.914613723754883 17.692781448364258 -54.453216552734375 0.010808435268700123 -0.3490016460418701 -0.16885064542293549 -0.9217215180397034
1744747078.458286 -17.47628402709961 17.545452117919922 -53.88722229003906 0.009418627247214317 -0.2903608977794647 -0.14925949275493622 -0.9451579451560974
1744747080.058109 -17.020153045654297 17.35161018371582 -53.2276725769043 0.005402717739343643 -0.2550240457057953 -0.13524533808231354 -0.9574143886566162
1744747081.724895 -16.589921951293945 17.178030014038086 -52.61457824707031 0.005994809325784445 -0.2571181058883667 -0.13552209734916687 -0.9568114876747131
1744747083.324738 -16.11277198791504 17.029598236083984 -52.044960021972656 0.006587527692317963 -0.28980016708374023 -0.14487987756729126 -0.9460350871086121
1744747084.657979 -15.573936462402344 16.902565002441406 -51.555171966552734 0.008286490105092525 -0.34151771664619446 -0.16215910017490387 -0.9257436990737915
1744747085.924763 -14.988839149475098 16.80316734313965 -51.13654327392578 0.008430286310613155 -0.3890516757965088 -0.17529650032520294 -0.9043444395065308
1744747087.258361 -14.405036926269531 16.723390579223633 -50.74012756347656 0.012937788851559162 -0.4067818820476532 -0.18112467229366302 -0.895296037197113
1744747088.9247 -13.738542556762695 16.61520767211914 -50.25973129272461 0.010431773960590363 -0.4004289209842682 -0.17746326327323914 -0.898918628692627
1744747090.657834 -13.104347229003906 16.486690521240234 -49.72598648071289 0.012173043563961983 -0.3668832778930664 -0.1674133986234665 -0.9149979948997498
1744747091.92444 -12.627687454223633 16.35421371459961 -49.214263916015625 0.011165022850036621 -0.3243756592273712 -0.1525627225637436 -0.9334776401519775
1744747093.257773 -12.14149284362793 16.18018341064453 -48.59834289550781 0.009128169156610966 -0.2837018668651581 -0.13711243867874146 -0.9490153193473816
1744747094.65816 -11.729737281799316 16.003944396972656 -47.986385345458984 0.004853648133575916 -0.2574065625667572 -0.12912480533123016 -0.9576247334480286
1744747096.257836 -11.259725570678711 15.822250366210938 -47.38246536254883 0.0033916516695171595 -0.26621901988983154 -0.1360933631658554 -0.9542507529258728
1744747097.857657 -10.709698677062988 15.655074119567871 -46.758827209472656 0.009243115782737732 -0.2932162880897522 -0.15131297707557678 -0.943950891494751
1744747099.257895 -10.11384105682373 15.508342742919922 -46.148529052734375 0.009646103717386723 -0.31979599595069885 -0.16326352953910828 -0.933264434337616
1744747100.924257 -9.566017150878906 15.364126205444336 -45.585601806640625 0.005842512007802725 -0.3271237909793854 -0.1611591875553131 -0.9311195611953735
1744747102.657787 -9.064010620117188 15.213554382324219 -45.02687072753906 0.006083285436034203 -0.3109782636165619 -0.1529656946659088 -0.9380069971084595
1744747104.45764 -8.562342643737793 15.03654956817627 -44.414608001708984 0.004214393440634012 -0.2878907322883606 -0.13864335417747498 -0.9475648403167725
1744747106.057471 -8.206741333007812 14.850587844848633 -43.79534149169922 0.004119853023439646 -0.2063794732093811 -0.10999525338411331 -0.9722611308097839
1744747107.457386 -7.960968017578125 14.622842788696289 -43.07046127319336 0.005458693951368332 -0.1459149718284607 -0.08639275282621384 -0.9855026006698608
1744747109.057527 -7.710651397705078 14.391571044921875 -42.345947265625 0.004019697662442923 -0.13828213512897491 -0.08218646049499512 -0.9869687557220459
1744747110.657482 -7.352329254150391 14.166298866271973 -41.60590362548828 0.005694023799151182 -0.18717482686042786 -0.10000687837600708 -0.9772061705589294
1744747112.190706 -6.865583896636963 13.968421936035156 -40.92011642456055 0.008549234829843044 -0.2589513659477234 -0.12446227669715881 -0.9577997326850891
1744747115.39051 -6.284198760986328 13.863633155822754 -40.4967041015625 0.00899546779692173 -0.3827049732208252 -0.1644657552242279 -0.9090693593025208
1744747117.590453 -5.810262680053711 13.885994911193848 -40.47575378417969 0.013122624717652798 -0.5453165173530579 -0.2161768674850464 -0.8097686171531677
1744747123.590343 -5.315133094787598 13.833691596984863 -40.22250747680664 0.013416682370007038 -0.48046785593032837 -0.19775131344795227 -0.8543213605880737
1744747124.19044 -5.212831497192383 13.749035835266113 -39.947628021240234 0.009660161100327969 -0.34382277727127075 -0.15513789653778076 -0.9260803461074829
1744747124.857098 -5.200006008148193 13.61915397644043 -39.564456939697266 0.002074787626042962 -0.16233932971954346 -0.09533809125423431 -0.9821162223815918
1744747125.456926 -5.1997904777526855 13.472312927246094 -39.13265609741211 0.0005523235304281116 -0.05333837866783142 -0.05870131403207779 -0.9968494176864624
1744747126.190249 -5.162162780761719 13.262429237365723 -38.47975540161133 0.0052214497700333595 -0.020074648782610893 -0.046738673001527786 -0.9986917972564697
1744747126.990374 -5.13991117477417 13.019917488098145 -37.75163269042969 0.0018918198766186833 0.007031468208879232 -0.03913283348083496 -0.9992074966430664
1744747127.990209 -5.100224494934082 12.733477592468262 -36.900604248046875 0.0007343278848566115 -0.012123709544539452 -0.0454251691699028 -0.9988939166069031
1744747129.590303 -4.965950965881348 12.471881866455078 -36.10454559326172 0.0030882612336426973 -0.0662619024515152 -0.06267175823450089 -0.9958273768424988
1744747131.59024 -4.672982692718506 12.366682052612305 -35.72941589355469 0.006696098484098911 -0.2029566764831543 -0.10759131610393524 -0.9732357859611511
1744747132.590097 -4.300945281982422 12.28982162475586 -35.436866760253906 0.009977620095014572 -0.33839449286460876 -0.1521971970796585 -0.9285610914230347
1744747134.590199 -3.6174960136413574 12.178109169006348 -34.961490631103516 0.015348829329013824 -0.3738347589969635 -0.16257810592651367 -0.9130062460899353
1744747135.390013 -3.62038254737854 12.053910255432129 -34.60390853881836 0.007716882973909378 -0.18963740766048431 -0.10001808404922485 -0.9767162203788757
1744747136.456784 -3.6239147186279297 11.813751220703125 -33.9106559753418 -0.00016692921053618193 -0.0679478570818901 -0.05840899422764778 -0.9959776997566223
1744747137.256622 -3.6180920600891113 11.56721019744873 -33.1852912902832 -0.00045742475776933134 0.002158260205760598 -0.035430844873189926 -0.999369740486145
1744747137.989931 -3.624849319458008 11.307380676269531 -32.45572280883789 -0.0014056129148229957 0.013386409729719162 -0.030052214860916138 -0.9994577169418335
1744747138.789916 -3.598191022872925 11.026355743408203 -31.633056640625 0.0004441625496838242 -0.008131859824061394 -0.037956394255161285 -0.9992461800575256
1744747141.18998 -3.525757312774658 10.770658493041992 -30.88503074645996 -0.0007755634724162519 -0.06278865784406662 -0.05782143399119377 -0.9963501691818237
1744747142.189975 -3.2126646041870117 10.696369171142578 -30.61642837524414 0.009367800317704678 -0.25864318013191223 -0.12322106957435608 -0.9580358266830444
1744747142.856475 -2.935436248779297 10.72140884399414 -30.650558471679688 0.013880304992198944 -0.45507851243019104 -0.18691575527191162 -0.8705018162727356
1744747144.789735 -2.454416275024414 10.747856140136719 -30.65668487548828 0.012701401486992836 -0.572367250919342 -0.21849487721920013 -0.7902496457099915
1744747146.456408 -2.091695785522461 10.679704666137695 -30.394756317138672 0.010821121744811535 -0.48206207156181335 -0.19004949927330017 -0.8552078008651733
1744747147.189863 -1.7757511138916016 10.584678649902344 -30.04962921142578 0.00805673934519291 -0.38221994042396545 -0.15796951949596405 -0.9104332327842712
1744747147.656513 -1.6642239093780518 10.46845531463623 -29.684675216674805 0.00640287809073925 -0.22878527641296387 -0.10785545408725739 -0.967462420463562
1744747148.056334 -1.7057292461395264 10.36104965209961 -29.37058448791504 0.0018888836493715644 -0.0735538899898529 -0.05612964183092117 -0.9957086443901062
1744747148.589674 -1.7398420572280884 10.21047592163086 -28.937454223632812 -0.0008326717070303857 0.006151929963380098 -0.027983520179986954 -0.9995890855789185
1744747149.189776 -1.7859607934951782 10.014830589294434 -28.381223678588867 -0.002056631725281477 0.03698601573705673 -0.01738804206252098 -0.9991624355316162
1744747149.856268 -1.8676331043243408 9.79012393951416 -27.742477416992188 -0.0022352763917297125 0.06148962303996086 -0.007538705598562956 -0.9980767965316772
1744747150.589612 -1.9189382791519165 9.539322853088379 -27.01668357849121 -0.0011779101332649589 0.04949440434575081 -0.011969847604632378 -0.9987019896507263
1744747151.389625 -1.917189598083496 9.27770709991455 -26.269147872924805 -0.002992581343278289 0.012443313375115395 -0.024449778720736504 -0.9996192455291748
1744747152.189723 -1.8389041423797607 9.018556594848633 -25.512975692749023 -0.0031492444686591625 -0.025061320513486862 -0.03566039353609085 -0.9990447163581848
1744747152.923047 -1.7926274538040161 8.760110855102539 -24.77130699157715 -0.0036905144806951284 -0.01792781427502632 -0.03214945271611214 -0.9993154406547546
1744747153.789528 -1.7303410768508911 8.438199996948242 -23.86737823486328 -0.009546098299324512 -0.01600642129778862 -0.030143382027745247 -0.9993718266487122
1744747154.522981 -1.6847829818725586 8.1730375289917 -23.119125366210938 -0.004141706973314285 -0.014728217385709286 -0.029635004699230194 -0.9994437098503113
1744747155.322795 -1.6440677642822266 7.889522075653076 -22.29998207092285 -0.0022895776201039553 -0.01456515397876501 -0.02917969971895218 -0.9994654655456543
1744747156.056136 -1.5807082653045654 7.617493152618408 -21.544469833374023 -0.0021376614458858967 -0.025694891810417175 -0.03133026883006096 -0.999176561832428
1744747156.922916 -1.4485245943069458 7.3045830726623535 -20.659360885620117 -0.004116625525057316 -0.048787470906972885 -0.041703566908836365 -0.9979296922683716
1744747157.522794 -1.3744475841522217 7.086694240570068 -20.03575325012207 -0.004725551698356867 -0.0408114455640316 -0.038898903876543045 -0.9983982443809509
1744747158.122742 -1.328420877456665 6.871532917022705 -19.416362762451172 -0.004282275680452585 -0.021615833044052124 -0.03234197944402695 -0.9992339611053467
1744747158.722721 -1.2873053550720215 6.649025917053223 -18.7873477935791 -0.007382255978882313 -0.02028891257941723 -0.03263038769364357 -0.9992343187332153
1744747159.52289 -1.2320277690887451 6.366962909698486 -17.926694869995117 0.0009105749777518213 -0.019657278433442116 -0.03127402812242508 -0.9993171095848083
1744747160.3229 -1.1429370641708374 6.062687397003174 -17.110671997070312 -0.00796425249427557 -0.03354586288332939 -0.03779022395610809 -0.9986907243728638
1744747160.922689 -1.0728782415390015 5.84643030166626 -16.480703353881836 -0.0031764430459588766 -0.035086411982774734 -0.039945513010025024 -0.9985806941986084
1744747161.522657 -0.9962077736854553 5.633358955383301 -15.855786323547363 -0.0024294359609484673 -0.03568192198872566 -0.04115168750286102 -0.9985126256942749
1744747162.122823 -0.9254411458969116 5.4235687255859375 -15.223214149475098 0.0006423973827622831 -0.03710603341460228 -0.040917038917541504 -0.9984731078147888
1744747162.722598 -0.87056565284729 5.201543807983398 -14.607362747192383 -0.0036993285175412893 -0.03396262601017952 -0.039362139999866486 -0.9986408352851868
1744747163.322599 -0.803360104560852 4.986898899078369 -13.975378036499023 -0.004410043358802795 -0.034373413771390915 -0.039724890142679214 -0.9986095428466797
1744747163.922594 -0.7394206523895264 4.775546550750732 -13.34276008605957 0.0005962608847767115 -0.035336531698703766 -0.039581041783094406 -0.9985911846160889
1744747164.72276 -0.6525457501411438 4.497970104217529 -12.517524719238281 -0.0014276577858254313 -0.03517579659819603 -0.04124978929758072 -0.9985285401344299
1744747165.322937 -0.5837085843086243 4.287549018859863 -11.905004501342773 -0.004583311267197132 -0.03455894812941551 -0.044737499207258224 -0.9983903169631958
1744747165.989193 -0.5231940746307373 4.060678482055664 -11.232211112976074 6.311732431640849e-05 -0.025010274723172188 -0.04241200163960457 -0.9987871646881104
1744747166.589203 -0.46421539783477783 3.8478236198425293 -10.607100486755371 -0.0019656671211123466 -0.020372500643134117 -0.04321043938398361 -0.9988563656806946
1744747167.122652 -0.4292234480381012 3.655588388442993 -10.056836128234863 -0.0016891590785235167 -0.018965112045407295 -0.043991439044475555 -0.9988504648208618
1744747167.722748 -0.3798966407775879 3.437842845916748 -9.446662902832031 -0.0031793895177543163 -0.01899999938905239 -0.04441804066300392 -0.998827338218689
1744747168.322469 -0.3407132923603058 3.2266502380371094 -8.843017578125 -0.003636788809671998 -0.01731017976999283 -0.04453480616211891 -0.9988512992858887
1744747168.922465 -0.2969244122505188 3.0080270767211914 -8.241352081298828 -0.007346220780164003 -0.01670135371387005 -0.044138845056295395 -0.9988588094711304
1744747169.7226 -0.22489765286445618 2.7124831676483154 -7.405999660491943 -0.005716560874134302 -0.015128422528505325 -0.04253275319933891 -0.9989641904830933
1744747170.32246 -0.17328202724456787 2.4822630882263184 -6.764685153961182 -0.009054402820765972 -0.015202733688056469 -0.04338591545820236 -0.9989017248153687
1744747170.989284 -0.0953105092048645 2.243321180343628 -6.077630519866943 -0.005893368739634752 -0.02216302417218685 -0.04812082648277283 -0.9985781908035278
1744747171.722398 -0.02473893016576767 1.9680598974227905 -5.302517890930176 -0.008167754858732224 -0.021075822412967682 -0.050057269632816315 -0.998490571975708
1744747172.322517 0.03913785517215729 1.745808482170105 -4.64600133895874 -0.005399433895945549 -0.021121494472026825 -0.0505540557205677 -0.9984833598136902
1744747172.989206 0.11279723048210144 1.4863423109054565 -3.9083974361419678 -0.007890712469816208 -0.02139176055788994 -0.05115839093923569 -0.9984302520751953
1744747173.72234 0.1651023030281067 1.2067420482635498 -3.1217167377471924 -0.006544090807437897 -0.020955756306648254 -0.04815221577882767 -0.9985987544059753
1744747174.32234 0.1765565723180771 0.964299738407135 -2.4753825664520264 -0.009241224266588688 0.0007994413608685136 -0.03858364000916481 -0.999212384223938
1744747175.122293 0.2181219905614853 0.6509398818016052 -1.63710618019104 -0.011545024812221527 -0.004160068929195404 -0.03677450120449066 -0.9992483258247375
1744747175.922285 0.2841416895389557 0.3704262375831604 -0.8422756195068359 -0.00850092526525259 -0.020963022485375404 -0.04025581479072571 -0.9989333152770996
1744747176.722278 0.30829504132270813 0.1327640563249588 -0.19090536236763 -0.01167372427880764 -0.00831984169781208 -0.03254345431923866 -0.9993675351142883
1744747177.722193 0.3314325213432312 -0.13143177330493927 0.5565133094787598 -0.010953517630696297 -0.0035178724210709333 -0.028638845309615135 -0.9995236396789551
1744747178.188875 0.3396287262439728 -0.23662343621253967 0.8676050901412964 -0.004026395734399557 0.00013949052663519979 -0.027083560824394226 -0.9996250867843628
1744747178.589312 0.3445427417755127 -0.2732839584350586 0.9345605969429016 -0.013387738727033138 -0.0032708430662751198 -0.02779066190123558 -0.9995188117027283
