1755700955.160155 -0.0 -0.0 -0.0 -0.0 -0.0 -0.0 1.0
1755700956.810024 -0.0002620472223497927 -0.04744835942983627 0.10262829810380936 0.007033046800643206 -0.00025381994782947004 5.212146425037645e-05 0.9999752640724182
1755700957.601933 -0.002995862392708659 -0.31096550822257996 0.903160572052002 0.0011971773346886039 -0.012759964913129807 -0.007534562144428492 0.9998894929885864
1755700958.591852 -0.0924874022603035 -0.5787946581840515 1.6488778591156006 0.009046867489814758 -0.05108924210071564 -0.02361556515097618 0.9983738660812378
1755700959.515811 -0.22696010768413544 -0.8419427871704102 2.3732728958129883 0.013243296183645725 -0.0824701264500618 -0.033891431987285614 0.9959290623664856
1755700960.307779 -0.39505255222320557 -1.0945000648498535 3.078334331512451 0.012921303510665894 -0.10155007988214493 -0.04101107642054558 0.9939007759094238
1755700960.967671 -0.5504983067512512 -1.3233296871185303 3.6972408294677734 0.01300732046365738 -0.11037150025367737 -0.04292312264442444 0.9928779602050781
1755700961.693596 -0.7181496024131775 -1.5687322616577148 4.383599281311035 0.015050699934363365 -0.11407873034477234 -0.04366789013147354 0.9923974275588989
1755700962.485688 -0.8759069442749023 -1.8287358283996582 5.081265449523926 0.013948915526270866 -0.10360284149646759 -0.03891964629292488 0.9937591552734375
1755700963.343462 -1.005486249923706 -2.1021811962127686 5.813934803009033 0.01699943281710148 -0.09312212467193604 -0.03484135493636131 0.9948996901512146
1755700964.201408 -1.1404542922973633 -2.402275323867798 6.614838600158691 0.01731102354824543 -0.08662891387939453 -0.03196488693356514 0.9955772757530212
1755700965.05932 -1.2827582359313965 -2.698622703552246 7.409704685211182 0.018731942400336266 -0.08530586212873459 -0.03335307538509369 0.9956202507019043
1755700965.851285 -1.4075661897659302 -2.9743523597717285 8.144878387451172 0.019157961010932922 -0.08616413176059723 -0.03380872681736946 0.9955228567123413
1755700966.643196 -1.5414971113204956 -3.2547316551208496 8.882452964782715 0.01807761937379837 -0.08933889120817184 -0.034385520964860916 0.9952433705329895
1755700967.303106 -1.6757433414459229 -3.4893994331359863 9.495753288269043 0.017490308731794357 -0.10179797559976578 -0.03759370744228363 0.9939407110214233
1755700968.226273 -1.8832510709762573 -3.765233039855957 10.234490394592285 0.017310408875346184 -0.13333068788051605 -0.04769525304436684 0.9897719621658325
1755700968.746888 -2.0222952365875244 -3.908860206604004 10.605344772338867 0.019547542557120323 -0.15262243151664734 -0.052901919931173325 0.9866740703582764
1755700969.712186 -2.3367276191711426 -4.176718235015869 11.31126594543457 0.020608937367796898 -0.1913824826478958 -0.06660410761833191 0.9790362119674683
1755700970.603974 -2.693598508834839 -4.431088924407959 11.95637321472168 0.02459544874727726 -0.2342921942472458 -0.07867410778999329 0.968665361404419
1755700971.560451 -3.1507649421691895 -4.690681457519531 12.578009605407715 0.03272547945380211 -0.2855517566204071 -0.09404720366001129 0.953175961971283
1755700972.589931 -3.7212185859680176 -4.933145046234131 13.175457954406738 0.0228815209120512 -0.34851571917533875 -0.11747761070728302 0.9296301603317261
1755700973.435837 -4.2881999015808105 -5.101200580596924 13.598343849182129 0.02215372771024704 -0.403695672750473 -0.14117249846458435 0.9036644697189331
1755700974.289377 -4.901081562042236 -5.242806434631348 13.94647216796875 0.025471936911344528 -0.45753979682922363 -0.1623508483171463 0.8738711476325989
1755700975.148853 -5.601350784301758 -5.392871379852295 14.280563354492188 0.028566403314471245 -0.4945827126502991 -0.1749361753463745 0.8508638739585876
1755700975.945311 -6.308168411254883 -5.518851280212402 14.566690444946289 0.030162712559103966 -0.5214900374412537 -0.1830025464296341 0.8328555822372437
1755700976.742531 -7.030670642852783 -5.635512351989746 14.808889389038086 0.03140714019536972 -0.5466038584709167 -0.19072581827640533 0.8147769570350647
1755700977.606288 -7.809833526611328 -5.720416069030762 14.965126991271973 0.02964550442993641 -0.5872642397880554 -0.20989832282066345 0.7811431884765625
1755700978.66835 -8.585087776184082 -5.745445251464844 14.975257873535156 0.03180490434169769 -0.6501985192298889 -0.23211133480072021 0.7227411270141602
1755700979.728624 -9.317951202392578 -5.724879741668701 14.858997344970703 0.032051388174295425 -0.7137801647186279 -0.25853192806243896 0.6501168608665466
1755700980.985669 -10.12330150604248 -5.643997669219971 14.54203987121582 0.038463134318590164 -0.7862591743469238 -0.27320924401283264 0.5528777241706848
1755700981.844301 -10.815162658691406 -5.518166542053223 14.203664779663086 0.034958165138959885 -0.8022183179855347 -0.2968045771121979 0.5168469548225403
1755700982.966428 -11.608619689941406 -5.3787736892700195 13.703943252563477 0.04204370081424713 -0.8403226733207703 -0.29432159662246704 0.4532824456691742
1755700983.955967 -12.229185104370117 -5.225209712982178 13.180357933044434 0.039789263159036636 -0.8646506667137146 -0.29946425557136536 0.40139415860176086
1755700984.813329 -12.77456283569336 -5.0777788162231445 12.697148323059082 0.03893102705478668 -0.8700628876686096 -0.3019469678401947 0.38768935203552246
1755700986.066246 -13.508495330810547 -4.883641242980957 12.026532173156738 0.04097145423293114 -0.8758096694946289 -0.29646986722946167 0.37866145372390747
1755700986.857608 -14.108259201049805 -4.724088191986084 11.448623657226562 0.04285849258303642 -0.8794496655464172 -0.29324841499328613 0.37247395515441895
1755700987.517037 -14.690122604370117 -4.581299304962158 10.891414642333984 0.045858822762966156 -0.8854881525039673 -0.28262168169021606 0.36596810817718506
1755700988.176534 -15.372705459594727 -4.420773983001709 10.203636169433594 0.043529994785785675 -0.8872477412223816 -0.2826169729232788 0.3619728088378906
1755700988.836412 -16.187265396118164 -4.212449073791504 9.359830856323242 0.039634134620428085 -0.8913475871086121 -0.28569355607032776 0.3497253358364105
1755700989.363748 -16.78260612487793 -4.039187908172607 8.687076568603516 0.03966060280799866 -0.8945732116699219 -0.2870105803012848 0.3402805030345917
1755700989.957407 -17.462080001831055 -3.8289034366607666 7.896224498748779 0.04067707806825638 -0.8977479934692383 -0.28833043575286865 0.3305443525314331
1755700990.551119 -18.1177978515625 -3.6239285469055176 7.109654426574707 0.03793769329786301 -0.900444507598877 -0.29167670011520386 0.3204450309276581
1755700991.078791 -18.69786262512207 -3.4207801818847656 6.3961687088012695 0.037901122123003006 -0.8996019959449768 -0.29270288348197937 0.321877121925354
1755700991.804331 -19.546239852905273 -3.1343178749084473 5.42572021484375 0.037233076989650726 -0.8956823348999023 -0.29616454243659973 0.329626202583313
1755700992.397957 -20.20830535888672 -2.914351463317871 4.649710655212402 0.043467793613672256 -0.8952832221984863 -0.29476070404052734 0.33120179176330566
1755700992.925632 -20.807331085205078 -2.7041332721710205 3.9518299102783203 0.04596001282334328 -0.8928098082542419 -0.29571065306663513 0.3366506099700928
1755700993.453281 -21.431793212890625 -2.507016658782959 3.2481613159179688 0.04697161167860031 -0.8933013081550598 -0.2970304787158966 0.3340350091457367
1755700994.112803 -22.189781188964844 -2.2659597396850586 2.388256072998047 0.04788858816027641 -0.8938965797424316 -0.297786146402359 0.33163100481033325
1755700994.706395 -22.86072540283203 -2.0478954315185547 1.6038036346435547 0.049622319638729095 -0.8940588235855103 -0.2958420217037201 0.3326769769191742
1755700995.234094 -23.445329666137695 -1.8692889213562012 0.9363632202148438 0.04976516589522362 -0.893187403678894 -0.2939709424972534 0.3366313874721527
1755700995.761629 -23.918537139892578 -1.733130931854248 0.39682579040527344 0.04821794107556343 -0.8937211632728577 -0.29111620783805847 0.33791857957839966
1755700996.553056 -24.534221649169922 -1.5424084663391113 -0.3058128356933594 0.0470360703766346 -0.892770528793335 -0.2921382188796997 0.3397112488746643
1755700997.410472 -25.176607131958008 -1.3531103134155273 -1.0387554168701172 0.04839637875556946 -0.8925639986991882 -0.292125403881073 0.3400736451148987
1755700998.399749 -25.758323669433594 -1.183323860168457 -1.6837921142578125 0.0470629446208477 -0.8923820853233337 -0.2930484414100647 0.3399440348148346
1755700999.25714 -26.23357391357422 -1.0350313186645508 -2.209789276123047 0.04541923105716705 -0.8914089798927307 -0.29536187648773193 0.3407176434993744
1755701000.444297 -26.876108169555664 -0.8230180740356445 -2.9364662170410156 0.03971470892429352 -0.8914226293563843 -0.2963216006755829 0.3405614495277405
1755701001.301714 -27.334714889526367 -0.6722297668457031 -3.474334716796875 0.03834431245923042 -0.8919293880462646 -0.29420772194862366 0.34122347831726074
1755701002.488875 -28.002405166625977 -0.48023223876953125 -4.207986831665039 0.03845406323671341 -0.8925478458404541 -0.29197636246681213 0.34151068329811096
1755701003.544122 -28.586597442626953 -0.2796497344970703 -4.885402679443359 0.03912385180592537 -0.8910360932350159 -0.2949313521385193 0.34284037351608276
1755701004.665721 -29.19829750061035 -0.09247779846191406 -5.5833282470703125 0.04123999923467636 -0.8917047381401062 -0.2921067178249359 0.34327206015586853
1755701005.786488 -29.823640823364258 0.1116647720336914 -6.289516448974609 0.04090694338083267 -0.8911643624305725 -0.2928173243999481 0.34410861134529114
1755701006.973629 -30.488542556762695 0.32567405700683594 -7.038993835449219 0.03865975886583328 -0.890451967716217 -0.29368481040000916 0.34547072649002075
1755701007.962925 -31.05440902709961 0.5005884170532227 -7.654430389404297 0.03856930881738663 -0.8905176520347595 -0.2911335825920105 0.3474648892879486
1755701008.820329 -31.564319610595703 0.653376579284668 -8.19796371459961 0.03630446270108223 -0.8880093693733215 -0.29276201128959656 0.3527204990386963
1755701009.54582 -31.995407104492188 0.7812128067016602 -8.649169921875 0.038469571620225906 -0.8879552483558655 -0.28921735286712646 0.3555404543876648
1755701010.535107 -32.60377883911133 0.9525718688964844 -9.294586181640625 0.03933660313487053 -0.8864240646362305 -0.28874024748802185 0.3596305251121521
1755701011.656289 -33.28758239746094 1.1452980041503906 -10.010902404785156 0.04234125837683678 -0.8840646147727966 -0.2889300584793091 0.36490604281425476
1755701012.579836 -33.87057876586914 1.298055648803711 -10.581363677978516 0.04307841882109642 -0.8808926939964294 -0.28812915086746216 0.3730335235595703
1755701013.832761 -34.65456771850586 1.4947624206542969 -11.316551208496094 0.04466903582215309 -0.87846440076828 -0.2870892584323883 0.3793213665485382
1755701015.019892 -35.401222229003906 1.6773967742919922 -12.012195587158203 0.04516078904271126 -0.875206708908081 -0.2859056890010834 0.3875972330570221
1755701015.94349 -36.006004333496094 1.8240365982055664 -12.570499420166016 0.04468746483325958 -0.8732017874717712 -0.2853291928768158 0.39256709814071655
1755701016.734743 -36.6976318359375 1.981654167175293 -13.189201354980469 0.04637685418128967 -0.8713390827178955 -0.2848665714263916 0.3968229591846466
1755701017.592079 -37.47078323364258 2.1634140014648438 -13.880142211914062 0.046759892255067825 -0.8686862587928772 -0.28416773676872253 0.40304654836654663
1755701018.119762 -38.00050735473633 2.270669937133789 -14.332290649414062 0.04586813971400261 -0.8682987689971924 -0.2823721468448639 0.40523990988731384
1755701019.043054 -38.86549377441406 2.451478958129883 -15.070655822753906 0.04704679921269417 -0.8666912317276001 -0.28262099623680115 0.4083606004714966
1755701019.636589 -39.42391586303711 2.564291000366211 -15.54690933227539 0.046407174319028854 -0.8665405511856079 -0.28275376558303833 0.40866154432296753
1755701020.362313 -40.11882781982422 2.709789276123047 -16.13852310180664 0.044589556753635406 -0.8664531707763672 -0.28183120489120483 0.40968504548072815
1755701021.219461 -40.97492980957031 2.8850879669189453 -16.859073638916016 0.044198181480169296 -0.8662883639335632 -0.28227922320365906 0.40976759791374207
1755701022.07686 -41.96094512939453 3.1002044677734375 -17.69671630859375 0.04186157509684563 -0.8667170405387878 -0.2834111154079437 0.408322811126709
1755701022.736407 -42.71356201171875 3.269083023071289 -18.327301025390625 0.04150831699371338 -0.8659561276435852 -0.2856682538986206 0.40840035676956177
1755701023.593769 -43.75199890136719 3.495738983154297 -19.201492309570312 0.041229646652936935 -0.8660320043563843 -0.2845398485660553 0.40905481576919556
1755701024.12142 -44.4160041809082 3.632659912109375 -19.749248504638672 0.03875117003917694 -0.8659847378730774 -0.28424209356307983 0.4096037447452545
1755701024.781087 -45.21638488769531 3.8102035522460938 -20.424766540527344 0.0380866676568985 -0.8667731881141663 -0.28120872378349304 0.41009190678596497
1755701025.506401 -46.132144927978516 3.995515823364258 -21.182327270507812 0.03530039265751839 -0.8676136136054993 -0.2784510850906372 0.4104456305503845
1755701026.099976 -46.84589767456055 4.138250350952148 -21.777549743652344 0.03583722189068794 -0.8656546473503113 -0.27923211455345154 0.41398942470550537
1755701026.759572 -47.69221496582031 4.293285369873047 -22.45409393310547 0.0343756340444088 -0.8646661639213562 -0.278977632522583 0.4163440763950348
1755701027.287151 -48.391632080078125 4.436742782592773 -23.023399353027344 0.035801712423563004 -0.8646296262741089 -0.27685725688934326 0.41771289706230164
1755701027.880712 -49.17743682861328 4.593662261962891 -23.663890838623047 0.03332814201712608 -0.8643385767936707 -0.2766159474849701 0.41867852210998535
1755701028.342464 -49.80677032470703 4.7171783447265625 -24.16600799560547 0.030632702633738518 -0.8639398217201233 -0.27706286311149597 0.4194112718105316
1755701028.738093 -50.35546112060547 4.826290130615234 -24.603118896484375 0.031690679490566254 -0.862991452217102 -0.277024507522583 0.42130613327026367
1755701029.265842 -51.07097625732422 4.967529296875 -25.163795471191406 0.029354862868785858 -0.8619958758354187 -0.2763185501098633 0.4239687919616699
1755701029.661428 -51.62104797363281 5.073829650878906 -25.586795806884766 0.028060441836714745 -0.8617971539497375 -0.2745583951473236 0.42560070753097534
1755701029.991218 -52.07058334350586 5.154626846313477 -25.93140411376953 0.0275509525090456 -0.8616045713424683 -0.2726030945777893 0.42727750539779663
1755701030.386931 -52.60471725463867 5.261194229125977 -26.340007781982422 0.026440536603331566 -0.8608746528625488 -0.27486589550971985 0.42736929655075073
1755701030.848753 -53.197994232177734 5.379720687866211 -26.792648315429688 0.026076897978782654 -0.8598368167877197 -0.27533265948295593 0.4291767477989197
1755701031.244299 -53.72102355957031 5.484489440917969 -27.191864013671875 0.025889111682772636 -0.8591917157173157 -0.2761567234992981 0.42994996905326843
1755701031.64003 -54.23902893066406 5.5831451416015625 -27.585716247558594 0.025904888287186623 -0.8586662411689758 -0.2757083773612976 0.4312843382358551
1755701032.101716 -54.853363037109375 5.689334869384766 -28.05767059326172 0.028832053765654564 -0.8592289090156555 -0.2713737189769745 0.4327247440814972
1755701032.629333 -55.60028076171875 5.878320693969727 -28.60192108154297 0.020737698301672935 -0.848939836025238 -0.29477065801620483 0.43815678358078003
1755701033.15694 -56.26954650878906 6.000612258911133 -29.11077880859375 0.03714515641331673 -0.8560874462127686 -0.2752094864845276 0.43588337302207947
1755701033.684552 -56.94628143310547 6.134927749633789 -29.593040466308594 0.02914903126657009 -0.8561121225357056 -0.283114492893219 0.4313566982746124
1755701034.146218 -57.53525161743164 6.23626708984375 -30.036636352539062 0.03260435909032822 -0.8601314425468445 -0.27414193749427795 0.4289022982120514
1755701034.673917 -58.158287048339844 6.351396560668945 -30.52570343017578 0.030384106561541557 -0.862434446811676 -0.272837370634079 0.4252569377422333
1755701035.201471 -58.78456497192383 6.47871208190918 -31.01708984375 0.019957110285758972 -0.8661081790924072 -0.2777871787548065 0.41508159041404724
1755701035.729091 -59.377227783203125 6.582668304443359 -31.506690979003906 0.02195052243769169 -0.875209629535675 -0.2616748809814453 0.4062667191028595
1755701036.256712 -59.98552322387695 6.71380615234375 -32.03620147705078 0.019351165741682053 -0.8750296235084534 -0.27604055404663086 0.39717790484428406
1755701036.916264 -60.646514892578125 6.901872634887695 -32.65089416503906 0.01937847025692463 -0.8740628957748413 -0.29197460412979126 0.38780078291893005
1755701037.773631 -61.17440414428711 7.035177230834961 -33.18049621582031 0.025269895792007446 -0.8857256174087524 -0.28762438893318176 0.36348849534988403
1755701038.763036 -61.7562255859375 7.226865768432617 -33.84739685058594 0.0331820510327816 -0.8942185640335083 -0.2900262773036957 0.3393476903438568
1755701039.686263 -62.30805969238281 7.437351226806641 -34.52392578125 0.034883446991443634 -0.8962748646736145 -0.30248892307281494 0.3224518299102783
1755701040.675589 -62.871944427490234 7.674152374267578 -35.25122833251953 0.04146897420287132 -0.8998372554779053 -0.3110012412071228 0.30307015776634216
1755701041.664844 -63.339630126953125 7.906309127807617 -35.949737548828125 0.03896031156182289 -0.9100601673126221 -0.316226601600647 0.2650914788246155
1755701042.522262 -63.677940368652344 8.128597259521484 -36.60105895996094 0.03760303184390068 -0.9220705628395081 -0.3159210681915283 0.22037644684314728
1755701043.51156 -63.996116638183594 8.378145217895508 -37.3861083984375 0.03589716926217079 -0.9333618879318237 -0.3152826726436615 0.16776159405708313
1755701044.434882 -64.23295593261719 8.628192901611328 -38.164791107177734 0.0314047709107399 -0.9405429363250732 -0.31579554080963135 0.12110253423452377
1755701045.29226 -64.38687133789062 8.867485046386719 -38.86009979248047 0.035030119121074677 -0.9430756568908691 -0.3202996551990509 0.0823979526758194
1755701046.215609 -64.48419952392578 9.139657974243164 -39.65758514404297 0.0383908748626709 -0.9439161419868469 -0.3236302137374878 0.053027693182229996
1755701046.941116 -64.55506896972656 9.366463661193848 -40.327964782714844 0.03913388028740883 -0.9446538686752319 -0.3235533833503723 0.037562523037195206
1755701047.798589 -64.60942840576172 9.642224311828613 -41.104652404785156 0.039530444890260696 -0.9432969689369202 -0.329179584980011 0.016403518617153168
1755701048.589944 -64.62623596191406 9.905439376831055 -41.84490203857422 0.03931897506117821 -0.9433121681213379 -0.32956618070602417 0.001515398733317852
1755701049.44764 -64.622314453125 10.188523292541504 -42.649898529052734 0.03918701410293579 -0.9446048736572266 -0.32557907700538635 -0.013577893376350403
1755701050.106839 -64.60018157958984 10.419930458068848 -43.273170471191406 0.03867920860648155 -0.9436926245689392 -0.32738742232322693 -0.02767191454768181
1755701050.832307 -64.5409927368164 10.67351245880127 -43.9484748840332 0.03455890715122223 -0.9425721764564514 -0.3277139961719513 -0.05447028577327728
1755701051.624038 -64.43730163574219 10.944522857666016 -44.67452621459961 0.03210212662816048 -0.9408435821533203 -0.3289453685283661 -0.07468491792678833
1755701052.415313 -64.29044342041016 11.22584342956543 -45.398841857910156 0.030512357130646706 -0.9385240077972412 -0.3298954963684082 -0.09700831770896912
1755701053.140664 -64.13225555419922 11.47601318359375 -46.06724548339844 0.029347289353609085 -0.9360940456390381 -0.3298872709274292 -0.1184953972697258
1755701053.99807 -63.859130859375 11.739519119262695 -46.77235794067383 0.024442706257104874 -0.9283031821250916 -0.3272675573825836 -0.17479078471660614
1755701054.855437 -63.51542663574219 11.99085807800293 -47.4027099609375 0.02068135514855385 -0.9159630537033081 -0.32606595754623413 -0.23294860124588013
1755701055.712828 -63.096336364746094 12.251397132873535 -47.99469757080078 0.020725317299365997 -0.8974407315254211 -0.33498838543891907 -0.28627505898475647
1755701056.504262 -62.6407470703125 12.503236770629883 -48.57146453857422 0.026194456964731216 -0.8924611210823059 -0.3279629945755005 -0.30865395069122314
1755701057.163799 -62.19750213623047 12.724588394165039 -49.09315490722656 0.030026694759726524 -0.888858437538147 -0.32274267077445984 -0.32383081316947937
1755701057.625463 -61.76446533203125 12.939927101135254 -49.60892868041992 0.030545806512236595 -0.8859042525291443 -0.3210701048374176 -0.33339864015579224
1755701058.153085 -61.26390075683594 13.187234878540039 -50.19136047363281 0.030476555228233337 -0.8837366700172424 -0.3213108479976654 -0.3388807475566864
1755701058.680736 -60.741607666015625 13.436725616455078 -50.7647590637207 0.03209007531404495 -0.8830270171165466 -0.31872695684432983 -0.34299665689468384
1755701059.142377 -60.28839874267578 13.639166831970215 -51.24898910522461 0.033569417893886566 -0.8798995614051819 -0.31460991501808167 -0.354500412940979
1755701059.472215 -59.95054626464844 13.798344612121582 -51.60120391845703 0.03935779631137848 -0.8785850405693054 -0.31673291325569153 -0.3552739918231964
1755701059.999779 -59.413970947265625 14.018198013305664 -52.13532638549805 0.04799725115299225 -0.8773773312568665 -0.30936887860298157 -0.363587886095047
1755701060.527377 -58.86522674560547 14.237060546875 -52.671722412109375 0.04472634196281433 -0.876122772693634 -0.3037702739238739 -0.3716612458229065
1755701061.055001 -58.312782287597656 14.461751937866211 -53.200782775878906 0.04033169895410538 -0.8710079193115234 -0.30839598178863525 -0.38027697801589966
1755701061.384764 -57.9183349609375 14.607669830322266 -53.57026290893555 0.040365029126405716 -0.8707642555236816 -0.30189865827560425 -0.3860020339488983
1755701061.78048 -57.40486145019531 14.816696166992188 -54.0642204284668 0.03893199935555458 -0.8684655427932739 -0.3055584728717804 -0.38844034075737
1755701062.110266 -56.96282958984375 14.991972923278809 -54.46660614013672 0.03996667265892029 -0.8660408854484558 -0.308066725730896 -0.39175358414649963
1755701062.505975 -56.41343688964844 15.195741653442383 -54.95947265625 0.03826434910297394 -0.8662431240081787 -0.303766131401062 -0.3948226273059845
1755701062.901678 -55.835105895996094 15.407092094421387 -55.45952224731445 0.03821510076522827 -0.8634815216064453 -0.3054251968860626 -0.3995681405067444
1755701063.297403 -55.28734588623047 15.62395191192627 -55.94296646118164 0.040343306958675385 -0.8616513609886169 -0.305646687746048 -0.40312460064888
1755701063.693123 -54.712059020996094 15.839168548583984 -56.42709732055664 0.042564667761325836 -0.8582339286804199 -0.30791929364204407 -0.4084221422672272
1755701063.956926 -54.32977294921875 15.981998443603516 -56.75029373168945 0.040869127959012985 -0.8574346899986267 -0.3074658513069153 -0.4106096625328064
1755701064.352643 -53.75718688964844 16.194372177124023 -57.22432327270508 0.04095861688256264 -0.8553705215454102 -0.307895302772522 -0.41456499695777893
1755701064.748368 -53.18504333496094 16.406532287597656 -57.69106674194336 0.0398799329996109 -0.8536462783813477 -0.3087887763977051 -0.4175489544868469
1755701065.078165 -52.69862365722656 16.593585968017578 -58.08774185180664 0.04104984551668167 -0.8514813780784607 -0.3105844557285309 -0.4205135703086853
1755701065.407897 -52.21757507324219 16.764991760253906 -58.480472564697266 0.03882630169391632 -0.8518022894859314 -0.30672699213027954 -0.4228995442390442
1755701065.737733 -51.729957580566406 16.938426971435547 -58.86943054199219 0.03649256005883217 -0.8502599000930786 -0.3076018989086151 -0.42556726932525635
1755701066.133383 -51.11810302734375 17.159313201904297 -59.339229583740234 0.037161752581596375 -0.8485615253448486 -0.3094621002674103 -0.4275459945201874
1755701066.463143 -50.632904052734375 17.331439971923828 -59.714229583740234 0.03454224020242691 -0.8472028374671936 -0.3095172643661499 -0.4304104149341583
1755701066.792931 -50.16142272949219 17.500865936279297 -60.07970428466797 0.03514857590198517 -0.8464223742485046 -0.3093557357788086 -0.4320102035999298
1755701067.122662 -49.68034362792969 17.67650604248047 -60.44879150390625 0.035521991550922394 -0.845326840877533 -0.31016767024993896 -0.4335396885871887
1755701067.452428 -49.173301696777344 17.849044799804688 -60.82094955444336 0.03476608544588089 -0.8452039361000061 -0.30756235122680664 -0.43569138646125793
1755701067.782218 -48.692138671875 18.022274017333984 -61.179115295410156 0.03324383124709129 -0.8439311385154724 -0.3098275661468506 -0.43667158484458923
1755701068.177918 -48.09624481201172 18.239328384399414 -61.621646881103516 0.03463967889547348 -0.8425277471542358 -0.31157052516937256 -0.43803080916404724
1755701068.573629 -47.5126953125 18.44121551513672 -62.06011962890625 0.033131327480077744 -0.8432964086532593 -0.3092578649520874 -0.43830710649490356
1755701068.969355 -46.94660949707031 18.640300750732422 -62.479888916015625 0.03188125789165497 -0.8427088260650635 -0.31104665994644165 -0.4382641911506653
1755701069.299168 -46.44636535644531 18.810346603393555 -62.842994689941406 0.03075871244072914 -0.8426861763000488 -0.31017056107521057 -0.43900829553604126
1755701069.694837 -45.85807800292969 19.01254653930664 -63.265869140625 0.031053652986884117 -0.8427203893661499 -0.3087858259677887 -0.4398970305919647
1755701070.024589 -45.36131286621094 19.188535690307617 -63.6300048828125 0.03224658593535423 -0.8409739136695862 -0.3115617036819458 -0.4411942660808563
1755701070.354353 -44.84093475341797 19.37891960144043 -64.00503540039062 0.03138168901205063 -0.838973879814148 -0.3145553767681122 -0.44293683767318726
1755701070.684148 -44.314453125 19.56196403503418 -64.38195037841797 0.031096579506993294 -0.8390383720397949 -0.31528767943382263 -0.44231364130973816
1755701070.947929 -43.88166046142578 19.70828628540039 -64.68614959716797 0.03256678208708763 -0.8393649458885193 -0.3147440552711487 -0.44197526574134827
1755701071.34366 -43.27574920654297 19.935327529907227 -65.12904357910156 0.032469961792230606 -0.8391153216362 -0.3168509900569916 -0.44094958901405334
1755701071.674545 -42.7623291015625 20.120302200317383 -65.51460266113281 0.02908640168607235 -0.8383110165596008 -0.31893303990364075 -0.44121479988098145
1755701072.135191 -42.16259765625 20.347980499267578 -65.94656372070312 0.03168356046080589 -0.834530234336853 -0.3268562853336334 -0.44240304827690125
1755701072.860572 -41.53974151611328 20.557910919189453 -66.38248443603516 0.02765285223722458 -0.8341966271400452 -0.3190355896949768 -0.44896286725997925
1755701073.652015 -40.91664123535156 20.770410537719727 -66.79879760742188 0.024543622508645058 -0.8300480246543884 -0.3166482150554657 -0.4584232270717621
1755701074.509415 -40.234901428222656 20.987884521484375 -67.22451782226562 0.0214656013995409 -0.8233386278152466 -0.31439608335494995 -0.4720252454280853
1755701075.432738 -39.467445373535156 21.226665496826172 -67.63426971435547 0.027189120650291443 -0.8078305125236511 -0.3118703365325928 -0.49940726161003113
1755701076.487985 -38.71764373779297 21.400798797607422 -67.91231536865234 0.02376631461083889 -0.7680480480194092 -0.30293402075767517 -0.5637094974517822
1755701077.411314 -38.00627899169922 21.506193161010742 -68.02023315429688 0.018257515504956245 -0.7188940644264221 -0.2868720591068268 -0.6329001188278198
1755701078.202932 -37.30363464355469 21.58342933654785 -68.04029083251953 0.017767013981938362 -0.6753698587417603 -0.2718776762485504 -0.685304582118988
1755701079.060207 -36.52417755126953 21.628894805908203 -67.95289611816406 0.024854261428117752 -0.6246673464775085 -0.2549487054347992 -0.7376815676689148
1755701079.78562 -35.914886474609375 21.621906280517578 -67.80097961425781 0.017714040353894234 -0.5738175511360168 -0.23781996965408325 -0.7834931015968323
1755701080.511108 -35.2760124206543 21.601646423339844 -67.62855529785156 0.007899514399468899 -0.5494797229766846 -0.23488156497478485 -0.801773190498352
1755701081.17063 -34.70981979370117 21.525466918945312 -67.45743560791016 -0.018938548862934113 -0.5407331585884094 -0.21378670632839203 -0.8133537769317627
1755701082.028013 -33.92739486694336 21.4566650390625 -67.19801330566406 -0.012825757265090942 -0.5303513407707214 -0.2120227813720703 -0.8207370638847351
1755701082.8854 -33.15110397338867 21.382081985473633 -66.92189025878906 -0.012922690249979496 -0.521499514579773 -0.20884059369564056 -0.8271982073783875
1755701083.544923 -32.54627227783203 21.329898834228516 -66.68229675292969 -0.003991058096289635 -0.5112128853797913 -0.21006359159946442 -0.8333778977394104
1755701084.270424 -31.967769622802734 21.24220085144043 -66.386962890625 -0.00933030340820551 -0.48262959718704224 -0.19525375962257385 -0.853731632232666
1755701085.061877 -31.267250061035156 21.154443740844727 -66.02950286865234 -0.002418628428131342 -0.4670668840408325 -0.19817174971103668 -0.8617254495620728
1755701085.85328 -30.587852478027344 21.049747467041016 -65.6613998413086 -0.011206157505512238 -0.4558301568031311 -0.19693301618099213 -0.8679347634315491
1755701086.710668 -29.871990203857422 20.92414665222168 -65.27053833007812 -0.0166647806763649 -0.44842633605003357 -0.19056878983974457 -0.8731092214584351
1755701087.568128 -29.15511703491211 20.816329956054688 -64.81974792480469 0.003216309705749154 -0.4316296875476837 -0.19087766110897064 -0.8816184997558594
1755701088.293555 -28.572830200195312 20.700119018554688 -64.43527221679688 -0.006264450494199991 -0.42562881112098694 -0.1836448758840561 -0.8860448598861694
1755701089.150927 -27.8519344329834 20.59560775756836 -63.976097106933594 0.0072752004489302635 -0.41770943999290466 -0.19029150903224945 -0.8884003162384033
1755701089.942357 -27.187362670898438 20.49056625366211 -63.52519989013672 0.00796444807201624 -0.41348209977149963 -0.19151608645915985 -0.8901070952415466
1755701090.601891 -26.64913558959961 20.395671844482422 -63.160369873046875 0.005403845105320215 -0.4126346707344055 -0.1868692934513092 -0.8915061950683594
1755701091.45928 -25.94598388671875 20.284358978271484 -62.6583251953125 0.008341148495674133 -0.40921205282211304 -0.18709464371204376 -0.8930126428604126
1755701092.250724 -25.31520652770996 20.182342529296875 -62.2261962890625 0.0072566671296954155 -0.41252556443214417 -0.18584422767162323 -0.8917577862739563
1755701092.976207 -24.734630584716797 20.097705841064453 -61.83857727050781 0.006411696318536997 -0.41219836473464966 -0.18821389973163605 -0.8914185166358948
1755701093.701756 -24.154197692871094 20.006195068359375 -61.4347038269043 0.006237529218196869 -0.41051286458969116 -0.18762198090553284 -0.8923218846321106
1755701094.295245 -23.520357131958008 19.923133850097656 -60.97704315185547 0.013081674464046955 -0.4085233807563782 -0.191855788230896 -0.8922606110572815
1755701094.822876 -22.930625915527344 19.81032371520996 -60.55701446533203 0.003903317730873823 -0.4089120030403137 -0.1835118532180786 -0.8939235210418701
1755701095.350498 -22.327075958251953 19.708572387695312 -60.11688232421875 0.00712422002106905 -0.40474072098731995 -0.18454095721244812 -0.8955885767936707
1755701095.878132 -21.735654830932617 19.599754333496094 -59.67320251464844 0.008007337339222431 -0.3989744186401367 -0.1816583275794983 -0.8987522721290588
1755701096.405737 -21.127397537231445 19.49044418334961 -59.210426330566406 0.006694704294204712 -0.39175382256507874 -0.1789899319410324 -0.9024670720100403
1755701096.933363 -20.557559967041016 19.3663272857666 -58.72639083862305 0.007713383063673973 -0.37612634897232056 -0.17080335319042206 -0.9106568098068237
1755701097.461008 -19.993465423583984 19.252840042114258 -58.25670623779297 0.009226663038134575 -0.37749776244163513 -0.17008379101753235 -0.9102097749710083
1755701097.988974 -19.42113494873047 19.138582229614258 -57.786102294921875 0.010763373225927353 -0.37963175773620605 -0.1665922850370407 -0.9099510908126831
1755701098.582188 -18.812480926513672 19.00244903564453 -57.28501892089844 0.008815254084765911 -0.3787992298603058 -0.1649388074874878 -0.9106199145317078
1755701099.10984 -18.220102310180664 18.88203239440918 -56.801544189453125 0.009127131663262844 -0.38267484307289124 -0.16462384164333344 -0.9090520143508911
1755701099.637444 -17.594799041748047 18.75583839416504 -56.28873825073242 0.010714167729020119 -0.3824954032897949 -0.16722342371940613 -0.9086356163024902
1755701100.165057 -16.97808265686035 18.631328582763672 -55.80027770996094 0.013014798983931541 -0.3814893960952759 -0.16652217507362366 -0.9091572165489197
1755701100.626757 -16.431446075439453 18.509780883789062 -55.3612060546875 0.007257523480802774 -0.38277795910835266 -0.1629772037267685 -0.909322202205658
1755701101.154357 -15.790887832641602 18.38071060180664 -54.839725494384766 0.01050494983792305 -0.37903234362602234 -0.16458067297935486 -0.9105697870254517
1755701101.616081 -15.226604461669922 18.259693145751953 -54.37502670288086 0.009533882141113281 -0.37946584820747375 -0.16257476806640625 -0.9107602834701538
1755701102.143658 -14.592897415161133 18.122005462646484 -53.870670318603516 0.008613980375230312 -0.3787936866283417 -0.16115614771842957 -0.9113011956214905
1755701102.671303 -13.960799217224121 17.986129760742188 -53.32474899291992 0.011056294664740562 -0.3755169212818146 -0.16249096393585205 -0.91239333152771
1755701103.198892 -13.332538604736328 17.849233627319336 -52.78561019897461 0.009605446830391884 -0.3694467842578888 -0.16059376299381256 -0.9152194261550903
1755701103.660562 -12.78154468536377 17.716400146484375 -52.30156326293945 0.005180941428989172 -0.3627240061759949 -0.1558462232351303 -0.9187580943107605
1755701104.056682 -12.26496410369873 17.5933837890625 -51.81858825683594 0.009992791339755058 -0.36068448424339294 -0.1595461517572403 -0.9188861846923828
1755701104.517953 -11.677734375 17.443452835083008 -51.29011917114258 0.0032159264665097 -0.3598265051841736 -0.15357160568237305 -0.9202882051467896
1755701104.91366 -11.113773345947266 17.304031372070312 -50.7716178894043 0.00833494309335947 -0.3578454256057739 -0.15470053255558014 -0.920839250087738
1755701105.243445 -10.618110656738281 17.176288604736328 -50.306671142578125 0.008399246260523796 -0.35539382696151733 -0.15111704170703888 -0.9223819375038147
1755701105.573193 -10.146367073059082 17.047061920166016 -49.865421295166016 0.004678044468164444 -0.35241302847862244 -0.14960795640945435 -0.9237968921661377
1755701105.903106 -9.674860954284668 16.921594619750977 -49.422428131103516 0.008322213776409626 -0.3478325307369232 -0.15035676956176758 -0.9253843426704407
1755701106.232716 -9.207132339477539 16.794763565063477 -48.96833801269531 0.006784537807106972 -0.34278202056884766 -0.14748691022396088 -0.9277403354644775
1755701106.628537 -8.64847183227539 16.633115768432617 -48.4219970703125 0.00801920797675848 -0.33598196506500244 -0.1464768946170807 -0.9303743839263916
1755701106.958209 -8.197556495666504 16.49477195739746 -47.94626235961914 0.009750097058713436 -0.3309136629104614 -0.14326688647270203 -0.9326712489128113
1755701107.354033 -7.660309791564941 16.331687927246094 -47.38313293457031 0.008138616569340229 -0.32359060645103455 -0.14141957461833954 -0.9355337619781494
1755701107.683681 -7.220281600952148 16.19021224975586 -46.90041732788086 0.00929542351514101 -0.3144819736480713 -0.14009350538253784 -0.9388229846954346
1755701108.013446 -6.788177490234375 16.04375648498535 -46.4267578125 0.0004590995376929641 -0.3063342869281769 -0.13839180767536163 -0.9418104290962219
1755701108.409167 -6.274496555328369 15.88680648803711 -45.84239959716797 0.008509797975420952 -0.2975032925605774 -0.14098526537418365 -0.9442153573036194
1755701108.738931 -5.855288505554199 15.745611190795898 -45.342647552490234 0.01107326615601778 -0.2912030816078186 -0.13823404908180237 -0.9465566873550415
1755701109.068701 -5.440673828125 15.603178024291992 -44.82560729980469 0.008188574574887753 -0.28349170088768005 -0.13258016109466553 -0.9497305154800415
1755701109.464418 -4.982830047607422 15.435541152954102 -44.218875885009766 0.008346470072865486 -0.27291518449783325 -0.12878909707069397 -0.953342080116272
1755701109.794201 -4.616544246673584 15.285545349121094 -43.714046478271484 0.006793408188968897 -0.2644686698913574 -0.12226127833127975 -0.9565889239311218
1755701110.123962 -4.287160873413086 15.128904342651367 -43.22087860107422 0.0033714540768414736 -0.25587716698646545 -0.11491763591766357 -0.9598487019538879
1755701110.51966 -3.876997470855713 14.944929122924805 -42.60385513305664 0.005259647965431213 -0.24137327075004578 -0.11116088926792145 -0.9640303254127502
1755701110.849458 -3.571629047393799 14.79680347442627 -42.10160446166992 0.006240813992917538 -0.22794140875339508 -0.10756625980138779 -0.967694878578186
1755701111.245144 -3.2152256965637207 14.606948852539062 -41.45354461669922 0.009951290674507618 -0.20880353450775146 -0.09918364137411118 -0.9728642106056213
1755701111.574903 -2.9435324668884277 14.442286491394043 -40.90108871459961 0.008253728039562702 -0.1929938793182373 -0.09202063828706741 -0.9768405556678772
1755701111.904668 -2.6997311115264893 14.274452209472656 -40.34593963623047 0.007503458298742771 -0.17619571089744568 -0.08612750470638275 -0.9805513024330139
1755701112.234434 -2.4516124725341797 14.099923133850098 -39.789398193359375 0.0062624323181807995 -0.17156045138835907 -0.0826404020190239 -0.9816814064979553
1755701112.564206 -2.2293715476989746 13.93326473236084 -39.22914505004883 0.007362856529653072 -0.16238251328468323 -0.07954969257116318 -0.9834885001182556
1755701112.893962 -2.0105299949645996 13.752344131469727 -38.699790954589844 0.0035218142438679934 -0.15426503121852875 -0.0763099193572998 -0.9850718975067139
1755701113.223763 -1.8080720901489258 13.580459594726562 -38.124290466308594 0.005431754514575005 -0.14455753564834595 -0.07502829283475876 -0.9866328835487366
1755701113.619488 -1.5621683597564697 13.36762809753418 -37.449119567871094 0.005326162092387676 -0.13889016211032867 -0.07276730984449387 -0.9876163601875305
1755701113.949219 -1.3628811836242676 13.202529907226562 -36.89336013793945 0.010253757238388062 -0.1334371119737625 -0.06882727146148682 -0.9886112809181213
1755701114.27898 -1.1697819232940674 13.029892921447754 -36.31719970703125 0.00905541144311428 -0.1281316876411438 -0.06716430187225342 -0.9894388914108276
1755701114.60874 -0.9830503463745117 12.846548080444336 -35.738502502441406 0.006311074364930391 -0.12399869412183762 -0.06426858901977539 -0.9901788234710693
1755701115.004475 -0.7833453416824341 12.640685081481934 -35.066650390625 0.007535040844231844 -0.11840708553791046 -0.06211835891008377 -0.9909915924072266
1755701115.400169 -0.5961407423019409 12.434869766235352 -34.39688491821289 0.007611066568642855 -0.11418106406927109 -0.058372579514980316 -0.9917144179344177
1755701115.729968 -0.43743205070495605 12.25668716430664 -33.838985443115234 0.004535991698503494 -0.11160486936569214 -0.05818403512239456 -0.9920375347137451
1755701116.059714 -0.26825934648513794 12.080886840820312 -33.29188537597656 0.006201750133186579 -0.11437570303678513 -0.058485209941864014 -0.9916951656341553
1755701116.389464 -0.09971332550048828 11.904729843139648 -32.7384033203125 0.006555587984621525 -0.10928665101528168 -0.05851805955171585 -0.9922646284103394
1755701116.785385 0.08435729146003723 11.689545631408691 -32.05898666381836 0.005338149610906839 -0.10619018226861954 -0.05696650594472885 -0.9926983714103699
1755701117.181196 0.2686040997505188 11.4755220413208 -31.38412857055664 0.006895718164741993 -0.1022210419178009 -0.055991798639297485 -0.9931607842445374
1755701117.510669 0.41280055046081543 11.296473503112793 -30.82514190673828 0.005502886604517698 -0.10056743770837784 -0.052930742502212524 -0.9935060143470764
1755701117.840417 0.5585551261901855 11.106566429138184 -30.247753143310547 0.004730928689241409 -0.0977819487452507 -0.05180510878562927 -0.9938473701477051
1755701118.236141 0.7356205582618713 10.88391399383545 -29.565441131591797 0.003154688747599721 -0.094666488468647 -0.05175704509019852 -0.9941576719284058
1755701118.5659 0.8725646734237671 10.696779251098633 -28.98369598388672 0.0064630405977368355 -0.09185747057199478 -0.050884850323200226 -0.9944501519203186
1755701118.895675 1.0104572772979736 10.509751319885254 -28.417943954467773 0.003744668560102582 -0.09091975539922714 -0.04854612424969673 -0.9946672916412354
1755701119.291458 1.1860350370407104 10.277193069458008 -27.701738357543945 0.005035134498029947 -0.08728211373090744 -0.047324035316705704 -0.9950461983680725
1755701119.621153 1.3326711654663086 10.079586029052734 -27.092145919799805 0.004535759799182415 -0.08481641858816147 -0.0483025424182415 -0.9952148199081421
1755701119.950941 1.4551842212677002 9.89070987701416 -26.485319137573242 0.008768496103584766 -0.07984912395477295 -0.043799471110105515 -0.9958056211471558
1755701120.280684 1.5689047574996948 9.700596809387207 -25.9053955078125 0.0055683208629488945 -0.07247857004404068 -0.03827513009309769 -0.9966197609901428
1755701120.610462 1.64254891872406 9.509405136108398 -25.323694229125977 0.004020084626972675 -0.052697230130434036 -0.029535658657550812 -0.9981656074523926
1755701120.940236 1.7034845352172852 9.31628704071045 -24.743717193603516 0.002305189846083522 -0.04118559882044792 -0.027095681056380272 -0.9987813830375671
1755701121.26998 1.7508196830749512 9.115914344787598 -24.15704345703125 -0.0007897086325101554 -0.03002825379371643 -0.023851506412029266 -0.9992641806602478
1755701121.599742 1.795474886894226 8.913737297058105 -23.553009033203125 0.0026062605902552605 -0.026548495516180992 -0.020848466083407402 -0.9994267821311951
1755701121.929555 1.8316305875778198 8.712301254272461 -22.95454978942871 -0.0012622261419892311 -0.02237940952181816 -0.017871398478746414 -0.9995890259742737
1755701122.325244 1.8680157661437988 8.461384773254395 -22.244930267333984 -0.004305566195398569 -0.017022501677274704 -0.013782232068479061 -0.9997508525848389
1755701122.655156 1.9108259677886963 8.248749732971191 -21.650793075561523 -0.004965996369719505 -0.01409073919057846 -0.012619471177458763 -0.9998087286949158
1755701122.984749 1.9311823844909668 8.057273864746094 -21.032028198242188 0.0016035164007917047 -0.010065249167382717 -0.010157246142625809 -0.9998965263366699
1755701123.314516 1.9656013250350952 7.849036693572998 -20.40755271911621 0.0014670726377516985 -0.006479442585259676 -0.010172896087169647 -0.9999262094497681
1755701123.644459 1.9711633920669556 7.645423412322998 -19.815147399902344 0.0006477894494310021 -0.003979422152042389 -0.00735225947573781 -0.9999648332595825
1755701123.974042 1.9938092231750488 7.430266380310059 -19.195219039916992 0.0002473299973644316 -0.0036833444610238075 -0.00850834883749485 -0.9999569654464722
1755701124.30381 2.0262367725372314 7.225929260253906 -18.59044647216797 -0.0018978200387209654 -0.002905796281993389 -0.00879344716668129 -0.9999553561210632
1755701124.633606 2.0541133880615234 7.016356945037842 -17.97758674621582 -0.001559204887598753 -0.00569239491596818 -0.009533491916954517 -0.9999371767044067
1755701124.963386 2.089906930923462 6.811037063598633 -17.368648529052734 -0.002800461370497942 -0.006020143162459135 -0.010450479574501514 -0.9999233484268188
1755701125.293128 2.0980494022369385 6.601161003112793 -16.76692771911621 -0.004764812532812357 -0.004074400756508112 -0.008490268141031265 -0.9999443888664246
1755701125.622864 2.1052603721618652 6.40924072265625 -16.14791488647461 0.004179331008344889 -0.0033828786108642817 -0.009567923843860626 -0.9999397993087769
1755701125.952641 2.145186185836792 6.200940132141113 -15.546316146850586 -0.0009072876418940723 -0.007153634447604418 -0.010595342144370079 -0.9999179244041443
1755701126.34834 2.175884962081909 5.939448356628418 -14.821172714233398 -0.007790114264935255 -0.006679296959191561 -0.013661827892065048 -0.9998540282249451
1755701126.678119 2.2203497886657715 5.7296037673950195 -14.189899444580078 -0.0019050408154726028 -0.00958650466054678 -0.01569458469748497 -0.9998290538787842
1755701127.073842 2.2650129795074463 5.484312057495117 -13.459012985229492 0.000617069483269006 -0.014603945426642895 -0.018371060490608215 -0.9997243881225586
1755701127.404125 2.3094582557678223 5.281686305999756 -12.84399700164795 0.0022123856469988823 -0.020832812413573265 -0.019703732803463936 -0.9995864033699036
1755701127.73335 2.361898183822632 5.062771320343018 -12.244863510131836 -0.0026420559734106064 -0.024946073070168495 -0.02142813429236412 -0.9994556903839111
1755701128.063119 2.4229917526245117 4.858012676239014 -11.631872177124023 -0.001522153033874929 -0.02694711647927761 -0.02053907886147499 -0.9994246959686279
1755701128.459029 2.4825637340545654 4.62275505065918 -10.887991905212402 0.0020773899741470814 -0.030130567029118538 -0.02141529507935047 -0.9993144273757935
1755701129.118391 2.5661091804504395 4.359086036682129 -10.097506523132324 0.0011933606583625078 -0.03305799141526222 -0.025122474879026413 -0.9991369843482971
1755701129.975762 2.6751558780670166 4.10122013092041 -9.357417106628418 -0.0030641842167824507 -0.041501183062791824 -0.031080955639481544 -0.9986502528190613
1755701130.767213 2.7843472957611084 3.875796318054199 -8.64714241027832 -0.000764234981033951 -0.05002439767122269 -0.03377002850174904 -0.998176634311676
1755701131.558669 2.9076833724975586 3.6404027938842773 -7.939274311065674 -0.0001473310694564134 -0.0569039024412632 -0.04022684320807457 -0.9975689649581909
1755701132.284141 3.0480282306671143 3.4241220951080322 -7.302987098693848 -0.0020479937084019184 -0.0669192299246788 -0.04362102970480919 -0.9968022704124451
1755701132.943668 3.169471502304077 3.229139804840088 -6.699153900146484 -0.003095177235081792 -0.07172605395317078 -0.04580270126461983 -0.9963673949241638
1755701133.735091 3.3298792839050293 2.9900271892547607 -5.988214492797852 -0.004720922093838453 -0.0778067335486412 -0.04595000296831131 -0.9958978295326233
1755701134.460579 3.4792165756225586 2.7739601135253906 -5.356014251708984 -0.008126846514642239 -0.07822466641664505 -0.04717937111854553 -0.995785653591156
1755701135.581746 3.5627925395965576 2.513430118560791 -4.605217456817627 -0.005921045318245888 -0.031464193016290665 -0.028862522915005684 -0.9990705251693726
1755701136.702946 3.5517213344573975 2.268362522125244 -3.925919771194458 -0.007122720591723919 0.016296222805976868 -0.013067935593426228 -0.9997565150260925
1755701137.626279 3.5230190753936768 1.990064024925232 -3.150808572769165 -0.00733931316062808 0.031253330409526825 -0.008792176842689514 -0.999445915222168
1755701138.35178 3.47066330909729 1.739288568496704 -2.459474802017212 -0.01002093218266964 0.04388249292969704 -0.005780354607850313 -0.9989697337150574
1755701139.143237 3.4098470211029053 1.475195288658142 -1.723100185394287 -0.008708324283361435 0.053224582225084305 -0.0035647565964609385 -0.9985382556915283
1755701139.868722 3.3793411254882812 1.2373442649841309 -1.0691514015197754 -0.011044234968721867 0.044738564640283585 -0.007584381848573685 -0.9989088773727417
1755701140.726104 3.3520100116729736 0.9704110622406006 -0.32902973890304565 -0.008271731436252594 0.028966564685106277 -0.011239123530685902 -0.999483048915863
1755701141.583462 3.3609113693237305 0.7160188555717468 0.3608592450618744 -0.010936658829450607 0.012935013510286808 -0.015364276245236397 -0.9997385740280151
1755701142.24299 3.383532762527466 0.4916131794452667 0.9607125520706177 -0.012957663275301456 0.0034974694717675447 -0.017383266240358353 -0.9997588396072388
1755701143.100383 3.3770971298217773 0.2166544646024704 1.7001980543136597 -0.013524256646633148 0.02613663673400879 -0.005424524191766977 -0.9995522499084473
1755701143.957795 3.34610652923584 -0.06650368869304657 2.466654062271118 -0.012814899906516075 0.029762808233499527 0.00028026080690324306 -0.9994748830795288
1755701144.683254 3.296299457550049 -0.31757861375808716 3.1565794944763184 -0.013685605488717556 0.04082782566547394 0.0059801675379276276 -0.9990546107292175
1755701145.34279 3.262563943862915 -0.5543480515480042 3.791358232498169 -0.014398044906556606 0.035553451627492905 0.0047256737016141415 -0.9992529153823853
1755701146.068252 3.248331069946289 -0.8043051362037659 4.439719200134277 -0.018110621720552444 0.02165304869413376 0.0018090876983478665 -0.9995998740196228
1755701146.266114 3.243642807006836 -0.8583039045333862 4.625972747802734 -0.006001582369208336 0.024400901049375534 0.002418045187368989 -0.999681293964386
1755701146.529924 3.233757495880127 -0.9013926982879639 4.720621585845947 -0.009855630807578564 0.025577174499630928 0.003956696949899197 -0.9996164441108704
