1732804200.177016 -0.0 -0.0 -0.0 -0.0 -0.0 -0.0 1.0
1732804202.577015 0.015092919580638409 -0.0660008117556572 0.1741713434457779 0.007148515433073044 0.007465978618711233 0.004174981731921434 0.999937891960144
1732804203.177027 0.04677967727184296 -0.29409879446029663 0.8056225776672363 0.013611160218715668 0.015031055547297001 0.003216472454369068 0.9997892379760742
1732804203.776717 0.08902785927057266 -0.5462088584899902 1.5203019380569458 0.013234080746769905 0.0224912166595459 0.0015240844804793596 0.9996582865715027
1732804204.176877 0.11866560578346252 -0.7456026673316956 2.085463762283325 0.011192724108695984 0.019399384036660194 0.003537485608831048 0.9997429251670837
1732804204.710227 0.09291096776723862 -0.9799407124519348 2.701505661010742 0.016155296936631203 -0.007553617469966412 -0.011156952008605003 0.9997787475585938
1732804205.243655 0.04994997754693031 -1.2097978591918945 3.2984437942504883 0.023103827610611916 -0.023235676810145378 -0.017456624656915665 0.9993105530738831
1732804205.776853 0.008972849696874619 -1.450443148612976 3.9557931423187256 0.020686954259872437 -0.027521565556526184 -0.01950860396027565 0.9992167353630066
1732804206.17684 -0.03149210289120674 -1.6460063457489014 4.464491367340088 0.024066852405667305 -0.03549514710903168 -0.022051377221941948 0.9988366365432739
1732804206.776896 -0.18445509672164917 -1.9309381246566772 5.237491130828857 0.021782713010907173 -0.08441808074712753 -0.04243430122733116 0.9952881336212158
1732804207.376773 -0.32852503657341003 -2.2010843753814697 5.961163520812988 0.021097365766763687 -0.09230247139930725 -0.04083644598722458 0.9946696162223816
1732804207.97684 -0.47345343232154846 -2.4477999210357666 6.604548931121826 0.022572116926312447 -0.09853296726942062 -0.043156061321496964 0.9939413070678711
1732804208.576807 -0.6217853426933289 -2.6918020248413086 7.239042282104492 0.02675001136958599 -0.10293471068143845 -0.04518235847353935 0.9933013319969177
1732804209.176767 -0.7723392844200134 -2.945331335067749 7.88700008392334 0.026157978922128677 -0.1077933982014656 -0.046841707080602646 0.9927246570587158
1732804209.776755 -0.8982322216033936 -3.197477102279663 8.537443161010742 0.025005783885717392 -0.09305960685014725 -0.039883192628622055 0.9945471882820129
1732804210.376745 -1.03360116481781 -3.4475927352905273 9.178086280822754 0.02633359469473362 -0.0988132506608963 -0.03932219743728638 0.9939799904823303
1732804210.97728 -1.1742477416992188 -3.703845262527466 9.839066505432129 0.027012456208467484 -0.1013445258140564 -0.03834547847509384 0.9937451481819153
1732804211.576741 -1.3136372566223145 -3.9614903926849365 10.499491691589355 0.028017766773700714 -0.105948306620121 -0.03522944450378418 0.9933523535728455
1732804212.17668 -1.4729727506637573 -4.214120864868164 11.14648151397705 0.028734948486089706 -0.11757856607437134 -0.03932240977883339 0.9918686747550964
1732804212.776882 -1.7147735357284546 -4.4448747634887695 11.776806831359863 0.02292034402489662 -0.17188140749931335 -0.06203975901007652 0.982895016670227
1732804213.176656 -1.9504042863845825 -4.594801902770996 12.105708122253418 0.032611530274152756 -0.2574354112148285 -0.09253782778978348 0.9613013863563538
1732804213.776623 -2.3630971908569336 -4.786965370178223 12.545652389526367 0.035354819148778915 -0.34910911321640015 -0.11186546087265015 0.9297091364860535
1732804214.376638 -2.849336624145508 -4.972073554992676 12.986921310424805 0.02811494469642639 -0.3879243731498718 -0.11782874166965485 0.9136961698532104
1732804214.976715 -3.4609127044677734 -5.087315559387207 13.271387100219727 0.019663188606500626 -0.5031590461730957 -0.1710992306470871 0.8468586206436157
1732804215.576542 -4.12874698638916 -5.183536052703857 13.498441696166992 0.025986013934016228 -0.5325573682785034 -0.18610329926013947 0.8252714276313782
1732804216.176562 -4.772740364074707 -5.315291404724121 13.879308700561523 0.024166569113731384 -0.4348018765449524 -0.16102124750614166 0.8856835961341858
1732804216.576668 -4.984726905822754 -5.453908443450928 14.18664836883545 0.03386055305600166 -0.2727322280406952 -0.09441952407360077 0.9568467140197754
1732804217.376511 -5.3412322998046875 -5.505998611450195 14.345170974731445 0.02715841494500637 -0.43380826711654663 -0.15874359011650085 0.8864949345588684
1732804218.176493 -6.07406759262085 -5.5615129470825195 14.481204986572266 0.021862627938389778 -0.5324367880821228 -0.1953650712966919 0.8233259916305542
1732804218.776419 -6.70424222946167 -5.650760650634766 14.681337356567383 0.02771742083132267 -0.5493411421775818 -0.19912081956863403 0.8110529780387878
1732804219.376458 -7.162112712860107 -5.665146350860596 14.699932098388672 0.026652729138731956 -0.6496320366859436 -0.2329643964767456 0.7231842279434204
1732804220.24319 -7.822579383850098 -5.6634368896484375 14.663106918334961 0.03127521649003029 -0.6728358864784241 -0.24290208518505096 0.6980775594711304
1732804220.976385 -8.532593727111816 -5.652679920196533 14.629928588867188 0.02791655622422695 -0.677819013595581 -0.25469082593917847 0.6891405582427979
1732804221.77639 -9.221518516540527 -5.654846668243408 14.568926811218262 0.04019387811422348 -0.6936681270599365 -0.2540641129016876 0.6728005409240723
1732804222.376563 -9.54476547241211 -5.577685832977295 14.359987258911133 0.03940090537071228 -0.7607375383377075 -0.2783523201942444 0.58501797914505
1732804223.043057 -9.863121032714844 -5.418031215667725 13.990178108215332 0.03588453307747841 -0.8216607570648193 -0.3104418218135834 0.4766673743724823
1732804223.709607 -10.443981170654297 -5.262603282928467 13.629419326782227 0.03524583578109741 -0.8226552605628967 -0.32301366329193115 0.4665386974811554
1732804224.509643 -10.906543731689453 -5.164078235626221 13.280821800231934 0.043372128158807755 -0.8511329889297485 -0.30637937784194946 0.4240557551383972
1732804225.709597 -11.404569625854492 -5.0455322265625 12.76278305053711 0.02501455321907997 -0.8962956070899963 -0.280192106962204 0.3428133726119995
1732804226.976394 -12.125931739807129 -4.931990146636963 12.434514045715332 0.004605176392942667 -0.8233585953712463 -0.2686525285243988 0.49988532066345215
1732804227.709537 -12.832019805908203 -4.78239107131958 12.047228813171387 0.015487182885408401 -0.8173844814300537 -0.2852242887020111 0.5002896785736084
1732804228.509678 -13.488722801208496 -4.674736976623535 11.653749465942383 0.03687337785959244 -0.8248177170753479 -0.27742817997932434 0.4912736415863037
1732804229.509481 -14.0933256149292 -4.54300594329834 11.227975845336914 0.035893917083740234 -0.8510183095932007 -0.29216060042381287 0.4348812401294708
1732804230.309437 -14.653855323791504 -4.416057586669922 10.763465881347656 0.03997546806931496 -0.8595704436302185 -0.2877863347530365 0.42038044333457947
1732804230.909403 -15.133635520935059 -4.330952167510986 10.368744850158691 0.044672269374132156 -0.8661043643951416 -0.2755553424358368 0.4146527647972107
1732804231.576101 -15.65774154663086 -4.217844486236572 9.929726600646973 0.04275733605027199 -0.868120014667511 -0.2772800922393799 0.40945714712142944
1732804232.175898 -16.136024475097656 -4.112606525421143 9.53982925415039 0.035544682294130325 -0.8691125512123108 -0.2813901901245117 0.4052153527736664
1732804232.77625 -16.568532943725586 -4.012824535369873 9.171247482299805 0.03504640981554985 -0.8699902892112732 -0.2832406163215637 0.4020738899707794
1732804233.376019 -16.98175048828125 -3.91456937789917 8.813108444213867 0.03535072132945061 -0.8713433742523193 -0.2826920449733734 0.39949512481689453
1732804234.309344 -17.614273071289062 -3.765273332595825 8.265889167785645 0.034302860498428345 -0.872397243976593 -0.28485408425331116 0.39573293924331665
1732804235.175831 -18.176118850708008 -3.6274027824401855 7.753870010375977 0.036429762840270996 -0.8734544515609741 -0.2831164598464966 0.3944556713104248
1732804236.109269 -18.772075653076172 -3.4804649353027344 7.222076416015625 0.03460388630628586 -0.8754721283912659 -0.2860042452812195 0.38801127672195435
1732804236.975971 -19.259536743164062 -3.327479600906372 6.696165084838867 0.0337727852165699 -0.8855937123298645 -0.291185587644577 0.3602696359157562
1732804237.909046 -19.78439712524414 -3.1625638008117676 6.132411003112793 0.034109849482774734 -0.8903636336326599 -0.2927784025669098 0.34694379568099976
1732804238.57586 -20.17552375793457 -3.0315535068511963 5.697028160095215 0.03194598853588104 -0.8929777145385742 -0.2950183153152466 0.33842936158180237
1732804239.309201 -20.61507797241211 -2.869764804840088 5.18646240234375 0.032287128269672394 -0.8938648104667664 -0.30019181966781616 0.33143350481987
1732804240.176481 -21.139984130859375 -2.6836493015289307 4.557283401489258 0.036539264023303986 -0.8964850902557373 -0.2993438243865967 0.324611634016037
1732804240.776048 -21.533721923828125 -2.546603202819824 4.073875427246094 0.03902541473507881 -0.8998161554336548 -0.2953019142150879 0.31875506043434143
1732804241.309121 -22.029430389404297 -2.342825412750244 3.4587554931640625 0.038023773580789566 -0.8997089862823486 -0.30199334025382996 0.3128546178340912
1732804241.709219 -22.427698135375977 -2.1838717460632324 2.946958541870117 0.042268428951501846 -0.9016036987304688 -0.30034521222114563 0.30841031670570374
1732804242.109144 -22.829708099365234 -2.018136978149414 2.4313488006591797 0.04195762798190117 -0.900684118270874 -0.30798041820526123 0.30357199907302856
1732804242.5091 -23.22103500366211 -1.841435432434082 1.9120712280273438 0.04284484684467316 -0.9009345173835754 -0.3112812936306 0.2993081510066986
1732804242.909091 -23.6082763671875 -1.6760454177856445 1.3853416442871094 0.046826910227537155 -0.9034600853919983 -0.30810606479644775 0.2943430542945862
1732804243.309164 -24.00385284423828 -1.503852367401123 0.8512306213378906 0.04585844278335571 -0.9045775532722473 -0.3081546127796173 0.29099348187446594
1732804243.709057 -24.379398345947266 -1.3412718772888184 0.3213672637939453 0.04896826297044754 -0.9068089723587036 -0.30430927872657776 0.28756827116012573
1732804244.10914 -24.778459548950195 -1.1771392822265625 -0.21087646484375 0.04477785900235176 -0.9045255184173584 -0.30444663763046265 0.29519638419151306
1732804244.442356 -25.129535675048828 -1.0485124588012695 -0.6513595581054688 0.045258019119501114 -0.9024153351783752 -0.2983962297439575 0.30750271677970886
1732804244.909044 -25.64307975769043 -0.8766059875488281 -1.2226448059082031 0.04110439121723175 -0.891278088092804 -0.2984873354434967 0.33887940645217896
1732804245.384233 -26.154109954833984 -0.7111492156982422 -1.7918548583984375 0.039642300456762314 -0.8916683197021484 -0.2955983579158783 0.34055519104003906
1732804245.842408 -26.65134048461914 -0.5573806762695312 -2.3400115966796875 0.03702472895383835 -0.8915897011756897 -0.29437023401260376 0.3421158194541931
1732804246.309003 -27.160564422607422 -0.39557838439941406 -2.8737525939941406 0.03780260682106018 -0.8859371542930603 -0.2969014048576355 0.35431063175201416
1732804246.842272 -27.733768463134766 -0.2326221466064453 -3.455564498901367 0.03677954152226448 -0.8859896659851074 -0.29271844029426575 0.3577507734298706
1732804247.242308 -28.155426025390625 -0.10155010223388672 -3.8826637268066406 0.03669124096632004 -0.8843782544136047 -0.29471224546432495 0.36010223627090454
1732804247.642266 -28.570974349975586 0.02134990692138672 -4.303371429443359 0.03524113446474075 -0.8830099701881409 -0.29615652561187744 0.36241260170936584
1732804248.042261 -28.985300064086914 0.1511678695678711 -4.723258972167969 0.03795015439391136 -0.8831999897956848 -0.2937583923339844 0.36362558603286743
1732804248.442276 -29.41256332397461 0.288482666015625 -5.1462860107421875 0.03471723571419716 -0.8818992972373962 -0.29729750752449036 0.3642288148403168
1732804248.842254 -29.834136962890625 0.4054374694824219 -5.558494567871094 0.03259663283824921 -0.8834084868431091 -0.29224592447280884 0.36485522985458374
1732804249.442048 -30.45313262939453 0.5932550430297852 -6.1773223876953125 0.026829775422811508 -0.8830454349517822 -0.2934054434299469 0.3652728199958801
1732804249.842289 -30.89008331298828 0.7176494598388672 -6.5846099853515625 0.02587268315255642 -0.8794090151786804 -0.29194924235343933 0.3751481771469116
1732804250.242198 -31.32171058654785 0.8455514907836914 -7.0018768310546875 0.028285877779126167 -0.8790667057037354 -0.29096850752830505 0.376535564661026
1732804250.642194 -31.744342803955078 0.9592781066894531 -7.4058380126953125 0.028568489477038383 -0.8797819018363953 -0.2871634066104889 0.377763032913208
1732804251.042245 -32.167903900146484 1.0800495147705078 -7.811004638671875 0.03112570196390152 -0.8787325620651245 -0.28887131810188293 0.37870004773139954
1732804251.442149 -32.59539794921875 1.2007970809936523 -8.211509704589844 0.03297847509384155 -0.8773471713066101 -0.2914895713329315 0.379747599363327
1732804251.842356 -33.021484375 1.3234338760375977 -8.612037658691406 0.03290719538927078 -0.8763279914855957 -0.29294347763061523 0.3809862732887268
1732804252.24196 -33.453590393066406 1.431875228881836 -8.992290496826172 0.03464723750948906 -0.8719860315322876 -0.2887739837169647 0.3937632143497467
1732804252.642107 -33.8935661315918 1.5380792617797852 -9.370895385742188 0.03254731744527817 -0.8703773021697998 -0.2895013093948364 0.3969546854496002
1732804253.04231 -34.322410583496094 1.6488008499145508 -9.749286651611328 0.03285951539874077 -0.8701012134552002 -0.2886439263820648 0.3981567323207855
1732804253.442132 -34.752662658691406 1.7572879791259766 -10.11651611328125 0.031365446746349335 -0.8698276281356812 -0.28805410861968994 0.399300754070282
1732804253.842093 -35.19182205200195 1.8674917221069336 -10.487918853759766 0.03173596411943436 -0.8694248199462891 -0.2864377200603485 0.4013064503669739
1732804254.242205 -35.62887954711914 1.976658821105957 -10.868549346923828 0.035828497260808945 -0.8684565424919128 -0.28439444303512573 0.40449902415275574
1732804254.642134 -36.15046691894531 2.0988683700561523 -11.304122924804688 0.03567370027303696 -0.8669283390045166 -0.28435975313186646 0.40780168771743774
1732804255.042104 -36.69423294067383 2.2264795303344727 -11.75845718383789 0.03572852909564972 -0.8658117055892944 -0.2857147753238678 0.40921950340270996
1732804255.442066 -37.232948303222656 2.3559303283691406 -12.207954406738281 0.03456922248005867 -0.8638694882392883 -0.2877940237522125 0.4119575619697571
1732804255.842084 -37.757423400878906 2.478181838989258 -12.637847900390625 0.03693539649248123 -0.8627254962921143 -0.28810009360313416 0.41393086314201355
1732804256.242026 -38.26457977294922 2.592134475708008 -13.046863555908203 0.03736759349703789 -0.8623233437538147 -0.2867122292518616 0.41569003462791443
1732804256.642715 -38.76035690307617 2.704803466796875 -13.437442779541016 0.03493141382932663 -0.8613405823707581 -0.28757211565971375 0.4173421859741211
1732804257.04203 -39.26177978515625 2.8144149780273438 -13.830642700195312 0.035384759306907654 -0.8611971139907837 -0.28563904762268066 0.41892457008361816
1732804257.442004 -39.756553649902344 2.923177719116211 -14.217124938964844 0.03553934022784233 -0.8599493503570557 -0.2877933084964752 0.4199991524219513
1732804257.842041 -40.25794982910156 3.0329437255859375 -14.609615325927734 0.0375855527818203 -0.8588839769363403 -0.28864216804504395 0.42141595482826233
1732804258.241994 -40.76566696166992 3.1335220336914062 -15.000850677490234 0.03818667680025101 -0.8599315285682678 -0.2844155728816986 0.4220988154411316
1732804258.642174 -41.25705337524414 3.2452239990234375 -15.387523651123047 0.03827861696481705 -0.8604070544242859 -0.2859318256378174 0.4200923442840576
1732804259.041935 -41.73390197753906 3.3522872924804688 -15.761760711669922 0.037513092160224915 -0.861839234828949 -0.28687456250190735 0.4165680706501007
1732804259.441941 -42.20887756347656 3.4710350036621094 -16.154369354248047 0.03674215078353882 -0.8642721772193909 -0.2894836664199829 0.4097351133823395
1732804259.841926 -42.653987884521484 3.579517364501953 -16.545757293701172 0.03758040443062782 -0.8690627217292786 -0.28814640641212463 0.400361567735672
1732804260.242024 -43.095638275146484 3.6926937103271484 -16.938793182373047 0.03784387931227684 -0.8729206323623657 -0.28926634788513184 0.3910273611545563
1732804260.642025 -43.509796142578125 3.8147926330566406 -17.33740234375 0.037118151783943176 -0.8763638734817505 -0.2942790687084198 0.37948450446128845
1732804261.041945 -43.925933837890625 3.9236812591552734 -17.733158111572266 0.037685152143239975 -0.8769737482070923 -0.29222607612609863 0.3796061873435974
1732804261.441956 -44.343971252441406 4.039098739624023 -18.132705688476562 0.0371345654129982 -0.8787147998809814 -0.2899841070175171 0.37734684348106384
1732804261.841847 -44.75876235961914 4.149858474731445 -18.523967742919922 0.035678520798683167 -0.8804148435592651 -0.28882503509521484 0.37440216541290283
1732804262.242104 -45.18526840209961 4.266546249389648 -18.926952362060547 0.03271464630961418 -0.8811980485916138 -0.28914061188697815 0.37258225679397583
1732804262.641836 -45.615501403808594 4.397769927978516 -19.344268798828125 0.03331637382507324 -0.8784287571907043 -0.2946590781211853 0.3747386038303375
1732804263.041833 -46.059600830078125 4.517581939697266 -19.74671173095703 0.033446669578552246 -0.874527096748352 -0.29351043701171875 0.38462361693382263
1732804263.442206 -46.51657485961914 4.625604629516602 -20.134685516357422 0.03491571545600891 -0.8709045052528381 -0.2897016108036041 0.3954481780529022
1732804263.841623 -46.97870635986328 4.737232208251953 -20.50365447998047 0.03386136516928673 -0.8665339946746826 -0.28829002380371094 0.40603095293045044
1732804264.241744 -47.4417724609375 4.852756500244141 -20.88775634765625 0.03336787596344948 -0.8653981685638428 -0.29028984904289246 0.407068133354187
1732804264.641761 -47.90475082397461 4.966178894042969 -21.267276763916016 0.03394138813018799 -0.8650110960006714 -0.29024165868759155 0.40787678956985474
1732804265.04177 -48.359703063964844 5.071784973144531 -21.64453887939453 0.03396571800112724 -0.86537766456604 -0.2869325280189514 0.4094357490539551
1732804265.441777 -48.809844970703125 5.183591842651367 -22.01516342163086 0.033175043761730194 -0.864777684211731 -0.28915756940841675 0.40920281410217285
1732804265.841763 -49.266563415527344 5.287546157836914 -22.388473510742188 0.033453475683927536 -0.8644928336143494 -0.28817301988601685 0.41047459840774536
1732804266.241743 -49.766502380371094 5.400917053222656 -22.797164916992188 0.032584674656391144 -0.864147961139679 -0.2855856120586395 0.41307076811790466
1732804266.574907 -50.222755432128906 5.507566452026367 -23.171707153320312 0.03089023381471634 -0.8638277649879456 -0.2866530120372772 0.4131312072277069
1732804266.841874 -50.595314025878906 5.589080810546875 -23.472522735595703 0.02950487844645977 -0.8649946451187134 -0.28265368938446045 0.4135464131832123
1732804267.108376 -50.95173645019531 5.674610137939453 -23.76593017578125 0.029874175786972046 -0.8641583323478699 -0.28459614515304565 0.413936048746109
1732804267.57501 -51.5443115234375 5.817960739135742 -24.249244689941406 0.02695981040596962 -0.8644856810569763 -0.2852473855018616 0.41300326585769653
1732804267.975019 -52.04402160644531 5.927940368652344 -24.656158447265625 0.027503471821546555 -0.8658926486968994 -0.2795186936855316 0.4139358103275299
1732804268.375005 -52.54877471923828 6.0413055419921875 -25.062301635742188 0.02388026937842369 -0.8651729226112366 -0.28174883127212524 0.41415366530418396
1732804268.841649 -53.075157165527344 6.160007476806641 -25.495079040527344 0.02388979308307171 -0.8652801513671875 -0.2806341350078583 0.41468551754951477
1732804269.241682 -53.54315948486328 6.263853073120117 -25.86894989013672 0.022284792736172676 -0.8656672239303589 -0.27930083870887756 0.4148671627044678
1732804269.641616 -53.985313415527344 6.370737075805664 -26.22295379638672 0.01891721412539482 -0.8650624752044678 -0.28126052021980286 0.4149717688560486
1732804270.174992 -54.46311950683594 6.479269027709961 -26.604110717773438 0.01994517259299755 -0.8642520904541016 -0.27958282828330994 0.41773658990859985
1732804270.641603 -54.906700134277344 6.561344146728516 -26.907623291015625 0.01840357482433319 -0.8565858006477356 -0.277951717376709 0.4343557059764862
1732804271.374897 -55.5782470703125 6.685707092285156 -27.35736083984375 0.020866721868515015 -0.8508528470993042 -0.27442702651023865 0.44755321741104126
1732804271.841581 -56.013309478759766 6.766504287719727 -27.65283966064453 0.019818797707557678 -0.8495675921440125 -0.27517932653427124 0.4495759904384613
1732804272.57485 -56.66985321044922 6.878427505493164 -28.0933837890625 0.022286374121904373 -0.8487656712532043 -0.27296778559684753 0.45231491327285767
1732804273.174843 -57.230918884277344 6.974721908569336 -28.461074829101562 0.01859968528151512 -0.847192108631134 -0.27369338274002075 0.45498526096343994
1732804273.774954 -57.79660415649414 7.078701019287109 -28.837203979492188 0.019255423918366432 -0.8459682464599609 -0.27264076471328735 0.4578579366207123
1732804274.374841 -58.368629455566406 7.1742095947265625 -29.201034545898438 0.015365243889391422 -0.8445264101028442 -0.27411675453186035 0.45978161692619324
1732804274.974939 -58.946258544921875 7.275699615478516 -29.565231323242188 0.016509540379047394 -0.8433722257614136 -0.2724991738796234 0.46281200647354126
1732804275.374882 -59.34178161621094 7.340791702270508 -29.812896728515625 0.01640716940164566 -0.8438642621040344 -0.2691032588481903 0.46390455961227417
1732804276.041681 -59.991451263427734 7.480663299560547 -30.234275817871094 0.010057779960334301 -0.8439070582389832 -0.28163617849349976 0.45650944113731384
1732804276.574731 -60.52497863769531 7.588897705078125 -30.592636108398438 0.012191174551844597 -0.8456932306289673 -0.2830374538898468 0.45226556062698364
1732804277.174733 -61.095603942871094 7.697038650512695 -30.97528839111328 0.014595738612115383 -0.8497006893157959 -0.274802029132843 0.44975513219833374
1732804277.774842 -61.66006088256836 7.815225601196289 -31.35375213623047 0.009704985655844212 -0.8501272201538086 -0.27783334255218506 0.44721144437789917
1732804278.441346 -62.307674407958984 7.951541900634766 -31.792442321777344 0.008451010100543499 -0.8498058915138245 -0.2786841094493866 0.44731828570365906
1732804279.04134 -62.870418548583984 8.052875518798828 -32.181968688964844 0.011489237658679485 -0.8532164692878723 -0.27121254801750183 0.4453464448451996
1732804279.641342 -63.43849182128906 8.173519134521484 -32.57000732421875 0.01020538154989481 -0.8523175716400146 -0.2760494649410248 0.4441254138946533
1732804280.174673 -63.93065643310547 8.274255752563477 -32.92394256591797 0.014894334599375725 -0.8547133207321167 -0.2724003493785858 0.4416349232196808
1732804280.774693 -64.4766845703125 8.371438980102539 -33.317543029785156 0.014961526729166508 -0.8614367246627808 -0.2662561237812042 0.4322158694267273
1732804281.374648 -64.99716186523438 8.481033325195312 -33.73866271972656 0.01511387899518013 -0.8704249858856201 -0.2717130780220032 0.4102485477924347
1732804281.974641 -65.45771026611328 8.63001823425293 -34.216514587402344 0.015198872424662113 -0.886422336101532 -0.2889842689037323 0.3612653911113739
1732804282.574581 -65.88832092285156 8.774604797363281 -34.724456787109375 0.020545855164527893 -0.8948563933372498 -0.2884982228279114 0.33996886014938354
1732804283.041288 -66.23297882080078 8.893632888793945 -35.139366149902344 0.02268901839852333 -0.8984829783439636 -0.29056113958358765 0.3283105790615082
1732804283.641242 -66.67813873291016 9.084646224975586 -35.69230651855469 0.019997548311948776 -0.8984929323196411 -0.3059333264827728 0.3141900300979614
1732804284.241183 -67.08615112304688 9.263267517089844 -36.249969482421875 0.0258092749863863 -0.9035681486129761 -0.30554214119911194 0.2992364466190338
1732804284.974544 -67.55376434326172 9.505943298339844 -36.9259033203125 0.02851123921573162 -0.90544193983078 -0.31636184453964233 0.28156211972236633
1732804285.574543 -67.92044830322266 9.718292236328125 -37.50787353515625 0.032107073813676834 -0.9085632562637329 -0.32212379574775696 0.26404228806495667
1732804286.041297 -68.1850357055664 9.871047973632812 -37.95240020751953 0.032654229551553726 -0.913835346698761 -0.31799542903900146 0.2504348158836365
1732804286.57431 -68.45851135253906 10.049137115478516 -38.46830749511719 0.031847234815359116 -0.9204897284507751 -0.31828275322914124 0.22445619106292725
1732804287.174445 -68.71138000488281 10.255617141723633 -39.06584167480469 0.02660651132464409 -0.9289555549621582 -0.31884533166885376 0.18620233237743378
1732804287.774846 -68.91291809082031 10.454977035522461 -39.676185607910156 0.025569187477231026 -0.9352905750274658 -0.31900736689567566 0.15103664994239807
1732804288.441117 -69.07377624511719 10.675556182861328 -40.32666778564453 0.027906961739063263 -0.9404696226119995 -0.3191803991794586 0.11341117322444916
1732804289.041072 -69.17477416992188 10.872499465942383 -40.9144287109375 0.030682247132062912 -0.9434483647346497 -0.31959268450737 0.08260957151651382
1732804289.640879 -69.2162857055664 11.079957962036133 -41.51150131225586 0.027638792991638184 -0.9461901187896729 -0.32034435868263245 0.036604687571525574
1732804290.241034 -69.21672821044922 11.308621406555176 -42.109092712402344 0.02587941475212574 -0.94283527135849 -0.33224618434906006 0.0021160407923161983
1732804291.041002 -69.186279296875 11.540262222290039 -42.756710052490234 0.029221156612038612 -0.9446156620979309 -0.3262459933757782 -0.02027362771332264
1732804291.574353 -69.16514587402344 11.69003963470459 -43.16979217529297 0.02621893584728241 -0.9437335729598999 -0.32828736305236816 -0.030116776004433632
1732804292.174396 -69.13365936279297 11.862387657165527 -43.62555694580078 0.025645704939961433 -0.9418103694915771 -0.3326781988143921 -0.04075319692492485
1732804292.641252 -69.09941864013672 11.98653793334961 -43.977054595947266 0.026206685230135918 -0.9425500631332397 -0.329287588596344 -0.04982347786426544
1732804293.574368 -69.01193237304688 12.229127883911133 -44.634925842285156 0.027910754084587097 -0.939716637134552 -0.3337225615978241 -0.0691588819026947
1732804294.640998 -68.89627075195312 12.496001243591309 -45.38747787475586 0.025179067626595497 -0.9401648044586182 -0.32849061489105225 -0.08689117431640625
1732804295.574209 -68.77043151855469 12.751375198364258 -46.05879211425781 0.0245270486921072 -0.9370670914649963 -0.33295783400535583 -0.10218995809555054
1732804296.307508 -68.59664916992188 12.896193504333496 -46.43606185913086 0.02415483258664608 -0.9271844625473022 -0.3289446234703064 -0.1775975376367569
1732804297.307578 -68.3237533569336 13.118425369262695 -47.0483512878418 0.021564530208706856 -0.9238178730010986 -0.3241499066352844 -0.20253998041152954
1732804297.907499 -68.1091079711914 13.274412155151367 -47.47087860107422 0.02080397680401802 -0.9214832782745361 -0.32037264108657837 -0.21862588822841644
1732804298.173973 -67.98365020751953 13.363792419433594 -47.680885314941406 0.024075951427221298 -0.9176685810089111 -0.323849081993103 -0.22896841168403625
1732804298.70742 -67.74195861816406 13.528729438781738 -48.085121154785156 0.027423398569226265 -0.9117311835289001 -0.32583853602409363 -0.2486433982849121
1732804299.107404 -67.53855895996094 13.656530380249023 -48.391605377197266 0.03075329214334488 -0.9073584675788879 -0.32647332549095154 -0.26300203800201416
1732804299.707396 -67.27101135253906 13.870428085327148 -48.86501693725586 0.036788806319236755 -0.9123525023460388 -0.33430102467536926 -0.23345716297626495
1732804300.707397 -67.15100860595703 14.09652042388916 -49.49729537963867 0.02624654769897461 -0.9343888163566589 -0.33270832896232605 -0.12463466078042984
1732804301.307337 -67.01030731201172 14.339104652404785 -50.09920883178711 0.033041443675756454 -0.9320087432861328 -0.34011247754096985 -0.12079527974128723
1732804301.907417 -66.87455749511719 14.55506420135498 -50.68719482421875 0.03563297539949417 -0.937481701374054 -0.3241845369338989 -0.12150214612483978
1732804302.707325 -66.71863555908203 14.874387741088867 -51.47604751586914 0.03163818642497063 -0.9338790774345398 -0.33461612462997437 -0.12206969410181046
1732804303.173956 -66.62358856201172 15.041250228881836 -51.93194580078125 0.02057175524532795 -0.9341712594032288 -0.3334236443042755 -0.12541790306568146
1732804303.773791 -66.49787139892578 15.278451919555664 -52.50545120239258 0.02009410597383976 -0.9324255585670471 -0.3377411663532257 -0.12692391872406006
1732804304.374115 -66.3775405883789 15.488892555236816 -53.07389450073242 0.017756495624780655 -0.9354386329650879 -0.3295808434486389 -0.12655363976955414
1732804305.107248 -66.2084732055664 15.775801658630371 -53.790103912353516 0.02000684291124344 -0.933861255645752 -0.3339458107948303 -0.12642447650432587
1732804305.907289 -66.03916931152344 16.062448501586914 -54.54608154296875 0.020169738680124283 -0.9341819286346436 -0.3330066502094269 -0.12650692462921143
1732804306.707057 -65.86808013916016 16.35504722595215 -55.305423736572266 0.013576901517808437 -0.9337141513824463 -0.3341560363769531 -0.1278020143508911
1732804307.707214 -65.65172576904297 16.69735336303711 -56.09889602661133 -0.0031425755005329847 -0.9205400347709656 -0.3475244343280792 -0.17838998138904572
1732804308.773843 -65.29046630859375 16.96548080444336 -56.724159240722656 -0.01101160328835249 -0.8982627391815186 -0.34529200196266174 -0.2716178596019745
1732804309.773634 -64.81117248535156 17.19521713256836 -57.238460540771484 -0.024047894403338432 -0.849514365196228 -0.33295443654060364 -0.4085199236869812
1732804310.773752 -64.14838409423828 17.383342742919922 -57.66719055175781 -0.029418572783470154 -0.8205585479736328 -0.32113537192344666 -0.47190073132514954
1732804311.573751 -63.47328186035156 17.55813980102539 -58.074188232421875 -0.028412314131855965 -0.8166846036911011 -0.3200705349445343 -0.4793473184108734
1732804312.307317 -62.98682403564453 17.691184997558594 -58.361671447753906 -0.02716049551963806 -0.8122916221618652 -0.3206283152103424 -0.4864586591720581
1732804313.173669 -62.48560333251953 17.816883087158203 -58.653770446777344 -0.027688026428222656 -0.8102314472198486 -0.31771814823150635 -0.4917454719543457
1732804314.173736 -61.89708709716797 17.966293334960938 -58.97639083862305 -0.024131648242473602 -0.806088387966156 -0.3192174732685089 -0.49773427844047546
1732804315.106976 -61.31645965576172 18.109060287475586 -59.296077728271484 -0.023151038214564323 -0.8050355911254883 -0.3151766359806061 -0.5020413398742676
1732804315.973559 -60.751495361328125 18.24000358581543 -59.59905242919922 -0.022030293941497803 -0.8043168187141418 -0.31096917390823364 -0.505852997303009
1732804316.706905 -60.248130798339844 18.360881805419922 -59.8582649230957 -0.018731506541371346 -0.801923930644989 -0.3116455376148224 -0.509356677532196
1732804317.506931 -59.65329360961914 18.49811553955078 -60.16483688354492 -0.020121291279792786 -0.8006406426429749 -0.3102016746997833 -0.5121958255767822
1732804318.106927 -59.07451629638672 18.629610061645508 -60.4510383605957 -0.017114844173192978 -0.7991817593574524 -0.30892691016197205 -0.5153444409370422
1732804318.773783 -58.4096794128418 18.7762451171875 -60.75956726074219 -0.01206739991903305 -0.7965011596679688 -0.3094799220561981 -0.5192904472351074
1732804319.306818 -57.872840881347656 18.8917179107666 -61.007415771484375 -0.008370976895093918 -0.7966600656509399 -0.3051009774208069 -0.5217049717903137
1732804319.906804 -57.268611907958984 19.034351348876953 -61.28831100463867 -0.0062001533806324005 -0.7944036722183228 -0.3077012598514557 -0.5236452221870422
1732804320.506817 -56.684715270996094 19.17930030822754 -61.568973541259766 9.848607442108914e-05 -0.7967962026596069 -0.31199410557746887 -0.5174703001976013
1732804320.973475 -56.22514343261719 19.298900604248047 -61.81904220581055 -0.0003787403693422675 -0.804861307144165 -0.3109361529350281 -0.5054869055747986
1732804321.707017 -55.55750274658203 19.500329971313477 -62.237422943115234 0.002923059742897749 -0.8224164247512817 -0.3161660432815552 -0.4729289412498474
1732804321.973412 -55.29297637939453 19.57736587524414 -62.397850036621094 0.0021102074533700943 -0.8209367394447327 -0.31508156657218933 -0.4762163758277893
1732804322.706802 -54.641334533691406 19.77152442932129 -62.80699157714844 0.0017632402013987303 -0.8228582143783569 -0.31447020173072815 -0.4732966423034668
1732804323.306768 -54.09715270996094 19.93719482421875 -63.15044021606445 0.0012028717901557684 -0.8235247731208801 -0.3163949251174927 -0.4708500802516937
1732804324.106514 -53.37451171875 20.15499496459961 -63.610355377197266 7.73697393015027e-05 -0.8239119648933411 -0.3188478946685791 -0.46851375699043274
1732804324.773511 -52.75758361816406 20.339550018310547 -63.99697494506836 -0.0004856421146541834 -0.8225928544998169 -0.31722700595855713 -0.47191932797431946
1732804325.373374 -52.18806457519531 20.513017654418945 -64.33805084228516 0.0017079843673855066 -0.818523108959198 -0.3199389576911926 -0.47713321447372437
1732804325.906627 -51.6790771484375 20.651203155517578 -64.64109802246094 -0.0015645946841686964 -0.8178010582923889 -0.3146902620792389 -0.48183926939964294
1732804326.57338 -51.03266143798828 20.842941284179688 -65.0001449584961 0.003632724517956376 -0.8114650249481201 -0.32033640146255493 -0.48876985907554626
1732804326.906784 -50.69480895996094 20.926240921020508 -65.17609405517578 0.005007313564419746 -0.8124232292175293 -0.3124667704105377 -0.4922477900981903
1732804327.373216 -50.23511505126953 21.05524444580078 -65.4302978515625 0.005288757849484682 -0.8093861937522888 -0.31479135155677795 -0.49575453996658325
1732804328.106588 -49.4954833984375 21.25661849975586 -65.82229614257812 0.00650793919339776 -0.8051977753639221 -0.3141913115978241 -0.5028896331787109
1732804328.773299 -48.800331115722656 21.45108413696289 -66.18264770507812 0.009898917749524117 -0.8027667999267578 -0.31556010246276855 -0.5058550834655762
1732804329.439897 -48.1126708984375 21.642127990722656 -66.53913879394531 0.010848958976566792 -0.8055630922317505 -0.31180813908576965 -0.5037124156951904
1732804330.106501 -47.44385528564453 21.854442596435547 -66.93434143066406 0.011626584455370903 -0.8136301040649414 -0.31928277015686035 -0.48572561144828796
1732804330.706494 -46.88471221923828 22.06011390686035 -67.33467102050781 0.010441156104207039 -0.8321860432624817 -0.3257075548171997 -0.44863346219062805
1732804331.306496 -46.365257263183594 22.263317108154297 -67.74786376953125 0.010661202482879162 -0.8381544351577759 -0.32779139280319214 -0.43581685423851013
1732804331.906454 -45.836090087890625 22.474700927734375 -68.16532135009766 0.01160275936126709 -0.8388543128967285 -0.3297630250453949 -0.4329494535923004
1732804332.439836 -45.36602020263672 22.66136932373047 -68.53955078125 0.010921820998191833 -0.8406674265861511 -0.32952290773391724 -0.4296204149723053
1732804333.039755 -44.824729919433594 22.873868942260742 -68.95944213867188 0.009184817783534527 -0.8427187204360962 -0.3259504735469818 -0.42836570739746094
1732804333.706719 -44.238563537597656 23.10489273071289 -69.42407989501953 0.007002437021583319 -0.8430678248405457 -0.329726904630661 -0.4248150587081909
1732804334.439729 -43.61859893798828 23.334613800048828 -69.93046569824219 0.0066512878984212875 -0.846338152885437 -0.32461225986480713 -0.42224928736686707
1732804335.039775 -43.0806884765625 23.559795379638672 -70.35404968261719 0.010419478639960289 -0.8440330028533936 -0.3326074481010437 -0.42056167125701904
1732804335.639523 -42.5504150390625 23.764249801635742 -70.77901458740234 0.01032554917037487 -0.8456504344940186 -0.32764801383018494 -0.4212072789669037
1732804336.239742 -41.98100280761719 23.941978454589844 -71.12377166748047 0.009397805668413639 -0.8185341954231262 -0.32087910175323486 -0.4763927161693573
1732804336.839663 -41.37120819091797 24.10057830810547 -71.39736938476562 0.006755059119313955 -0.7920088171958923 -0.31348246335983276 -0.5238370299339294
1732804337.506263 -40.67478942871094 24.24066925048828 -71.62760925292969 0.0010551874293014407 -0.7569668292999268 -0.3056755065917969 -0.5775488615036011
1732804338.239643 -39.90083312988281 24.327892303466797 -71.73884582519531 -0.003009561914950609 -0.7008973956108093 -0.2814444899559021 -0.6553798317909241
1732804338.839697 -39.26934814453125 24.33238410949707 -71.70620727539062 -0.004570373799651861 -0.6186861395835876 -0.24840760231018066 -0.7453189492225647
1732804339.43962 -38.633670806884766 24.29629135131836 -71.52505493164062 -0.010042620822787285 -0.5329779982566833 -0.22453579306602478 -0.8157311081886292
1732804340.039556 -38.00739669799805 24.21769905090332 -71.28634643554688 -0.02065919153392315 -0.5049565434455872 -0.2149306833744049 -0.8357014656066895
1732804340.639622 -37.38274383544922 24.112773895263672 -71.03627014160156 -0.03678302466869354 -0.4997888505458832 -0.20700231194496155 -0.8402429223060608
1732804341.239538 -36.742881774902344 24.00703239440918 -70.73036193847656 -0.022725798189640045 -0.4881571829319 -0.1958697885274887 -0.8501889705657959
1732804341.839515 -36.14366912841797 23.903844833374023 -70.40415954589844 -0.01871444843709469 -0.44821038842201233 -0.1893186718225479 -0.8734504580497742
1732804342.43948 -35.668697357177734 23.734094619750977 -70.00672912597656 -0.04212774336338043 -0.3295147120952606 -0.15123137831687927 -0.9310072064399719
1732804343.106141 -35.204341888427734 23.529769897460938 -69.43928527832031 -0.03291022405028343 -0.2761002779006958 -0.1373094767332077 -0.9507006406784058
1732804343.706136 -34.80804443359375 23.325096130371094 -68.93219757080078 -0.035267654806375504 -0.26726779341697693 -0.1335110068321228 -0.9536765813827515
1732804344.43939 -34.37993621826172 23.1265869140625 -68.34723663330078 -0.023100895807147026 -0.2521110475063324 -0.13700085878372192 -0.9576727747917175
1732804345.506078 -33.95316696166992 22.884113311767578 -67.76734924316406 -0.042343560606241226 -0.2539169490337372 -0.12899059057235718 -0.9576506018638611
1732804346.239486 -33.64598083496094 22.713336944580078 -67.31668853759766 -0.03519243746995926 -0.2562049925327301 -0.12491492927074432 -0.9578709602355957
1732804347.239335 -33.271907806396484 22.488466262817383 -66.68848419189453 -0.02414184994995594 -0.189958393573761 -0.1050463393330574 -0.975857675075531
1732804348.239343 -33.077247619628906 22.221555709838867 -66.05672454833984 -0.03937268629670143 -0.11099013686180115 -0.07620315253734589 -0.9901131391525269
1732804349.239299 -32.96138381958008 21.921335220336914 -65.33069610595703 -0.03570396825671196 -0.036573391407728195 -0.05366680398583412 -0.997249960899353
1732804349.839093 -32.89889144897461 21.690258026123047 -64.73443603515625 -0.029109787195920944 -0.03131202235817909 -0.05123072862625122 -0.9977713227272034
1732804350.439254 -32.84817123413086 21.451305389404297 -64.11763000488281 -0.026735356077551842 -0.026430658996105194 -0.04584745317697525 -0.9982407689094543
1732804351.039227 -32.67433166503906 21.229110717773438 -63.488075256347656 -0.017764411866664886 -0.09948645532131195 -0.07360616326332092 -0.9921537041664124
1732804351.439274 -32.4455451965332 21.134422302246094 -63.18163299560547 -0.009135211817920208 -0.23515018820762634 -0.11690209060907364 -0.9648600220680237
1732804352.639215 -31.73455810546875 20.947006225585938 -62.58612060546875 -0.006000242196023464 -0.37212544679641724 -0.1609313189983368 -0.9141049385070801
1732804353.439187 -31.19244384765625 20.80218505859375 -62.12153625488281 -0.006095568183809519 -0.3693363666534424 -0.16354598104953766 -0.9147711396217346
1732804354.039149 -30.771461486816406 20.683609008789062 -61.74230194091797 -0.005350664723664522 -0.3685217499732971 -0.1613798290491104 -0.9154887199401855
1732804354.839147 -30.15752410888672 20.521957397460938 -61.18159484863281 0.002203385578468442 -0.36281609535217285 -0.15989576280117035 -0.9180375933647156
1732804355.439141 -29.679372787475586 20.384532928466797 -60.72460174560547 -0.0012565588112920523 -0.35381653904914856 -0.14970551431179047 -0.923255443572998
1732804355.905712 -29.314254760742188 20.27126693725586 -60.3629035949707 0.00017366731481160969 -0.348601371049881 -0.14405584335327148 -0.926134467124939
1732804356.505866 -28.890872955322266 20.11945152282715 -59.902259826660156 -0.007890558801591396 -0.33043864369392395 -0.13399094343185425 -0.9342347383499146
1732804357.039068 -28.513874053955078 19.988967895507812 -59.45128631591797 -0.0006364110740832984 -0.30986806750297546 -0.13255205750465393 -0.9414941668510437
1732804357.706149 -28.052135467529297 19.811731338500977 -58.87887191772461 -0.0030165675561875105 -0.29809096455574036 -0.12294838577508926 -0.9465814828872681
1732804358.239497 -27.614059448242188 19.70783042907715 -58.51499557495117 -0.0002040934341493994 -0.37684938311576843 -0.14300377666950226 -0.9151690602302551
1732804358.639389 -27.280719757080078 19.6263370513916 -58.2383918762207 -0.0008490577456541359 -0.3780190944671631 -0.14565131068229675 -0.9142683744430542
1732804359.105717 -26.876224517822266 19.5236873626709 -57.88352966308594 0.0025566760450601578 -0.3730802834033966 -0.14449608325958252 -0.916474461555481
1732804359.572352 -26.477832794189453 19.421743392944336 -57.5399169921875 0.0005630367086268961 -0.3700641989707947 -0.1427467316389084 -0.9179736375808716
1732804360.239368 -25.906007766723633 19.28638458251953 -57.05195999145508 0.0036988481879234314 -0.3876180946826935 -0.14484873414039612 -0.9103611707687378
1732804360.572335 -25.607616424560547 19.22650909423828 -56.85770797729492 0.004146155435591936 -0.41758275032043457 -0.1541876196861267 -0.8954516649246216
1732804361.372119 -24.936920166015625 19.082504272460938 -56.353599548339844 0.0023884151596575975 -0.40893056988716125 -0.14993301033973694 -0.9001612067222595
1732804362.038926 -24.340702056884766 18.96651840209961 -55.903629302978516 0.006825238931924105 -0.4031884968280792 -0.15205998718738556 -0.9023692607879639
1732804362.438888 -23.973478317260742 18.875375747680664 -55.615196228027344 0.0003811597707681358 -0.4014245271682739 -0.1479056179523468 -0.903870701789856
1732804363.772258 -22.72661590576172 18.599863052368164 -54.61845016479492 0.0016238420503214002 -0.3878936171531677 -0.1439306139945984 -0.9103955030441284
1732804364.772952 -21.727405548095703 18.392925262451172 -53.9468879699707 0.0007154144113883376 -0.45335105061531067 -0.165327787399292 -0.8758648037910461
1732804365.438809 -21.01770782470703 18.266008377075195 -53.54100799560547 -0.00818039570003748 -0.4447711110115051 -0.16885744035243988 -0.879544734954834
1732804365.972162 -20.418041229248047 18.17046356201172 -53.18865203857422 -0.007220120169222355 -0.4409567713737488 -0.17499609291553497 -0.8802735209465027
1732804366.438803 -19.86600685119629 18.082677841186523 -52.86478042602539 -0.0028177653439342976 -0.444670706987381 -0.17857258021831512 -0.8777083158493042
1732804366.838842 -19.372695922851562 18.00836944580078 -52.578758239746094 -0.001042955438606441 -0.44756150245666504 -0.17998412251472473 -0.8759528398513794
1732804367.371928 -18.749496459960938 17.904834747314453 -52.225341796875 -0.006803455762565136 -0.4472641944885254 -0.1781315803527832 -0.8764574527740479
1732804367.972059 -18.079076766967773 17.796525955200195 -51.81800842285156 -0.00010084545647259802 -0.4415592849254608 -0.17616881430149078 -0.8797670006752014
1732804368.572049 -17.51287841796875 17.639806747436523 -51.36316680908203 -0.008327689953148365 -0.3749561011791229 -0.1472013294696808 -0.91524338722229
1732804369.172033 -17.057525634765625 17.47850227355957 -50.85388946533203 -0.0068103112280368805 -0.3294282555580139 -0.12916336953639984 -0.9352794289588928
1732804369.772036 -16.64129066467285 17.312992095947266 -50.34131622314453 -0.007234843913465738 -0.3027460277080536 -0.11988257616758347 -0.945473849773407
1732804370.438663 -16.179319381713867 17.12357521057129 -49.77099609375 -0.006323705427348614 -0.29738694429397583 -0.1165415421128273 -0.9475964903831482
1732804370.771979 -15.940707206726074 17.02670669555664 -49.47215270996094 -0.0061994693242013454 -0.29671892523765564 -0.115188367664814 -0.9479721188545227
1732804371.438701 -15.43742561340332 16.839975357055664 -48.92596435546875 -0.00435141334310174 -0.3243171274662018 -0.12385904043912888 -0.9377944469451904
1732804371.972004 -14.995634078979492 16.704601287841797 -48.498085021972656 -0.005455387756228447 -0.33534207940101624 -0.1299596130847931 -0.9330736994743347
1732804372.572127 -14.506569862365723 16.55164909362793 -48.002525329589844 -0.0019911713898181915 -0.3337322771549225 -0.13107092678546906 -0.933509111404419
1732804373.038443 -14.127278327941895 16.41670036315918 -47.61859893798828 -0.00798116996884346 -0.3360194265842438 -0.12757878005504608 -0.9331403374671936
1732804373.638706 -13.625757217407227 16.2650146484375 -47.14086151123047 -0.007390535902231932 -0.3373643755912781 -0.13593941926956177 -0.9314780235290527
1732804374.238605 -13.11584758758545 16.111167907714844 -46.6558837890625 -0.005743023473769426 -0.33725884556770325 -0.13825605809688568 -0.9311867356300354
1732804374.838553 -12.621231079101562 15.964534759521484 -46.17826461791992 -0.004958894103765488 -0.3384864032268524 -0.14129415154457092 -0.9302894473075867
1732804375.438564 -12.11888313293457 15.82468032836914 -45.69906997680664 -0.002754698973149061 -0.34178999066352844 -0.1402941793203354 -0.929241418838501
1732804376.038327 -11.627321243286133 15.663657188415527 -45.22236633300781 -0.007637386210262775 -0.3473469018936157 -0.1333480328321457 -0.9281757473945618
1732804376.638651 -11.134610176086426 15.507726669311523 -44.740875244140625 -0.008044452406466007 -0.3490811288356781 -0.12870505452156067 -0.9281771183013916
1732804377.238477 -10.647418975830078 15.353296279907227 -44.29176712036133 -0.007497783750295639 -0.3486303389072418 -0.12923599779605865 -0.9282773733139038
1732804377.838493 -10.165915489196777 15.19539737701416 -43.81732177734375 -0.0051347361877560616 -0.34352585673332214 -0.12606145441532135 -0.9306299686431885
1732804378.43845 -9.686920166015625 15.043658256530762 -43.31890106201172 -0.0004882224020548165 -0.3315078616142273 -0.12432537972927094 -0.9352248907089233
1732804378.97174 -9.307394027709961 14.889554977416992 -42.85822677612305 -0.002072717063128948 -0.2989034652709961 -0.11189433187246323 -0.9476982951164246
1732804379.571708 -9.01303768157959 14.704519271850586 -42.29231643676758 -0.002255709609016776 -0.20001544058322906 -0.08307194709777832 -0.9762621521949768
1732804380.171701 -8.757495880126953 14.496358871459961 -41.695648193359375 -0.005599144380539656 -0.1737898737192154 -0.07414402812719345 -0.9819716811180115
1732804380.771685 -8.502923011779785 14.283111572265625 -41.07550811767578 -0.004401920363306999 -0.16951121389865875 -0.06729841232299805 -0.9832179546356201
1732804381.371758 -8.268754005432129 14.07425308227539 -40.47925567626953 -0.009386260993778706 -0.1614704430103302 -0.06556084752082825 -0.9846527576446533
1732804381.971666 -8.065873146057129 13.860594749450684 -39.85923385620117 -0.006758030969649553 -0.1369713991880417 -0.055893875658512115 -0.9889737367630005
1732804382.571648 -7.906846523284912 13.650725364685059 -39.23103332519531 -0.003954349085688591 -0.11539790034294128 -0.04778044670820236 -0.9921616315841675
1732804383.171643 -7.744301795959473 13.430068016052246 -38.59849166870117 -0.003203010419383645 -0.11131790280342102 -0.04100858047604561 -0.9929332733154297
1732804383.771618 -7.589880466461182 13.212828636169434 -37.96414566040039 -0.004602538421750069 -0.10513366013765335 -0.037303030490875244 -0.9937475919723511
1732804384.371434 -7.4512104988098145 12.998416900634766 -37.3433837890625 -0.003536226926371455 -0.09944528341293335 -0.03385208919644356 -0.9944607615470886
1732804384.971621 -7.321491718292236 12.782424926757812 -36.70124053955078 -0.0010358705185353756 -0.09509152173995972 -0.029854901134967804 -0.9950202703475952
1732804385.571743 -7.188222408294678 12.572890281677246 -36.07511901855469 -0.0008046191651374102 -0.09148726612329483 -0.02697671391069889 -0.9954404830932617
1732804386.171537 -7.062131404876709 12.356337547302246 -35.46156692504883 -0.004719110205769539 -0.08712933957576752 -0.025266127660870552 -0.9958654046058655
1732804386.838222 -6.935783386230469 12.118584632873535 -34.7653694152832 -0.004693205468356609 -0.08354400098323822 -0.023654069751501083 -0.9962122440338135
1732804387.571349 -6.7932939529418945 11.867283821105957 -34.015357971191406 -0.001536477473564446 -0.078509122133255 -0.02510124072432518 -0.9965961575508118
1732804388.171553 -6.689087390899658 11.661633491516113 -33.395263671875 0.001938274479471147 -0.07419522106647491 -0.025558676570653915 -0.996914267539978
1732804388.771471 -6.587945938110352 11.450408935546875 -32.771644592285156 -0.0032723371405154467 -0.0705452561378479 -0.027122853323817253 -0.9971343874931335
1732804389.371579 -6.489660263061523 11.239459037780762 -32.158164978027344 -0.002186047611758113 -0.06724020093679428 -0.026114976033568382 -0.9973925948143005
1732804389.971587 -6.360680103302002 11.026618003845215 -31.537446975708008 -0.0035521816462278366 -0.09156189113855362 -0.032991599291563034 -0.9952464699745178
1732804390.571402 -6.1685075759887695 10.810914993286133 -30.89828109741211 -0.001690215663984418 -0.12847411632537842 -0.04296799749135971 -0.9907801747322083
1732804391.104722 -5.961478233337402 10.62671947479248 -30.361934661865234 -0.006562341470271349 -0.15331526100635529 -0.04961106926202774 -0.9869093894958496
1732804391.771462 -5.71373987197876 10.399528503417969 -29.692127227783203 -0.0035778300371021032 -0.15880954265594482 -0.04897558316588402 -0.9860873222351074
1732804392.504725 -5.44214391708374 10.145027160644531 -28.97300910949707 -0.0032799181062728167 -0.1647370159626007 -0.04572225734591484 -0.9852718114852905
1732804393.171167 -5.175970554351807 9.91208267211914 -28.296844482421875 -0.0013704375596717 -0.16814303398132324 -0.04470058158040047 -0.9847476482391357
1732804393.771315 -4.9485673904418945 9.703238487243652 -27.67769432067871 -0.000132337911054492 -0.15701694786548615 -0.04172101244330406 -0.9867143034934998
1732804394.371288 -4.745255470275879 9.48205280303955 -27.060483932495117 -0.005062604323029518 -0.14232474565505981 -0.035822734236717224 -0.9891586303710938
1732804394.971294 -4.57426118850708 9.267626762390137 -26.438465118408203 -0.0057304478250443935 -0.12056971341371536 -0.02947137877345085 -0.9922508001327515
1732804395.571321 -4.445180416107178 9.046186447143555 -25.806846618652344 -0.005070941522717476 -0.09704329073429108 -0.020780084654688835 -0.995050311088562
1732804396.171086 -4.339599609375 8.82113265991211 -25.16200828552246 -0.004144652280956507 -0.07780099660158157 -0.013855432160198689 -0.9968640208244324
1732804396.77123 -4.25302791595459 8.589713096618652 -24.517627716064453 -0.005694238469004631 -0.06372158229351044 -0.007197987288236618 -0.9979255199432373
1732804397.371205 -4.194930076599121 8.35680103302002 -23.876861572265625 -0.009696032851934433 -0.05070348456501961 0.0017509438330307603 -0.9986651539802551
1732804397.771201 -4.157960891723633 8.203383445739746 -23.436443328857422 -0.008235536515712738 -0.04254171624779701 0.0059304386377334595 -0.9990432262420654
1732804398.304525 -4.115177154541016 7.998719692230225 -22.858640670776367 -0.00635879160836339 -0.035878490656614304 0.0067249927669763565 -0.9993132948875427
1732804398.90434 -4.0712480545043945 7.769436836242676 -22.208913803100586 -0.0059892344288527966 -0.029087373986840248 0.008075163699686527 -0.9995263814926147
1732804399.504475 -4.0164265632629395 7.538355827331543 -21.538982391357422 -0.005829364061355591 -0.03501073271036148 0.005126730538904667 -0.9993568062782288
1732804400.104452 -3.9701175689697266 7.316193103790283 -20.88364601135254 1.3189179298933595e-05 -0.03724728152155876 0.007248362526297569 -0.999279797077179
1732804400.70652 -3.9297587871551514 7.0844879150390625 -20.246646881103516 -0.005994831677526236 -0.03510144352912903 0.011699101887643337 -0.9992973208427429
1732804401.304463 -3.884791612625122 6.858802795410156 -19.5952205657959 -0.0047978549264371395 -0.031416431069374084 0.012906708754599094 -0.9994115233421326
1732804401.904251 -3.843838691711426 6.6332173347473145 -18.960670471191406 -0.007095434702932835 -0.02740808203816414 0.01154195424169302 -0.9995325207710266
1732804402.571284 -3.80385160446167 6.384674549102783 -18.24962615966797 -0.0013355071423575282 -0.0235754381865263 0.011304747313261032 -0.9996572732925415
1732804403.171062 -3.7671172618865967 6.161654949188232 -17.585939407348633 -0.0006458837306126952 -0.025247856974601746 0.010115067474544048 -0.9996298551559448
1732804403.771027 -3.74001145362854 5.930905818939209 -16.961015701293945 -0.010783294215798378 -0.021395040675997734 0.012905653566122055 -0.9996297359466553
1732804404.371035 -3.704827070236206 5.702444076538086 -16.31889533996582 -0.008730487897992134 -0.018616773188114166 0.011157565750181675 -0.9997263550758362
1732804404.9042 -3.68420672416687 5.506747245788574 -15.72917652130127 -0.0031820659060031176 -0.01736423559486866 0.01049145869910717 -0.9997891783714294
1732804405.504268 -3.621300458908081 5.272639751434326 -15.074563026428223 -0.004530970007181168 -0.032546043395996094 0.0031595316249877214 -0.9994549751281738
1732804406.104282 -3.5410537719726562 5.04999303817749 -14.434440612792969 -0.006411727052181959 -0.0574338436126709 -0.008395855315029621 -0.998293399810791
1732804406.704262 -3.441655397415161 4.825512409210205 -13.803801536560059 -0.003201260231435299 -0.06477745622396469 -0.012146120890974998 -0.9978206753730774
1732804407.304321 -3.3469464778900146 4.600029468536377 -13.16887092590332 -0.004458300769329071 -0.06803140044212341 -0.010112391784787178 -0.9976219534873962
1732804407.904236 -3.167633056640625 4.368587493896484 -12.535449028015137 -0.0034265939611941576 -0.12601308524608612 -0.03176291286945343 -0.9915140867233276
1732804408.504271 -2.977999687194824 4.147230625152588 -11.91171932220459 -0.0058288490399718285 -0.12880051136016846 -0.030650969594717026 -0.9911796450614929
1732804409.104213 -2.78000807762146 3.924417495727539 -11.30611801147461 -0.00943823717534542 -0.13208679854869843 -0.03356243297457695 -0.9906248450279236
1732804409.704217 -2.573901653289795 3.7061245441436768 -10.684528350830078 -0.0042604925110936165 -0.13543470203876495 -0.03725764527916908 -0.9900763630867004
1732804410.3042 -2.363910436630249 3.489398241043091 -10.085799217224121 -0.007682641502469778 -0.1375306397676468 -0.04037688672542572 -0.9896444082260132
1732804410.904155 -2.1468379497528076 3.270864248275757 -9.486650466918945 -0.007828461937606335 -0.13817082345485687 -0.04494216665625572 -0.9893572330474854
1732804411.504161 -1.9270803928375244 3.0574777126312256 -8.88186264038086 -0.004824099130928516 -0.14093254506587982 -0.04623551294207573 -0.9889272451400757
1732804412.104123 -1.7091069221496582 2.84919810295105 -8.273908615112305 -0.0019110993016511202 -0.14418058097362518 -0.04416804388165474 -0.9885633587837219
1732804412.704215 -1.4901162385940552 2.6312875747680664 -7.701669692993164 -0.009828400798141956 -0.14376035332679749 -0.04241516813635826 -0.9886542558670044
1732804413.303903 -1.2858681678771973 2.410357713699341 -7.11602783203125 -0.010423362255096436 -0.13747918605804443 -0.040721673518419266 -0.989612340927124
1732804413.90404 -1.1117830276489258 2.1964588165283203 -6.529735088348389 -0.00689836498349905 -0.12092380225658417 -0.03625155985355377 -0.991975724697113
1732804414.638419 -0.9099549651145935 1.9382025003433228 -5.860979080200195 -0.006952033378183842 -0.096229687333107 -0.028963809832930565 -0.9949134588241577
1732804415.23736 -0.7812836766242981 1.7217252254486084 -5.27862024307251 -0.009381034411489964 -0.07649211585521698 -0.022683732211589813 -0.996768057346344
1732804415.837327 -0.6651514172554016 1.505649447441101 -4.67030143737793 -0.004862142726778984 -0.06688755005598068 -0.02226978726685047 -0.9975001811981201
1732804416.437148 -0.5608280301094055 1.2811377048492432 -4.0682759284973145 -0.005926330108195543 -0.05836382880806923 -0.020605048164725304 -0.9980651140213013
1732804417.037338 -0.45874258875846863 1.061323642730713 -3.4630544185638428 -0.006648847367614508 -0.05205560848116875 -0.019750263541936874 -0.9984267950057983
1732804417.637285 -0.37215062975883484 0.8491455316543579 -2.844648599624634 -0.002044580178335309 -0.04401429370045662 -0.02002488262951374 -0.998828113079071
1732804418.237309 -0.28667137026786804 0.6306775212287903 -2.2328219413757324 -0.005382500123232603 -0.03996378183364868 -0.01994187943637371 -0.99898761510849
1732804418.837269 -0.20730024576187134 0.40591755509376526 -1.6407285928726196 -0.013067523948848248 -0.03340054675936699 -0.018761929124593735 -0.9991804957389832
1732804419.437214 -0.14631029963493347 0.18049046397209167 -1.0360724925994873 -0.01453908160328865 -0.0333281084895134 -0.013722412288188934 -0.9992445111274719
1732804420.03732 -0.094203881919384 -0.03157025948166847 -0.38701072335243225 -0.0014562311116605997 -0.02922135405242443 -0.011854353360831738 -0.999501645565033
1732804420.637187 -0.04618246480822563 -0.2551160156726837 0.23147602379322052 -0.00910588912665844 -0.023789240047335625 -0.012608079239726067 -0.9995959997177124
1732804421.237294 -0.00787442922592163 -0.47202837467193604 0.85744309425354 -0.009247323498129845 -0.022453879937529564 -0.007828453555703163 -0.9996744990348816
1732804421.83718 0.03215852007269859 -0.6979048848152161 1.4880231618881226 -0.009045170620083809 -0.02242593839764595 -0.007374996319413185 -0.9996803998947144
1732804422.036984 0.05022706463932991 -0.7661527991294861 1.7080491781234741 -0.005739712622016668 -0.02460533007979393 -0.008183863013982773 -0.999647319316864
