1732203252.090223 -0.0 -0.0 -0.0 -0.0 -0.0 -0.0 1.0
1732203254.023687 -0.022171447053551674 -0.054965194314718246 0.12256906181573868 0.008907271549105644 -0.012136894278228283 -0.006782257929444313 0.9998637437820435
1732203254.623481 -0.06510184705257416 -0.27291199564933777 0.7507560849189758 0.007414987310767174 -0.03609079495072365 -0.017197899520397186 0.999173104763031
1732203255.223644 -0.11077447235584259 -0.5051074624061584 1.3875396251678467 0.012992269359529018 -0.039161860942840576 -0.018322857096791267 0.9989804029464722
1732203255.890345 -0.18693014979362488 -0.7693147659301758 2.091809034347534 0.014385816641151905 -0.046263452619314194 -0.02219502627849579 0.9985790848731995
1732203256.490521 -0.2525576651096344 -1.0006030797958374 2.7421278953552246 0.014645006507635117 -0.0495762899518013 -0.025133918970823288 0.9983466863632202
1732203257.023458 -0.3256889879703522 -1.2127563953399658 3.312040090560913 0.015256909653544426 -0.054142944514751434 -0.028299201279878616 0.9980155229568481
1732203257.623622 -0.40399253368377686 -1.4530566930770874 3.958427667617798 0.017707809805870056 -0.060178693383932114 -0.026916472241282463 0.9976675510406494
1732203258.223636 -0.4944542944431305 -1.6923835277557373 4.613443851470947 0.016162974759936333 -0.06380666792392731 -0.030711738392710686 0.9973586797714233
1732203258.823684 -0.5900967717170715 -1.9321142435073853 5.25991678237915 0.01837136223912239 -0.06889060139656067 -0.030251815915107727 0.996996283531189
1732203259.423451 -0.6873283386230469 -2.1648671627044678 5.89725923538208 0.018416207283735275 -0.07269478589296341 -0.03300798684358597 0.9966378211975098
1732203260.090363 -0.8094261884689331 -2.4332547187805176 6.619731426239014 0.01936654932796955 -0.07775279134511948 -0.03502727299928665 0.9961689710617065
1732203260.823598 -0.9601338505744934 -2.725156545639038 7.393571376800537 0.02134018763899803 -0.084039106965065 -0.04023735597729683 0.9954209923744202
1732203261.491102 -1.1049721240997314 -2.985530138015747 8.105426788330078 0.017307516187429428 -0.09099461138248444 -0.04202155023813248 0.9948139190673828
1732203262.223407 -1.34968101978302 -3.2499351501464844 8.842464447021484 0.01623832993209362 -0.15117749571800232 -0.06196856126189232 0.9864287376403809
1732203262.890283 -1.6321160793304443 -3.48466157913208 9.490942001342773 0.013541086576879025 -0.19022764265537262 -0.07447811216115952 0.9788172245025635
1732203263.623613 -2.035874843597412 -3.7373945713043213 10.166482925415039 0.01677553728222847 -0.24069669842720032 -0.09101295471191406 0.9661781787872314
1732203264.290055 -2.4682564735412598 -3.957455635070801 10.744752883911133 0.01829083450138569 -0.2809152603149414 -0.103949636220932 0.9539111852645874
1732203264.823691 -2.8180360794067383 -4.143373012542725 11.220444679260254 0.024105487391352654 -0.2921294867992401 -0.10346734523773193 0.9504598379135132
1732203265.423563 -3.2206079959869385 -4.352810382843018 11.730852127075195 0.03113003633916378 -0.3069832921028137 -0.10526490956544876 0.9453631639480591
1732203266.09022 -3.7277660369873047 -4.564721584320068 12.294343948364258 0.021295255050063133 -0.3358134925365448 -0.11854343861341476 0.9341965317726135
1732203266.823356 -4.364222526550293 -4.752851963043213 12.806829452514648 0.017111198976635933 -0.40477728843688965 -0.14707905054092407 0.9023471474647522
1732203267.490422 -5.007228851318359 -4.881631374359131 13.140318870544434 0.020273452624678612 -0.47337475419044495 -0.17448489367961884 0.8631688356399536
1732203268.223523 -5.769122123718262 -4.988384246826172 13.416715621948242 0.022083789110183716 -0.5362037420272827 -0.19582955539226532 0.8207610249519348
1732203268.823575 -6.418434143066406 -5.047520160675049 13.548479080200195 0.025979699566960335 -0.580650806427002 -0.21025794744491577 0.7861051559448242
1732203269.423321 -7.089344024658203 -5.105391502380371 13.679035186767578 0.025981785729527473 -0.5994522571563721 -0.21500210464000702 0.7705557346343994
1732203270.023542 -7.764583110809326 -5.153253555297852 13.773569107055664 0.025365736335515976 -0.6172199249267578 -0.22119185328483582 0.7546325325965881
1732203270.623495 -8.464649200439453 -5.1849565505981445 13.827495574951172 0.02660076692700386 -0.6373195648193359 -0.2297227382659912 0.7350807785987854
1732203271.223501 -9.149591445922852 -5.20741081237793 13.844880104064941 0.027145184576511383 -0.6575763821601868 -0.23558548092842102 0.7150915861129761
1732203271.823294 -9.835742950439453 -5.217402935028076 13.825027465820312 0.027945157140493393 -0.6705350875854492 -0.24089281260967255 0.7011222839355469
1732203272.490132 -10.570680618286133 -5.228212356567383 13.775521278381348 0.031698986887931824 -0.6876233816146851 -0.2389947921037674 0.6848728656768799
1732203273.090149 -11.281401634216309 -5.223117828369141 13.706452369689941 0.027159838005900383 -0.6986674070358276 -0.24659743905067444 0.671055793762207
1732203273.690162 -11.960719108581543 -5.209148406982422 13.592199325561523 0.027006611227989197 -0.714825451374054 -0.2525827884674072 0.6515344381332397
1732203274.290314 -12.619915962219238 -5.179501056671143 13.447151184082031 0.031733106821775436 -0.7354936599731445 -0.25766071677207947 0.6258220076560974
1732203274.956775 -13.327223777770996 -5.107132911682129 13.186508178710938 0.032291654497385025 -0.7752381563186646 -0.2671440839767456 0.57148677110672
1732203275.623473 -13.904516220092773 -4.997867107391357 12.810479164123535 0.030681084841489792 -0.8343169689178467 -0.28909340500831604 0.4684004485607147
1732203275.956853 -14.132179260253906 -4.911070346832275 12.556074142456055 0.030739951878786087 -0.8633515238761902 -0.3008943796157837 0.40390804409980774
1732203276.623275 -14.50046157836914 -4.7300519943237305 12.010711669921875 0.029942762106657028 -0.8998515009880066 -0.31373685598373413 0.3015623390674591
1732203277.156753 -14.754545211791992 -4.556528091430664 11.500394821166992 0.030600927770137787 -0.9182854294776917 -0.3179421126842499 0.23394103348255157
1732203277.823455 -15.024030685424805 -4.341095924377441 10.85135555267334 0.03320368751883507 -0.9278687834739685 -0.3172830641269684 0.19310221076011658
1732203278.423431 -15.238763809204102 -4.136178016662598 10.256783485412598 0.03326273709535599 -0.932320237159729 -0.31996798515319824 0.16520605981349945
1732203279.023217 -15.412405014038086 -3.940463066101074 9.665611267089844 0.03659747540950775 -0.9378967881202698 -0.31543055176734924 0.13969193398952484
1732203279.756889 -15.614154815673828 -3.7258026599884033 8.954856872558594 0.03771735355257988 -0.9419082403182983 -0.30655890703201294 0.13193951547145844
1732203280.423403 -15.833200454711914 -3.4987728595733643 8.274658203125 0.03238376975059509 -0.9396035671234131 -0.3111092150211334 0.1389513462781906
1732203280.956994 -16.036575317382812 -3.319413185119629 7.709183216094971 0.031009426340460777 -0.9389984607696533 -0.30887627601623535 0.14803989231586456
1732203281.556529 -16.227697372436523 -3.117872953414917 7.085758209228516 0.033837176859378815 -0.9402037262916565 -0.3075089752674103 0.1425141990184784
1732203282.22343 -16.469356536865234 -2.9024219512939453 6.391885757446289 0.03371154144406319 -0.9392892718315125 -0.30643150210380554 0.15066157281398773
1732203282.756722 -16.681461334228516 -2.71567964553833 5.842970848083496 0.032842881977558136 -0.9361947178840637 -0.3084714412689209 0.1652461290359497
1732203283.4234 -16.9516658782959 -2.5068626403808594 5.150827884674072 0.03210117667913437 -0.9360864758491516 -0.3053554594516754 0.17166727781295776
1732203283.823166 -17.165565490722656 -2.3906643390655518 4.7545013427734375 0.02946512959897518 -0.9297449588775635 -0.2993677258491516 0.2123325914144516
1732203286.356504 -17.521785736083984 -2.2124342918395996 4.146671772003174 0.02620181068778038 -0.9251450896263123 -0.29774585366249084 0.2340247631072998
1732203286.957197 -17.790760040283203 -2.1057677268981934 3.7987117767333984 0.023359380662441254 -0.9137445092201233 -0.2950874865055084 0.27829623222351074
1732203287.756654 -18.085147857666016 -1.9975240230560303 3.421222686767578 0.023393061012029648 -0.9084877967834473 -0.2930120527744293 0.2970634400844574
1732203291.556427 -18.551563262939453 -1.8016467094421387 2.801161766052246 0.021383393555879593 -0.9092261791229248 -0.294617235660553 0.29334506392478943
1732203293.156623 -19.007850646972656 -1.6151647567749023 2.1795740127563477 0.022981559857726097 -0.9099379181861877 -0.2924130856990814 0.29322242736816406
1732203294.156579 -19.412731170654297 -1.4419865608215332 1.6410198211669922 0.022768696770071983 -0.9086369872093201 -0.2950083911418915 0.2946701943874359
1732203295.156575 -19.838428497314453 -1.2711234092712402 1.0653724670410156 0.026374487206339836 -0.9100325107574463 -0.29080435633659363 0.2942417562007904
1732203295.956585 -20.271865844726562 -1.0967135429382324 0.48325347900390625 0.02162056416273117 -0.9089415073394775 -0.29305946826934814 0.29576027393341064
1732203296.556584 -20.66168975830078 -0.9611153602600098 0.025127410888671875 0.0223317239433527 -0.9018060564994812 -0.2904234230518341 0.31922000646591187
1732203297.156525 -21.112743377685547 -0.8326816558837891 -0.41086769104003906 0.021982375532388687 -0.884064257144928 -0.28835010528564453 0.36715325713157654
1732203297.756557 -21.612333297729492 -0.7491397857666016 -0.7664108276367188 0.027452388778328896 -0.8600215911865234 -0.27517759799957275 0.42882004380226135
1732203298.357133 -22.15491485595703 -0.6404247283935547 -1.1811695098876953 0.029052071273326874 -0.8589500188827515 -0.27381449937820435 0.4317251443862915
1732203299.02317 -22.7432861328125 -0.548426628112793 -1.594808578491211 0.0305480994284153 -0.8569746613502502 -0.26500222086906433 0.4409479796886444
1732203299.756529 -23.392261505126953 -0.43901634216308594 -2.0593395233154297 0.020207202062010765 -0.8492510318756104 -0.2732243239879608 0.4513455629348755
1732203300.423197 -23.998498916625977 -0.3664731979370117 -2.477792739868164 0.03554617613554001 -0.8474810123443604 -0.26383697986602783 0.45924124121665955
1732203301.156505 -24.685701370239258 -0.2715425491333008 -2.911703109741211 0.03231136128306389 -0.841743528842926 -0.2603372633457184 0.47185635566711426
1732203301.823223 -25.303142547607422 -0.184539794921875 -3.30657958984375 0.030582888051867485 -0.8421759605407715 -0.262529194355011 0.46998167037963867
1732203303.356307 -25.73594856262207 -0.026146888732910156 -3.8590126037597656 0.03664187341928482 -0.9033387303352356 -0.2893756926059723 0.31448087096214294
1732203304.156471 -25.793106079101562 0.11527538299560547 -4.320112228393555 0.039111096411943436 -0.9311626553535461 -0.30163654685020447 0.20105206966400146
1732203304.823402 -26.048728942871094 0.3232259750366211 -4.98451042175293 0.03867911547422409 -0.9329690933227539 -0.3056759238243103 0.1861044466495514
1732203305.556615 -26.322263717651367 0.5554976463317871 -5.738748550415039 0.03680315613746643 -0.9355522990226746 -0.3073568642139435 0.17005668580532074
1732203306.089656 -26.540935516357422 0.7284450531005859 -6.300132751464844 0.03447699919342995 -0.9354900121688843 -0.30941006541252136 0.16713860630989075
1732203306.689769 -26.783035278320312 0.9197583198547363 -6.9175262451171875 0.03237995132803917 -0.9363126754760742 -0.3076426088809967 0.16621144115924835
1732203307.356441 -27.0506534576416 1.1201648712158203 -7.566122055053711 0.029973477125167847 -0.9332959055900574 -0.30594193935394287 0.18563371896743774
1732203308.08982 -27.372331619262695 1.3467130661010742 -8.313299179077148 0.028637440875172615 -0.9342011213302612 -0.3051859438419342 0.18250970542430878
1732203308.756483 -27.68008041381836 1.5573492050170898 -8.986701965332031 0.027964714914560318 -0.930174708366394 -0.3025515377521515 0.20604762434959412
1732203309.35644 -27.996822357177734 1.7175617218017578 -9.534082412719727 0.02831706590950489 -0.9243324995040894 -0.29919886589050293 0.23513299226760864
1732203310.089758 -28.369403839111328 1.9085197448730469 -10.190216064453125 0.028904074802994728 -0.9221574068069458 -0.29996630549430847 0.24250860512256622
1732203310.689724 -28.750045776367188 2.0605220794677734 -10.708545684814453 0.027241358533501625 -0.910551905632019 -0.29351505637168884 0.28983134031295776
1732203311.489731 -29.32338523864746 2.1822214126586914 -11.23752212524414 0.022085878998041153 -0.8916950821876526 -0.27528440952301025 0.35862332582473755
1732203312.289732 -29.869693756103516 2.2766036987304688 -11.702686309814453 0.022009223699569702 -0.8899129033088684 -0.2566821575164795 0.3764106035232544
1732203313.089763 -30.47429084777832 2.4155044555664062 -12.178138732910156 0.015966806560754776 -0.8780774474143982 -0.26666322350502014 0.3970086872577667
1732203313.889884 -31.122175216674805 2.5374221801757812 -12.642189025878906 0.022908901795744896 -0.8585467338562012 -0.2668745517730713 0.4372078776359558
1732203314.489799 -31.69800567626953 2.6144304275512695 -12.969047546386719 0.02231113240122795 -0.8424412608146667 -0.25904810428619385 0.47189927101135254
1732203315.089932 -32.308128356933594 2.6978769302368164 -13.310123443603516 0.021318752318620682 -0.8343505859375 -0.26078614592552185 0.48517531156539917
1732203315.689704 -32.93210220336914 2.7642898559570312 -13.631954193115234 0.021027032285928726 -0.826708197593689 -0.25571349263191223 0.5007215142250061
1732203316.289674 -33.54896926879883 2.8355026245117188 -13.939460754394531 0.02073938213288784 -0.8195496201515198 -0.25362062454223633 0.5134052038192749
1732203316.956328 -34.243953704833984 2.910029411315918 -14.243476867675781 0.018510958179831505 -0.8117529153823853 -0.24985234439373016 0.527530312538147
1732203317.556359 -34.90207290649414 2.9541072845458984 -14.507392883300781 0.01913178339600563 -0.8051101565361023 -0.24679291248321533 0.5390036106109619
1732203318.156144 -35.542274475097656 2.999812126159668 -14.76192855834961 0.020177967846393585 -0.8015241622924805 -0.2444419264793396 0.5453440546989441
1732203318.756542 -36.12152099609375 3.0646543502807617 -15.062381744384766 0.02447238191962242 -0.8179963827133179 -0.2532644271850586 0.5158876180648804
1732203319.489679 -36.82151794433594 3.1447744369506836 -15.433971405029297 0.025476869195699692 -0.8233910799026489 -0.2557732164859772 0.5059230327606201
1732203320.156719 -37.42330551147461 3.2282352447509766 -15.785736083984375 0.028232596814632416 -0.8329789638519287 -0.25913935899734497 0.48805299401283264
1732203320.756129 -37.96636199951172 3.3051395416259766 -16.120559692382812 0.028623707592487335 -0.8413268327713013 -0.26363202929496765 0.4710073471069336
1732203321.489604 -38.56553649902344 3.4252634048461914 -16.594146728515625 0.030556855723261833 -0.8591950535774231 -0.26982858777046204 0.43363896012306213
1732203322.156455 -39.05223846435547 3.5530357360839844 -17.072429656982422 0.0307448860257864 -0.876920759677887 -0.27852460741996765 0.39049819111824036
1732203322.889619 -39.54576110839844 3.702199935913086 -17.622108459472656 0.0311238132417202 -0.8913214802742004 -0.2835277020931244 0.35240527987480164
1732203323.55625 -39.92830276489258 3.8490867614746094 -18.152515411376953 0.032923296093940735 -0.9015682339668274 -0.28718364238739014 0.3218948245048523
1732203324.289585 -40.376712799072266 4.029272079467773 -18.748687744140625 0.03315086290240288 -0.9026497006416321 -0.28850996494293213 0.3176264762878418
1732203324.956267 -40.82199478149414 4.174835205078125 -19.279590606689453 0.032012682408094406 -0.8977766036987305 -0.28521591424942017 0.3341023027896881
1732203325.689399 -41.347625732421875 4.329311370849609 -19.828784942626953 0.031996481120586395 -0.8878749012947083 -0.28125280141830444 0.36269986629486084
1732203326.422882 -41.91112518310547 4.463750839233398 -20.342327117919922 0.030437948182225227 -0.874573826789856 -0.2770352065563202 0.3967941701412201
1732203327.222894 -42.578704833984375 4.560356140136719 -20.767414093017578 0.028706759214401245 -0.8420573472976685 -0.26294568181037903 0.4700797498226166
1732203327.822903 -43.09938049316406 4.617582321166992 -21.068714141845703 0.02859680913388729 -0.8404080867767334 -0.2607269883155823 0.4742549955844879
1732203328.422851 -43.66780090332031 4.69865608215332 -21.41155242919922 0.0282049048691988 -0.8339914679527283 -0.2600165009498596 0.48585405945777893
1732203329.022869 -44.249141693115234 4.768241882324219 -21.738876342773438 0.028348617255687714 -0.8300164341926575 -0.2585830092430115 0.49335986375808716
1732203329.622874 -44.84071731567383 4.8369598388671875 -22.052242279052734 0.027169514447450638 -0.8247427344322205 -0.2569371461868286 0.503035306930542
1732203330.222874 -45.40835189819336 4.907770156860352 -22.375686645507812 0.02804543636739254 -0.8266749382019043 -0.2574203610420227 0.49955660104751587
1732203330.889501 -46.03911209106445 4.986017227172852 -22.738201141357422 0.027581678703427315 -0.8302850127220154 -0.2571991980075836 0.4936746656894684
1732203331.622851 -46.720977783203125 5.079778671264648 -23.153282165527344 0.028094369918107986 -0.8353967070579529 -0.25809115171432495 0.484470933675766
1732203332.222985 -47.24134063720703 5.158782958984375 -23.51473617553711 0.02782190963625908 -0.8451364636421204 -0.26121604442596436 0.46554967761039734
1732203332.822644 -47.7835693359375 5.243753433227539 -23.863811492919922 0.02380306087434292 -0.8459922671318054 -0.2633170187473297 0.46302756667137146
1732203333.422824 -48.32131576538086 5.322454452514648 -24.22765350341797 0.024728136137127876 -0.847038745880127 -0.2586117684841156 0.46371740102767944
1732203334.089481 -48.934356689453125 5.418544769287109 -24.65069580078125 0.021847188472747803 -0.8478911519050598 -0.2598882019519806 0.4615858793258667
1732203334.622847 -49.432838439941406 5.49058723449707 -24.984207153320312 0.021645821630954742 -0.8481050133705139 -0.2585749328136444 0.46193990111351013
1732203335.222645 -50.000587463378906 5.57904052734375 -25.371932983398438 0.02228701487183571 -0.8484046459197998 -0.2587844133377075 0.46124133467674255
1732203335.822776 -50.552310943603516 5.658784866333008 -25.735580444335938 0.021242612972855568 -0.8490586280822754 -0.2569545805454254 0.4611101746559143
1732203336.422856 -51.07530975341797 5.745515823364258 -26.10891342163086 0.0217902809381485 -0.852393627166748 -0.25893113017082214 0.4537675976753235
1732203337.022819 -51.601646423339844 5.828948974609375 -26.492717742919922 0.020914018154144287 -0.8538834452629089 -0.25853899121284485 0.4512242078781128
1732203337.62283 -52.13234329223633 5.916624069213867 -26.878589630126953 0.0198268610984087 -0.8541622161865234 -0.26007917523384094 0.44985851645469666
1732203338.222748 -52.663230895996094 6.010984420776367 -27.26140594482422 0.020177094265818596 -0.8548160195350647 -0.2599218487739563 0.4486904740333557
1732203338.822762 -53.20631408691406 6.096744537353516 -27.66054916381836 0.020263172686100006 -0.8552792072296143 -0.25952476263046265 0.4480331838130951
1732203339.422777 -53.75761032104492 6.191461563110352 -28.064674377441406 0.01914302632212639 -0.8559744954109192 -0.2593660354614258 0.44684499502182007
1732203340.022769 -54.30487823486328 6.284856796264648 -28.464279174804688 0.018084507435560226 -0.856440544128418 -0.2589195668697357 0.4462546706199646
1732203340.62257 -54.85770797729492 6.380487442016602 -28.8677978515625 0.016219958662986755 -0.8573447465896606 -0.25769704580307007 0.4452967345714569
1732203341.222737 -55.42631530761719 6.475309371948242 -29.274330139160156 0.015230749733746052 -0.856101393699646 -0.26053479313850403 0.44607189297676086
1732203341.822814 -55.98735427856445 6.568775177001953 -29.675865173339844 0.015421304851770401 -0.8573921322822571 -0.2594192922115326 0.4442324936389923
1732203342.42291 -56.54197692871094 6.664684295654297 -30.081146240234375 0.01708507351577282 -0.8563531637191772 -0.261788010597229 0.44478586316108704
1732203343.022541 -57.09011459350586 6.7461090087890625 -30.479507446289062 0.01935599558055401 -0.8583425879478455 -0.25664031505584717 0.44385695457458496
1732203343.62271 -57.65786361694336 6.856874465942383 -30.88196563720703 0.016190750524401665 -0.8539732098579407 -0.26648852229118347 0.4466000199317932
1732203344.222739 -58.24262237548828 6.977745056152344 -31.296966552734375 0.015906814485788345 -0.8510943055152893 -0.2758033871650696 0.4464503824710846
1732203344.822715 -58.79637908935547 7.066137313842773 -31.684371948242188 0.024420926347374916 -0.8538437485694885 -0.265884131193161 0.44683346152305603
1732203345.422545 -59.367156982421875 7.162853240966797 -32.08330535888672 0.017440209165215492 -0.855324923992157 -0.26304447650909424 0.446007639169693
1732203346.022905 -59.9261589050293 7.260128021240234 -32.486900329589844 0.011919667944312096 -0.8575108051300049 -0.26283642649650574 0.4420975148677826
1732203346.622679 -60.46831512451172 7.348794937133789 -32.89313507080078 0.0162673220038414 -0.8634162545204163 -0.2550809383392334 0.4349500834941864
1732203347.222689 -60.990936279296875 7.4523773193359375 -33.324493408203125 0.011624051257967949 -0.8711689710617065 -0.2652566432952881 0.41299936175346375
1732203347.822481 -61.4913330078125 7.554071426391602 -33.77581787109375 0.011714859865605831 -0.8824230432510376 -0.26138028502464294 0.3909895122051239
1732203348.422649 -61.986263275146484 7.648403167724609 -34.228843688964844 0.015112275257706642 -0.8832961916923523 -0.26092132925987244 0.38920366764068604
1732203349.089339 -62.54684829711914 7.7529449462890625 -34.749717712402344 0.019835403189063072 -0.8849095106124878 -0.25397539138793945 0.3899208605289459
1732203349.822669 -63.254600524902344 7.895845413208008 -35.315223693847656 0.015890762209892273 -0.8703951835632324 -0.26302629709243774 0.4159049689769745
1732203350.422493 -63.825557708740234 8.000495910644531 -35.746238708496094 0.015030315145850182 -0.8652082085609436 -0.2624339461326599 0.42698636651039124
1732203351.023062 -64.39761352539062 8.089570999145508 -36.152496337890625 0.016612326726317406 -0.8590920567512512 -0.25833407044410706 0.4415295720100403
1732203351.622647 -64.96807098388672 8.191461563110352 -36.55265808105469 0.016220595687627792 -0.8543214201927185 -0.26660335063934326 0.4458637535572052
1732203352.222663 -65.53233337402344 8.27678108215332 -36.96192169189453 0.022637072950601578 -0.854947030544281 -0.2599601149559021 0.4483010768890381
1732203352.822437 -66.12566375732422 8.376537322998047 -37.368621826171875 0.02123195119202137 -0.8517501950263977 -0.26363837718963623 0.4522894024848938
1732203353.4226 -66.71416473388672 8.471054077148438 -37.78826904296875 0.02756415866315365 -0.8513892292976379 -0.2649860382080078 0.4518396854400635
1732203354.022638 -67.3134765625 8.588533401489258 -38.21459197998047 0.02161346934735775 -0.8562902212142944 -0.27244284749031067 0.4382633566856384
1732203354.622634 -67.83778381347656 8.717767715454102 -38.673988342285156 0.02296733856201172 -0.871220588684082 -0.2778525650501251 0.4040359854698181
1732203355.222407 -68.33918762207031 8.839509963989258 -39.153648376464844 0.026126474142074585 -0.8795883059501648 -0.27700936794281006 0.3858857750892639
1732203355.822554 -68.81587219238281 8.958763122558594 -39.642860412597656 0.028902636840939522 -0.8889387845993042 -0.2729395627975464 0.36668306589126587
1732203356.555906 -69.37429809570312 9.119731903076172 -40.252349853515625 0.020787937566637993 -0.8981559872627258 -0.2763371765613556 0.34135252237319946
1732203357.15782 -69.80058288574219 9.257797241210938 -40.78504180908203 0.018081920221447945 -0.9054128527641296 -0.2803797423839569 0.3182576596736908
1732203357.755715 -70.18395233154297 9.422037124633789 -41.345619201660156 0.017499245703220367 -0.9131293892860413 -0.2881895899772644 0.28781113028526306
1732203358.355879 -70.5428237915039 9.584249496459961 -41.92695617675781 0.015215705148875713 -0.922583281993866 -0.2918950021266937 0.25180524587631226
1732203358.955889 -70.84986877441406 9.765396118164062 -42.5225830078125 0.009588872082531452 -0.9306410551071167 -0.29698866605758667 0.21357211470603943
1732203359.555914 -71.10115814208984 9.945196151733398 -43.13719940185547 0.009511711075901985 -0.9369956851005554 -0.30080920457839966 0.1773768961429596
1732203360.156568 -71.31660461425781 10.147659301757812 -43.778846740722656 0.01079723984003067 -0.9405111074447632 -0.30458712577819824 0.15016373991966248
1732203360.755982 -71.50469970703125 10.359840393066406 -44.435791015625 0.01002970989793539 -0.9429833889007568 -0.3081696629524231 0.12535281479358673
1732203361.355853 -71.67796325683594 10.577871322631836 -45.09526824951172 0.010811525397002697 -0.9448334574699402 -0.3075605034828186 0.11215811222791672
1732203361.955871 -71.83525848388672 10.792903900146484 -45.76122283935547 0.014341485686600208 -0.9442238807678223 -0.3131335973739624 0.10091076046228409
1732203362.555672 -71.98158264160156 11.01406478881836 -46.42475891113281 0.014610396698117256 -0.9455965757369995 -0.31327342987060547 0.08656443655490875
1732203363.155865 -72.1136474609375 11.27138900756836 -47.104129791259766 0.0035983372945338488 -0.9423407912254333 -0.3264554738998413 0.07353763282299042
1732203363.755826 -72.22445678710938 11.49367904663086 -47.76959991455078 0.0018093045800924301 -0.9450786709785461 -0.3203398287296295 0.06484922021627426
1732203364.356098 -72.30262756347656 11.702503204345703 -48.42247009277344 0.017178205773234367 -0.9474712610244751 -0.31407472491264343 0.05796751379966736
1732203364.955819 -72.37513732910156 11.900306701660156 -49.0597038269043 0.021471289917826653 -0.9491404891014099 -0.3103047311306 0.04880870506167412
1732203365.5558 -72.43659210205078 12.091567993164062 -49.678016662597656 0.02446770668029785 -0.9483280777931213 -0.31374475359916687 0.040490470826625824
1732203366.155801 -72.44971466064453 12.290458679199219 -50.29939651489258 0.02028956077992916 -0.9481449127197266 -0.3169092535972595 -0.013344315811991692
1732203366.75581 -72.376953125 12.475071907043457 -50.89434814453125 0.018146391957998276 -0.9461727738380432 -0.3158861994743347 -0.06814432889223099
1732203367.555665 -72.17530059814453 12.751651763916016 -51.70261764526367 0.014083735644817352 -0.9367095232009888 -0.3206484615802765 -0.13986246287822723
1732203368.155793 -71.97404479980469 12.972633361816406 -52.32215881347656 0.01401288341730833 -0.9349674582481384 -0.31927064061164856 -0.15396691858768463
1732203368.755794 -71.76341247558594 13.198765754699707 -52.94499206542969 0.010527879931032658 -0.9321579337120056 -0.3215150535106659 -0.16612906754016876
1732203369.355795 -71.5337905883789 13.428336143493652 -53.566585540771484 0.009398539550602436 -0.9286704659461975 -0.32489365339279175 -0.1786811202764511
1732203369.955609 -71.28559112548828 13.669346809387207 -54.188446044921875 0.006627508904784918 -0.9254679679870605 -0.32730722427368164 -0.1906176507472992
1732203370.755767 -70.89545440673828 13.90975570678711 -54.789737701416016 0.005649009719491005 -0.9006425738334656 -0.32536986470222473 -0.2880026400089264
1732203371.555767 -70.47418975830078 14.104433059692383 -55.276947021484375 0.0003189684357494116 -0.8852193355560303 -0.32346078753471375 -0.3343050181865692
1732203372.155553 -70.06616973876953 14.295353889465332 -55.758216857910156 -0.006259962450712919 -0.8806245923042297 -0.32194897532463074 -0.3475774824619293
1732203372.755709 -69.62290954589844 14.485696792602539 -56.22178649902344 -0.00597098795697093 -0.8766713738441467 -0.3215963840484619 -0.35775336623191833
1732203373.355722 -69.16221618652344 14.687814712524414 -56.70691680908203 -0.007938612252473831 -0.8716421723365784 -0.32434943318367004 -0.36738863587379456
1732203373.955729 -68.72016143798828 14.868383407592773 -57.182464599609375 -0.011073557659983635 -0.8742570281028748 -0.31963565945625305 -0.3652192950248718
1732203374.755553 -68.19447326660156 15.117830276489258 -57.76606369018555 -0.007344508543610573 -0.8761475086212158 -0.3274684250354767 -0.35366111993789673
1732203375.55569 -67.75221252441406 15.302275657653809 -58.265899658203125 -0.008952634409070015 -0.8803712129592896 -0.3188958466053009 -0.3509584367275238
1732203376.425218 -67.30196380615234 15.501700401306152 -58.779762268066406 -0.006996421609073877 -0.8806509971618652 -0.31782546639442444 -0.35127192735671997
1732203377.422295 -66.77436065673828 15.7246732711792 -59.36650085449219 -0.003958640620112419 -0.8813288807868958 -0.31596702337265015 -0.3512956202030182
1732203378.222333 -66.32478332519531 15.926332473754883 -59.873573303222656 -0.001303676632232964 -0.8811460733413696 -0.3167279362678528 -0.35108882188796997
1732203379.222356 -65.80854034423828 16.169342041015625 -60.43864059448242 0.0013397933216765523 -0.8794146776199341 -0.32047539949417114 -0.35202786326408386
1732203380.022172 -65.41659545898438 16.34518814086914 -60.88851547241211 -0.0016677762614563107 -0.8797906041145325 -0.3188888728618622 -0.3525274991989136
1732203380.955785 -64.98126220703125 16.534832000732422 -61.37563705444336 -0.002541014226153493 -0.8807024359703064 -0.3173283636569977 -0.35165250301361084
1732203382.022142 -64.47521209716797 16.742063522338867 -61.93190002441406 0.0019653565250337124 -0.882458508014679 -0.31157615780830383 -0.35239675641059875
1732203382.955612 -64.00668334960938 16.957874298095703 -62.44667434692383 0.008883587084710598 -0.8808557391166687 -0.31886547803878784 -0.3497699797153473
1732203383.889056 -63.51500701904297 17.182331085205078 -63.00382614135742 0.004716505296528339 -0.8796085715293884 -0.3195149898529053 -0.35238707065582275
1732203384.888752 -62.996063232421875 17.417247772216797 -63.5959358215332 0.0034897737205028534 -0.8819035887718201 -0.31455034017562866 -0.35112977027893066
1732203385.688939 -62.55182647705078 17.629714965820312 -64.09044647216797 0.0050203315913677216 -0.8789870738983154 -0.32361283898353577 -0.3501874506473541
1732203386.488925 -62.113975524902344 17.842782974243164 -64.57958984375 0.005785434041172266 -0.8781685829162598 -0.32600337266921997 -0.3500118851661682
1732203387.556091 -61.63862609863281 18.072891235351562 -65.12542724609375 0.0020537041127681732 -0.8774035573005676 -0.3275700509548187 -0.3505091667175293
1732203389.0889 -61.14482116699219 18.233060836791992 -65.52771759033203 -0.002137295436114073 -0.8519392609596252 -0.30976036190986633 -0.4221889078617096
1732203389.888721 -60.606849670410156 18.391447067260742 -65.88227081298828 0.00025726977037265897 -0.8341134786605835 -0.30859363079071045 -0.4571920931339264
1732203390.690393 -60.02545166015625 18.545459747314453 -66.26248931884766 0.000928870402276516 -0.8309459686279297 -0.3045669198036194 -0.4655824303627014
1732203391.488859 -59.381431579589844 18.71767807006836 -66.66539764404297 -0.0010215468937531114 -0.8251125812530518 -0.3056117594242096 -0.47517338395118713
1732203392.288678 -58.70648956298828 18.892662048339844 -67.06402587890625 -0.00025986370746977627 -0.8167410492897034 -0.3086904287338257 -0.48748764395713806
1732203393.088838 -58.07914733886719 19.052961349487305 -67.42373657226562 -0.008837890811264515 -0.8127533793449402 -0.30649280548095703 -0.49539485573768616
1732203393.755516 -57.51459503173828 19.196697235107422 -67.72323608398438 -0.00966810341924429 -0.8088694214820862 -0.30847692489624023 -0.5004786252975464
1732203394.48886 -56.88232421875 19.342662811279297 -68.07498931884766 -0.012952398508787155 -0.8070547580718994 -0.30522453784942627 -0.5053046345710754
1732203395.288809 -56.179664611816406 19.5195255279541 -68.44525146484375 -0.009793872013688087 -0.8042222857475281 -0.3080097734928131 -0.5081935524940491
1732203396.088829 -55.46003723144531 19.69330406188965 -68.80946350097656 -0.0043096402660012245 -0.8026059865951538 -0.30706819891929626 -0.5113845467567444
1732203396.888612 -54.76091766357422 19.859268188476562 -69.17022705078125 -0.008873638696968555 -0.8010671734809875 -0.3031032681465149 -0.5160825252532959
1732203397.555461 -54.15833282470703 19.99694061279297 -69.468994140625 -0.009129229933023453 -0.7981681227684021 -0.3059080243110657 -0.5189072489738464
1732203398.288811 -53.48668670654297 20.151046752929688 -69.7974853515625 -0.010871294885873795 -0.7965047359466553 -0.3041514456272125 -0.5224500298500061
1732203398.888845 -52.93279266357422 20.287921905517578 -70.0528564453125 -0.004701023921370506 -0.7950663566589355 -0.3048161268234253 -0.5243420004844666
1732203399.68879 -52.230934143066406 20.459257125854492 -70.39901733398438 -0.004406712483614683 -0.7977983355522156 -0.3084062933921814 -0.5180578231811523
1732203400.555463 -51.556671142578125 20.63628387451172 -70.77922058105469 -0.003101587761193514 -0.8107758164405823 -0.3101865351200104 -0.4964042901992798
1732203401.488771 -50.91966247558594 20.840585708618164 -71.20646667480469 -0.0012109613744542003 -0.8262296915054321 -0.3180793225765228 -0.46493926644325256
1732203402.288566 -50.36834716796875 21.032800674438477 -71.61787414550781 0.0034126301761716604 -0.8385906219482422 -0.31869637966156006 -0.44179946184158325
1732203402.955406 -49.89830780029297 21.206787109375 -71.9935302734375 0.006258879788219929 -0.8450546860694885 -0.3220915198326111 -0.42673248052597046
1732203403.888804 -49.268333435058594 21.456409454345703 -72.52462768554688 0.01080840639770031 -0.8517877459526062 -0.32483428716659546 -0.410881370306015
1732203404.488542 -48.81847381591797 21.637937545776367 -72.92057800292969 0.011480345390737057 -0.8561158180236816 -0.32388460636138916 -0.4025328755378723
1732203405.155397 -48.28581237792969 21.861751556396484 -73.40350341796875 0.01539207249879837 -0.8606937527656555 -0.32255586981773376 -0.3936077654361725
1732203405.68874 -47.863319396972656 22.038589477539062 -73.81226348876953 0.013551085256040096 -0.8635937571525574 -0.3226708173751831 -0.38717663288116455
1732203406.28871 -47.394813537597656 22.24423599243164 -74.27122497558594 0.016681376844644547 -0.8669100999832153 -0.3229205012321472 -0.37935593724250793
1732203406.955456 -46.872215270996094 22.459320068359375 -74.76533508300781 0.013924370519816875 -0.8649137616157532 -0.32001233100891113 -0.3864225447177887
1732203407.688973 -46.283226013183594 22.69080352783203 -75.28174591064453 0.015390222892165184 -0.8579226136207581 -0.31764674186706543 -0.4035250246524811
1732203408.155353 -45.888031005859375 22.845563888549805 -75.61579895019531 0.013975328765809536 -0.8534001708030701 -0.31973299384117126 -0.4114410877227783
1732203408.755389 -45.388526916503906 23.01448631286621 -75.99314880371094 0.015721116214990616 -0.846497118473053 -0.31359365582466125 -0.42994704842567444
1732203409.422006 -44.7889404296875 23.21468734741211 -76.40034484863281 0.018865613266825676 -0.8352617621421814 -0.31443819403648376 -0.4506777822971344
1732203410.022013 -44.24095153808594 23.386383056640625 -76.78028869628906 0.018467038869857788 -0.8355370759963989 -0.3101564347743988 -0.453144371509552
1732203410.688672 -43.62549591064453 23.58442497253418 -77.20547485351562 0.016302818432450294 -0.8338005542755127 -0.31051766872406006 -0.456168532371521
1732203411.222009 -43.12506866455078 23.744768142700195 -77.53562927246094 0.02016623690724373 -0.8314181566238403 -0.31135696172714233 -0.45977604389190674
1732203411.821806 -42.541786193847656 23.914926528930664 -77.86196899414062 0.019150136038661003 -0.8081538677215576 -0.30703574419021606 -0.5022447109222412
1732203412.422003 -41.924339294433594 24.029781341552734 -78.05303955078125 0.016636205837130547 -0.7605263590812683 -0.2937502861022949 -0.5788209438323975
1732203413.021988 -41.29399871826172 24.109472274780273 -78.1800537109375 0.01110429223626852 -0.7265548706054688 -0.27755293250083923 -0.6284577250480652
1732203413.621983 -40.614688873291016 24.18548583984375 -78.24725341796875 0.01116673182696104 -0.6946603655815125 -0.27284204959869385 -0.6654919385910034
1732203414.221759 -39.936126708984375 24.23235321044922 -78.25430297851562 0.011613489128649235 -0.6647027134895325 -0.26640552282333374 -0.6978994607925415
1732203414.822059 -39.250732421875 24.260467529296875 -78.21812438964844 0.0023107537999749184 -0.6386412978172302 -0.25353580713272095 -0.7265340089797974
1732203415.42196 -38.53879928588867 24.298683166503906 -78.16261291503906 0.008149571716785431 -0.6272310614585876 -0.25489723682403564 -0.7358955144882202
1732203416.021943 -37.85832595825195 24.302595138549805 -78.09843444824219 -0.0019219726091250777 -0.6159757375717163 -0.244390070438385 -0.748894989490509
1732203416.621765 -37.175384521484375 24.310129165649414 -78.02767944335938 -0.011234036646783352 -0.6041646003723145 -0.24600297212600708 -0.7578532695770264
1732203417.42196 -36.3731575012207 24.296302795410156 -77.79389953613281 0.0013797935098409653 -0.5096256732940674 -0.2291329950094223 -0.8293237686157227
1732203418.021908 -36.381927490234375 24.195480346679688 -77.59324645996094 -0.019194938242435455 -0.3099173903465271 -0.15052859485149384 -0.9385754466056824
1732203418.822226 -36.05189514160156 23.961660385131836 -76.92821502685547 -0.027394883334636688 -0.1946050077676773 -0.11744275689125061 -0.9734401106834412
1732203419.421719 -35.76132583618164 23.76166343688965 -76.29378509521484 -0.008050346747040749 -0.17233137786388397 -0.11418507993221283 -0.9783654808998108
1732203420.021879 -35.498146057128906 23.538387298583984 -75.7021255493164 -0.022344017401337624 -0.15693122148513794 -0.10585827380418777 -0.9816656112670898
1732203420.621915 -35.265018463134766 23.313810348510742 -75.08656311035156 -0.020864708349108696 -0.1464715152978897 -0.09560474753379822 -0.9843630790710449
1732203421.221888 -34.99456787109375 23.118297576904297 -74.49588012695312 -0.014048895798623562 -0.1611935943365097 -0.10723792761564255 -0.980978786945343
1732203422.021691 -34.6484260559082 22.872188568115234 -73.85075378417969 -0.028013862669467926 -0.17802153527736664 -0.11627045273780823 -0.9767317175865173
1732203422.822628 -34.282989501953125 22.640491485595703 -73.20550537109375 -0.029792016372084618 -0.19363002479076385 -0.12568499147891998 -0.9725344181060791
1732203423.621878 -33.909122467041016 22.418956756591797 -72.53857421875 -0.01317727193236351 -0.208915576338768 -0.12285590171813965 -0.9700964093208313
1732203425.222163 -33.565223693847656 22.175445556640625 -71.84724426269531 -0.016688374802470207 -0.17950810492038727 -0.11092720180749893 -0.9773399829864502
1732203426.021836 -33.2141227722168 21.952573776245117 -71.12503051757812 -0.004947195760905743 -0.1766691356897354 -0.11422044783830643 -0.9776079058647156
1732203426.621825 -32.9451789855957 21.779617309570312 -70.56082153320312 -0.006665432825684547 -0.1723881959915161 -0.11493013799190521 -0.9782785773277283
1732203427.421794 -32.59832763671875 21.548948287963867 -69.83799743652344 -0.006797722540795803 -0.1700664460659027 -0.11546896398067474 -0.9786205291748047
1732203428.221797 -32.244598388671875 21.367773056030273 -69.23382568359375 -0.005052539519965649 -0.19651949405670166 -0.12627626955509186 -0.9723213911056519
1732203429.221604 -31.846881866455078 21.142728805541992 -68.52816772460938 -0.0035119380336254835 -0.21297942101955414 -0.12810800969600677 -0.9686154127120972
1732203430.621803 -31.280792236328125 21.000507354736328 -67.98095703125 0.008358593098819256 -0.3827678859233856 -0.18504658341407776 -0.9050838351249695
1732203432.088464 -30.626298904418945 20.889759063720703 -67.5017318725586 0.009360244497656822 -0.3986380994319916 -0.19043976068496704 -0.8970690369606018
1732203433.221742 -29.99317741394043 20.793567657470703 -67.06635284423828 0.0074730827473104 -0.41533976793289185 -0.1940358430147171 -0.8886997103691101
1732203434.221757 -29.378314971923828 20.71538543701172 -66.6719741821289 0.01151718758046627 -0.42874428629875183 -0.19658736884593964 -0.8817024230957031
1732203435.221741 -28.738277435302734 20.639705657958984 -66.28724670410156 0.012608659453690052 -0.4408300518989563 -0.19996920228004456 -0.8749412298202515
1732203436.223195 -28.09198570251465 20.57156753540039 -65.92752075195312 0.012455904856324196 -0.4519956707954407 -0.20238909125328064 -0.8686676621437073
1732203437.221693 -27.408693313598633 20.50631332397461 -65.56906127929688 0.012838216498494148 -0.46267175674438477 -0.20464064180850983 -0.8624919652938843
1732203438.288392 -26.694063186645508 20.445430755615234 -65.21675109863281 0.014054596424102783 -0.4727979004383087 -0.20746813714504242 -0.8562836647033691
1732203439.221507 -26.00696563720703 20.383193969726562 -64.88691711425781 0.01161227934062481 -0.4818563461303711 -0.20867584645748138 -0.8509606719017029
1732203440.021662 -25.37454605102539 20.343944549560547 -64.59927368164062 0.014325790107250214 -0.48906973004341125 -0.21213193237781525 -0.8459348082542419
1732203441.02206 -24.585886001586914 20.28032875061035 -64.23641204833984 0.01569479890167713 -0.4830164909362793 -0.2103245109319687 -0.8498307466506958
1732203441.761635 -24.039222717285156 20.22247314453125 -63.930091857910156 0.009436867199838161 -0.4661901593208313 -0.2024141401052475 -0.8611656427383423
1732203442.555186 -23.34872055053711 20.159147262573242 -63.49663162231445 0.016898632049560547 -0.43819743394851685 -0.20083631575107574 -0.8759921193122864
1732203443.355044 -22.71320343017578 20.048450469970703 -63.05670166015625 0.007685088086873293 -0.4134018123149872 -0.18736857175827026 -0.8910291194915771
1732203443.954769 -22.22165870666504 19.95749282836914 -62.65153503417969 0.011393256485462189 -0.3797674775123596 -0.18240118026733398 -0.9068498611450195
1732203444.554963 -21.772308349609375 19.8439884185791 -62.22467803955078 0.005271560046821833 -0.3530232906341553 -0.16977542638778687 -0.9200668931007385
1732203445.154961 -21.316356658935547 19.729127883911133 -61.79597091674805 0.005274244584143162 -0.3474891185760498 -0.16408444941043854 -0.9232009053230286
1732203445.754945 -20.86502456665039 19.615198135375977 -61.33250427246094 0.007409889716655016 -0.33359217643737793 -0.15902380645275116 -0.9291785955429077
1732203446.354758 -20.432531356811523 19.489482879638672 -60.8436279296875 0.007927889935672283 -0.3189294934272766 -0.15185604989528656 -0.9355003833770752
1732203446.954924 -19.997333526611328 19.3564453125 -60.333229064941406 0.010839935392141342 -0.30634805560112 -0.1480381041765213 -0.9402756094932556
1732203447.554939 -19.573801040649414 19.221466064453125 -59.82014465332031 0.009251980111002922 -0.29987654089927673 -0.14108581840991974 -0.9434422254562378
1732203448.154893 -19.145244598388672 19.085664749145508 -59.31562805175781 0.009466296061873436 -0.29706960916519165 -0.13928313553333282 -0.9445953369140625
1732203448.754712 -18.640750885009766 18.977182388305664 -58.849124908447266 0.016519512981176376 -0.34610241651535034 -0.15768283605575562 -0.9247033596038818
1732203449.354889 -18.14286994934082 18.878067016601562 -58.45841979980469 0.011653559282422066 -0.3730294108390808 -0.16215936839580536 -0.9134646058082581
1732203449.954881 -17.59218978881836 18.774967193603516 -58.006568908691406 0.013373912312090397 -0.3779568374156952 -0.16405130922794342 -0.9110746383666992
1732203450.554919 -17.06029510498047 18.672344207763672 -57.56198501586914 0.012616492807865143 -0.38030627369880676 -0.1613064557313919 -0.9105978012084961
1732203451.154924 -16.514463424682617 18.56561279296875 -57.1202278137207 0.011094589717686176 -0.3826600909233093 -0.16106483340263367 -0.9096736907958984
1732203451.754711 -15.975258827209473 18.46194839477539 -56.685813903808594 0.016080770641565323 -0.38450267910957336 -0.16215112805366516 -0.9086287021636963
1732203452.354864 -15.43383502960205 18.35866355895996 -56.26237106323242 0.01329575851559639 -0.38586047291755676 -0.16259847581386566 -0.9080179333686829
1732203452.954908 -14.897411346435547 18.26704978942871 -55.83588409423828 0.015472662635147572 -0.38722774386405945 -0.16352425515651703 -0.9072349071502686
1732203453.554892 -14.34961223602295 18.161821365356445 -55.41248321533203 0.015204331837594509 -0.3887997567653656 -0.16455426812171936 -0.9063804149627686
1732203454.154724 -13.810243606567383 18.054969787597656 -54.985382080078125 0.014133446849882603 -0.3903123140335083 -0.16226933896541595 -0.9061596393585205
1732203454.821528 -13.198505401611328 17.944122314453125 -54.51108932495117 0.015535596758127213 -0.3889738917350769 -0.1667637676000595 -0.9058961868286133
1732203455.554839 -12.558540344238281 17.806957244873047 -53.98551559448242 0.012188578955829144 -0.3737124502658844 -0.16396330296993256 -0.9128562808036804
1732203456.154842 -12.051843643188477 17.69683074951172 -53.52256774902344 0.014952887780964375 -0.35519495606422424 -0.16403941810131073 -0.9201652407646179
1732203456.754676 -11.607433319091797 17.57251739501953 -53.01430130004883 0.018271636217832565 -0.3155270516872406 -0.1479659378528595 -0.9371312260627747
1732203457.3548 -11.170108795166016 17.433349609375 -52.50749588012695 0.011811499483883381 -0.301092267036438 -0.14285773038864136 -0.94275963306427
1732203457.954838 -10.746628761291504 17.288578033447266 -51.97142791748047 0.011561776511371136 -0.2848881483078003 -0.1361970156431198 -0.948765218257904
1732203458.554841 -10.330753326416016 17.13501739501953 -51.43477249145508 0.009494559839367867 -0.2765922248363495 -0.13306520879268646 -0.9516828656196594
1732203459.154589 -9.942943572998047 16.980682373046875 -50.898380279541016 0.006932043004781008 -0.2708621919155121 -0.1265733391046524 -0.9542352557182312
1732203459.754777 -9.553133010864258 16.830068588256836 -50.36075210571289 0.00911965686827898 -0.2626146078109741 -0.1265890896320343 -0.9565174579620361
1732203460.354784 -9.170722007751465 16.674413681030273 -49.79848861694336 0.011344801634550095 -0.25737446546554565 -0.12374278157949448 -0.958288848400116
1732203460.954809 -8.813112258911133 16.519100189208984 -49.25136947631836 0.01362788025289774 -0.24688787758350372 -0.11928249895572662 -0.9615780711174011
1732203461.554586 -8.48483657836914 16.365480422973633 -48.70244598388672 0.01473762933164835 -0.22905658185482025 -0.11067663133144379 -0.9669884443283081
1732203462.15475 -8.186666488647461 16.205801010131836 -48.14771270751953 0.011837480589747429 -0.20888864994049072 -0.1045733243227005 -0.9722601771354675
1732203462.754763 -7.898153305053711 16.035961151123047 -47.56387710571289 0.013677608221769333 -0.1910354197025299 -0.09830661863088608 -0.9765522480010986
1732203463.354769 -7.634770393371582 15.872397422790527 -46.989112854003906 0.011212274432182312 -0.17987783253192902 -0.0932249203324318 -0.9791973829269409
1732203463.954558 -7.397042274475098 15.702259063720703 -46.43386459350586 0.009488914161920547 -0.16861549019813538 -0.08978499472141266 -0.9815382957458496
1732203464.55472 -7.161830425262451 15.531952857971191 -45.85574722290039 0.010249211452901363 -0.15639393031597137 -0.08726276457309723 -0.9837790727615356
1732203465.154725 -6.940677642822266 15.359601974487305 -45.254249572753906 0.014536619186401367 -0.15052984654903412 -0.0830102488398552 -0.9850070476531982
1732203465.754742 -6.733258247375488 15.184837341308594 -44.648250579833984 0.014792343601584435 -0.14169111847877502 -0.07965093851089478 -0.9865903854370117
1732203466.354526 -6.5160908699035645 15.01270866394043 -44.0512809753418 0.013343879021704197 -0.13525141775608063 -0.07757125794887543 -0.9876799583435059
1732203466.954688 -6.320845603942871 14.837343215942383 -43.45722961425781 0.012685393914580345 -0.12737305462360382 -0.07433915138244629 -0.9889837503433228
1732203467.554719 -6.137665748596191 14.663516998291016 -42.863216400146484 0.013079442083835602 -0.12261008471250534 -0.07196924835443497 -0.9897555708885193
1732203468.354717 -5.8550872802734375 14.450560569763184 -42.146324157714844 0.012419572100043297 -0.14081501960754395 -0.07874968647956848 -0.9868208765983582
1732203469.154632 -5.590331077575684 14.239252090454102 -41.450355529785156 0.011310188099741936 -0.13851149380207062 -0.07773563265800476 -0.9872405529022217
1732203469.821334 -5.35012149810791 14.044546127319336 -40.78696060180664 0.011769792065024376 -0.13494376838207245 -0.07745028287172318 -0.9877516031265259
1732203470.488086 -5.114989280700684 13.842622756958008 -40.10896301269531 0.011557773686945438 -0.13291355967521667 -0.07601133733987808 -0.9881410598754883
1732203471.154477 -4.8879899978637695 13.64738655090332 -39.43452835083008 0.012086378410458565 -0.13035856187343597 -0.0750684067606926 -0.9885470867156982
1732203471.687949 -4.710148811340332 13.482419967651367 -38.8864860534668 0.012271791696548462 -0.12825290858745575 -0.07384949922561646 -0.9889119267463684
1732203472.288024 -4.506839275360107 13.302531242370605 -38.28325653076172 0.009111846797168255 -0.12463454157114029 -0.07438391447067261 -0.9893686175346375
1732203472.887996 -4.303892612457275 13.125 -37.683982849121094 0.009636172093451023 -0.12380936741828918 -0.0743788555264473 -0.9894676208496094
1732203473.488021 -4.1114115715026855 12.938826560974121 -37.07002639770508 0.00916728563606739 -0.12135990709066391 -0.07405973225831985 -0.9897994995117188
1732203474.087789 -3.9155097007751465 12.757923126220703 -36.48552322387695 0.009962234646081924 -0.12211629748344421 -0.07007838785648346 -0.9899886250495911
1732203474.687943 -3.727203845977783 12.572763442993164 -35.865657806396484 0.00865222793072462 -0.11946070939302444 -0.06842776387929916 -0.990440309047699
1732203475.288068 -3.5331339836120605 12.386497497558594 -35.24373245239258 0.010943610221147537 -0.11882549524307251 -0.06911636143922806 -0.9904462695121765
1732203475.954621 -3.3234071731567383 12.194878578186035 -34.55509567260742 0.016500715166330338 -0.11772230267524719 -0.06723060458898544 -0.9906308054924011
1732203476.487749 -3.1629862785339355 12.026520729064941 -34.02106857299805 0.009832759387791157 -0.11828157305717468 -0.06331660598516464 -0.9909106492996216
1732203477.087958 -2.984602451324463 11.85578727722168 -33.42490768432617 0.010649815201759338 -0.11714345961809158 -0.06253521889448166 -0.9910869598388672
1732203477.687932 -2.8044707775115967 11.671394348144531 -32.838096618652344 0.007318634539842606 -0.11550991237163544 -0.06293375790119171 -0.991283655166626
1732203478.28794 -2.624774694442749 11.485443115234375 -32.23194122314453 0.00691809318959713 -0.1088731437921524 -0.06096090003848076 -0.9921606183052063
1732203478.9544 -2.4971330165863037 11.276021957397461 -31.55268669128418 0.008856238797307014 -0.08542536944150925 -0.05016808211803436 -0.9950413107872009
1732203479.688245 -2.375659465789795 11.038541793823242 -30.8326416015625 0.0012054466642439365 -0.0607646219432354 -0.039674509316682816 -0.9973626732826233
1732203480.288106 -2.3212578296661377 10.840413093566895 -30.23377799987793 0.002184598706662655 -0.032932162284851074 -0.028620725497603416 -0.9990453720092773
1732203480.954605 -2.3006365299224854 10.621147155761719 -29.544330596923828 0.005039417650550604 -0.004638364538550377 -0.01875343546271324 -0.9998007416725159
1732203481.554369 -2.31899094581604 10.416300773620605 -28.90876579284668 0.007179840002208948 0.01888992078602314 -0.009066395461559296 -0.9997547268867493
1732203482.089891 -2.3515236377716064 10.234540939331055 -28.339996337890625 0.00445184763520956 0.028982577845454216 -0.007498098537325859 -0.9995418787002563
1732203482.754534 -2.3992254734039307 10.001974105834961 -27.628204345703125 0.0035212328657507896 0.040725741535425186 -0.0022996729239821434 -0.9991615414619446
1732203483.288051 -2.4623475074768066 9.8101806640625 -27.05768394470215 0.0007402381161227822 0.04985623061656952 -0.0008096797973848879 -0.9987558126449585
1732203484.087675 -2.489879608154297 9.53366756439209 -26.23056983947754 0.003166270675137639 0.03404535725712776 -0.005296985153108835 -0.9994012713432312
1732203484.887834 -2.4698362350463867 9.277313232421875 -25.463043212890625 -0.000848728755954653 0.010149038396775723 -0.014866297133266926 -0.9998376369476318
1732203485.687867 -2.3985626697540283 9.048800468444824 -24.710559844970703 0.011155586689710617 -0.021100442856550217 -0.025217590853571892 -0.9993970990180969
1732203486.487697 -2.343873977661133 8.803030014038086 -23.975500106811523 0.0012805279111489654 -0.02484523132443428 -0.026140771806240082 -0.9993486404418945
1732203487.287802 -2.21271014213562 8.546990394592285 -23.21726417541504 -0.0010535852052271366 -0.0550118088722229 -0.03986789658665657 -0.9976889491081238
1732203488.087836 -2.0791289806365967 8.278435707092285 -22.417512893676758 0.0017176367109641433 -0.05952976644039154 -0.0420268252491951 -0.9973399639129639
1732203488.754289 -1.9378395080566406 8.050296783447266 -21.68775749206543 0.007704149466007948 -0.06633541733026505 -0.046976566314697266 -0.9966611862182617
1732203489.287807 -1.8317010402679443 7.866416931152344 -21.135452270507812 0.00481627369299531 -0.0718783438205719 -0.049021441489458084 -0.9961963891983032
1732203489.954488 -1.668403148651123 7.636857509613037 -20.40999984741211 0.005364713259041309 -0.07862073183059692 -0.05110933631658554 -0.995579183101654
1732203490.687785 -1.4860044717788696 7.385073184967041 -19.610610961914062 0.007912042550742626 -0.08415021747350693 -0.05074572190642357 -0.9951286911964417
1732203491.287603 -1.3471981287002563 7.171003341674805 -18.960317611694336 0.006734609138220549 -0.08180515468120575 -0.05338718742132187 -0.995194673538208
1732203491.954416 -1.24900221824646 6.938891410827637 -18.25296974182129 0.004048324190080166 -0.05521904304623604 -0.043889813125133514 -0.9975009560585022
1732203492.687758 -1.1425701379776 6.678387641906738 -17.44281578063965 0.0027886121533811092 -0.04078221321105957 -0.04219064116477966 -0.9982730150222778
1732203493.287791 -1.0533075332641602 6.464845180511475 -16.78016471862793 0.004371508490294218 -0.04193727672100067 -0.043268632143735886 -0.9981733560562134
1732203493.887566 -0.9554884433746338 6.248819351196289 -16.129995346069336 0.00167942198459059 -0.038958944380283356 -0.045968033373355865 -0.9981815218925476
1732203494.487755 -0.8580527901649475 6.048447608947754 -15.499926567077637 0.004125814884901047 -0.044250890612602234 -0.04805990308523178 -0.9978552460670471
1732203495.087754 -0.7471967339515686 5.85333776473999 -14.89749813079834 0.0029790622647851706 -0.05404960364103317 -0.052717991173267365 -0.9971412420272827
1732203495.887746 -0.5782572031021118 5.620622634887695 -14.18138599395752 0.003075274406000972 -0.07609117031097412 -0.06083231046795845 -0.995238721370697
1732203496.687538 -0.39235395193099976 5.399688720703125 -13.520112991333008 -0.00018868518236558884 -0.08935065567493439 -0.06610208004713058 -0.9938042759895325
1732203497.4877 -0.17437142133712769 5.146914005279541 -12.730414390563965 0.0007150343153625727 -0.09663936495780945 -0.06797882169485092 -0.9929950833320618
1732203498.088091 0.01565391570329666 4.9339141845703125 -12.067110061645508 0.0020516051445156336 -0.10168597847223282 -0.0723174586892128 -0.9921824336051941
1732203498.687692 0.17706063389778137 4.71895170211792 -11.409869194030762 0.0008144570747390389 -0.08700703829526901 -0.06626079976558685 -0.9940013289451599
1732203499.287693 0.30375057458877563 4.497027397155762 -10.747809410095215 -0.00119966478087008 -0.06830752640962601 -0.062363822013139725 -0.9957125186920166
1732203499.887676 0.44349154829978943 4.288616180419922 -10.079961776733398 0.0016398783773183823 -0.07070779800415039 -0.06309109926223755 -0.995498538017273
1732203500.421042 0.5713420510292053 4.099056243896484 -9.489233016967773 0.0015919719589874148 -0.07086058706045151 -0.06426849216222763 -0.9954124093055725
1732203501.020808 0.6975581645965576 3.8831722736358643 -8.818300247192383 0.0012745611602440476 -0.06482186913490295 -0.060514435172080994 -0.9960595369338989
1732203501.620815 0.7978852987289429 3.6700336933135986 -8.159017562866211 0.0014125057496130466 -0.05171351507306099 -0.053302016109228134 -0.997237503528595
1732203502.220968 0.8727918267250061 3.44482159614563 -7.489819049835205 -0.00042614375706762075 -0.03890113905072212 -0.04493141174316406 -0.9982323050498962
1732203502.887689 0.9656385183334351 3.186440944671631 -6.7454094886779785 -0.0032692337408661842 -0.03620588034391403 -0.04291035234928131 -0.998417317867279
1732203503.48745 1.0376819372177124 2.9597389698028564 -6.062702655792236 -0.0012552348198369145 -0.03398435562849045 -0.03858957067131996 -0.9986763596534729
1732203504.087451 1.1047604084014893 2.735699415206909 -5.3978590965271 -0.0026068389415740967 -0.030785854905843735 -0.03547399863600731 -0.9988929033279419
1732203504.687613 1.1673755645751953 2.526817798614502 -4.776987075805664 -0.003932748455554247 -0.02810690551996231 -0.03371110558509827 -0.9990286231040955
1732203505.28762 1.2086182832717896 2.3431169986724854 -4.228701114654541 -0.0016462464118376374 -0.02446543239057064 -0.03044530190527439 -0.9992356896400452
1732203505.620956 1.2295893430709839 2.2579030990600586 -3.981942892074585 -0.0023971530608832836 -0.02372632920742035 -0.031058423221111298 -0.9992331266403198
1732203506.020767 1.2386499643325806 2.2057132720947266 -3.8029940128326416 0.003962648566812277 -0.01994461379945278 -0.02895098552107811 -0.9993740320205688
