1736528533.771018 -0.0 -0.0 -0.0 -0.0 -0.0 -0.0 1.0
1736528551.770487 0.003527503227815032 -0.08172144740819931 0.24295766651630402 -1.218598299601581e-05 0.0005949924816377461 -0.000893977761734277 0.999999463558197
1736528553.570442 0.02340371534228325 -0.35055431723594666 1.0468666553497314 0.0013855203287675977 -0.0007937534246593714 -0.00015743993571959436 0.9999987483024597
1736528554.837081 0.0415554977953434 -0.6580628156661987 1.9057832956314087 0.011401703581213951 -0.0007576291682198644 -0.002204611897468567 0.9999322891235352
1736528556.103746 0.04576028510928154 -0.9688605070114136 2.754084825515747 0.014702708460390568 -0.0011865913402289152 -0.006443123798817396 0.9998705387115479
1736528557.2373 0.04467777535319328 -1.2356375455856323 3.4742159843444824 0.01470976136624813 -0.0015978318406268954 -0.00848133023828268 0.999854564666748
1736528558.573403 0.04357895627617836 -1.5344820022583008 4.292367935180664 0.016973013058304787 -0.004423893056809902 -0.008549569174647331 0.9998096823692322
1736528559.970315 0.03937588632106781 -1.849161148071289 5.149325370788574 0.018208926543593407 -0.004917306359857321 -0.008412960916757584 0.9997867345809937
1736528561.370233 0.03110986202955246 -2.149900436401367 5.971989631652832 0.01937181130051613 -0.0073090712539851665 -0.010387766174972057 0.999731719493866
1736528562.770415 0.021645523607730865 -2.459742307662964 6.778231620788574 0.021833224222064018 -0.008497785776853561 -0.013466398231685162 0.999634861946106
1736528563.903492 0.011092964559793472 -2.743922472000122 7.500500202178955 0.024291597306728363 -0.010913261212408543 -0.013526082038879395 0.999553918838501
1736528565.169952 -0.0027294568717479706 -3.0663580894470215 8.35551929473877 0.02280423417687416 -0.01175722200423479 -0.015172094106674194 0.9995557069778442
1736528566.837051 -0.11297350376844406 -3.334655523300171 9.085501670837402 0.018191058188676834 -0.07635292410850525 -0.03820222243666649 0.9961826801300049
1736528568.370028 -0.2826988399028778 -3.668215751647949 9.922515869140625 0.025293970480561256 -0.0959075465798378 -0.04262816533446312 0.9941553473472595
1736528569.57 -0.46259772777557373 -3.985741138458252 10.751595497131348 0.017865831032395363 -0.10755709558725357 -0.045118547976017 0.9930139183998108
1736528570.503319 -0.6139335036277771 -4.228743553161621 11.375584602355957 0.020952003076672554 -0.11634679138660431 -0.04331453517079353 0.9920424818992615
1736528571.703366 -0.8241324424743652 -4.526998519897461 12.17141342163086 0.020152723416686058 -0.13421234488487244 -0.04639846086502075 0.9896605610847473
1736528572.636622 -1.0238134860992432 -4.753773212432861 12.76956844329834 0.024564264342188835 -0.14879685640335083 -0.04920482635498047 0.9873373508453369
1736528573.703222 -1.2732326984405518 -5.017807483673096 13.45090389251709 0.024630486965179443 -0.1679450124502182 -0.05425914749503136 0.9839938282966614
1736528574.903184 -1.5993363857269287 -5.324636936187744 14.18009090423584 0.02890922501683235 -0.19432204961776733 -0.06396888941526413 0.9784228205680847
1736528575.903179 -1.9084488153457642 -5.580150127410889 14.756885528564453 0.03667798638343811 -0.21720847487449646 -0.0744856521487236 0.9725878238677979
1736528576.903153 -2.2712717056274414 -5.774053573608398 15.107662200927734 0.06632138788700104 -0.2923519015312195 -0.11443781107664108 0.9471197724342346
1736528578.036429 -2.7731199264526367 -5.8568878173828125 15.277580261230469 0.059583719819784164 -0.39273887872695923 -0.1726837307214737 0.9013248085975647
1736528579.169884 -3.4883008003234863 -5.997866153717041 15.63887882232666 0.04777270555496216 -0.46421781182289124 -0.20845678448677063 0.8595146536827087
1736528579.969732 -4.022907733917236 -6.069399356842041 15.775012016296387 0.053181350231170654 -0.5325666069984436 -0.22756262123584747 0.8134862780570984
1736528580.703046 -4.533788681030273 -6.094956874847412 15.814520835876465 0.05407046526670456 -0.5948076248168945 -0.24856212735176086 0.7625596523284912
1736528581.703078 -5.244840621948242 -6.053304195404053 15.74444580078125 0.04975316300988197 -0.6714378595352173 -0.281169056892395 0.6838419437408447
1736528582.836281 -6.05610466003418 -5.96053409576416 15.581707954406738 0.019434254616498947 -0.7342578768730164 -0.2910138666629791 0.6130242347717285
1736528583.969579 -6.830564498901367 -5.89752721786499 15.37744426727295 0.020428135991096497 -0.7573376893997192 -0.2745136320590973 0.592169463634491
1736528585.169438 -7.655994415283203 -5.8007097244262695 15.119964599609375 0.01884973794221878 -0.7695520520210266 -0.2773895561695099 0.5748820900917053
1736528586.236202 -8.392789840698242 -5.713546276092529 14.885842323303223 0.018192019313573837 -0.7706589698791504 -0.27953144907951355 0.5723775029182434
1736528587.302829 -9.116758346557617 -5.641961097717285 14.658331871032715 0.023243093863129616 -0.7690635919570923 -0.2753544747829437 0.5763513445854187
1736528588.2361 -9.836516380310059 -5.558542251586914 14.418624877929688 0.024616580456495285 -0.7706316709518433 -0.27768391370773315 0.5730727314949036
1736528589.169921 -10.622825622558594 -5.480798721313477 14.16375732421875 0.030486473813652992 -0.7764561772346497 -0.272938996553421 0.5671778917312622
1736528589.836119 -11.167723655700684 -5.439937114715576 13.977288246154785 0.03402145206928253 -0.7813435196876526 -0.26550671458244324 0.5637828707695007
1736528590.902716 -11.906669616699219 -5.369415283203125 13.670398712158203 0.03445430099964142 -0.7997018694877625 -0.2704118490219116 0.5349461436271667
1736528592.102723 -12.439752578735352 -5.242703437805176 13.235623359680176 0.03363552689552307 -0.8524134755134583 -0.2846427857875824 0.43730828166007996
1736528593.836016 -13.37136459350586 -5.029431343078613 12.517587661743164 0.03182787075638771 -0.8607161641120911 -0.29182472825050354 0.4159242510795593
1736528595.835941 -14.233299255371094 -4.757235050201416 11.614872932434082 0.035540010780096054 -0.8921034932136536 -0.29409244656562805 0.3411715030670166
1736528597.502744 -14.906488418579102 -4.534203052520752 10.7780122756958 0.03830898925662041 -0.9020807147026062 -0.29054024815559387 0.31681108474731445
1736528599.302657 -15.607074737548828 -4.260984897613525 9.841934204101562 0.03799166902899742 -0.9076835513114929 -0.29413801431655884 0.2969007194042206
1736528600.902521 -16.195449829101562 -4.011735916137695 8.973384857177734 0.03707778453826904 -0.9121790528297424 -0.2934386730194092 0.28363436460494995
1736528602.302392 -16.702083587646484 -3.797929286956787 8.231648445129395 0.03620078042149544 -0.9141349792480469 -0.29616594314575195 0.2744678854942322
1736528603.835737 -17.254859924316406 -3.5597739219665527 7.405910491943359 0.03756648302078247 -0.9083991646766663 -0.29682978987693787 0.2920476198196411
1736528605.435685 -17.995515823364258 -3.3674046993255615 6.67741584777832 0.03516482561826706 -0.8765239715576172 -0.2804059386253357 0.38966864347457886
1736528607.035628 -18.85260772705078 -3.242676258087158 6.110696792602539 0.03752762824296951 -0.8449169397354126 -0.2684163451194763 0.4611504077911377
1736528608.368983 -19.62771987915039 -3.13521671295166 5.63432502746582 0.03494895249605179 -0.8378984928131104 -0.26466256380081177 0.47608649730682373
1736528609.435525 -20.210350036621094 -3.057283401489258 5.261133193969727 0.03494291007518768 -0.8429867029190063 -0.2665970027446747 0.46591684222221375
1736528611.368785 -20.965120315551758 -2.8702383041381836 4.523420333862305 0.03827221691608429 -0.8808804750442505 -0.28565067052841187 0.37548428773880005
1736528613.301926 -21.819629669189453 -2.637551784515381 3.614858627319336 0.049329012632369995 -0.8875443935394287 -0.28522494435310364 0.35843873023986816
1736528615.302244 -22.7666072845459 -2.3267502784729004 2.513378143310547 0.06449387967586517 -0.8904970288276672 -0.30126214027404785 0.33480846881866455
1736528617.302014 -23.715574264526367 -2.0081944465637207 1.3910503387451172 0.06467339396476746 -0.8975886106491089 -0.30535411834716797 0.31130537390708923
1736528618.635306 -24.376712799072266 -1.7277984619140625 0.41111183166503906 0.05845142528414726 -0.9109714031219482 -0.3055492043495178 0.2708399295806885
1736528619.301775 -24.664466857910156 -1.5780224800109863 -0.0900421142578125 0.054423581808805466 -0.9158211946487427 -0.3065668046474457 0.2536264657974243
1736528620.235243 -25.071239471435547 -1.357574462890625 -0.7973575592041016 0.04242347180843353 -0.9183956980705261 -0.3087107241153717 0.24381829798221588
1736528621.101924 -25.442657470703125 -1.157083511352539 -1.4614105224609375 0.03798447176814079 -0.920855700969696 -0.30660125613212585 0.23786069452762604
1736528621.901713 -25.77157974243164 -0.9588112831115723 -2.084859848022461 0.033936772495508194 -0.921393871307373 -0.30925121903419495 0.23290634155273438
1736528622.835198 -26.134981155395508 -0.7348737716674805 -2.7977638244628906 0.03190859779715538 -0.9226597547531128 -0.3092602789402008 0.22812017798423767
1736528623.835148 -26.508527755737305 -0.5004892349243164 -3.5455570220947266 0.032014619559049606 -0.9241523742675781 -0.30802690982818604 0.22368934750556946
1736528624.568491 -26.776565551757812 -0.3322014808654785 -4.096080780029297 0.032885245978832245 -0.9252305030822754 -0.3067300617694855 0.2208705097436905
1736528625.568423 -27.15687370300293 -0.09588241577148438 -4.842273712158203 0.03202710673213005 -0.9241881370544434 -0.30583828687667847 0.22652490437030792
1736528626.501713 -27.5911922454834 0.09204578399658203 -5.498157501220703 0.03307175636291504 -0.9096921682357788 -0.2985641658306122 0.2867504954338074
1736528627.768796 -28.22470474243164 0.3437967300415039 -6.3271942138671875 0.031519815325737 -0.8984286189079285 -0.29389891028404236 0.3247397243976593
1736528628.836466 -28.878549575805664 0.49589061737060547 -6.918006896972656 0.030805736780166626 -0.873049795627594 -0.2799815535545349 0.3980520963668823
1736528630.634791 -29.990135192871094 0.7365760803222656 -7.851245880126953 0.029039084911346436 -0.8651458621025085 -0.2789212465286255 0.41579118371009827
1736528633.635062 -31.670610427856445 1.0490074157714844 -9.127788543701172 0.028687499463558197 -0.8578629493713379 -0.27631330490112305 0.43231821060180664
1736528636.034624 -32.76129150390625 1.2748479843139648 -10.022224426269531 0.031105680391192436 -0.8699560165405273 -0.2819298803806305 0.4033913314342499
1736528638.96791 -33.795692443847656 1.5668926239013672 -11.018512725830078 0.032358020544052124 -0.8847541809082031 -0.29128125309944153 0.36237862706184387
1736528641.834469 -34.53434371948242 1.895721435546875 -12.1044921875 0.0322592556476593 -0.9002477526664734 -0.2963477075099945 0.31731903553009033
1736528643.034636 -35.02892303466797 2.0756845474243164 -12.73788070678711 0.030916796997189522 -0.903714656829834 -0.29538649320602417 0.30836817622184753
1736528644.367955 -35.58280944824219 2.2694501876831055 -13.401317596435547 0.03060891479253769 -0.8957921862602234 -0.2928870916366577 0.33292144536972046
1736528645.901336 -36.26234817504883 2.4514875411987305 -14.065895080566406 0.030269453302025795 -0.8751496076583862 -0.28356319665908813 0.39088213443756104
1736528648.167768 -37.2635383605957 2.6533126831054688 -14.83291244506836 0.03270460665225983 -0.8595297336578369 -0.2778126895427704 0.42773741483688354
1736528650.301047 -38.18240737915039 2.826475143432617 -15.519794464111328 0.03148490563035011 -0.8556329607963562 -0.2755485475063324 0.43700551986694336
1736528652.167688 -38.980384826660156 2.969350814819336 -16.084449768066406 0.031440090388059616 -0.851885199546814 -0.27544310688972473 0.4443357288837433
1736528656.367387 -40.61685562133789 3.258516311645508 -17.20840835571289 0.028925294056534767 -0.8472248911857605 -0.27423107624053955 0.4540601968765259
1736528659.034203 -41.724857330322266 3.4330787658691406 -17.947856903076172 0.02613523229956627 -0.8475918769836426 -0.2728580832481384 0.45437130331993103
1736528661.767255 -42.829795837402344 3.614175796508789 -18.689788818359375 0.025560684502124786 -0.8469465970993042 -0.26975929737091064 0.45744749903678894
1736528666.300619 -44.2852783203125 3.8169784545898438 -19.59038543701172 0.01913275569677353 -0.8448671698570251 -0.2652037739753723 0.46422016620635986
1736528668.36725 -45.4136962890625 3.9843368530273438 -20.30788803100586 0.017446549609303474 -0.844014048576355 -0.26450976729393005 0.4662301242351532
1736528670.76721 -46.616058349609375 4.141607284545898 -21.031951904296875 0.01469018030911684 -0.844153881072998 -0.26431822776794434 0.46618059277534485
1736528673.03382 -47.77228927612305 4.347698211669922 -21.856830596923828 0.013647976331412792 -0.8585041165351868 -0.27220720052719116 0.4343819320201874
1736528674.433773 -48.51923370361328 4.495395660400391 -22.416091918945312 0.013489759527146816 -0.861721932888031 -0.2729860246181488 0.4274716079235077
1736528676.035271 -49.270225524902344 4.660287857055664 -22.988574981689453 0.00526532344520092 -0.8619185090065002 -0.2819356322288513 0.42140382528305054
1736528677.43915 -49.916534423828125 4.807964324951172 -23.50894546508789 0.007970199920237064 -0.8646692037582397 -0.27903586626052856 0.4176393747329712
1736528679.168278 -50.748321533203125 4.9976959228515625 -24.173847198486328 0.00572158070281148 -0.8683404326438904 -0.2760339379310608 0.4120164215564728
1736528680.566883 -51.412540435791016 5.141277313232422 -24.719593048095703 0.008005816489458084 -0.8722234964370728 -0.2711201608181 0.4070086181163788
1736528682.234609 -52.16826629638672 5.315969467163086 -25.372543334960938 0.0105339540168643 -0.8742396235466003 -0.2707130014896393 0.40287554264068604
1736528685.966703 -52.94633483886719 5.482175827026367 -26.067428588867188 0.014247833751142025 -0.8762784600257874 -0.2713405191898346 0.3978785574436188
1736528690.433288 -53.9331169128418 5.721899032592773 -26.950668334960938 0.01654631271958351 -0.8761932849884033 -0.27480611205101013 0.3955923020839691
1736528694.166482 -54.74156951904297 5.909093856811523 -27.676979064941406 0.019773541018366814 -0.875827968120575 -0.27719298005104065 0.394586443901062
1736528748.098154 -55.42866897583008 6.063301086425781 -28.272804260253906 0.019311347976326942 -0.8749439120292664 -0.27943307161331177 0.39499038457870483
1736528749.765087 -56.142822265625 6.257846832275391 -28.948097229003906 0.017661243677139282 -0.8811992406845093 -0.2886357605457306 0.3739858567714691
1736528751.764887 -56.94126510620117 6.531553268432617 -29.861289978027344 0.020572183653712273 -0.8967704772949219 -0.29443466663360596 0.32967817783355713
1736528753.831326 -57.77014923095703 6.867179870605469 -30.911598205566406 0.014971109107136726 -0.9104769229888916 -0.306355744600296 0.27740544080734253
1736528755.431615 -58.26433563232422 7.1440887451171875 -31.79187774658203 0.02042209729552269 -0.922561526298523 -0.30367791652679443 0.23715603351593018
1736528756.364612 -58.57170867919922 7.318300247192383 -32.34813690185547 0.02037215791642666 -0.9242740273475647 -0.3056948781013489 0.2277127057313919
1736528757.364735 -58.888694763183594 7.507839202880859 -32.945518493652344 0.017302460968494415 -0.9260389804840088 -0.30710744857788086 0.21871787309646606
1736528758.698061 -59.287254333496094 7.7744903564453125 -33.756492614746094 0.016679424792528152 -0.9281002283096313 -0.30907970666885376 0.2069339007139206
1736528759.697838 -59.57147216796875 7.980264663696289 -34.40214538574219 0.013559527695178986 -0.9309684038162231 -0.3117789328098297 0.18949396908283234
1736528760.831309 -59.892555236816406 8.23635482788086 -35.12291717529297 0.009103481657803059 -0.9318417906761169 -0.3149111568927765 0.1800527721643448
1736528761.964667 -60.19489288330078 8.487083435058594 -35.852691650390625 0.005484450608491898 -0.9324479103088379 -0.3165026009082794 0.17417514324188232
1736528763.031265 -60.47706604003906 8.718648910522461 -36.54741668701172 0.004371487069875002 -0.9339991807937622 -0.3156358599662781 0.1673334836959839
1736528764.031236 -60.72438049316406 8.947574615478516 -37.21172332763672 0.001295302645303309 -0.9354386925697327 -0.31783148646354675 0.1547125279903412
1736528765.297711 -60.96742630004883 9.247234344482422 -38.03646469116211 -0.0040808627381920815 -0.9379642605781555 -0.32681378722190857 0.11575458943843842
1736528766.497837 -61.08790588378906 9.541559219360352 -38.842281341552734 -0.0016573931789025664 -0.9438469409942627 -0.3250035345554352 0.059354931116104126
1736528767.697928 -60.99622344970703 9.777956008911133 -39.56216049194336 0.0033154806587845087 -0.9490023851394653 -0.3119034767150879 -0.045823756605386734
1736528768.831071 -60.857398986816406 10.036863327026367 -40.30219268798828 0.00579612422734499 -0.9458913207054138 -0.31217050552368164 -0.08834933489561081
1736528770.097751 -60.59922790527344 10.307151794433594 -41.098670959472656 0.00906049832701683 -0.9366793632507324 -0.31310781836509705 -0.15656687319278717
1736528771.164186 -60.305450439453125 10.530359268188477 -41.73793029785156 0.005100131034851074 -0.9254019260406494 -0.31185486912727356 -0.21529467403888702
1736528772.164325 -59.98963165283203 10.74785041809082 -42.34339904785156 0.0012679436476901174 -0.91671222448349 -0.31495386362075806 -0.24584782123565674
1736528773.297644 -59.60553741455078 10.96746826171875 -42.97669982910156 -0.0028183218091726303 -0.9112722277641296 -0.3154224753379822 -0.26473313570022583
1736528775.497567 -59.20110321044922 11.19790267944336 -43.60224914550781 -0.004683347884565592 -0.9062110185623169 -0.3135093152523041 -0.2836752235889435
1736528777.8976 -58.71562194824219 11.480242729187012 -44.29838943481445 -0.004437959752976894 -0.8986701369285583 -0.32084113359451294 -0.29905399680137634
1736528780.230771 -58.19319152832031 11.7488374710083 -44.98657989501953 -0.008070102892816067 -0.8924108147621155 -0.3238016366958618 -0.31415021419525146
1736528781.964164 -57.748077392578125 11.972163200378418 -45.55617904663086 -0.009237630292773247 -0.8898537158966064 -0.32059913873672485 -0.32448622584342957
1736528783.164133 -57.310791015625 12.18303394317627 -46.10103988647461 -0.008532862178981304 -0.887291431427002 -0.320361465215683 -0.3316769301891327
1736528784.564001 -56.82533264160156 12.420388221740723 -46.68838119506836 -0.01060547586530447 -0.8830934762954712 -0.3237033188343048 -0.3394845128059387
1736528786.097297 -56.27485656738281 12.669570922851562 -47.3222770690918 -0.01714252680540085 -0.881749153137207 -0.32278987765312195 -0.34355685114860535
1736528787.630602 -55.775177001953125 12.900064468383789 -47.90715408325195 -0.017623376101255417 -0.8819260001182556 -0.32078149914741516 -0.34495678544044495
1736528789.163898 -55.24175262451172 13.133459091186523 -48.528873443603516 -0.017012083902955055 -0.8814375996589661 -0.3176839351654053 -0.3490777611732483
1736528790.301108 -54.801979064941406 13.32856273651123 -49.03486633300781 -0.015454910695552826 -0.8808173537254333 -0.3178289532661438 -0.3505806028842926
1736528791.363621 -54.31364440917969 13.526970863342285 -49.5700798034668 -0.016369208693504333 -0.8785640597343445 -0.3159478008747101 -0.3578187823295593
1736528792.497631 -53.72431182861328 13.717195510864258 -50.06041717529297 -0.017000215128064156 -0.8489530682563782 -0.30920353531837463 -0.428232342004776
1736528793.565103 -53.14482498168945 13.849595069885254 -50.402259826660156 -0.017114102840423584 -0.8233339190483093 -0.3003275990486145 -0.4812813401222229
1736528794.56368 -52.54082489013672 13.940311431884766 -50.644989013671875 -0.018263379111886024 -0.7927135229110718 -0.2876073122024536 -0.5371720194816589
1736528795.697002 -51.79143524169922 14.014253616333008 -50.868377685546875 -0.020152833312749863 -0.7585430145263672 -0.2716043293476105 -0.5919777154922485
1736528796.830124 -51.04339599609375 14.046978950500488 -50.9529914855957 -0.014616296626627445 -0.7109920978546143 -0.2581954300403595 -0.6539203524589539
1736528797.963603 -50.26696014404297 14.10312557220459 -51.04227828979492 -0.010087238624691963 -0.7106441259384155 -0.2609090507030487 -0.6533067226409912
1736528798.896919 -49.67401885986328 14.196966171264648 -51.277809143066406 -0.0059280903078615665 -0.7649559378623962 -0.27394771575927734 -0.5828893780708313
1736528799.763503 -48.93417739868164 14.31875991821289 -51.53612518310547 0.0008285006042569876 -0.780099093914032 -0.28033605217933655 -0.5593357086181641
1736528800.696852 -48.20545196533203 14.490482330322266 -51.93013000488281 0.006631861906498671 -0.8162527084350586 -0.29406309127807617 -0.4972066879272461
1736528801.430701 -47.66017150878906 14.632468223571777 -52.277008056640625 0.008253945969045162 -0.8328034281730652 -0.2954997718334198 -0.46802809834480286
1736528802.363501 -47.01873016357422 14.833696365356445 -52.77323913574219 0.007609609980136156 -0.8504630923271179 -0.2984761595726013 -0.4330897033214569
1736528803.096647 -46.45686340332031 15.02915096282959 -53.24936294555664 0.00765532162040472 -0.8560239672660828 -0.303492933511734 -0.41839754581451416
1736528803.630099 -45.98645782470703 15.19512939453125 -53.65468215942383 0.008821886964142323 -0.8590505719184875 -0.3046433925628662 -0.41127458214759827
1736528804.296789 -45.43976593017578 15.38949966430664 -54.140953063964844 0.00869393814355135 -0.8632518649101257 -0.3035951852798462 -0.4031756818294525
1736528804.963451 -44.90916442871094 15.594868659973145 -54.64349365234375 0.008820450864732265 -0.8655746579170227 -0.3084084093570709 -0.3944452702999115
1736528805.630059 -44.38713073730469 15.803359031677246 -55.150272369384766 0.009453441947698593 -0.8659767508506775 -0.3134612739086151 -0.3895343244075775
1736528806.363529 -43.7828369140625 16.03627586364746 -55.722320556640625 0.008249318227171898 -0.865540087223053 -0.3111456036567688 -0.39237847924232483
1736528806.896731 -43.287315368652344 16.208473205566406 -56.125526428222656 0.005286043975502253 -0.8551303744316101 -0.3101254999637604 -0.41538700461387634
1736528807.430154 -42.745025634765625 16.390445709228516 -56.57891845703125 0.005792261101305485 -0.8568888902664185 -0.3098994791507721 -0.4119105041027069
1736528808.030054 -42.19134521484375 16.59499168395996 -57.07172775268555 0.0033034433145076036 -0.8581141829490662 -0.311953604221344 -0.4078163206577301
1736528808.563319 -41.652503967285156 16.789363861083984 -57.539276123046875 0.0021071562077850103 -0.8582594990730286 -0.3126087486743927 -0.4070160686969757
1736528809.296635 -41.024269104003906 17.024707794189453 -58.114158630371094 5.220003913564142e-06 -0.8598284125328064 -0.31241685152053833 -0.40384507179260254
1736528809.697118 -40.629173278808594 17.177656173706055 -58.465476989746094 0.0005546517786569893 -0.859157145023346 -0.31488853693008423 -0.4033534824848175
1736528810.429926 -39.94072723388672 17.453786849975586 -59.09524154663086 0.0017864309484139085 -0.8582521080970764 -0.3198821246623993 -0.40134215354919434
1736528810.82989 -39.50437927246094 17.625999450683594 -59.49775695800781 -0.00013195692736189812 -0.8586770296096802 -0.3190676271915436 -0.4010854959487915
1736528811.22971 -39.042327880859375 17.814802169799805 -59.913414001464844 -0.0011423404794186354 -0.8572403192520142 -0.3240816593170166 -0.4001361131668091
1736528811.629749 -38.59003448486328 17.992359161376953 -60.32562255859375 -0.003355820430442691 -0.8583011031150818 -0.3228825032711029 -0.39881691336631775
1736528812.096536 -38.06095886230469 18.186031341552734 -60.78990936279297 -0.0023592787329107523 -0.8572546243667603 -0.319196879863739 -0.4040079414844513
1736528812.563434 -37.49048614501953 18.381351470947266 -61.236473083496094 -7.991025631781667e-05 -0.8469526171684265 -0.31430771946907043 -0.4288146495819092
1736528812.896592 -37.04725646972656 18.505022048950195 -61.53155517578125 0.0014664953341707587 -0.8359671831130981 -0.3070143163204193 -0.4548613727092743
1736528813.430159 -36.33697509765625 18.681602478027344 -61.96955108642578 0.0020276829600334167 -0.8272119164466858 -0.29999756813049316 -0.47509780526161194
1736528813.831097 -35.788848876953125 18.831613540649414 -62.299041748046875 0.0029563428834080696 -0.822111964225769 -0.3022424876689911 -0.4824651777744293
1736528814.163007 -35.318382263183594 18.939979553222656 -62.5667724609375 0.0034904233179986477 -0.8189431428909302 -0.2964254319667816 -0.49137765169143677
1736528814.629663 -34.63982391357422 19.094331741333008 -62.912384033203125 0.008198477327823639 -0.8086466789245605 -0.29224392771720886 -0.5105065703392029
1736528815.096499 -33.94114685058594 19.23001480102539 -63.185020446777344 0.01144465059041977 -0.7784134745597839 -0.28669577836990356 -0.5583431720733643
1736528815.49644 -33.339630126953125 19.311370849609375 -63.331878662109375 0.011594073846936226 -0.7402962446212769 -0.2768235504627228 -0.6125323176383972
1736528816.09643 -32.52743148803711 19.390275955200195 -63.430721282958984 0.013607580214738846 -0.7072741985321045 -0.265971839427948 -0.6548565030097961
1736528817.296223 -31.686046600341797 19.434507369995117 -63.44970703125 0.014621076174080372 -0.6729773879051208 -0.2488226741552353 -0.6964014768600464
1736528818.429763 -30.907175064086914 19.45221710205078 -63.375709533691406 0.015727298334240913 -0.6338322758674622 -0.23368500173091888 -0.7371571660041809
1736528819.629681 -30.11071014404297 19.444692611694336 -63.224021911621094 0.01494050957262516 -0.5878207683563232 -0.2196679264307022 -0.7784533500671387
1736528820.829628 -29.33587646484375 19.37420654296875 -62.970855712890625 0.0028083764482289553 -0.547010600566864 -0.20096632838249207 -0.8126402497291565
1736528822.029607 -28.542478561401367 19.28744888305664 -62.71543884277344 -0.009671244770288467 -0.5316026210784912 -0.19301621615886688 -0.8246513605117798
1736528823.229418 -27.73584747314453 19.182905197143555 -62.4071044921875 -0.004165095742791891 -0.5176488161087036 -0.19124357402324677 -0.8339353799819946
1736528824.496201 -26.86920166015625 19.0899715423584 -62.050689697265625 0.0014388373820111156 -0.5039185285568237 -0.19006091356277466 -0.8425799012184143
1736528825.562639 -26.129039764404297 19.012359619140625 -61.69200897216797 0.010782243683934212 -0.4757218360900879 -0.18787337839603424 -0.8592299818992615
1736528826.829468 -25.33698844909668 18.89040184020996 -61.243316650390625 0.00672874553129077 -0.4498679041862488 -0.18024243414402008 -0.8746920824050903
1736528827.829448 -24.68977165222168 18.794002532958984 -60.829132080078125 0.01377621665596962 -0.43076807260513306 -0.1790848672389984 -0.8844081163406372
1736528829.095903 -23.928913116455078 18.66366958618164 -60.31427764892578 0.00360333314165473 -0.41260626912117004 -0.1729818731546402 -0.8943268060684204
1736528829.829382 -23.568408966064453 18.56809425354004 -59.973228454589844 0.0011398907518014312 -0.3476516306400299 -0.15399141609668732 -0.9248912334442139
1736528830.962694 -23.243270874023438 18.370494842529297 -59.3669319152832 -0.0035413596779108047 -0.22285377979278564 -0.10835811495780945 -0.9688045382499695
1736528832.095816 -22.94272804260254 18.14038848876953 -58.64113235473633 0.0020631346851587296 -0.16475264728069305 -0.09081552177667618 -0.982142984867096
1736528833.295962 -22.566543579101562 17.905059814453125 -57.861473083496094 0.0052006118930876255 -0.16931281983852386 -0.09674397110939026 -0.9807888865470886
1736528834.36243 -22.29117774963379 17.70320701599121 -57.21821975708008 0.004176079761236906 -0.16414287686347961 -0.09442545473575592 -0.9818979501724243
1736528835.429219 -21.945390701293945 17.512727737426758 -56.57897186279297 0.006873164791613817 -0.20061156153678894 -0.1044197753071785 -0.9740658402442932
1736528836.562575 -21.560466766357422 17.339641571044922 -55.980552673339844 0.009828995913267136 -0.21946097910404205 -0.11267103254795074 -0.9690436124801636
1736528837.562353 -21.23357582092285 17.18255615234375 -55.42377853393555 0.012761007994413376 -0.22075560688972473 -0.11257757991552353 -0.9687261581420898
1736528838.629135 -20.88846206665039 17.002094268798828 -54.91047668457031 -0.008356585167348385 -0.22588804364204407 -0.12143214792013168 -0.9665190577507019
1736528839.562457 -20.411792755126953 16.942087173461914 -54.678131103515625 -0.018022671341896057 -0.3598628640174866 -0.17368993163108826 -0.9165182709693909
1736528840.162251 -19.990203857421875 17.04370880126953 -54.71495819091797 0.022415855899453163 -0.5206738114356995 -0.22181640565395355 -0.8241321444511414
1736528841.295774 -19.183195114135742 17.056228637695312 -54.55641555786133 0.024233827367424965 -0.5701292753219604 -0.22307150065898895 -0.7903192043304443
1736528842.429199 -18.362552642822266 17.04257583618164 -54.32942581176758 0.02103886939585209 -0.5556310415267944 -0.2181236296892166 -0.8020309209823608
1736528843.295498 -17.846073150634766 16.989593505859375 -54.02497863769531 0.021382078528404236 -0.4623230993747711 -0.19312724471092224 -0.8651601076126099
1736528844.362297 -17.27435302734375 16.877267837524414 -53.5726318359375 0.016178244724869728 -0.4097006320953369 -0.17286774516105652 -0.8955447673797607
1736528845.695415 -16.581912994384766 16.789236068725586 -53.14080047607422 0.01788870431482792 -0.42245039343833923 -0.1749839335680008 -0.889154851436615
1736528846.628902 -16.032487869262695 16.696632385253906 -52.741432189941406 0.015363875776529312 -0.40850892663002014 -0.16874587535858154 -0.8968886137008667
1736528847.495609 -15.51988410949707 16.615001678466797 -52.353580474853516 0.01909952238202095 -0.40522757172584534 -0.16827929019927979 -0.898391842842102
1736528848.428876 -14.928491592407227 16.528827667236328 -51.96086883544922 0.018615765497088432 -0.42585861682891846 -0.1734069436788559 -0.8878220319747925
1736528849.49548 -14.206169128417969 16.463987350463867 -51.580894470214844 0.021683568134903908 -0.46782606840133667 -0.18611623346805573 -0.8637299537658691
1736528850.428816 -13.51252269744873 16.41278839111328 -51.27186584472656 0.019284864887595177 -0.49290701746940613 -0.19217023253440857 -0.848375678062439
1736528851.362288 -12.661118507385254 16.354347229003906 -50.89451599121094 0.021727895364165306 -0.496728777885437 -0.1945117861032486 -0.8455492854118347
1736528852.095254 -11.968880653381348 16.29789161682129 -50.54998779296875 0.021362492814660072 -0.48726990818977356 -0.1915033608675003 -0.8517266511917114
1736528852.828724 -11.179824829101562 16.218517303466797 -50.157325744628906 0.01803874783217907 -0.4725923240184784 -0.18574072420597076 -0.8612963557243347
1736528853.428732 -10.597672462463379 16.106903076171875 -49.699745178222656 0.014544413425028324 -0.3930884301662445 -0.15921664237976074 -0.9054943919181824
1736528854.162053 -9.880044937133789 15.989044189453125 -49.17945861816406 0.018368227407336235 -0.42228177189826965 -0.17007538676261902 -0.8901769518852234
1736528854.762138 -9.204909324645996 15.917989730834961 -48.83039093017578 0.017878375947475433 -0.4699903428554535 -0.18173417448997498 -0.863575279712677
1736528855.428644 -8.4224853515625 15.863093376159668 -48.54270935058594 0.020014477893710136 -0.5312953591346741 -0.19908298552036285 -0.8232196569442749
1736528855.961996 -7.822771072387695 15.807389259338379 -48.27920150756836 0.019266532734036446 -0.5003715753555298 -0.18732954561710358 -0.845082700252533
1736528856.495427 -7.27711296081543 15.728240966796875 -47.919395446777344 0.020090313628315926 -0.44439497590065 -0.16868218779563904 -0.879577100276947
1736528857.095312 -6.704023361206055 15.634591102600098 -47.51668167114258 0.022241249680519104 -0.4256502091884613 -0.15872927010059357 -0.8905797600746155
1736528857.761761 -6.131762504577637 15.525466918945312 -47.10887145996094 0.020056676119565964 -0.4168878495693207 -0.15297991037368774 -0.8957675099372864
1736528858.361895 -5.607438564300537 15.426835060119629 -46.6923942565918 0.021134408190846443 -0.40185126662254333 -0.14645671844482422 -0.9036699533462524
1736528859.028576 -5.058440208435059 15.296699523925781 -46.22521209716797 0.018690166994929314 -0.3865981698036194 -0.13981403410434723 -0.9113970994949341
1736528859.628579 -4.533820152282715 15.1776762008667 -45.772212982177734 0.019472649320960045 -0.37737900018692017 -0.1360669583082199 -0.9158011078834534
1736528860.295014 -3.937626361846924 15.024404525756836 -45.22501754760742 0.019440477713942528 -0.36769306659698486 -0.13171657919883728 -0.9203665852546692
1736528860.961845 -3.387944221496582 14.878173828125 -44.69615936279297 0.01910308748483658 -0.35580387711524963 -0.12919077277183533 -0.9253910183906555
1736528861.561885 -2.956939935684204 14.734353065490723 -44.168006896972656 0.02099078707396984 -0.29450908303260803 -0.11046865582466125 -0.9490102529525757
1736528862.095179 -2.691974639892578 14.57302188873291 -43.60747146606445 0.018722502514719963 -0.20946505665779114 -0.08400678634643555 -0.9740209579467773
1736528862.695149 -2.2232062816619873 14.391218185424805 -42.913997650146484 0.025426940992474556 -0.27076566219329834 -0.10751678049564362 -0.9562842845916748
1736528863.294996 -1.7402372360229492 14.245889663696289 -42.37117385864258 0.02293708547949791 -0.31751754879951477 -0.12174838036298752 -0.9401243925094604
1736528864.028408 -1.2293434143066406 14.092180252075195 -41.79203796386719 0.025056889280676842 -0.3161366283893585 -0.12013661116361618 -0.9407428503036499
1736528864.762784 -0.7300949096679688 13.944087028503418 -41.19098663330078 0.028780613094568253 -0.3108680546283722 -0.11923260241746902 -0.942505419254303
1736528865.628392 -0.1889357566833496 13.773355484008789 -40.55538558959961 0.023843437433242798 -0.30885159969329834 -0.11695078015327454 -0.9435914158821106
1736528866.228378 0.30815887451171875 13.619477272033691 -39.953819274902344 0.025442952290177345 -0.2994009256362915 -0.11801374703645706 -0.9464589953422546
1736528866.761694 0.8031978607177734 13.450630187988281 -39.33797073364258 0.023508833721280098 -0.28598734736442566 -0.11637181043624878 -0.9508503079414368
1736528867.295029 1.261430263519287 13.288796424865723 -38.740478515625 0.02061239629983902 -0.28427159786224365 -0.11593647301197052 -0.9514848589897156
1736528867.894985 1.7485990524291992 13.12382984161377 -38.10848617553711 0.020944232121109962 -0.2800980806350708 -0.11574500799179077 -0.9527379274368286
1736528868.561631 2.245716094970703 12.933974266052246 -37.43502426147461 0.017227910459041595 -0.27580174803733826 -0.11298589408397675 -0.9543955326080322
1736528869.028158 2.5833802223205566 12.78574275970459 -36.89130783081055 0.01871778629720211 -0.2442641407251358 -0.10319963097572327 -0.9640200138092041
1736528869.361434 2.740837574005127 12.666170120239258 -36.477508544921875 0.017652733251452446 -0.16768883168697357 -0.07854067534208298 -0.9825478196144104
1736528869.961579 2.9434046745300293 12.442192077636719 -35.709266662597656 0.018156258389353752 -0.12222681194543839 -0.06017742305994034 -0.9905098080635071
1736528870.56267 3.3927745819091797 12.244261741638184 -34.96173858642578 0.02148597501218319 -0.2552192211151123 -0.09987019002437592 -0.9614715576171875
1736528871.294902 3.819220542907715 12.07060718536377 -34.30720138549805 0.023249750956892967 -0.23248037695884705 -0.09440173208713531 -0.9677296876907349
1736528871.894698 3.921462297439575 11.922943115234375 -33.789634704589844 0.024751586839556694 -0.10760018229484558 -0.05620048940181732 -0.9922959208488464
1736528872.694833 4.176599502563477 11.694226264953613 -33.00923156738281 0.02218717709183693 -0.14295510947704315 -0.06493303179740906 -0.9873476028442383
1736528873.294824 4.431552410125732 11.50398063659668 -32.32895278930664 0.023061543703079224 -0.15308012068271637 -0.06835208833217621 -0.9855773448944092
1736528873.894827 4.68508243560791 11.311681747436523 -31.63017463684082 0.022729219868779182 -0.1577061265707016 -0.06929685175418854 -0.9847894310951233
1736528874.494628 4.973238945007324 11.132562637329102 -30.95779037475586 0.02452656999230385 -0.17489144206047058 -0.07455583661794662 -0.9814545512199402
1736528875.161567 5.3143391609191895 10.935220718383789 -30.253000259399414 0.022751664742827415 -0.18766196072101593 -0.0787225216627121 -0.9788095355033875
1736528876.961664 5.523179054260254 10.708847999572754 -29.453516006469727 0.02154100127518177 -0.10556838661432266 -0.05091957747936249 -0.9928739070892334
1736528877.761384 5.717275619506836 10.498600959777832 -28.71213150024414 0.02304229512810707 -0.1028512716293335 -0.04992147907614708 -0.9931760430335999
1736528878.42802 5.870858192443848 10.322239875793457 -28.082685470581055 0.02252235822379589 -0.09904502332210541 -0.04948790743947029 -0.9935964345932007
1736528879.361378 6.042068004608154 10.119799613952637 -27.366661071777344 0.023553920909762383 -0.09579478949308395 -0.04818179830908775 -0.9939553141593933
1736528880.82781 6.163395404815674 9.896103858947754 -26.594514846801758 0.022896600887179375 -0.05269031226634979 -0.034221798181533813 -0.9977617263793945
1736528881.761262 6.229045867919922 9.656111717224121 -25.775440216064453 0.019279951229691505 -0.032072849571704865 -0.029307248070836067 -0.9988697171211243
1736528882.361257 6.281721591949463 9.454065322875977 -25.115232467651367 0.017679065465927124 -0.026203511282801628 -0.02695586532354355 -0.999136745929718
1736528883.161068 6.344114303588867 9.19183349609375 -24.2374267578125 0.019583819434046745 -0.02079320140182972 -0.02590055949985981 -0.999256432056427
1736528883.827719 6.382087707519531 8.975333213806152 -23.509035110473633 0.02011757344007492 -0.01688644103705883 -0.02447713539004326 -0.9993553161621094
1736528884.427863 6.424006938934326 8.776270866394043 -22.827295303344727 0.019806766882538795 -0.014478377066552639 -0.023487454280257225 -0.999423086643219
1736528885.02784 6.463408470153809 8.575854301452637 -22.148944854736328 0.019151633605360985 -0.009817639365792274 -0.023170532658696175 -0.9994999170303345
1736528885.827815 6.502493381500244 8.32030963897705 -21.246524810791016 0.02189149707555771 -0.007243595086038113 -0.020927714183926582 -0.9995150566101074
1736528886.627679 6.571978569030762 8.084281921386719 -20.395227432250977 0.024500373750925064 -0.02540491707623005 -0.027863897383213043 -0.9989884495735168
1736528887.694565 6.681788444519043 7.84506893157959 -19.55461311340332 0.022282399237155914 -0.04299572855234146 -0.033015258610248566 -0.9982810020446777
1736528888.561091 6.758022308349609 7.661518573760986 -18.923038482666016 0.019109776243567467 -0.043159857392311096 -0.03190387040376663 -0.9983757734298706
1736528889.560869 6.847656726837158 7.454483509063721 -18.20830535888672 0.02036483772099018 -0.0438184030354023 -0.029847286641597748 -0.9983859062194824
1736528890.561797 6.947674751281738 7.221907138824463 -17.40167236328125 0.020451555028557777 -0.045529697090387344 -0.029306724667549133 -0.9983235597610474
1736528891.094356 7.000927925109863 7.027780532836914 -16.719924926757812 0.020884031429886818 -0.02635575458407402 -0.022706763818860054 -0.9991765022277832
1736528891.62747 6.962763786315918 6.7885236740112305 -15.916444778442383 0.016172731295228004 0.03325331211090088 -0.0015703499084338546 -0.9993149042129517
1736528892.160807 6.840611934661865 6.552894115447998 -15.136323928833008 0.016582628712058067 0.0719248577952385 0.01411517709493637 -0.9971723556518555
1736528892.694275 6.878436088562012 6.329961776733398 -14.349247932434082 0.0185703095048666 -0.02599339373409748 -0.015023256652057171 -0.9993767142295837
1736528893.094297 7.000775337219238 6.15104866027832 -13.758514404296875 0.01843947544693947 -0.09181581437587738 -0.036952752619981766 -0.9949193000793457
1736528893.694335 7.187975883483887 5.89242696762085 -12.890297889709473 0.016292329877614975 -0.08595892041921616 -0.03868507593870163 -0.9954140186309814
1736528894.294256 7.362768650054932 5.656702518463135 -12.098285675048828 0.017073573544621468 -0.0850973054766655 -0.03765419125556946 -0.9955145716667175
1736528894.894058 7.521427154541016 5.424657821655273 -11.3250732421875 0.01658901572227478 -0.08338112384080887 -0.036257073283195496 -0.9957197904586792
1736528895.560864 7.694843292236328 5.176665306091309 -10.492058753967285 0.015480047091841698 -0.08235543966293335 -0.036613889038562775 -0.9958099722862244
1736528896.160882 7.839052200317383 4.949911117553711 -9.731943130493164 0.017015868797898293 -0.08105945587158203 -0.03556831181049347 -0.9959291219711304
1736528896.760848 7.992599010467529 4.726097583770752 -8.979949951171875 0.016918914392590523 -0.07840916514396667 -0.03732924163341522 -0.9960784912109375
1736528897.360638 8.126440048217773 4.51393461227417 -8.28987979888916 0.01388254202902317 -0.07391833513975143 -0.036249082535505295 -0.9965085983276367
1736528897.960761 8.238210678100586 4.313324451446533 -7.603016376495361 0.01936073787510395 -0.05936302989721298 -0.03361551836133003 -0.9974824786186218
1736528899.027438 8.210168838500977 4.061649322509766 -6.77376127243042 0.017122594639658928 0.011158937588334084 -0.010574211366474628 -0.9997352361679077
1736528899.7609 8.212964057922363 3.8515372276306152 -6.075901031494141 0.014990786090493202 0.009419211186468601 -0.011860745027661324 -0.9997729659080505
1736528900.627265 8.246891975402832 3.6189424991607666 -5.300291061401367 0.015156552195549011 -0.0024369636084884405 -0.016980985179543495 -0.9997380375862122
1736528901.894038 8.335744857788086 3.3601770401000977 -4.439645290374756 0.01725167967379093 -0.03595593199133873 -0.028224404901266098 -0.998805820941925
1736528903.227408 8.42756175994873 3.1246085166931152 -3.6738553047180176 0.014854936860501766 -0.04022403061389923 -0.030680906027555466 -0.9986090660095215
1736528903.960469 8.490161895751953 2.8896517753601074 -2.916717290878296 0.012732207775115967 -0.02534625306725502 -0.024727584794163704 -0.9992917776107788
1736528904.560652 8.491487503051758 2.6736786365509033 -2.181009531021118 0.015869999304413795 0.00287275156006217 -0.01675981655716896 -0.9997294545173645
1736528905.160606 8.522235870361328 2.433769464492798 -1.3842917680740356 0.013190721161663532 -0.0015960533637553453 -0.021151075139641762 -0.9996880292892456
1736528905.760603 8.568241119384766 2.197760581970215 -0.592269778251648 0.017425213009119034 -0.012334507890045643 -0.027318859472870827 -0.9993987679481506
1736528906.427073 8.685599327087402 1.9878480434417725 0.09359262138605118 0.01618219166994095 -0.05622750148177147 -0.04357669875025749 -0.9973353147506714
1736528907.293884 8.81804084777832 1.7270578145980835 0.9402653574943542 0.010322337038815022 -0.05852044001221657 -0.04628131538629532 -0.9971594214439392
1736528908.027981 8.941948890686035 1.505826711654663 1.6574840545654297 0.008480454795062542 -0.05941088870167732 -0.04772109165787697 -0.997056245803833
1736528908.760322 9.068632125854492 1.282527208328247 2.383819580078125 0.006120660342276096 -0.06289104372262955 -0.04994335025548935 -0.9967511892318726
1736528909.693842 9.230677604675293 1.018843412399292 3.225059747695923 0.01044420711696148 -0.06481815129518509 -0.05086740478873253 -0.9965450763702393
1736528910.693832 9.402670860290527 0.7568439245223999 4.02901029586792 0.004156842827796936 -0.062872514128685 -0.05413736775517464 -0.9965435266494751
1736528911.693579 9.54061222076416 0.5383643507957458 4.7544732093811035 0.013231782242655754 -0.06674507260322571 -0.05640794709324837 -0.9960864782333374
1736528912.626904 9.671561241149902 0.32206183671951294 5.48164701461792 0.014534435234963894 -0.06876451522111893 -0.05268077179789543 -0.9961349964141846
1736528913.560369 9.812166213989258 0.09975074231624603 6.215072154998779 0.012399326078593731 -0.07250183075666428 -0.04879700392484665 -0.9960967302322388
1736528914.493489 9.96007251739502 -0.12118254601955414 6.957843780517578 0.015027238056063652 -0.07318656146526337 -0.04669421166181564 -0.996111273765564
1736528915.360151 10.09538745880127 -0.3352767527103424 7.634968280792236 0.012292888015508652 -0.07457537204027176 -0.04605027288198471 -0.9960756897926331
1736528916.160307 10.203971862792969 -0.5341838002204895 8.268477439880371 0.01143940631300211 -0.06655384600162506 -0.04230375960469246 -0.9968200325965881
1736528916.493621 10.195807456970215 -0.5897462368011475 8.447933197021484 0.012305138632655144 -0.03578643873333931 -0.03138381615281105 -0.9987907409667969
