1732203252.090223 -0.0 -0.0 -0.0 -0.0 -0.0 -0.0 1.0
1732203254.023687 -0.022561924532055855 -0.05446486175060272 0.12335177510976791 0.00888582319021225 -0.012126263231039047 -0.006925270892679691 0.9998630285263062
1732203254.623481 -0.06641493737697601 -0.27184492349624634 0.75502610206604 0.007472835946828127 -0.0359673909842968 -0.017352435737848282 0.9991744160652161
1732203255.223644 -0.11267606914043427 -0.5014311075210571 1.3799574375152588 0.012973232194781303 -0.039117198437452316 -0.01853589154779911 0.9989784955978394
1732203255.890345 -0.1880842000246048 -0.7637979984283447 2.081329107284546 0.0143964234739542 -0.04623234272003174 -0.022418923676013947 0.9985753893852234
1732203256.490521 -0.253330260515213 -0.9942670464515686 2.7286479473114014 0.014659174717962742 -0.049597181379795074 -0.025398820638656616 0.9983386993408203
1732203257.023458 -0.3258170485496521 -1.2057276964187622 3.2962090969085693 0.015263445675373077 -0.0542130172252655 -0.028585555031895638 0.9980034828186035
1732203257.623622 -0.40398961305618286 -1.4461205005645752 3.941632032394409 0.017717914655804634 -0.060295071452856064 -0.02728039212524891 0.9976504445075989
1732203258.223636 -0.49464020133018494 -1.6850566864013672 4.595927715301514 0.016171865165233612 -0.06395189464092255 -0.031030690297484398 0.9973393082618713
1732203258.823684 -0.5903644561767578 -1.924487829208374 5.241499423980713 0.018378790467977524 -0.0690687894821167 -0.030565757304430008 0.9969742298126221
1732203259.423451 -0.687743067741394 -2.1571412086486816 5.87854528427124 0.018425989896059036 -0.07290536165237427 -0.03331516310572624 0.996612012386322
1732203260.090363 -0.8102360367774963 -2.425389051437378 6.600588798522949 0.01937485672533512 -0.07799293845891953 -0.03531823679804802 0.9961397051811218
1732203260.823598 -0.9610510468482971 -2.717226266860962 7.3743205070495605 0.021348481997847557 -0.08431839197874069 -0.04051323980093002 0.9953860640525818
1732203261.491102 -1.1060231924057007 -2.9777510166168213 8.086442947387695 0.01731434464454651 -0.09130838513374329 -0.042287856340408325 0.9947737455368042
1732203262.223407 -1.3513927459716797 -3.2422468662261963 8.823882102966309 0.016235262155532837 -0.15151318907737732 -0.06221111863851547 0.9863620400428772
1732203262.890283 -1.6347451210021973 -3.4770493507385254 9.472814559936523 0.013537771999835968 -0.19057205319404602 -0.07469438761472702 0.9787338376045227
1732203263.623613 -2.0395498275756836 -3.72971773147583 10.148584365844727 0.01676853746175766 -0.24104087054729462 -0.09120973199605942 0.9660739898681641
1732203264.290055 -2.4732894897460938 -3.9496397972106934 10.726971626281738 0.018302038311958313 -0.28123152256011963 -0.1041250005364418 0.9537986516952515
1732203264.823691 -2.8245160579681396 -4.1357197761535645 11.202937126159668 0.02411104552447796 -0.29240143299102783 -0.10361259430646896 0.9503601789474487
1732203265.423563 -3.2285609245300293 -4.345219612121582 11.712586402893066 0.031126778572797775 -0.30723515152931213 -0.10535625368356705 0.9452713131904602
1732203266.09022 -3.738541603088379 -4.557137489318848 12.276567459106445 0.02139241062104702 -0.33592700958251953 -0.11867232620716095 0.934137225151062
1732203266.623559 -4.200586795806885 -4.69937801361084 12.654762268066406 0.01803172007203102 -0.3839602768421173 -0.13893179595470428 0.9126595258712769
1732203267.290184 -4.835119247436523 -4.838807582855225 13.033912658691406 0.02019522525370121 -0.4525063633918762 -0.1653791069984436 0.876059353351593
1732203267.890201 -5.461032867431641 -4.9335036277771 13.281466484069824 0.020297201350331306 -0.5079902410507202 -0.1879492998123169 0.8403624892234802
1732203268.424149 -6.03434419631958 -5.007785797119141 13.445430755615234 0.02431632950901985 -0.5525298118591309 -0.20184141397476196 0.808319091796875
1732203269.023571 -6.69767951965332 -5.0663557052612305 13.58022403717041 0.02581772580742836 -0.5882975459098816 -0.21221736073493958 0.7798739075660706
1732203269.623527 -7.36855936050415 -5.119412422180176 13.705289840698242 0.025724144652485847 -0.605370283126831 -0.21653127670288086 0.765492856502533
1732203270.290161 -8.133929252624512 -5.160197734832764 13.789532661437988 0.024798482656478882 -0.6258050203323364 -0.2262061983346939 0.7460455298423767
1732203271.023574 -8.980579376220703 -5.194501876831055 13.825489044189453 0.026877446100115776 -0.6514105200767517 -0.23376379907131195 0.7213157415390015
1732203271.623294 -9.685005187988281 -5.204896926879883 13.830018997192383 0.0262045469135046 -0.6652252078056335 -0.24090394377708435 0.7062252759933472
1732203272.29017 -10.438735961914062 -5.219790458679199 13.794350624084473 0.03207453340291977 -0.683101236820221 -0.23971007764339447 0.6891175508499146
1732203272.890148 -11.117754936218262 -5.220963001251221 13.738282203674316 0.029313642531633377 -0.6940957307815552 -0.24493785202503204 0.6762967109680176
1732203273.490172 -11.811746597290039 -5.211380958557129 13.658729553222656 0.027846749871969223 -0.7069457769393921 -0.25068601965904236 0.6607638001441956
1732203274.090002 -12.460115432739258 -5.194558143615723 13.540712356567383 0.02975197695195675 -0.729139506816864 -0.2567574083805084 0.6336766481399536
1732203274.690103 -13.116485595703125 -5.144833564758301 13.3428316116333 0.03384694084525108 -0.7588136196136475 -0.26298969984054565 0.5948888659477234
1732203275.423448 -13.828200340270996 -5.035931587219238 12.962665557861328 0.03151417896151543 -0.8150341510772705 -0.2831343412399292 0.5045405030250549
1732203276.156849 -14.31353759765625 -4.86638069152832 12.434685707092285 0.029854845255613327 -0.8790732622146606 -0.30570223927497864 0.3645339608192444
1732203276.823431 -14.660245895385742 -4.664274215698242 11.85265064239502 0.03158093988895416 -0.9089104533195496 -0.31617042422294617 0.2700384557247162
1732203277.556757 -14.953798294067383 -4.422065258026123 11.148189544677734 0.03371594473719597 -0.9245495796203613 -0.32071369886398315 0.20301230251789093
1732203278.223414 -15.207759857177734 -4.19754695892334 10.499004364013672 0.03248162195086479 -0.9310219883918762 -0.3201858401298523 0.17211660742759705
1732203278.823446 -15.383003234863281 -3.992672920227051 9.904865264892578 0.036428067833185196 -0.9347754716873169 -0.32144758105278015 0.14676286280155182
1732203279.35671 -15.523731231689453 -3.831284761428833 9.384218215942383 0.040067486464977264 -0.9409809112548828 -0.30957382917404175 0.13081960380077362
1732203280.023383 -15.704534530639648 -3.6325864791870117 8.749326705932617 0.03675365075469017 -0.9410507678985596 -0.30845701694488525 0.1338915377855301
1732203280.623407 -15.927045822143555 -3.42165470123291 8.117392539978027 0.031747348606586456 -0.9379090666770935 -0.31185048818588257 0.148553267121315
1732203281.156753 -16.10650634765625 -3.2413105964660645 7.5544352531433105 0.03293910250067711 -0.9389336705207825 -0.31007927656173706 0.1454971432685852
1732203281.756559 -16.303768157958984 -3.0410349369049072 6.930123329162598 0.03412550315260887 -0.9399518370628357 -0.3076920211315155 0.14370697736740112
1732203282.356729 -16.518280029296875 -2.843418836593628 6.302268981933594 0.03429090604186058 -0.9383219480514526 -0.30823245644569397 0.15286876261234283
1732203283.023797 -16.795677185058594 -2.613224506378174 5.623011112213135 0.03230958431959152 -0.9350491166114807 -0.3095564842224121 0.16974718868732452
1732203283.623385 -17.040422439575195 -2.4379546642303467 5.019501686096191 0.032755885273218155 -0.9347888231277466 -0.3032011091709137 0.18211571872234344
1732203286.156694 -17.455018997192383 -2.2368311882019043 4.3377604484558105 0.02867654711008072 -0.9247010946273804 -0.29944512248039246 0.23332005739212036
1732203286.756643 -17.702783584594727 -2.1296005249023438 3.983706474304199 0.024602599442005157 -0.9181249141693115 -0.29738572239875793 0.2607742249965668
1732203287.356645 -17.985015869140625 -2.0317134857177734 3.6661720275878906 0.02426000125706196 -0.9049553275108337 -0.29373684525489807 0.3068974018096924
1732203290.823292 -18.41374969482422 -1.855999231338501 3.066960334777832 0.02326936274766922 -0.9090268015861511 -0.2962011694908142 0.29222211241722107
1732203292.756597 -18.871431350708008 -1.6617577075958252 2.432903289794922 0.024056175723671913 -0.9090772867202759 -0.29550427198410034 0.2927064299583435
1732203293.956587 -19.34392547607422 -1.4581680297851562 1.7859058380126953 0.023685049265623093 -0.9090439677238464 -0.295076847076416 0.29327088594436646
1732203294.95657 -19.759769439697266 -1.2951202392578125 1.2271556854248047 0.026019420474767685 -0.9088820815086365 -0.2947136163711548 0.2939392924308777
1732203295.757305 -20.16252899169922 -1.132993221282959 0.6797466278076172 0.023296495899558067 -0.9090506434440613 -0.2936497926712036 0.2947101891040802
1732203296.556584 -20.651756286621094 -0.9595284461975098 0.08817100524902344 0.023331934586167336 -0.9012706279754639 -0.2924453914165497 0.3188144862651825
1732203296.956534 -20.952438354492188 -0.8658566474914551 -0.22324180603027344 0.025407975539565086 -0.8900085687637329 -0.2923813760280609 0.34893015027046204
1732203297.356542 -21.286640167236328 -0.7932391166687012 -0.48745155334472656 0.02413197048008442 -0.8748710751533508 -0.28471893072128296 0.3910927176475525
1732203298.02324 -21.846019744873047 -0.6981916427612305 -0.8911151885986328 0.028812963515520096 -0.8613128662109375 -0.27744773030281067 0.4246560037136078
1732203298.556527 -22.325021743774414 -0.6131811141967773 -1.2399578094482422 0.032089635729789734 -0.8576548099517822 -0.273272305727005 0.434420108795166
1732203299.22318 -22.895294189453125 -0.5465188026428223 -1.64898681640625 0.03013714775443077 -0.8620022535324097 -0.25078055262565613 0.43949177861213684
1732203299.956548 -23.595863342285156 -0.4042501449584961 -2.1078720092773438 0.013064823113381863 -0.8476579785346985 -0.2734907567501068 0.45443159341812134
1732203300.623221 -24.1845645904541 -0.32448482513427734 -2.5332603454589844 0.033881183713674545 -0.8450418710708618 -0.2619555592536926 0.46490392088890076
1732203301.356318 -24.8537540435791 -0.23557567596435547 -2.9459190368652344 0.032438308000564575 -0.8409425616264343 -0.2605286240577698 0.47316840291023254
1732203302.156488 -25.45303726196289 -0.12536239624023438 -3.3823490142822266 0.0326402373611927 -0.8524223566055298 -0.2724403440952301 0.44506970047950745
1732203303.356307 -25.692045211791992 -0.009602546691894531 -3.776031494140625 0.03790948912501335 -0.9024938941001892 -0.2913588285446167 0.31492501497268677
1732203304.423139 -25.84071922302246 0.20368051528930664 -4.443599700927734 0.04006604105234146 -0.9302754998207092 -0.30739298462867737 0.19619342684745789
1732203304.956461 -26.038660049438477 0.3630366325378418 -4.974224090576172 0.03950605168938637 -0.9326496720314026 -0.3083597421646118 0.18307964503765106
1732203305.556615 -26.269807815551758 0.5560150146484375 -5.588932037353516 0.037413984537124634 -0.934706449508667 -0.30959352850914 0.17051666975021362
1732203306.289787 -26.56598472595215 0.7960143089294434 -6.338613510131836 0.03384101018309593 -0.9348756074905396 -0.3108289837837219 0.1680709421634674
1732203306.889766 -26.79350471496582 0.9827265739440918 -6.9352264404296875 0.03277045860886574 -0.934945285320282 -0.3096330463886261 0.17009073495864868
1732203307.556668 -27.079450607299805 1.1875925064086914 -7.587297439575195 0.029696673154830933 -0.932519257068634 -0.3079609274864197 0.18624207377433777
1732203308.156467 -27.328922271728516 1.3774595260620117 -8.190818786621094 0.02899659238755703 -0.9331031441688538 -0.30761486291885376 0.18398606777191162
1732203308.756483 -27.60907745361328 1.5624284744262695 -8.785457611083984 0.028504563495516777 -0.9292749762535095 -0.3046922981739044 0.20687711238861084
1732203309.489755 -27.97624969482422 1.7553272247314453 -9.429306030273438 0.02890394814312458 -0.922394335269928 -0.3017553389072418 0.23936805129051208
1732203310.089758 -28.284927368164062 1.9153642654418945 -9.968179702758789 0.029476303607225418 -0.9212255477905273 -0.30207324028015137 0.24336490035057068
1732203310.689724 -28.659809112548828 2.066666603088379 -10.47726821899414 0.027861833572387695 -0.9095818996429443 -0.2956225275993347 0.2906748354434967
1732203311.489731 -29.228710174560547 2.190363883972168 -11.000274658203125 0.022910960018634796 -0.8906980156898499 -0.2773215174674988 0.359478622674942
1732203312.289732 -29.773387908935547 2.286266326904297 -11.463001251220703 0.02289433963596821 -0.8889201283454895 -0.25868740677833557 0.3773297369480133
1732203313.089763 -30.375957489013672 2.425774574279785 -11.93362808227539 0.016873249784111977 -0.8770434260368347 -0.2686397135257721 0.3979233205318451
1732203313.889884 -31.02301025390625 2.548905372619629 -12.394332885742188 0.02389545552432537 -0.8574594855308533 -0.26878446340560913 0.4381178319454193
1732203314.489799 -31.598419189453125 2.627023696899414 -12.719104766845703 0.023381656035780907 -0.8413295745849609 -0.2608893811702728 0.47281551361083984
1732203315.089932 -32.20806884765625 2.711519241333008 -13.057838439941406 0.022418323904275894 -0.833209753036499 -0.2625947892665863 0.4861100912094116
1732203315.689704 -32.83164978027344 2.7790451049804688 -13.377727508544922 0.022169148549437523 -0.8255528211593628 -0.2574804723262787 0.5016720294952393
1732203316.289674 -33.448333740234375 2.850767135620117 -13.682796478271484 0.021879220381379128 -0.8183870315551758 -0.2553630769252777 0.5143479108810425
1732203316.956328 -34.14249038696289 2.9262285232543945 -13.98428726196289 0.019697973504662514 -0.8105930685997009 -0.2515661418437958 0.5284556746482849
1732203317.556359 -34.80071258544922 2.970731735229492 -14.246139526367188 0.02032402902841568 -0.8039442896842957 -0.24848848581314087 0.539920449256897
1732203318.156144 -35.44099807739258 3.0170488357543945 -14.498912811279297 0.021371839568018913 -0.8003525733947754 -0.24612730741500854 0.546260416507721
1732203318.756542 -36.020992279052734 3.0827627182006836 -14.797637939453125 0.02557585947215557 -0.8168390989303589 -0.2549985945224762 0.5168129205703735
1732203319.489679 -36.72232437133789 3.163996696472168 -15.167228698730469 0.026544535532593727 -0.8222438097000122 -0.2575221657752991 0.5068461298942566
1732203320.156719 -37.32550811767578 3.2486114501953125 -15.517303466796875 0.029240408912301064 -0.8318462371826172 -0.2609138786792755 0.48897919058799744
1732203320.756129 -37.870662689208984 3.326883316040039 -15.85165786743164 0.029573779553174973 -0.8401992321014404 -0.26542580127716064 0.47195330262184143
1732203321.489604 -38.472633361816406 3.4490909576416016 -16.324241638183594 0.03140731900930405 -0.8581014275550842 -0.27166521549224854 0.43459582328796387
1732203322.156455 -38.96227264404297 3.579019546508789 -16.802051544189453 0.03147260099649429 -0.8758647441864014 -0.280402809381485 0.39146485924720764
1732203322.889619 -39.45903015136719 3.7309322357177734 -17.351970672607422 0.03174871951341629 -0.8902956247329712 -0.28544142842292786 0.35339638590812683
1732203323.55625 -39.84441375732422 3.880460739135742 -17.88269805908203 0.03347521647810936 -0.9005709290504456 -0.28912168741226196 0.32289353013038635
1732203324.289585 -40.29611587524414 4.063774108886719 -18.479476928710938 0.03369143232703209 -0.9016526341438293 -0.29044750332832336 0.318634033203125
1732203324.956267 -40.7442626953125 4.2120208740234375 -19.010421752929688 0.03258154168725014 -0.8967687487602234 -0.287131667137146 0.33511143922805786
1732203325.689399 -41.273193359375 4.369401931762695 -19.55999755859375 0.03262419253587723 -0.8868391513824463 -0.28313207626342773 0.3637145161628723
1732203326.422882 -41.840003967285156 4.50605583190918 -20.073135375976562 0.03112923353910446 -0.8735102415084839 -0.2788761556148529 0.3977925181388855
1732203327.222894 -42.511383056640625 4.6043853759765625 -20.497737884521484 0.029532410204410553 -0.8409417271614075 -0.2646944522857666 0.4710432291030884
1732203327.822903 -43.034423828125 4.662885665893555 -20.79851531982422 0.029427429661154747 -0.839292585849762 -0.26246747374534607 0.4752187728881836
1732203328.422851 -43.60569763183594 4.745399475097656 -21.14071273803711 0.029046382755041122 -0.8328633904457092 -0.2617398500442505 0.4868132472038269
1732203329.022869 -44.18968200683594 4.816320419311523 -21.46719741821289 0.02919670380651951 -0.8288825750350952 -0.26029515266418457 0.4943152964115143
1732203329.622874 -44.78396224975586 4.886289596557617 -21.77972412109375 0.028027471154928207 -0.8236006498336792 -0.2586343586444855 0.5039888620376587
1732203330.222874 -45.354095458984375 4.958383560180664 -22.102317810058594 0.02888309955596924 -0.8255355954170227 -0.25912001729011536 0.5005134344100952
1732203330.889501 -45.987369537353516 5.0380401611328125 -22.463768005371094 0.028394188731908798 -0.829152524471283 -0.2589071989059448 0.49463820457458496
1732203331.622851 -46.671409606933594 5.133478164672852 -22.877544403076172 0.028877681121230125 -0.834272563457489 -0.2598104476928711 0.48544204235076904
1732203332.222985 -47.193607330322266 5.2139892578125 -23.238079071044922 0.02855459228157997 -0.8440281748771667 -0.26295486092567444 0.4665360748767853
1732203332.822644 -47.73761749267578 5.3004150390625 -23.586044311523438 0.024519477039575577 -0.8448833227157593 -0.26505154371261597 0.46402445435523987
1732203333.422824 -48.277122497558594 5.380619049072266 -23.948875427246094 0.02544478140771389 -0.8459381461143494 -0.2603481411933899 0.46471500396728516
1732203334.089481 -48.892391204833984 5.478433609008789 -24.37060546875 0.02254852093756199 -0.8467932343482971 -0.2616207003593445 0.46258771419525146
1732203334.622847 -49.39256286621094 5.551778793334961 -24.70307159423828 0.022339127957820892 -0.8470107913017273 -0.26030492782592773 0.4629417657852173
1732203335.222645 -49.96226501464844 5.641817092895508 -25.08960723876953 0.022971011698246002 -0.8473116159439087 -0.2605130970478058 0.46224260330200195
1732203335.822776 -50.5158576965332 5.723114013671875 -25.452178955078125 0.021923014894127846 -0.8479713797569275 -0.25868064165115356 0.46211299300193787
1732203336.422856 -51.040618896484375 5.81151008605957 -25.824539184570312 0.02244800515472889 -0.8513122200965881 -0.26066142320632935 0.4547739326953888
1732203337.022819 -51.56852722167969 5.8965911865234375 -26.207263946533203 0.021561335772275925 -0.8528075218200684 -0.26026684045791626 0.4522339105606079
1732203337.62283 -52.10090637207031 5.985858917236328 -26.59197998046875 0.020463084802031517 -0.8530868291854858 -0.2618033289909363 0.4508694112300873
1732203338.222748 -52.63343811035156 6.081777572631836 -26.973461151123047 0.02080407738685608 -0.8537452816963196 -0.26164382696151733 0.44969862699508667
1732203338.822762 -53.178199768066406 6.169162750244141 -27.371334075927734 0.02088218927383423 -0.8542126417160034 -0.26124486327171326 0.44903886318206787
1732203339.422777 -53.730995178222656 6.26555061340332 -27.774078369140625 0.019753441214561462 -0.8549122214317322 -0.2610812485218048 0.44785216450691223
1732203340.022769 -54.2796745300293 6.360557556152344 -28.17229461669922 0.018687166273593903 -0.8553824424743652 -0.2606304883956909 0.447262167930603
1732203340.62257 -54.833858489990234 6.457796096801758 -28.574317932128906 0.016813375055789948 -0.8562928438186646 -0.2594021260738373 0.446307510137558
1732203341.222737 -55.403926849365234 6.554269790649414 -28.979354858398438 0.01581597328186035 -0.8550459742546082 -0.26223134994506836 0.4470806121826172
1732203341.822814 -55.96620559692383 6.649320602416992 -29.379302978515625 0.015997881069779396 -0.8563429117202759 -0.2611151337623596 0.4452413320541382
1732203342.42291 -56.52202606201172 6.746782302856445 -29.78289794921875 0.01765521429479122 -0.8553008437156677 -0.26348069310188293 0.4457876980304718
1732203343.022541 -57.07122802734375 6.829744338989258 -30.17967987060547 0.01992587000131607 -0.8573044538497925 -0.25833648443222046 0.4448532462120056
1732203343.62271 -57.64006042480469 6.942058563232422 -30.580360412597656 0.016746560111641884 -0.8529159426689148 -0.268166184425354 0.4475945830345154
1732203344.222739 -58.225955963134766 7.064565658569336 -30.99358367919922 0.01644499972462654 -0.8500226736068726 -0.2774703800678253 0.4474385678768158
1732203344.822715 -58.780914306640625 7.154521942138672 -31.379493713378906 0.024968011304736137 -0.8527931571006775 -0.2675652503967285 0.4478049874305725
1732203345.422545 -59.35291290283203 7.252847671508789 -31.77684783935547 0.0179836954921484 -0.8542833924293518 -0.26471611857414246 0.44699203968048096
1732203346.022905 -59.913211822509766 7.35169792175293 -32.17901611328125 0.012451738119125366 -0.8564765453338623 -0.2645041048526764 0.44309207797050476
1732203346.622679 -60.456703186035156 7.44196891784668 -32.58380889892578 0.016789812594652176 -0.8624076247215271 -0.25676196813583374 0.4359409213066101
1732203347.222689 -60.98052978515625 7.547279357910156 -33.013641357421875 0.01208747923374176 -0.8701689839363098 -0.26694363355636597 0.4140060544013977
1732203347.822481 -61.482208251953125 7.650766372680664 -33.4635009765625 0.012136640027165413 -0.8814587593078613 -0.263085275888443 0.39200687408447266
1732203348.422649 -61.97837829589844 7.746881484985352 -33.915138244628906 0.01552658248692751 -0.8823370933532715 -0.2626287043094635 0.390213280916214
1732203349.089339 -62.540409088134766 7.853492736816406 -34.434478759765625 0.020254554226994514 -0.8839651346206665 -0.25568583607673645 0.3909221589565277
1732203349.822669 -63.24981689453125 7.998613357543945 -34.997955322265625 0.016339482739567757 -0.8694066405296326 -0.2646976113319397 0.4168936312198639
1732203350.422493 -63.82200622558594 8.104974746704102 -35.4273681640625 0.015497397631406784 -0.8642098903656006 -0.2640906274318695 0.42796894907951355
1732203351.023062 -64.39527130126953 8.195648193359375 -35.832069396972656 0.017107442021369934 -0.8580866456031799 -0.259977787733078 0.4425000250339508
1732203351.622647 -64.9668960571289 8.299108505249023 -36.23065948486328 0.016709038987755775 -0.8532974123954773 -0.26823416352272034 0.4468274414539337
1732203352.222663 -65.53230285644531 8.386026382446289 -36.638404846191406 0.023134732618927956 -0.8539344072341919 -0.2615979313850403 0.44925209879875183
1732203352.822437 -66.1268310546875 8.48739242553711 -37.04351806640625 0.02172849513590336 -0.8507270812988281 -0.26526668667793274 0.45323827862739563
1732203353.4226 -66.71646881103516 8.583559036254883 -37.461570739746094 0.02805437333881855 -0.8503658175468445 -0.26661884784698486 0.4527752697467804
1732203354.022638 -67.31702423095703 8.702678680419922 -37.88618469238281 0.022062186151742935 -0.8552709817886353 -0.27407336235046387 0.43921372294425964
1732203354.622634 -67.84263610839844 8.83370590209961 -38.343994140625 0.023335371166467667 -0.8702349066734314 -0.27950483560562134 0.4049986004829407
1732203355.222407 -68.34537506103516 8.957296371459961 -38.82219696044922 0.02645636536180973 -0.8786280155181885 -0.27867642045021057 0.38684943318367004
1732203355.822554 -68.82342529296875 9.0784912109375 -39.31013488769531 0.029197851195931435 -0.8880095481872559 -0.274623304605484 0.3676527440547943
1732203356.555906 -69.38349914550781 9.242013931274414 -39.91813659667969 0.021026944741606712 -0.8972517251968384 -0.2780205011367798 0.3423476815223694
1732203357.15782 -69.81121063232422 9.382265090942383 -40.44956970214844 0.018268141895532608 -0.9045300483703613 -0.28206565976142883 0.3192659318447113
1732203357.755715 -70.196044921875 9.548807144165039 -41.00896453857422 0.01761188730597496 -0.9122704863548279 -0.2898806929588318 0.2888279855251312
1732203358.355879 -70.55644989013672 9.713371276855469 -41.58918762207031 0.015248416922986507 -0.9217625260353088 -0.2935897409915924 0.25283685326576233
1732203358.955889 -70.86497497558594 9.896923065185547 -42.183753967285156 0.009540091268718243 -0.9298574328422546 -0.2986827492713928 0.2146223932504654
1732203359.555914 -71.11776733398438 10.079179763793945 -42.797462463378906 0.009385276585817337 -0.9362505674362183 -0.30250284075737 0.17843444645404816
1732203360.156568 -71.33474731445312 10.284175872802734 -43.438194274902344 0.010611067526042461 -0.9397937655448914 -0.30627867579460144 0.15122339129447937
1732203360.755982 -71.52435302734375 10.498920440673828 -44.09423828125 0.009790931828320026 -0.942290723323822 -0.3098560869693756 0.1264181137084961
1732203361.355853 -71.69921112060547 10.719440460205078 -44.752784729003906 0.010547074489295483 -0.944158673286438 -0.30924639105796814 0.11322488635778427
1732203361.955871 -71.85807800292969 10.936965942382812 -45.417869567871094 0.014049923978745937 -0.9435536861419678 -0.3148185908794403 0.10197217017412186
1732203362.555672 -72.00604248046875 11.160642623901367 -46.080604553222656 0.014291948638856411 -0.9449445009231567 -0.31495580077171326 0.08762737363576889
1732203363.155865 -72.13963317871094 11.420610427856445 -46.75905227661133 0.0032392917200922966 -0.9416816234588623 -0.32811176776885986 0.07461822032928467
1732203363.755826 -72.25204467773438 11.645442962646484 -47.42387771606445 0.0014403453096747398 -0.9444419145584106 -0.3219928443431854 0.06593978404998779
1732203364.356098 -72.33161926269531 11.856756210327148 -48.07622528076172 0.01680433750152588 -0.9468565583229065 -0.31574440002441406 0.059039823710918427
1732203364.955819 -72.40560913085938 12.056983947753906 -48.712894439697266 0.02108706347644329 -0.9485452175140381 -0.31197646260261536 0.04988084360957146
1732203365.5558 -72.46845245361328 12.250587463378906 -49.33071517944336 0.024067705497145653 -0.9477390646934509 -0.3154112696647644 0.041560567915439606
1732203366.155801 -72.48294830322266 12.45180892944336 -49.95162582397461 0.019791459664702415 -0.947617769241333 -0.31855708360671997 -0.012261038646101952
1732203366.75581 -72.41151428222656 12.638615608215332 -50.54637908935547 0.017555275931954384 -0.9457158446311951 -0.3175164759159088 -0.06705726683139801
1732203367.555665 -72.21139526367188 12.918251037597656 -51.35462951660156 0.013371382839977741 -0.9363368153572083 -0.322238028049469 -0.13877063989639282
1732203368.155793 -72.01139831542969 13.141480445861816 -51.97414779663086 0.013282330706715584 -0.9346171021461487 -0.3208490014076233 -0.15287354588508606
1732203368.755794 -71.80215454101562 13.36987018585205 -52.59698486328125 0.009778979234397411 -0.9318215250968933 -0.32307592034339905 -0.1650303453207016
1732203369.355795 -71.57379150390625 13.60167121887207 -53.218589782714844 0.008630979806184769 -0.928347110748291 -0.32643866539001465 -0.1775808185338974
1732203369.955609 -71.32697296142578 13.844889640808105 -53.840415954589844 0.005843562074005604 -0.9251584410667419 -0.3288339376449585 -0.18951508402824402
1732203370.755767 -70.93807983398438 14.087348937988281 -54.44200897216797 0.004718129523098469 -0.900459885597229 -0.3268379271030426 -0.28692626953125
1732203371.555767 -70.51787567138672 14.283637046813965 -54.92961502075195 -0.0006794984801672399 -0.8850993514060974 -0.32488593459129333 -0.3332383334636688
1732203372.155553 -70.1109848022461 14.476156234741211 -55.41127014160156 -0.007272821385413408 -0.8805260062217712 -0.32335180044174194 -0.34650367498397827
1732203372.755709 -69.66874694824219 14.668012619018555 -55.875370025634766 -0.006996442098170519 -0.8765875697135925 -0.32298532128334045 -0.35668718814849854
1732203373.355722 -69.20912170410156 14.871708869934082 -56.36103820800781 -0.008979170583188534 -0.8715677261352539 -0.3257215917110443 -0.366325706243515
1732203373.955729 -68.76815032958984 15.05385684967041 -56.837188720703125 -0.012098398990929127 -0.8741903305053711 -0.32100024819374084 -0.3641480803489685
1732203374.755553 -68.24372100830078 15.305227279663086 -57.4213752746582 -0.00835390668362379 -0.8760559558868408 -0.3288339674472809 -0.3525967299938202
1732203375.55569 -67.80257415771484 15.491326332092285 -57.92180633544922 -0.009943099692463875 -0.8802923560142517 -0.32025831937789917 -0.3498873710632324
1732203376.425218 -67.35352325439453 15.692412376403809 -58.43622589111328 -0.00798025168478489 -0.8805752396583557 -0.31918665766716003 -0.3502050042152405
1732203377.422295 -66.8272476196289 15.917336463928223 -59.02370071411133 -0.004938602913171053 -0.8812580704689026 -0.3173258900642395 -0.35023432970046997
1732203378.222333 -66.37882995605469 16.120664596557617 -59.53132247924805 -0.002279098378494382 -0.8810774683952332 -0.3180822730064392 -0.35003015398979187
1732203379.222356 -65.86386108398438 16.365564346313477 -60.09700393676758 0.00036818423541262746 -0.8793421387672424 -0.321821928024292 -0.35098156332969666
1732203380.022172 -65.47294616699219 16.542850494384766 -60.54735565185547 -0.0026343301869928837 -0.8797209858894348 -0.32022592425346375 -0.3514818847179413
1732203380.955785 -65.0386962890625 16.73404884338379 -61.035011291503906 -0.003495681332424283 -0.8806342482566833 -0.31866058707237244 -0.35060885548591614
1732203382.022142 -64.53392791748047 16.94310760498047 -61.59202575683594 0.0010191977489739656 -0.8824020624160767 -0.31290557980537415 -0.3513626754283905
1732203382.955612 -64.06658935546875 17.16061019897461 -62.107398986816406 0.007937123067677021 -0.8807865977287292 -0.32019105553627014 -0.34875428676605225
1732203383.889056 -63.576202392578125 17.386877059936523 -62.66523742675781 0.0037695751525461674 -0.8795425295829773 -0.3208253085613251 -0.35137152671813965
1732203384.888752 -63.05851745605469 17.62364387512207 -63.258026123046875 0.0025572930462658405 -0.8818453550338745 -0.31585076451301575 -0.3501150906085968
1732203385.688939 -62.61543273925781 17.837617874145508 -63.75318145751953 0.0040839374996721745 -0.8789143562316895 -0.3249026834964752 -0.3491865396499634
1732203386.488925 -62.178550720214844 18.05217933654785 -64.24285888671875 0.0048500425182282925 -0.8780931830406189 -0.32728561758995056 -0.34901711344718933
1732203387.556091 -61.70439147949219 18.283954620361328 -64.789306640625 0.0011200075969099998 -0.8773274421691895 -0.32883888483047485 -0.3495144844055176
1732203389.0889 -61.21155548095703 18.44525909423828 -65.19239044189453 -0.0031493050046265125 -0.8519734740257263 -0.3109774887561798 -0.4212177097797394
1732203389.888721 -60.674468994140625 18.604618072509766 -65.54769134521484 -0.0007977263303473592 -0.8341906666755676 -0.30977803468704224 -0.4562486708164215
1732203390.690393 -60.093963623046875 18.759822845458984 -65.92900848388672 -0.00013239575491752476 -0.8310375809669495 -0.3057438135147095 -0.4646475315093994
1732203391.488859 -59.45097351074219 18.9332275390625 -66.33299255371094 -0.002096971031278372 -0.8252114653587341 -0.30677464604377747 -0.47424787282943726
1732203392.288678 -58.77710723876953 19.109262466430664 -66.73271179199219 -0.0013560288352891803 -0.8168458342552185 -0.3098401129245758 -0.4865800142288208
1732203393.088838 -58.15080261230469 19.270505905151367 -67.09333801269531 -0.009940952062606812 -0.8128672242164612 -0.3076244592666626 -0.49448490142822266
1732203393.755516 -57.58705139160156 19.415081024169922 -67.39376831054688 -0.010781322605907917 -0.8089815378189087 -0.30959972739219666 -0.4995805025100708
1732203394.48886 -56.955711364746094 19.561954498291016 -67.74647521972656 -0.014067482203245163 -0.8071736693382263 -0.3063376545906067 -0.5044105648994446
1732203395.288809 -56.25422668457031 19.739761352539062 -68.11776733398438 -0.010916904546320438 -0.8043351173400879 -0.3091207444667816 -0.5073168277740479
1732203396.088829 -55.53571319580078 19.914480209350586 -68.4830322265625 -0.0054357293993234634 -0.8027195334434509 -0.3081771433353424 -0.5105279684066772
1732203396.888612 -54.837677001953125 20.081520080566406 -68.84486389160156 -0.010002042166888714 -0.8011848330497742 -0.30420079827308655 -0.5152327418327332
1732203397.555461 -54.235931396484375 20.219928741455078 -69.14459991455078 -0.010264917276799679 -0.7982791662216187 -0.3069979250431061 -0.5180708169937134
1732203398.288811 -53.56513214111328 20.374853134155273 -69.47409057617188 -0.012013851664960384 -0.796615481376648 -0.3052334189414978 -0.5216243863105774
1732203398.888845 -53.01197052001953 20.51239013671875 -69.73036193847656 -0.005851166322827339 -0.7951722145080566 -0.30589741468429565 -0.5235396027565002
1732203399.68879 -52.310821533203125 20.684680938720703 -70.07767486572266 -0.005552330985665321 -0.7978855967521667 -0.3094906210899353 -0.517265260219574
1732203400.555463 -51.637489318847656 20.86267852783203 -70.45880126953125 -0.004223405383527279 -0.8108329772949219 -0.3112904727458954 -0.49561116099357605
1732203401.488771 -51.001136779785156 21.068174362182617 -70.8869857788086 -0.0022949506528675556 -0.8262375593185425 -0.31921058893203735 -0.4641452133655548
1732203402.288566 -50.450477600097656 21.261560440063477 -71.29925537109375 0.002357257530093193 -0.8385698795318604 -0.3198515772819519 -0.4410102665424347
1732203402.955406 -49.980918884277344 21.436681747436523 -71.67565155029297 0.005218988284468651 -0.8450101613998413 -0.32325926423072815 -0.42595091462135315
1732203403.888804 -49.35174560546875 21.68789291381836 -72.20768737792969 0.009785213507711887 -0.8517175912857056 -0.32601720094680786 -0.41011500358581543
1732203404.488542 -48.90258026123047 21.87047004699707 -72.60416412353516 0.010469014756381512 -0.8560341000556946 -0.32507556676864624 -0.4017735719680786
1732203405.155397 -48.370635986328125 22.09571075439453 -73.08775329589844 0.014391455799341202 -0.8606008887290955 -0.3237561285495758 -0.3928626477718353
1732203405.68874 -47.94866943359375 22.273723602294922 -73.49711608886719 0.012559120543301105 -0.8634893298149109 -0.32387471199035645 -0.38643720746040344
1732203406.28871 -47.48054504394531 22.480785369873047 -73.95680236816406 0.015697907656431198 -0.8667941689491272 -0.3241317868232727 -0.37862926721572876
1732203406.955456 -46.95863342285156 22.69731903076172 -74.45162963867188 0.012932012788951397 -0.8648021221160889 -0.3212159276008606 -0.3857075870037079
1732203407.688973 -46.370384216308594 22.930255889892578 -74.96883392333984 0.014374492689967155 -0.8578228950500488 -0.3188387453556061 -0.4028339684009552
1732203408.155353 -45.975685119628906 23.085941314697266 -75.30326843261719 0.012943984009325504 -0.8532999753952026 -0.3209150731563568 -0.4107617735862732
1732203408.755389 -45.47688293457031 23.25579833984375 -75.68128204345703 0.014668332412838936 -0.8464153409004211 -0.3147635757923126 -0.4292898178100586
1732203409.422006 -44.877830505371094 23.45705795288086 -76.08920288085938 0.01778344251215458 -0.8351904153823853 -0.31558966636657715 -0.4500487744808197
1732203410.022013 -44.330413818359375 23.629714965820312 -76.46969604492188 0.017383811995387077 -0.8354671597480774 -0.3113061189651489 -0.45252740383148193
1732203410.688672 -43.71564483642578 23.828786849975586 -76.89546203613281 0.015213876962661743 -0.833724856376648 -0.3116612732410431 -0.45556411147117615
1732203411.222009 -43.21577453613281 23.98995590209961 -77.22604370117188 0.019069544970989227 -0.8313379883766174 -0.3124978244304657 -0.45919328927993774
1732203411.821806 -42.633323669433594 24.16086196899414 -77.5528335571289 0.01799786277115345 -0.808106005191803 -0.30813080072402954 -0.5016933679580688
1732203412.422003 -42.016693115234375 24.27591323852539 -77.74462890625 0.015394543297588825 -0.7605478763580322 -0.29475656151771545 -0.5783151984214783
1732203413.021988 -41.387168884277344 24.355680465698242 -77.87248992919922 0.009812378324568272 -0.7266263365745544 -0.27849113941192627 -0.627981424331665
1732203413.621983 -40.708839416503906 24.4315185546875 -77.94071197509766 0.009832425974309444 -0.6947517991065979 -0.2737230956554413 -0.6650556921958923
1732203414.221759 -40.03115463256836 24.478059768676758 -77.94888305664062 0.010244526900351048 -0.6648116707801819 -0.26723283529281616 -0.6975006461143494
1732203414.822059 -39.346736907958984 24.505687713623047 -77.91387939453125 0.0009168157703243196 -0.6387697458267212 -0.2543095350265503 -0.7261536717414856
1732203415.42196 -38.635780334472656 24.543323516845703 -77.85958862304688 0.00674385204911232 -0.627342700958252 -0.2556546926498413 -0.7355517148971558
1732203416.021943 -37.95619201660156 24.546733856201172 -77.79671478271484 -0.003331128042191267 -0.6160900592803955 -0.24511770904064178 -0.7485582232475281
1732203416.621765 -37.274208068847656 24.5537109375 -77.72714233398438 -0.012648974545300007 -0.6042566895484924 -0.2466946393251419 -0.7575325965881348
1732203417.42196 -36.47322082519531 24.53871726989746 -77.49516296386719 -7.980087684700266e-05 -0.5097869038581848 -0.22964917123317719 -0.8290829658508301
1732203418.021908 -36.48179244995117 24.437400817871094 -77.294921875 -0.02068600431084633 -0.31027546525001526 -0.15067723393440247 -0.9384015798568726
1732203418.822226 -36.151763916015625 24.2021484375 -76.6331558227539 -0.028878651559352875 -0.1949317306280136 -0.11738833785057068 -0.9733384251594543
1732203419.421719 -35.8608512878418 24.00072479248047 -76.00151062011719 -0.009533144533634186 -0.17255814373493195 -0.11410187929868698 -0.9783218502998352
1732203420.021879 -35.59759521484375 23.77623176574707 -75.41236877441406 -0.023839548230171204 -0.15708808600902557 -0.10573229938745499 -0.9816189408302307
1732203420.621915 -35.36427688598633 23.550186157226562 -74.79900360107422 -0.022386308759450912 -0.14655758440494537 -0.09544467180967331 -0.9843323230743408
1732203421.221888 -35.09349822998047 23.35293197631836 -74.20943450927734 -0.015570499934256077 -0.16113321483135223 -0.10705744475126266 -0.9809854030609131
1732203422.021691 -34.74748992919922 23.105085372924805 -73.56550598144531 -0.029564864933490753 -0.17786391079425812 -0.11606235057115555 -0.9767394661903381
1732203422.822628 -34.38248825073242 22.871034622192383 -72.92163848876953 -0.03130961209535599 -0.19336071610450745 -0.12549850344657898 -0.9725643992424011
1732203423.621878 -34.00888442993164 22.64695930480957 -72.2550048828125 -0.01468148548156023 -0.2086208164691925 -0.12269308418035507 -0.9701588749885559
1732203425.222163 -33.665283203125 22.40085220336914 -71.56391906738281 -0.018174845725297928 -0.17923597991466522 -0.1107136458158493 -0.9773877263069153
1732203426.021836 -33.314640045166016 22.175378799438477 -70.84210205078125 -0.006403546314686537 -0.17644041776657104 -0.1139851063489914 -0.977668285369873
1732203426.621825 -33.045921325683594 22.00043296813965 -70.27803039550781 -0.008114524185657501 -0.17220932245254517 -0.11469011753797531 -0.9783273339271545
1732203427.421794 -32.6994514465332 21.766895294189453 -69.55500030517578 -0.008203205652534962 -0.16993853449821472 -0.11521191895008087 -0.9786623120307922
1732203428.221797 -32.34543991088867 21.583351135253906 -68.95015716552734 -0.0064230747520923615 -0.1964387744665146 -0.1260482519865036 -0.9723591804504395
1732203429.221604 -31.947664260864258 21.35585594177246 -68.24407196044922 -0.004837272223085165 -0.21295368671417236 -0.12784285843372345 -0.9686504006385803
1732203430.621803 -31.381227493286133 21.211912155151367 -67.69645690917969 0.007042599841952324 -0.3827884793281555 -0.18499194085597992 -0.905097484588623
1732203432.088464 -30.726116180419922 21.099882125854492 -67.21757507324219 0.008064012043178082 -0.39865103363990784 -0.1903209239244461 -0.8971010446548462
1732203433.221742 -30.091875076293945 21.001541137695312 -66.78215026855469 0.00617786031216383 -0.4153531789779663 -0.1939762681722641 -0.8887163400650024
1732203434.221757 -29.476659774780273 20.921573638916016 -66.38724517822266 0.010248997248709202 -0.42879968881607056 -0.19651709496974945 -0.8817068338394165
1732203435.221741 -28.835491180419922 20.844207763671875 -66.0018539428711 0.011386251077055931 -0.4409300684928894 -0.19986924529075623 -0.8749305605888367
1732203436.223195 -28.18807029724121 20.774391174316406 -65.64153289794922 0.011198851279914379 -0.45214611291885376 -0.20233313739299774 -0.8686195611953735
1732203437.221693 -27.50311851501465 20.707298278808594 -65.2824935913086 0.011593121103942394 -0.4628644287586212 -0.20459206402301788 -0.8624176979064941
1732203438.288392 -26.786043167114258 20.64447784423828 -64.92923736572266 0.012820695526897907 -0.4730432629585266 -0.20744222402572632 -0.8561737537384033
1732203439.221507 -26.097389221191406 20.580482482910156 -64.59867858886719 0.010385967791080475 -0.48215189576148987 -0.20866480469703674 -0.850811779499054
1732203440.021662 -25.463211059570312 20.539756774902344 -64.31069946289062 0.013105989433825016 -0.48940372467041016 -0.21214504539966583 -0.8457580804824829
1732203441.02206 -24.672542572021484 20.474323272705078 -63.94707489013672 0.014488686807453632 -0.4834195077419281 -0.21032732725143433 -0.849622368812561
1732203441.761635 -24.124897003173828 20.41497039794922 -63.640316009521484 0.008255202323198318 -0.46666550636291504 -0.20236478745937347 -0.860931932926178
1732203442.555186 -23.434402465820312 20.3498592376709 -63.20728302001953 0.015745095908641815 -0.4387423098087311 -0.20073412358760834 -0.8757643103599548
1732203443.355044 -22.79859733581543 20.237567901611328 -62.767723083496094 0.006557813845574856 -0.4140256941318512 -0.18722113966941833 -0.8907794952392578
1732203443.954769 -22.306869506835938 20.145435333251953 -62.363563537597656 0.010280569083988667 -0.38044634461402893 -0.1821938455104828 -0.9066202640533447
1732203444.554963 -21.85708999633789 20.0306396484375 -61.93729019165039 0.004198994487524033 -0.35374921560287476 -0.16952243447303772 -0.9198402166366577
1732203445.154961 -21.400619506835938 19.914676666259766 -61.50974655151367 0.004181716125458479 -0.34823131561279297 -0.1638585776090622 -0.9229668974876404
1732203445.754945 -20.94857406616211 19.79976463317871 -61.047332763671875 0.006295454688370228 -0.3343518078327179 -0.15879546105861664 -0.9289527535438538
1732203446.354758 -20.515544891357422 19.672990798950195 -60.55950164794922 0.0068009342066943645 -0.3197285830974579 -0.15163318812847137 -0.9352725744247437
1732203446.954924 -20.079879760742188 19.538869857788086 -60.05073547363281 0.009693149477243423 -0.307161420583725 -0.14782655239105225 -0.9400560259819031
1732203447.554939 -19.655864715576172 19.40270233154297 -59.539154052734375 0.00810184609144926 -0.3007078468799591 -0.140882670879364 -0.9432185292243958
1732203448.154893 -19.226764678955078 19.26578712463379 -59.03603744506836 0.008291948586702347 -0.29790541529655457 -0.13907699286937714 -0.9443734884262085
1732203448.754712 -18.721542358398438 19.15599822998047 -58.57091522216797 0.015306169167160988 -0.3469128906726837 -0.15755964815616608 -0.9244415163993835
1732203449.354889 -18.222999572753906 19.055727005004883 -58.18159484863281 0.010408962145447731 -0.37381577491760254 -0.1620783656835556 -0.9131725430488586
1732203449.954881 -17.671052932739258 18.951244354248047 -57.73101806640625 0.012103328481316566 -0.37874576449394226 -0.16400937736034393 -0.9107722640037537
1732203450.554919 -17.1378116607666 18.847314834594727 -57.287391662597656 0.011322129517793655 -0.3811078667640686 -0.1612624228000641 -0.9102873802185059
1732203451.154924 -16.59061050415039 18.7391357421875 -56.8466796875 0.009782079607248306 -0.3834776282310486 -0.16103731095790863 -0.9093493819236755
1732203451.754711 -16.049957275390625 18.633968353271484 -56.41339111328125 0.014757608994841576 -0.3853258192539215 -0.1621398627758026 -0.9083043932914734
1732203452.354864 -15.506977081298828 18.529170989990234 -55.99085235595703 0.011969071812927723 -0.3866881728172302 -0.16259054839611053 -0.9076857566833496
1732203452.954908 -14.969278335571289 18.436052322387695 -55.5653076171875 0.014135570265352726 -0.38806208968162537 -0.16352197527885437 -0.9069005250930786
1732203453.554892 -14.419686317443848 18.32928466796875 -55.142860412597656 0.013850937597453594 -0.38964104652404785 -0.16456736624240875 -0.9060384035110474
1732203454.154724 -13.878952026367188 18.220800399780273 -54.716583251953125 0.012777375988662243 -0.39116910099983215 -0.16228725016117096 -0.9058070778846741
1732203454.821528 -13.265454292297363 18.108394622802734 -54.24337387084961 0.014150232076644897 -0.3898376524448395 -0.16679684817790985 -0.9055414795875549
1732203455.554839 -12.623605728149414 17.96923828125 -53.71891784667969 0.010794887319207191 -0.37460392713546753 -0.16399160027503967 -0.9125032424926758
1732203456.154842 -12.115579605102539 17.857616424560547 -53.256874084472656 0.013544303365051746 -0.3561173379421234 -0.16406069695949554 -0.9198266863822937
1732203456.754676 -11.669878005981445 17.731605529785156 -52.74952697753906 0.01688055507838726 -0.3165270984172821 -0.14794138073921204 -0.9368239641189575
1732203457.3548 -11.231433868408203 17.59087562561035 -52.24375915527344 0.010417562909424305 -0.3021509051322937 -0.14281132817268372 -0.9424442648887634
1732203457.954838 -10.806553840637207 17.44443130493164 -51.70864486694336 0.010168013162910938 -0.28601059317588806 -0.13613413274288177 -0.9484524726867676
1732203458.554841 -10.3892822265625 17.289079666137695 -51.1729736328125 0.008108831942081451 -0.2777665853500366 -0.13301460444927216 -0.9513607025146484
1732203459.154589 -10.000311851501465 17.13317108154297 -50.63751983642578 0.005546958185732365 -0.2720988094806671 -0.1265132874250412 -0.9539003372192383
1732203459.754777 -9.609055519104004 16.980939865112305 -50.101341247558594 0.007735418621450663 -0.26387789845466614 -0.1265360713005066 -0.956188976764679
1732203460.354784 -9.225066184997559 16.823657989501953 -49.54045104980469 0.009963518008589745 -0.2586820125579834 -0.1236908957362175 -0.9579587578773499
1732203460.954809 -8.865900993347168 16.666704177856445 -48.99424743652344 0.012248259969055653 -0.24826504290103912 -0.11923687905073166 -0.9612476825714111
1732203461.554586 -8.536094665527344 16.511507034301758 -48.44642639160156 0.01336846686899662 -0.23050573468208313 -0.11061298102140427 -0.9666712284088135
1732203462.15475 -8.235965728759766 16.350048065185547 -47.892478942871094 0.010482720099389553 -0.2104026973247528 -0.10449986159801483 -0.9719570875167847
1732203462.754763 -7.945703029632568 16.178678512573242 -47.30974578857422 0.012333511374890804 -0.19261907041072845 -0.09821684658527374 -0.9762680530548096
1732203463.354769 -7.680476188659668 16.013525009155273 -46.73585891723633 0.009872585535049438 -0.1815366894006729 -0.09313137084245682 -0.9789144992828369
1732203463.954558 -7.4411773681640625 15.841887474060059 -46.18154525756836 0.008155221119523048 -0.17034649848937988 -0.08967810124158859 -0.981261134147644
1732203464.55472 -7.204100608825684 15.67014217376709 -45.60476303100586 0.008918281644582748 -0.15820753574371338 -0.08715111017227173 -0.9835118651390076
1732203465.154725 -6.9807586669921875 15.496217727661133 -45.00422668457031 0.013213399797677994 -0.1524105817079544 -0.0829092413187027 -0.9847449064254761
1732203465.754742 -6.77144193649292 15.319950103759766 -44.3995361328125 0.013475729152560234 -0.14364369213581085 -0.07954674959182739 -0.986335277557373
1732203466.354526 -6.552506446838379 15.146379470825195 -43.80400466918945 0.012033654376864433 -0.1372813731431961 -0.0774603933095932 -0.9874254465103149
1732203466.954688 -6.355224132537842 14.96976375579834 -43.211753845214844 0.011382007040083408 -0.12947748601436615 -0.07422468811273575 -0.9887349009513855
1732203467.554719 -6.169956684112549 14.79465103149414 -42.61965560913086 0.011785869486629963 -0.12479262053966522 -0.07186037302017212 -0.9895069599151611
1732203468.354717 -5.884809970855713 14.580303192138672 -41.90548324584961 0.011099711060523987 -0.1430799514055252 -0.0786856934428215 -0.9865158796310425
1732203469.154632 -5.61767053604126 14.36754322052002 -41.2122688293457 0.009995034895837307 -0.1408744603395462 -0.07768542319536209 -0.9869242906570435
1732203469.821334 -5.374955177307129 14.171528816223145 -40.55158996582031 0.010455495677888393 -0.13739430904388428 -0.07741070538759232 -0.9874315857887268
1732203470.488086 -5.136834621429443 13.967820167541504 -39.87488555908203 0.010248037986457348 -0.13545364141464233 -0.07597871124744415 -0.9878130555152893
1732203471.154477 -4.90626859664917 13.770840644836426 -39.201805114746094 0.010785928927361965 -0.13297919929027557 -0.0750584602355957 -0.9882137775421143
1732203471.687949 -4.725461006164551 13.604288101196289 -38.65408706665039 0.01097852736711502 -0.13093937933444977 -0.07384607195854187 -0.9885753393173218
1732203472.288024 -4.518559455871582 13.422816276550293 -38.05162811279297 0.007818503305315971 -0.12738093733787537 -0.07437121868133545 -0.9890307784080505
1732203472.887996 -4.312263011932373 13.243696212768555 -37.4527702331543 0.008336316794157028 -0.12662100791931152 -0.07435916364192963 -0.9891250729560852
1732203473.488021 -4.11635684967041 13.055739402770996 -36.83903121948242 0.007869033142924309 -0.1242418885231018 -0.07404302060604095 -0.9894542694091797
1732203474.087789 -3.9169516563415527 12.873186111450195 -36.255104064941406 0.008676405064761639 -0.12505605816841125 -0.07007018476724625 -0.9896342754364014
1732203474.687943 -3.7249886989593506 12.686288833618164 -35.635433197021484 0.007365120109170675 -0.12246061861515045 -0.06842141598463058 -0.990084707736969
1732203475.288068 -3.527010440826416 12.498307228088379 -35.01408004760742 0.00965220294892788 -0.12187331169843674 -0.06911934167146683 -0.9900889992713928
1732203475.954621 -3.3130478858947754 12.304770469665527 -34.32564163208008 0.01520991139113903 -0.12083320319652557 -0.06725320219993591 -0.9902752041816711
1732203476.487749 -3.1492366790771484 12.134910583496094 -33.79192352294922 0.008554774336516857 -0.12143503874540329 -0.0633154958486557 -0.9905410408973694
1732203477.087958 -2.9668774604797363 11.962361335754395 -33.19566345214844 0.009374292567372322 -0.12035113573074341 -0.06253696233034134 -0.9907153248786926
1732203477.687932 -2.7824668884277344 11.776188850402832 -32.60888671875 0.006038457155227661 -0.11875609308481216 -0.06293186545372009 -0.9909087419509888
1732203478.28794 -2.598546266555786 11.588302612304688 -32.00273895263672 0.005641522351652384 -0.11216790974140167 -0.06095891818404198 -0.9918016791343689
1732203478.9544 -2.4659078121185303 11.376920700073242 -31.32341957092285 0.007611727807670832 -0.0887715294957161 -0.050152137875556946 -0.9947595000267029
1732203479.688245 -2.339674234390259 11.137618064880371 -30.603782653808594 -6.859120730950963e-06 -0.06416083872318268 -0.03961194306612015 -0.997153103351593
1732203480.288106 -2.2812743186950684 10.937860488891602 -30.00519371032715 0.0010145596461370587 -0.03638270124793053 -0.02853734977543354 -0.9989299178123474
1732203480.954605 -2.256284236907959 10.71727180480957 -29.316688537597656 0.003905694466084242 -0.008123459294438362 -0.018646256998181343 -0.9997855424880981
1732203481.554369 -2.2703466415405273 10.510848999023438 -28.68060874938965 0.006076914258301258 0.01537807285785675 -0.008943188935518265 -0.999823272228241
1732203482.089891 -2.2991676330566406 10.32785415649414 -28.111886978149414 0.0033553047105669975 0.0254583191126585 -0.0073545449413359165 -0.9996432662010193
1732203482.754534 -2.3418684005737305 10.09380054473877 -27.400327682495117 0.0024427829775959253 0.03720390796661377 -0.0021394926588982344 -0.9993024468421936
1732203483.288051 -2.4011518955230713 9.900740623474121 -26.829660415649414 -0.00033487347536720335 0.04633288457989693 -0.000633364892564714 -0.9989258050918579
1732203484.087675 -2.4228878021240234 9.622220039367676 -26.00260353088379 0.002073730807751417 0.030526595190167427 -0.005151350516825914 -0.9995185732841492
1732203484.887834 -2.3980655670166016 9.364068984985352 -25.235748291015625 -0.0019777119159698486 0.006631969939917326 -0.014738839119672775 -0.9998674988746643
1732203485.687867 -2.321241855621338 9.133502960205078 -24.483293533325195 0.009980956092476845 -0.024608073756098747 -0.02517864480614662 -0.9993302226066589
1732203486.487697 -2.26162052154541 8.88601303100586 -23.749059677124023 0.00010202027624472976 -0.02835080586373806 -0.02607923559844494 -0.9992578029632568
1732203487.287802 -2.125243663787842 8.627947807312012 -22.991788864135742 -0.0022822630126029253 -0.05850418657064438 -0.03984353691339493 -0.9974891543388367
1732203488.087836 -1.9859379529953003 8.357304573059082 -22.193117141723633 0.0004826286749448627 -0.06302094459533691 -0.04203181713819504 -0.997126579284668
1732203488.754289 -1.8393144607543945 8.127706527709961 -21.46442413330078 0.0064466423355042934 -0.06982732564210892 -0.047002699226140976 -0.9964302778244019
1732203489.287807 -1.7293542623519897 7.942461967468262 -20.913169860839844 0.0035495550837367773 -0.07537098228931427 -0.04905067756772041 -0.9959421157836914
1732203489.954488 -1.5608930587768555 7.711295127868652 -20.18931770324707 0.004091623239219189 -0.0821109190583229 -0.051142122596502304 -0.9953017830848694
1732203490.687785 -1.3727970123291016 7.4576544761657715 -19.391822814941406 0.006640400737524033 -0.0876360759139061 -0.050803158432245255 -0.9948341250419617
1732203491.287603 -1.2294821739196777 7.242143630981445 -18.743154525756836 0.005453202407807112 -0.08528963476419449 -0.0534479096531868 -0.9949066638946533
1732203491.954416 -1.1262755393981934 7.0086493492126465 -18.037572860717773 0.002799182664602995 -0.05870210379362106 -0.0439060777425766 -0.997305691242218
1732203492.687758 -1.0146431922912598 6.746617794036865 -17.22988510131836 0.001547686173580587 -0.04425133392214775 -0.04218519851565361 -0.9981281757354736
1732203493.287791 -0.920960009098053 6.531764030456543 -16.568864822387695 0.0031267711892724037 -0.04541430249810219 -0.043281711637973785 -0.9980252981185913
1732203493.887566 -0.8187698721885681 6.314596176147461 -15.920722961425781 0.00042518184636719525 -0.04242468997836113 -0.04596220701932907 -0.9980418682098389
1732203494.487755 -0.7173215746879578 6.113106727600098 -15.292779922485352 0.002866982249543071 -0.047706857323646545 -0.04807017371058464 -0.9976999759674072
1732203495.087754 -0.6026362180709839 5.916994094848633 -14.69257640838623 0.001702298759482801 -0.057498931884765625 -0.05273788794875145 -0.9969502091407776
1732203495.887746 -0.4290662109851837 5.683136463165283 -13.979565620422363 0.0017731263069435954 -0.07951503247022629 -0.060878634452819824 -0.9949713945388794
1732203496.687538 -0.23904871940612793 5.461042881011963 -13.321115493774414 -0.0015079103177413344 -0.09276419132947922 -0.06615180522203445 -0.9934870600700378
1732203497.4877 -0.01592877507209778 5.206811428070068 -12.534497261047363 -0.0006099874153733253 -0.10004955530166626 -0.06804390251636505 -0.9926528930664062
1732203498.088091 0.1784512996673584 4.992544174194336 -11.873798370361328 0.0007153309998102486 -0.10509148985147476 -0.07239428162574768 -0.9918237328529358
1732203498.687692 0.3442687392234802 4.776299476623535 -11.218716621398926 -0.0005006896681152284 -0.0904252827167511 -0.0663209855556488 -0.9936923980712891
1732203499.287693 0.4754084348678589 4.55302095413208 -10.558489799499512 -0.002492329338565469 -0.07173645496368408 -0.062403690069913864 -0.9954664707183838
1732203499.887676 0.6196658611297607 4.343364715576172 -9.892441749572754 0.0003302446275483817 -0.07414091378450394 -0.06313320994377136 -0.9952473640441895
1732203500.421042 0.7515168190002441 4.152612686157227 -9.303277969360352 0.0002740214404184371 -0.07429864257574081 -0.06430935859680176 -0.9951602816581726
1732203501.020808 0.8823778033256531 3.9353795051574707 -8.633970260620117 -3.739474050235003e-05 -0.068266861140728 -0.060544002801179886 -0.9958283305168152
1732203501.620815 0.9872681498527527 3.720857858657837 -7.976069927215576 0.0001267331826966256 -0.05517161637544632 -0.05331931263208389 -0.9970521926879883
1732203502.220968 1.0668342113494873 3.494241237640381 -7.308124542236328 -0.0016836136346682906 -0.042371805757284164 -0.04492732509970665 -0.9980898499488831
1732203502.887689 1.1648997068405151 3.234286308288574 -6.565158843994141 -0.004520295187830925 -0.039680980145931244 -0.04289411008358002 -0.9982810616493225
1732203503.48745 1.2417186498641968 3.006108283996582 -5.883614540100098 -0.00249049486592412 -0.03746502473950386 -0.03857748955488205 -0.9985499382019043
1732203504.087451 1.3134276866912842 2.780613899230957 -5.219793796539307 -0.0038314112462103367 -0.03427160903811455 -0.03545356169342995 -0.9987761974334717
1732203504.687613 1.38038170337677 2.5703635215759277 -4.599846363067627 -0.005151661112904549 -0.031596336513757706 -0.03368286415934563 -0.9989197850227356
1732203505.28762 1.4254734516143799 2.385458469390869 -4.052301406860352 -0.0028536159079521894 -0.02795914001762867 -0.030420875176787376 -0.9991419911384583
1732203505.620956 1.4481761455535889 2.2997019290924072 -3.8058903217315674 -0.00360682001337409 -0.027218982577323914 -0.031030097976326942 -0.9991413354873657
1732203506.020767 1.458493709564209 2.2471160888671875 -3.627128839492798 0.0027612934354692698 -0.023440631106495857 -0.02894103340804577 -0.9993024468421936
