1732203252.223546 -0.0 -0.0 -0.0 -0.0 -0.0 -0.0 1.0
1732203254.023687 -0.021996190771460533 -0.055575791746377945 0.12266889959573746 0.00890432670712471 -0.012042644433677197 -0.006739077158272266 0.9998651742935181
1732203254.623481 -0.06470142304897308 -0.2734164893627167 0.7576315402984619 0.007514517288655043 -0.03604399412870407 -0.017062481492757797 0.9991763830184937
1732203255.223644 -0.1098393052816391 -0.5044527053833008 1.3909028768539429 0.013073018752038479 -0.03922770917415619 -0.018223706632852554 0.9989785552024841
1732203255.890345 -0.18604496121406555 -0.7686848044395447 2.095494031906128 0.014464789070189 -0.04645836725831032 -0.022048814222216606 0.9985721111297607
1732203256.490521 -0.25133374333381653 -1.0003334283828735 2.747089147567749 0.014773188158869743 -0.04984383285045624 -0.024976490065455437 0.9983354210853577
1732203257.023458 -0.3236677944660187 -1.2125730514526367 3.317357301712036 0.015402122400701046 -0.05449968948960304 -0.028109777718782425 0.9979992508888245
1732203257.623622 -0.40199345350265503 -1.4542665481567383 3.966519355773926 0.017905181273818016 -0.06061522290110588 -0.02670500986278057 0.9976432919502258
1732203258.223636 -0.4928194582462311 -1.694157361984253 4.622348308563232 0.01634502224624157 -0.06426762789487839 -0.03051808476448059 0.9973320960998535
1732203258.823684 -0.5888765454292297 -1.9346046447753906 5.269588470458984 0.01855713501572609 -0.06938059628009796 -0.030057808384299278 0.9969646334648132
1732203259.423451 -0.6865748763084412 -2.167548179626465 5.906429767608643 0.018604468554258347 -0.07320365309715271 -0.03281787037849426 0.9966033101081848
1732203260.090363 -0.8092023134231567 -2.436363935470581 6.629254341125488 0.01955278590321541 -0.07827171683311462 -0.0348404236137867 0.9961312413215637
1732203260.823598 -0.9605454206466675 -2.7287850379943848 7.403433322906494 0.021528834477066994 -0.08456774055957794 -0.0400533489882946 0.9953796863555908
1732203261.491102 -1.105999231338501 -2.9896607398986816 8.115660667419434 0.01749720424413681 -0.09152888506650925 -0.04184280335903168 0.9947690963745117
1732203262.223407 -1.3517946004867554 -3.2546846866607666 8.853228569030762 0.016451964154839516 -0.1516926884651184 -0.06180693209171295 0.9863561987876892
1732203262.890283 -1.6353986263275146 -3.4897515773773193 9.501909255981445 0.013777581043541431 -0.1907181441783905 -0.07432996481657028 0.978729784488678
1732203263.623613 -2.0400478839874268 -3.743245840072632 10.177753448486328 0.017025677487254143 -0.24117448925971985 -0.09088167548179626 0.9660670757293701
1732203264.290055 -2.473479747772217 -3.9638280868530273 10.75615406036377 0.01855345629155636 -0.2813723683357239 -0.10382967442274094 0.9537844657897949
1732203264.823691 -2.824165105819702 -4.150204658508301 11.232013702392578 0.02437259443104267 -0.29257482290267944 -0.1033477857708931 0.9503290057182312
1732203265.423563 -3.2276854515075684 -4.360039234161377 11.742677688598633 0.03141200169920921 -0.30741187930107117 -0.10515208542346954 0.9452270865440369
1732203266.09022 -3.7359306812286377 -4.5724406242370605 12.30623722076416 0.0216019656509161 -0.33622244000434875 -0.11845275014638901 0.9340539574623108
1732203266.823356 -4.373546600341797 -4.761137962341309 12.818673133850098 0.017440564930438995 -0.4051544666290283 -0.147019624710083 0.9021811485290527
1732203267.490422 -5.017582416534424 -4.890502452850342 13.151988983154297 0.020609432831406593 -0.4737257659435272 -0.174446240067482 0.8629761338233948
1732203268.223523 -5.781399726867676 -4.997640609741211 13.427810668945312 0.0224258191883564 -0.5365180969238281 -0.195808544754982 0.820551335811615
1732203268.823575 -6.432099342346191 -5.0570173263549805 13.559043884277344 0.026332799345254898 -0.5809407830238342 -0.21025092899799347 0.7858810424804688
1732203269.423321 -7.1043500900268555 -5.115159511566162 13.689126968383789 0.026340758427977562 -0.5997282266616821 -0.21500305831432343 0.7703284621238708
1732203270.023542 -7.780681610107422 -5.1632585525512695 13.783095359802246 0.02572602778673172 -0.6174817681312561 -0.22119960188865662 0.7544039487838745
1732203270.623495 -8.481867790222168 -5.1951823234558105 13.836418151855469 0.026966337114572525 -0.6375646591186523 -0.22973865270614624 0.7348498106002808
1732203271.223501 -9.167757034301758 -5.217859745025635 13.853270530700684 0.027513859793543816 -0.6578062176704407 -0.2356090396642685 0.71485835313797
1732203271.823294 -9.854597091674805 -5.228075981140137 13.832794189453125 0.028315262869000435 -0.6707503199577332 -0.24092267453670502 0.7008912563323975
1732203272.490132 -10.590571403503418 -5.2387542724609375 13.782153129577637 0.03206938877701759 -0.6878242492675781 -0.23902520537376404 0.6846432685852051
1732203273.090149 -11.30263900756836 -5.233788967132568 13.712557792663574 0.0275359358638525 -0.6988589763641357 -0.24663145840168 0.6708284616470337
1732203273.690162 -11.982810974121094 -5.21991491317749 13.596890449523926 0.027382493019104004 -0.714995265007019 -0.2526269257068634 0.6513153314590454
1732203274.290314 -12.64244270324707 -5.190423011779785 13.45113754272461 0.03210751712322235 -0.7356507182121277 -0.2577112913131714 0.625597357749939
1732203274.956775 -13.350539207458496 -5.118190288543701 13.19027042388916 0.0326702818274498 -0.7753775715827942 -0.2672121822834015 0.5712443590164185
1732203275.623473 -13.928373336791992 -5.008635520935059 12.813213348388672 0.03105202130973339 -0.8344116806983948 -0.2891867160797119 0.4681495726108551
1732203275.956853 -14.155866622924805 -4.921824932098389 12.558343887329102 0.03110513836145401 -0.8634102940559387 -0.30101674795150757 0.4036633372306824
1732203276.623275 -14.524618148803711 -4.740432262420654 12.012160301208496 0.03031165711581707 -0.8998815417289734 -0.31389573216438293 0.30127057433128357
1732203277.156753 -14.778570175170898 -4.566659927368164 11.501214981079102 0.030943354591727257 -0.9182834625244141 -0.31812357902526855 0.2336566001176834
1732203277.823455 -15.047609329223633 -4.350648880004883 10.851137161254883 0.033539220690727234 -0.9278525114059448 -0.3174721300601959 0.1928117871284485
1732203278.423431 -15.262134552001953 -4.145175933837891 10.255888938903809 0.03357982635498047 -0.9322931170463562 -0.3201594650745392 0.16492411494255066
1732203279.023217 -15.435157775878906 -3.9489684104919434 9.664026260375977 0.03690313920378685 -0.9378585815429688 -0.3156271278858185 0.1394236832857132
1732203279.756889 -15.636848449707031 -3.733651876449585 8.952659606933594 0.038018614053726196 -0.9418740272521973 -0.3067454695701599 0.13166294991970062
1732203280.423403 -15.855901718139648 -3.506448984146118 8.27247428894043 0.03268367424607277 -0.9395698308944702 -0.3113004267215729 0.13868077099323273
1732203280.956994 -16.059288024902344 -3.3268837928771973 7.707062244415283 0.031305521726608276 -0.9389697909355164 -0.30906394124031067 0.14776761829853058
1732203281.556529 -16.250276565551758 -3.125328302383423 7.083723068237305 0.03413022682070732 -0.9401719570159912 -0.30770212411880493 0.1422368884086609
1732203282.22343 -16.491941452026367 -2.909802198410034 6.390018463134766 0.03400125727057457 -0.9392598867416382 -0.30663272738456726 0.15037013590335846
1732203282.756722 -16.703773498535156 -2.7230069637298584 5.840986728668213 0.03314569965004921 -0.9361633062362671 -0.3086894452571869 0.164956197142601
1732203283.4234 -16.973936080932617 -2.513925075531006 5.1488800048828125 0.03239951282739639 -0.9360607862472534 -0.30557429790496826 0.17136165499687195
1732203283.823166 -17.187639236450195 -2.397491693496704 4.752285003662109 0.029779495671391487 -0.9297314286231995 -0.29959067702293396 0.21203334629535675
1732203286.356504 -17.543582916259766 -2.219064712524414 4.144404411315918 0.026530155912041664 -0.9251335263252258 -0.29798924922943115 0.23372328281402588
1732203286.957197 -17.812362670898438 -2.112217664718628 3.7964677810668945 0.02369963377714157 -0.913754403591156 -0.2953164577484131 0.27799192070961
1732203287.756654 -18.106555938720703 -2.00407338142395 3.4190473556518555 0.023728014901280403 -0.9085044264793396 -0.29324954748153687 0.29675158858299255
1732203291.556427 -18.57209014892578 -1.8081507682800293 2.799038887023926 0.02172483317553997 -0.9092385768890381 -0.29487767815589905 0.2930196523666382
1732203293.156623 -19.027690887451172 -1.6216602325439453 2.177828788757324 0.023318855091929436 -0.9099542498588562 -0.29268136620521545 0.29287731647491455
1732203294.156579 -19.431880950927734 -1.4484481811523438 1.6397209167480469 0.02310304343700409 -0.9086565971374512 -0.29528000950813293 0.2943115532398224
1732203295.156575 -19.85686492919922 -1.277357578277588 1.0645084381103516 0.026704126968979836 -0.9100605845451355 -0.29106974601745605 0.2938624918460846
1732203295.956585 -20.289649963378906 -1.102849006652832 0.4826488494873047 0.021956171840429306 -0.9089705944061279 -0.2933368980884552 0.2953706383705139
1732203296.556584 -20.679061889648438 -0.9670863151550293 0.024444580078125 0.022674789652228355 -0.9018470048904419 -0.29069995880126953 0.3188283145427704
1732203297.156525 -21.129535675048828 -0.8382472991943359 -0.41178321838378906 0.02235957607626915 -0.8841234445571899 -0.2886205017566681 0.36677515506744385
1732203297.756557 -21.628631591796875 -0.7545905113220215 -0.76763916015625 0.027851946651935577 -0.8601089119911194 -0.2754392921924591 0.42845097184181213
1732203298.357133 -22.170740127563477 -0.6458539962768555 -1.1825580596923828 0.029452009126544 -0.8590461015701294 -0.27407944202423096 0.4313383996486664
1732203299.02317 -22.75871467590332 -0.5534963607788086 -1.5969066619873047 0.030956076458096504 -0.8570734262466431 -0.26526209712028503 0.4405710995197296
1732203299.756529 -23.406612396240234 -0.44370269775390625 -2.0613574981689453 0.020629024133086205 -0.8493582010269165 -0.2734830379486084 0.45096802711486816
1732203300.423197 -24.012407302856445 -0.3709993362426758 -2.4802627563476562 0.03596492484211922 -0.8475965857505798 -0.26408669352531433 0.4588516056537628
1732203301.156505 -24.69931411743164 -0.27588558197021484 -2.9150047302246094 0.0327346995472908 -0.8418647646903992 -0.2605830132961273 0.4714750349521637
1732203301.823223 -25.31613540649414 -0.18883323669433594 -3.3102035522460938 0.031006382778286934 -0.8422980904579163 -0.2627773582935333 0.4695962369441986
1732203303.356307 -25.747522354125977 -0.030045509338378906 -3.862398147583008 0.03703811764717102 -0.9033730626106262 -0.28966134786605835 0.31407272815704346
1732203304.156471 -25.80431365966797 0.11159181594848633 -4.322858810424805 0.039478108286857605 -0.9311391711235046 -0.3019486963748932 0.2006201297044754
1732203304.823402 -26.058650970458984 0.3197922706604004 -4.986358642578125 0.039043039083480835 -0.9329404234886169 -0.3059876263141632 0.18565897643566132
1732203305.556615 -26.330881118774414 0.5522642135620117 -5.739208221435547 0.03716485947370529 -0.9355211853981018 -0.3076641857624054 0.1695927381515503
1732203306.089656 -26.548837661743164 0.7251930236816406 -6.299520492553711 0.034836843609809875 -0.9354630708694458 -0.30971407890319824 0.1666506677865982
1732203306.689769 -26.79003143310547 0.9165902137756348 -6.915792465209961 0.032731518149375916 -0.9362924098968506 -0.3079416751861572 0.16570207476615906
1732203307.356441 -27.056278228759766 1.1172800064086914 -7.5633392333984375 0.030328983440995216 -0.9332939982414246 -0.3062310218811035 0.18510839343070984
1732203308.08982 -27.376598358154297 1.344041347503662 -8.308897018432617 0.02899434231221676 -0.9342070817947388 -0.30546835064888 0.18194963037967682
1732203308.756483 -27.683120727539062 1.5545005798339844 -8.981151580810547 0.028318259865045547 -0.930203914642334 -0.3028263449668884 0.20546290278434753
1732203309.35644 -27.998977661132812 1.7148008346557617 -9.527902603149414 0.02867214009165764 -0.9243910908699036 -0.29945605993270874 0.23453179001808167
1732203310.089758 -28.37032699584961 1.9056377410888672 -10.183265686035156 0.02925225719809532 -0.9222293496131897 -0.3002144396305084 0.24188581109046936
1732203310.689724 -28.74972152709961 2.0575075149536133 -10.700969696044922 0.027582727372646332 -0.9106674194335938 -0.2937515079975128 0.28919586539268494
1732203311.489731 -29.32149887084961 2.179255485534668 -11.229671478271484 0.022418862208724022 -0.8918775320053101 -0.275501549243927 0.3579815626144409
1732203312.289732 -29.86614227294922 2.2734861373901367 -11.694412231445312 0.022320417687296867 -0.8901271224021912 -0.256894588470459 0.37574028968811035
1732203313.089763 -30.46942138671875 2.4122982025146484 -12.169872283935547 0.0162805188447237 -0.8783164620399475 -0.2668635845184326 0.39633190631866455
1732203313.889884 -31.11594009399414 2.5342483520507812 -12.634197235107422 0.023217294365167618 -0.8588312864303589 -0.26704826951026917 0.43652603030204773
1732203314.489799 -31.690921783447266 2.611387252807617 -12.96163558959961 0.022617943584918976 -0.8427581191062927 -0.2592107355594635 0.47122928500175476
1732203315.089932 -32.300113677978516 2.694936752319336 -13.303401947021484 0.021625971421599388 -0.8346764445304871 -0.26094135642051697 0.48451757431030273
1732203315.689704 -32.92320251464844 2.7615585327148438 -13.62618637084961 0.021333863958716393 -0.8270482420921326 -0.2558540999889374 0.5000749230384827
1732203316.289674 -33.53889846801758 2.8325462341308594 -13.93392562866211 0.021030398085713387 -0.8199108242988586 -0.2537611126899719 0.5127468109130859
1732203316.956328 -34.232852935791016 2.9070358276367188 -14.238510131835938 0.018804257735610008 -0.8121354579925537 -0.24998849630355835 0.5268663763999939
1732203317.556359 -34.89032745361328 2.950967788696289 -14.502948760986328 0.019413160160183907 -0.8055084347724915 -0.24692396819591522 0.5383381843566895
1732203318.156144 -35.52943420410156 2.9965829849243164 -14.75796890258789 0.020446451380848885 -0.8019328117370605 -0.2445729821920395 0.5446739792823792
1732203318.756542 -36.10741424560547 3.0613908767700195 -15.058773040771484 0.024733668193221092 -0.8183852434158325 -0.2533901035785675 0.5151964426040649
1732203319.489679 -36.805458068847656 3.1414833068847656 -15.430828094482422 0.025723973289132118 -0.8237758874893188 -0.25589826703071594 0.5052204132080078
1732203320.156719 -37.40589141845703 3.2249374389648438 -15.78277587890625 0.028465818613767624 -0.8333558440208435 -0.25925952196121216 0.4873318076133728
1732203320.756129 -37.94794845581055 3.3020286560058594 -16.118282318115234 0.02885982021689415 -0.8416864275932312 -0.26374778151512146 0.4702852666378021
1732203321.489604 -38.545555114746094 3.4222021102905273 -16.592262268066406 0.030786294490098953 -0.8595229983329773 -0.26993656158447266 0.43290507793426514
1732203322.156455 -39.030616760253906 3.5499706268310547 -17.070316314697266 0.030975742265582085 -0.8772119879722595 -0.2786307632923126 0.3897493779659271
1732203322.889619 -39.5234260559082 3.6993675231933594 -17.620697021484375 0.03133842349052429 -0.8915786147117615 -0.28362375497817993 0.35165756940841675
1732203323.55625 -39.90591812133789 3.8461360931396484 -18.152206420898438 0.033153221011161804 -0.9017971754074097 -0.28728169202804565 0.3211418390274048
1732203324.289585 -40.353004455566406 4.0265350341796875 -18.748809814453125 0.033360742032527924 -0.9028710126876831 -0.28860223293304443 0.3168909251689911
1732203324.956267 -40.79720687866211 4.1723480224609375 -19.27996063232422 0.032220508903265 -0.8980132341384888 -0.2853028476238251 0.33337128162384033
1732203325.689399 -41.32249069213867 4.327268600463867 -19.83041763305664 0.03219539672136307 -0.8881300091743469 -0.28132954239845276 0.3619975447654724
1732203326.422882 -41.88477325439453 4.461557388305664 -20.34465789794922 0.03063436597585678 -0.8748531937599182 -0.2771172821521759 0.39610549807548523
1732203327.222894 -42.55229187011719 4.558074951171875 -20.771099090576172 0.02887113206088543 -0.8423892855644226 -0.26302579045295715 0.4694296419620514
1732203327.822903 -43.07242965698242 4.615507125854492 -21.073253631591797 0.02876017987728119 -0.8407379388809204 -0.2608017027378082 0.4736190736293793
1732203328.422851 -43.64008331298828 4.696727752685547 -21.416893005371094 0.028363067656755447 -0.8343243598937988 -0.2600904107093811 0.485233336687088
1732203329.022869 -44.22101593017578 4.76641845703125 -21.745113372802734 0.028496431186795235 -0.8303484916687012 -0.2586538791656494 0.49275508522987366
1732203329.622874 -44.812103271484375 4.835233688354492 -22.0594482421875 0.027310283854603767 -0.8250745534896851 -0.2570076882839203 0.5024473071098328
1732203330.222874 -45.37952423095703 4.906124114990234 -22.38381576538086 0.02817860059440136 -0.8269980549812317 -0.2574875056743622 0.498979389667511
1732203330.889501 -46.01018142700195 4.984441757202148 -22.747234344482422 0.027705209329724312 -0.8305962681770325 -0.25726398825645447 0.4931100010871887
1732203331.622851 -46.691246032714844 5.078289031982422 -23.163238525390625 0.028210163116455078 -0.8356931805610657 -0.25815349817276 0.483919233083725
1732203332.222985 -47.21137237548828 5.157405853271484 -23.525501251220703 0.027929481118917465 -0.845415472984314 -0.26127445697784424 0.4650036096572876
1732203332.822644 -47.75322723388672 5.242500305175781 -23.87529754638672 0.0239071324467659 -0.8462644815444946 -0.2633759081363678 0.4624910056591034
1732203333.422824 -48.29032516479492 5.321323394775391 -24.23995590209961 0.024822639301419258 -0.8473031520843506 -0.25866732001304626 0.4631980359554291
1732203334.089481 -48.90278625488281 5.417501449584961 -24.663658142089844 0.021937107667326927 -0.8481506109237671 -0.25994232296943665 0.4610741138458252
1732203334.622847 -49.400856018066406 5.48948860168457 -24.997638702392578 0.021726079285144806 -0.8483604788780212 -0.2586270868778229 0.46143749356269836
1732203335.222645 -49.96817398071289 5.577978134155273 -25.385929107666016 0.022361036390066147 -0.8486549258232117 -0.25883305072784424 0.4607495963573456
1732203335.822776 -50.51951599121094 5.6578369140625 -25.750164031982422 0.02131069265305996 -0.8493034839630127 -0.257000207901001 0.46063050627708435
1732203336.422856 -51.042144775390625 5.744657516479492 -26.123950958251953 0.021854637190699577 -0.8526313304901123 -0.25897151231765747 0.4532945156097412
1732203337.022819 -51.567955017089844 5.828195571899414 -26.508228302001953 0.020975565537810326 -0.8541164994239807 -0.2585761249065399 0.450758695602417
1732203337.62283 -52.09815216064453 5.915948867797852 -26.894573211669922 0.019886158406734467 -0.8543914556503296 -0.26011306047439575 0.4494006633758545
1732203338.222748 -52.6285514831543 6.010347366333008 -27.277847290039062 0.02023370936512947 -0.8550420999526978 -0.2599528133869171 0.4482390582561493
1732203338.822762 -53.1711540222168 6.096162796020508 -27.67745590209961 0.02031661756336689 -0.8555024862289429 -0.2595522403717041 0.44758841395378113
1732203339.422777 -53.72186279296875 6.190971374511719 -28.082046508789062 0.01919231377542019 -0.8561945557594299 -0.2593894302845001 0.44640758633613586
1732203340.022769 -54.2685661315918 6.284448623657227 -28.48210906982422 0.018130872398614883 -0.8566577434539795 -0.2589389979839325 0.44582438468933105
1732203340.62257 -54.820838928222656 6.380136489868164 -28.886062622070312 0.01626085676252842 -0.8575592041015625 -0.2577122151851654 0.4448733329772949
1732203341.222737 -55.38898468017578 6.475028991699219 -29.29309844970703 0.015270196832716465 -0.8563135266304016 -0.2605462670326233 0.44565656781196594
1732203341.822814 -55.949501037597656 6.568544387817383 -29.695053100585938 0.01545723807066679 -0.8576006889343262 -0.2594259977340698 0.4438246488571167
1732203342.42291 -56.50363540649414 6.664468765258789 -30.1007080078125 0.017119865864515305 -0.8565593957901001 -0.2617901861667633 0.44438594579696655
1732203343.022541 -57.05116271972656 6.745906829833984 -30.49945068359375 0.019385837018489838 -0.8585461378097534 -0.25663694739341736 0.44346392154693604
1732203343.62271 -57.61833953857422 6.856695175170898 -30.902297973632812 0.01622217893600464 -0.8541759252548218 -0.2664812207221985 0.4462153911590576
1732203344.222739 -58.202579498291016 6.9775390625 -31.317779541015625 0.0159393809735775 -0.8512952327728271 -0.27579382061958313 0.4460720121860504
1732203344.822715 -58.755889892578125 7.065925598144531 -31.70555877685547 0.024447128176689148 -0.8540424108505249 -0.265868604183197 0.4464614987373352
1732203345.422545 -59.32617950439453 7.162675857543945 -32.104896545410156 0.01746225729584694 -0.855520486831665 -0.26302772760391235 0.44564148783683777
1732203346.022905 -59.88477325439453 7.259960174560547 -32.50895690917969 0.011940838769078255 -0.8577017188072205 -0.2628190219402313 0.4417368471622467
1732203346.622679 -60.426551818847656 7.3486328125 -32.91560363769531 0.016282711178064346 -0.8636014461517334 -0.25505876541137695 0.43459460139274597
1732203347.222689 -60.948638916015625 7.452198028564453 -33.34724426269531 0.01164168305695057 -0.8713440895080566 -0.26523131132125854 0.41264548897743225
1732203347.822481 -61.44855499267578 7.553861618041992 -33.79884338378906 0.011728971265256405 -0.8825879693031311 -0.26134970784187317 0.39063704013824463
1732203348.422649 -61.9430046081543 7.648191452026367 -34.25212860107422 0.015124183148145676 -0.8834592700004578 -0.2608858644962311 0.3888566195964813
1732203349.089339 -62.503055572509766 7.75273323059082 -34.77339172363281 0.019842486828565598 -0.885071337223053 -0.2539331018924713 0.3895806670188904
1732203349.822669 -63.210227966308594 7.895589828491211 -35.339317321777344 0.01589476689696312 -0.8705654144287109 -0.26298263669013977 0.41557592153549194
1732203350.422493 -63.7807502746582 8.000242233276367 -35.77069854736328 0.015031779184937477 -0.8653813004493713 -0.2623874545097351 0.4266640245914459
1732203351.023062 -64.35240936279297 8.089296340942383 -36.177284240722656 0.01660861074924469 -0.8592687845230103 -0.25828486680984497 0.44121456146240234
1732203351.622647 -64.9224624633789 8.191167831420898 -36.577789306640625 0.0162165816873312 -0.8544993996620178 -0.266551673412323 0.44555360078811646
1732203352.222663 -65.48633575439453 8.276439666748047 -36.98731994628906 0.022627774626016617 -0.8551245927810669 -0.25990405678749084 0.44799530506134033
1732203352.822437 -66.07929992675781 8.376188278198242 -37.394378662109375 0.021220937371253967 -0.8519280552864075 -0.2635815739631653 0.45198798179626465
1732203353.4226 -66.66732788085938 8.470638275146484 -37.81434631347656 0.027550838887691498 -0.8515658974647522 -0.2649252116680145 0.45154306292533875
1732203354.022638 -67.26618957519531 8.588043212890625 -38.24097442626953 0.021599333733320236 -0.856461763381958 -0.272379994392395 0.4379679262638092
1732203354.622634 -67.7900161743164 8.717187881469727 -38.700584411621094 0.02295159362256527 -0.8713814616203308 -0.2777825891971588 0.40373799204826355
1732203355.222407 -68.29092407226562 8.838851928710938 -39.18049621582031 0.026107972487807274 -0.879743218421936 -0.2769336998462677 0.3855878710746765
1732203355.822554 -68.76718139648438 8.958009719848633 -39.669952392578125 0.0288804080337286 -0.8890866637229919 -0.27285927534103394 0.36638590693473816
1732203356.555906 -69.32498931884766 9.118865966796875 -40.27958679199219 0.020765140652656555 -0.8982953429222107 -0.27625393867492676 0.34105440974235535
1732203357.15782 -69.7507553100586 9.256834030151367 -40.812339782714844 0.018058447167277336 -0.905545175075531 -0.28029152750968933 0.31795990467071533
1732203357.755715 -70.13359069824219 9.420951843261719 -41.37299346923828 0.017475256696343422 -0.9132535457611084 -0.2880953848361969 0.2875128984451294
1732203358.355879 -70.49195098876953 9.583019256591797 -41.954429626464844 0.015189011581242085 -0.9226973652839661 -0.2917934060096741 0.2515062987804413
1732203358.955889 -70.79849243164062 9.764022827148438 -42.550048828125 0.009562893770635128 -0.9307442903518677 -0.2968817353248596 0.2132718563079834
1732203359.555914 -71.04927062988281 9.94363021850586 -43.164573669433594 0.009485525079071522 -0.9370895028114319 -0.30069422721862793 0.17707732319831848
1732203360.156568 -71.26414489746094 10.145895004272461 -43.80615234375 0.010771051980555058 -0.9405980706214905 -0.3044654130935669 0.1498670130968094
1732203360.755982 -71.45167541503906 10.357833862304688 -44.46288299560547 0.010003780946135521 -0.9430641531944275 -0.3080423176288605 0.12505920231342316
1732203361.355853 -71.62442016601562 10.5755615234375 -45.12214660644531 0.010784956626594067 -0.9449105858802795 -0.3074299693107605 0.1118687093257904
1732203361.955871 -71.78113555908203 10.790250778198242 -45.78778076171875 0.014316371642053127 -0.9442986249923706 -0.31300023198127747 0.10062775760889053
1732203362.555672 -71.92693328857422 11.011064529418945 -46.451019287109375 0.01458507589995861 -0.945667564868927 -0.313137024641037 0.08628682792186737
1732203363.155865 -72.05836486816406 11.26799201965332 -47.1299934387207 0.003575342008844018 -0.9424089193344116 -0.32632017135620117 0.07326583564281464
1732203363.755826 -72.16863250732422 11.489912033081055 -47.795101165771484 0.001783497165888548 -0.9451435208320618 -0.320202112197876 0.06458517163991928
1732203364.356098 -72.2462387084961 11.698341369628906 -48.447566986083984 0.017148170620203018 -0.9475346207618713 -0.31393203139305115 0.05771363526582718
1732203364.955819 -72.31827545166016 11.895805358886719 -49.0843505859375 0.021440209820866585 -0.9492014646530151 -0.3101588785648346 0.04856353998184204
1732203365.5558 -72.3792724609375 12.086725234985352 -49.702293395996094 0.024436097592115402 -0.9483878016471863 -0.3135971128940582 0.040253546088933945
1732203366.155801 -72.39205932617188 12.285301208496094 -50.32330322265625 0.02026292495429516 -0.9481936097145081 -0.3167554438114166 -0.013575775548815727
1732203366.75581 -72.31897735595703 12.469622611999512 -50.917877197265625 0.018124883994460106 -0.9462108016014099 -0.3157249987125397 -0.06836917251348495
1732203367.555665 -72.1168212890625 12.74589729309082 -51.72577667236328 0.014074793085455894 -0.9367366433143616 -0.32047638297080994 -0.14007598161697388
1732203368.155793 -71.91527557373047 12.966547012329102 -52.345054626464844 0.014004290103912354 -0.9349929094314575 -0.31909632682800293 -0.15417444705963135
1732203368.755794 -71.70441436767578 13.19232177734375 -52.96755599975586 0.01052137091755867 -0.9321824908256531 -0.3213393986225128 -0.16633151471614838
1732203369.355795 -71.47455596923828 13.421525955200195 -53.58887481689453 0.009393769316375256 -0.928694486618042 -0.32471755146980286 -0.17887692153453827
1732203369.955609 -71.22611236572266 13.662163734436035 -54.210453033447266 0.006624966394156218 -0.9254915118217468 -0.3271300196647644 -0.19080780446529388
1732203370.755767 -70.8356704711914 13.902246475219727 -54.81145477294922 0.005669102072715759 -0.9006532430648804 -0.32518309354782104 -0.28817978501319885
1732203371.555767 -70.41436004638672 14.096595764160156 -55.2983283996582 0.000348692643456161 -0.8852244019508362 -0.32327085733413696 -0.33447518944740295
1732203372.155553 -70.00629425048828 14.287198066711426 -55.77933120727539 -0.006228307727724314 -0.8806289434432983 -0.32175883650779724 -0.34774306416511536
1732203372.755709 -69.56299591064453 14.47718334197998 -56.242610931396484 -0.00593734672293067 -0.8766765594482422 -0.3214055299758911 -0.357912540435791
1732203373.355722 -69.102294921875 14.678949356079102 -56.72750473022461 -0.007901660166680813 -0.8716488480567932 -0.3241581916809082 -0.36754223704338074
1732203373.955729 -68.66016387939453 14.859195709228516 -57.20282745361328 -0.011037036776542664 -0.8742662668228149 -0.3194437325000763 -0.36536604166030884
1732203374.755553 -68.13447570800781 15.108182907104492 -57.78605270385742 -0.007307722698897123 -0.8761629462242126 -0.3272750675678253 -0.35380247235298157
1732203375.55569 -67.69215393066406 15.29224967956543 -58.28556823730469 -0.008916141465306282 -0.8803895115852356 -0.3187006413936615 -0.3510909080505371
1732203376.425218 -67.2418441772461 15.491311073303223 -58.79915237426758 -0.00695891072973609 -0.8806727528572083 -0.3176291584968567 -0.35139551758766174
1732203377.422295 -66.71426391601562 15.713858604431152 -59.38554382324219 -0.0039208116941154 -0.8813551664352417 -0.3157691955566406 -0.3514079451560974
1732203378.222333 -66.26466369628906 15.915182113647461 -59.89241027832031 -0.0012645891401916742 -0.8811769485473633 -0.31652748584747314 -0.35119232535362244
1732203379.222356 -65.74828338623047 16.157812118530273 -60.45722579956055 0.0013805386843159795 -0.8794514536857605 -0.3202730715274811 -0.35211992263793945
1732203380.022172 -65.35630798339844 16.33333969116211 -60.90696716308594 -0.0016270149499177933 -0.8798307776451111 -0.3186854124069214 -0.35261133313179016
1732203380.955785 -64.92095947265625 16.52263641357422 -61.39387512207031 -0.0024988942313939333 -0.8807464241981506 -0.31712350249290466 -0.3517274558544159
1732203382.022142 -64.41490936279297 16.729515075683594 -61.94987487792969 0.0020090045873075724 -0.8825068473815918 -0.31136786937713623 -0.35245946049690247
1732203382.955612 -63.94641876220703 16.944927215576172 -62.464439392089844 0.008928723633289337 -0.8809106349945068 -0.3186574876308441 -0.349820077419281
1732203383.889056 -63.454833984375 17.16896629333496 -63.02133560180664 0.004761500284075737 -0.8796681761741638 -0.3193078339099884 -0.3524256646633148
1732203384.888752 -62.93604278564453 17.403398513793945 -63.61311340332031 0.0035364392679184675 -0.8819668889045715 -0.3143405020236969 -0.35115814208984375
1732203385.688939 -62.491912841796875 17.615459442138672 -64.10750579833984 0.0050691403448581696 -0.879055917263031 -0.3234025835990906 -0.35020822286605835
1732203386.488925 -62.05408477783203 17.828197479248047 -64.5965347290039 0.005837134085595608 -0.8782424330711365 -0.32579025626182556 -0.3500240743160248
1732203387.556091 -61.57884979248047 18.057950973510742 -65.14234161376953 0.002108342945575714 -0.87748122215271 -0.32735395431518555 -0.35051634907722473
1732203389.0889 -61.085227966308594 18.217823028564453 -65.54451751708984 -0.002063354477286339 -0.8520169258117676 -0.3095457851886749 -0.4221900701522827
1732203389.888721 -60.547523498535156 18.375852584838867 -65.89888000488281 0.0003432881785556674 -0.8341957926750183 -0.3083804249763489 -0.4571857452392578
1732203390.690393 -59.966407775878906 18.529499053955078 -66.27884674072266 0.001020145369693637 -0.8310329914093018 -0.30435267090797424 -0.46556708216667175
1732203391.488859 -59.322593688964844 18.701316833496094 -66.68155670166016 -0.0009266204433515668 -0.8252063989639282 -0.30539852380752563 -0.47514763474464417
1732203392.288678 -58.647857666015625 18.875957489013672 -67.08008575439453 -0.00015896472905296832 -0.8168424367904663 -0.3084784746170044 -0.48745211958885193
1732203393.088838 -58.020652770996094 19.03590965270996 -67.43978118896484 -0.008733591064810753 -0.8128602504730225 -0.30628150701522827 -0.49535202980041504
1732203393.755516 -57.45625305175781 19.179378509521484 -67.7392578125 -0.009560318663716316 -0.8089843988418579 -0.30826622247695923 -0.5004246830940247
1732203394.48886 -56.82415771484375 19.3250732421875 -68.0910415649414 -0.012841424904763699 -0.8071754574775696 -0.30501309037208557 -0.5052425265312195
1732203395.288809 -56.12171936035156 19.501575469970703 -68.4612808227539 -0.009679272770881653 -0.8043516874313354 -0.307801216840744 -0.5081171989440918
1732203396.088829 -55.402442932128906 19.67501449584961 -68.82536315917969 -0.004192454274743795 -0.8027438521385193 -0.306862473487854 -0.5112926363945007
1732203396.888612 -54.703758239746094 19.8407039642334 -69.18610382080078 -0.008753348141908646 -0.8012131452560425 -0.30289995670318604 -0.5159773230552673
1732203397.555461 -54.10150146484375 19.978116989135742 -69.48486328125 -0.009007531218230724 -0.7983225584030151 -0.3057052195072174 -0.5187913179397583
1732203398.288811 -53.43011474609375 20.131935119628906 -69.81331634521484 -0.010745284147560596 -0.7966675162315369 -0.3039499819278717 -0.5223215818405151
1732203398.888845 -52.87657928466797 20.268573760986328 -70.0687484741211 -0.004573008511215448 -0.7952364087104797 -0.3046184778213501 -0.5242002010345459
1732203399.68879 -52.175071716308594 20.43960952758789 -70.41492462158203 -0.004278587643057108 -0.7979756593704224 -0.3082081079483032 -0.5179038643836975
1732203400.555463 -51.50110626220703 20.616374969482422 -70.79518127441406 -0.0029784077778458595 -0.8109557032585144 -0.30998462438583374 -0.4962373375892639
1732203401.488771 -50.86444091796875 20.82041358947754 -71.22257995605469 -0.0010949529241770506 -0.8264105916023254 -0.31787148118019104 -0.46476030349731445
1732203402.288566 -50.313438415527344 21.01233673095703 -71.63404846191406 0.0035244575701653957 -0.8387710452079773 -0.3184850215911865 -0.4416084587574005
1732203402.955406 -49.843719482421875 21.18610382080078 -72.00982666015625 0.006367743015289307 -0.8452363610267639 -0.32187744975090027 -0.42653244733810425
1732203403.888804 -49.21417999267578 21.43536376953125 -72.54102325439453 0.010914141312241554 -0.8519707918167114 -0.3246176242828369 -0.41067028045654297
1732203404.488542 -48.76470947265625 21.616596221923828 -72.93699645996094 0.011584865860641003 -0.8562990427017212 -0.32366639375686646 -0.4023154377937317
1732203405.155397 -48.23262023925781 21.840078353881836 -73.4199447631836 0.015495101921260357 -0.8608777523040771 -0.32233598828315735 -0.3933814764022827
1732203405.68874 -47.81060791015625 22.016624450683594 -73.8287353515625 0.013652781024575233 -0.8637784719467163 -0.32244932651519775 -0.38694560527801514
1732203406.28871 -47.34260559082031 22.221920013427734 -74.28765869140625 0.01678207516670227 -0.8670951128005981 -0.3226979374885559 -0.37911805510520935
1732203406.955456 -46.82061767578125 22.43663215637207 -74.78178405761719 0.014028524048626423 -0.8651025295257568 -0.319790244102478 -0.38618022203445435
1732203407.688973 -46.232269287109375 22.667713165283203 -75.29824829101562 0.015501352027058601 -0.8581172823905945 -0.3174291253089905 -0.4032781720161438
1732203408.155353 -45.83751678466797 22.822219848632812 -75.63233947753906 0.014088395982980728 -0.8535988926887512 -0.31951797008514404 -0.4111919105052948
1732203408.755389 -45.338600158691406 22.990861892700195 -76.00981140136719 0.015841666609048843 -0.84670090675354 -0.3133828938007355 -0.4296950101852417
1732203409.422006 -44.73948669433594 23.190773010253906 -76.41720581054688 0.01899341307580471 -0.8354724645614624 -0.3142350912094116 -0.45042356848716736
1732203410.022013 -44.191986083984375 23.362205505371094 -76.7972640991211 0.0185963474214077 -0.8357499837875366 -0.3099537491798401 -0.45288509130477905
1732203410.688672 -43.57715606689453 23.559913635253906 -77.2226333618164 0.01643301174044609 -0.8340166807174683 -0.31031668186187744 -0.4559054374694824
1732203411.222009 -43.07721710205078 23.720041275024414 -77.552978515625 0.020298782736063004 -0.8316380381584167 -0.31115803122520447 -0.4595072567462921
1732203411.821806 -42.49446105957031 23.889972686767578 -77.8795394897461 0.019295528531074524 -0.8083868622779846 -0.3068496584892273 -0.5019779205322266
1732203412.422003 -41.8773193359375 24.00473976135254 -78.07088470458984 0.016804350540041924 -0.7607809901237488 -0.2935863733291626 -0.5785645842552185
1732203413.021988 -41.24713134765625 24.084449768066406 -78.19824981689453 0.011289768852293491 -0.7268251776695251 -0.27740389108657837 -0.6282076239585876
1732203413.621983 -40.56781768798828 24.1605224609375 -78.26578521728516 0.011363678611814976 -0.6949489116668701 -0.27270713448524475 -0.6652426719665527
1732203414.221759 -39.8892707824707 24.20746612548828 -78.273193359375 0.011820947751402855 -0.665009081363678 -0.2662849426269531 -0.6976500153541565
1732203414.822059 -39.20391082763672 24.235687255859375 -78.23736572265625 0.0025315145030617714 -0.6389650106430054 -0.2534252107143402 -0.7262871861457825
1732203415.42196 -38.49201202392578 24.274017333984375 -78.18217468261719 0.008372440002858639 -0.627571165561676 -0.25479549169540405 -0.7356382608413696
1732203416.021943 -37.811424255371094 24.278059005737305 -78.1183090209961 -0.001687322510406375 -0.6163376569747925 -0.24429593980312347 -0.7486284375190735
1732203416.621765 -37.128448486328125 24.285667419433594 -78.04783630371094 -0.010989860631525517 -0.6045529842376709 -0.24591580033302307 -0.7575753927230835
1732203417.42196 -36.32630920410156 24.272003173828125 -77.81432342529297 0.001656268024817109 -0.5100857615470886 -0.22910241782665253 -0.829048752784729
1732203418.021908 -36.334720611572266 24.17136001586914 -77.61387634277344 -0.01890302076935768 -0.31035733222961426 -0.15061652660369873 -0.9384219646453857
1732203418.822226 -36.00373077392578 23.938152313232422 -76.94908905029297 -0.027116157114505768 -0.19495230913162231 -0.1175946518778801 -0.9733601212501526
1732203419.421719 -35.71232604980469 23.738752365112305 -76.31515502929688 -0.007784675341099501 -0.1725953221321106 -0.11434006690979004 -0.9783029556274414
1732203420.021879 -35.44849395751953 23.516061782836914 -75.72396850585938 -0.022085558623075485 -0.1571146845817566 -0.10602827370166779 -0.9816238284111023
1732203420.621915 -35.214786529541016 23.291967391967773 -75.10845184326172 -0.02064461261034012 -0.1465824544429779 -0.09576716274023056 -0.9843353033065796
1732203421.221888 -34.94361877441406 23.0966739654541 -74.51720428466797 -0.013830759562551975 -0.16122063994407654 -0.10738340765237808 -0.9809615015983582
1732203422.021691 -34.59648513793945 22.850814819335938 -73.87112426757812 -0.027821460738778114 -0.17796821892261505 -0.1163845881819725 -0.9767332673072815
1732203422.822628 -34.23017501831055 22.61904525756836 -73.22510528564453 -0.029579775407910347 -0.1934668868780136 -0.1257936954498291 -0.9725593328475952
1732203423.621878 -33.85572052001953 22.397445678710938 -72.55703735351562 -0.012961894273757935 -0.20865632593631744 -0.122946597635746 -0.9701436758041382
1732203425.222163 -33.51168441772461 22.15412139892578 -71.86466979980469 -0.016497015953063965 -0.1791747361421585 -0.11104664951562881 -0.9773908853530884
1732203426.021836 -33.160621643066406 21.93140983581543 -71.141845703125 -0.004750724881887436 -0.17628197371959686 -0.11433496326208115 -0.9776654243469238
1732203426.621825 -32.89176940917969 21.758502960205078 -70.57693481445312 -0.006458893418312073 -0.17198443412780762 -0.11503319442272186 -0.9783389568328857
1732203427.421794 -32.545047760009766 21.52777862548828 -69.85283660888672 -0.0065837400034070015 -0.1696319729089737 -0.11555676907300949 -0.978687047958374
1732203428.221797 -32.19123458862305 21.346689224243164 -69.24756622314453 -0.0048321448266506195 -0.19607393443584442 -0.1263580471277237 -0.9724017977714539
1732203429.221604 -31.794015884399414 21.121801376342773 -68.5413818359375 -0.003299481002613902 -0.2124992311000824 -0.12818977236747742 -0.9687108397483826
1732203430.621803 -31.228355407714844 20.979305267333984 -67.9933853149414 0.008595684543251991 -0.3823168873786926 -0.18517214059829712 -0.9052465558052063
1732203432.088464 -30.5723876953125 20.868946075439453 -67.51271057128906 0.009608152322471142 -0.398181676864624 -0.190529927611351 -0.8972498774528503
1732203433.221742 -29.93829345703125 20.772937774658203 -67.07601165771484 0.007724539842456579 -0.41488099098205566 -0.19412924349308014 -0.8888913989067078
1732203434.221757 -29.322235107421875 20.694698333740234 -66.67999267578125 0.011782673187553883 -0.428301066160202 -0.1966860592365265 -0.8818922638893127
1732203435.221741 -28.681625366210938 20.619247436523438 -66.294189453125 0.012872593477368355 -0.4403631389141083 -0.20005908608436584 -0.8751519918441772
1732203436.223195 -28.034469604492188 20.551315307617188 -65.93312072753906 0.012712396681308746 -0.45152926445007324 -0.20248490571975708 -0.8688842058181763
1732203437.221693 -27.35078239440918 20.486347198486328 -65.57333374023438 0.013065900653600693 -0.4622200131416321 -0.2047530859708786 -0.8627040386199951
1732203438.288392 -26.63533592224121 20.425750732421875 -65.21975708007812 0.014272378757596016 -0.47235047817230225 -0.20758680999279022 -0.8564981818199158
1732203439.221507 -25.947635650634766 20.363693237304688 -64.88865661621094 0.011826500296592712 -0.4814189076423645 -0.20879662036895752 -0.8511756062507629
1732203440.021662 -25.314529418945312 20.324617385864258 -64.59990692138672 0.014535524882376194 -0.4886398911476135 -0.2122524529695511 -0.8461493849754333
1732203441.02206 -24.524890899658203 20.26120376586914 -64.23554992675781 0.01590363308787346 -0.4825921654701233 -0.2104436159133911 -0.8500385284423828
1732203441.761635 -23.977659225463867 20.203489303588867 -63.92815399169922 0.009639246389269829 -0.4657672345638275 -0.20253856480121613 -0.8613629341125488
1732203442.555186 -23.28717613220215 20.14037322998047 -63.493614196777344 0.017093585804104805 -0.43777498602867126 -0.20096252858638763 -0.8761706352233887
1732203443.355044 -22.651782989501953 20.029747009277344 -63.052650451660156 0.007868151180446148 -0.41298192739486694 -0.18750719726085663 -0.891193151473999
1732203443.954769 -22.16031265258789 19.938949584960938 -62.646549224853516 0.011568027548491955 -0.37934625148773193 -0.18254278600215912 -0.9069954752922058
1732203444.554963 -21.71099090576172 19.8255615234375 -62.2188720703125 0.005432009696960449 -0.3525947630405426 -0.16992692649364471 -0.9202022552490234
1732203445.154961 -21.255210876464844 19.71087074279785 -61.789573669433594 0.005428319331258535 -0.3470565676689148 -0.16423843801021576 -0.9233353137969971
1732203445.754945 -20.804061889648438 19.597169876098633 -61.32550048828125 0.007547690067440271 -0.33315521478652954 -0.15918351709842682 -0.9293069243431091
1732203446.354758 -20.37200355529785 19.471630096435547 -60.83610916137695 0.008061458356678486 -0.31849655508995056 -0.1520231068134308 -0.9356195330619812
1732203446.954924 -19.93707847595215 19.33873748779297 -60.32513427734375 0.010969739407300949 -0.30591142177581787 -0.1482047289609909 -0.9403899312019348
1732203447.554939 -19.513853073120117 19.203857421875 -59.81142044067383 0.009378219023346901 -0.2994401752948761 -0.14125142991542816 -0.9435548186302185
1732203448.154893 -19.085479736328125 19.0681095123291 -59.3062744140625 0.00959303230047226 -0.29663360118865967 -0.1394556611776352 -0.944705605506897
1732203448.754712 -18.581321716308594 18.959754943847656 -58.83932113647461 0.01666960120201111 -0.3456727862358093 -0.15785188972949982 -0.9248325228691101
1732203449.354889 -18.08375358581543 18.8608341217041 -58.44807815551758 0.011808989569544792 -0.3726077377796173 -0.1623256653547287 -0.9136052131652832
1732203449.954881 -17.533498764038086 18.75806999206543 -57.995872497558594 0.013527235016226768 -0.37752702832221985 -0.16421347856521606 -0.9112213850021362
1732203450.554919 -17.00196647644043 18.655593872070312 -57.55077362060547 0.012767515145242214 -0.37988269329071045 -0.16147194802761078 -0.9107431173324585
1732203451.154924 -16.456531524658203 18.548965454101562 -57.108604431152344 0.011250890791416168 -0.3822373151779175 -0.16123813390731812 -0.9098188877105713
1732203451.754711 -15.917872428894043 18.44552993774414 -56.673858642578125 0.016234640032052994 -0.38407787680625916 -0.1623205840587616 -0.9087753891944885
1732203452.354864 -15.376710891723633 18.342376708984375 -56.24981689453125 0.013454500585794449 -0.38544365763664246 -0.16277243196964264 -0.9081615209579468
1732203452.954908 -14.840566635131836 18.25094985961914 -55.822750091552734 0.015636684373021126 -0.38681602478027344 -0.16369880735874176 -0.9073761701583862
1732203453.554892 -14.29289436340332 18.146041870117188 -55.39891052246094 0.015364429913461208 -0.3883883059024811 -0.1647268682718277 -0.906522810459137
1732203454.154724 -13.75389289855957 18.039608001708984 -54.97130584716797 0.01428524125367403 -0.38990843296051025 -0.16242434084415436 -0.906303346157074
1732203454.821528 -13.142240524291992 17.92901611328125 -54.49656295776367 0.015690773725509644 -0.38857489824295044 -0.1669193059206009 -0.9060360193252563
1732203455.554839 -12.502711296081543 17.792037963867188 -53.97053527832031 0.012341898865997791 -0.37331289052963257 -0.16413483023643494 -0.9129868745803833
1732203456.154842 -11.996620178222656 17.682167053222656 -53.507301330566406 0.015098382718861103 -0.35479649901390076 -0.16420884430408478 -0.9202863574028015
1732203456.754676 -11.552780151367188 17.55800437927246 -52.99908447265625 0.018414299935102463 -0.31513166427612305 -0.14813897013664246 -0.9372341632843018
1732203457.3548 -11.11591911315918 17.41910171508789 -52.492034912109375 0.011943946592509747 -0.30070897936820984 -0.1430375576019287 -0.9428529739379883
1732203457.954838 -10.692937850952148 17.274578094482422 -51.95561981201172 0.011677722446620464 -0.28451910614967346 -0.13637197017669678 -0.9488494992256165
1732203458.554841 -10.277467727661133 17.121116638183594 -51.418521881103516 0.00961580965667963 -0.27623677253723145 -0.13324543833732605 -0.9517596960067749
1732203459.154589 -9.890115737915039 16.966928482055664 -50.88168716430664 0.0070485002361238 -0.27051693201065063 -0.12676039338111877 -0.954307496547699
1732203459.754777 -9.500633239746094 16.816476821899414 -50.34375762939453 0.009233367629349232 -0.2622775733470917 -0.12678349018096924 -0.9565830826759338
1732203460.354784 -9.118377685546875 16.660930633544922 -49.7812385559082 0.01146166492253542 -0.25703972578048706 -0.1239401325583458 -0.9583517909049988
1732203460.954809 -8.760993957519531 16.50575065612793 -49.23363494873047 0.013739777728915215 -0.24657230079174042 -0.11948473006486893 -0.9616323113441467
1732203461.554586 -8.432878494262695 16.352262496948242 -48.68453598022461 0.01484626904129982 -0.2287488430738449 -0.11087796092033386 -0.9670365452766418
1732203462.15475 -8.134664535522461 16.192523956298828 -48.12922668457031 0.011945239268243313 -0.208595871925354 -0.10478267818689346 -0.9722991585731506
1732203462.754763 -7.846556186676025 16.02281951904297 -47.54515838623047 0.013782748952507973 -0.19077254831790924 -0.0985182374715805 -0.976580798625946
1732203463.354769 -7.583479404449463 15.85941219329834 -46.970314025878906 0.011315546929836273 -0.17963966727256775 -0.09344269335269928 -0.9792191386222839
1732203463.954558 -7.346161365509033 15.689486503601074 -46.41520690917969 0.009591169655323029 -0.1684073507785797 -0.09001198410987854 -0.981552243232727
1732203464.55472 -7.111454010009766 15.519463539123535 -45.83750534057617 0.010352440178394318 -0.15621322393417358 -0.08749709278345108 -0.9837858080863953
1732203465.154725 -6.890786647796631 15.347461700439453 -45.23646545410156 0.014635789208114147 -0.1503823697566986 -0.08324706554412842 -0.9850081205368042
1732203465.754742 -6.683760643005371 15.172951698303223 -44.63081741333008 0.014889423735439777 -0.1415739357471466 -0.07988996058702469 -0.9865863919258118
1732203466.354526 -6.466645240783691 15.00104808807373 -44.034114837646484 0.013444238342344761 -0.13514606654644012 -0.07781533151865005 -0.9876738786697388
1732203466.954688 -6.271537780761719 14.825862884521484 -43.4400749206543 0.01278587058186531 -0.12728825211524963 -0.07458475232124329 -0.988974928855896
1732203467.554719 -6.088508129119873 14.652191162109375 -42.84605026245117 0.013182559050619602 -0.12254736572504044 -0.07221486419439316 -0.9897441267967224
1732203468.354717 -5.806021213531494 14.43949031829834 -42.12914276123047 0.012528481893241405 -0.14077718555927277 -0.07899829000234604 -0.9868050217628479
1732203469.154632 -5.541385173797607 14.228473663330078 -41.43320083618164 0.011420312337577343 -0.13849496841430664 -0.0779910609126091 -0.9872214198112488
1732203469.821334 -5.301281929016113 14.034114837646484 -40.77003479003906 0.011879830621182919 -0.13495199382305145 -0.0777052640914917 -0.9877290725708008
1732203470.488086 -5.066210746765137 13.832404136657715 -40.09214401245117 0.011668910272419453 -0.1329471319913864 -0.07626893371343613 -0.9881153702735901
1732203471.154477 -4.839102745056152 13.63734245300293 -39.4176025390625 0.012200477533042431 -0.13041400909423828 -0.07533202320337296 -0.9885183572769165
1732203471.687949 -4.661050319671631 13.472463607788086 -38.86946105957031 0.012390101328492165 -0.12832221388816833 -0.07411589473485947 -0.9888815879821777
1732203472.288024 -4.457680702209473 13.29271411895752 -38.26582717895508 0.00922850426286459 -0.12472564727067947 -0.07464990019798279 -0.9893360733985901
1732203472.887996 -4.254604816436768 13.115307807922363 -37.666175842285156 0.009754128754138947 -0.12392093241214752 -0.07464555650949478 -0.9894324541091919
1732203473.488021 -4.061928749084473 12.929229736328125 -37.05185317993164 0.009286307729780674 -0.12148921936750412 -0.07432848960161209 -0.9897623658180237
1732203474.087789 -3.8657355308532715 12.748409271240234 -36.467018127441406 0.010084159672260284 -0.12226023524999619 -0.07034791260957718 -0.9899504780769348
1732203474.687943 -3.6770575046539307 12.56333065032959 -35.84672546386719 0.008775895461440086 -0.11962039023637772 -0.06869789958000183 -0.9904012084007263
1732203475.288068 -3.4826364517211914 12.37716007232666 -35.224388122558594 0.011067818850278854 -0.11899983137845993 -0.06938627362251282 -0.9904050230979919
1732203475.954621 -3.272484302520752 12.185643196105957 -34.53518295288086 0.016626177355647087 -0.11791051179170609 -0.06750085949897766 -0.9905878901481628
1732203476.487749 -3.111684799194336 12.017337799072266 -34.00070571899414 0.009959571063518524 -0.11848315596580505 -0.06358559429645538 -0.9908680319786072
1732203477.087958 -2.932838201522827 11.846663475036621 -33.404052734375 0.010777364484965801 -0.11735830456018448 -0.06280602514743805 -0.9910430312156677
1732203477.687932 -2.7521655559539795 11.662272453308105 -32.81663513183594 0.007447848562151194 -0.1157364472746849 -0.06320370733737946 -0.991239070892334
1732203478.28794 -2.5719401836395264 11.47629165649414 -32.209774017333984 0.007047606632113457 -0.10911329835653305 -0.061231449246406555 -0.9921166300773621
1732203478.9544 -2.443784475326538 11.26685905456543 -31.529739379882812 0.008982961997389793 -0.08567818999290466 -0.05044206604361534 -0.9950045943260193
1732203479.688245 -2.3219070434570312 11.029313087463379 -30.80870819091797 0.001328573445789516 -0.06103391572833061 -0.039951834827661514 -0.9973349571228027
1732203480.288106 -2.2669811248779297 10.831099510192871 -30.209123611450195 0.002305693458765745 -0.033213041722774506 -0.028901012614369392 -0.9990277290344238
1732203480.954605 -2.2457761764526367 10.611644744873047 -29.518720626831055 0.0051585310138762 -0.004925069399178028 -0.01903633028268814 -0.9997934103012085
1732203481.554369 -2.263697624206543 10.406649589538574 -28.882213592529297 0.0072965072467923164 0.018595604225993156 -0.00935359951108694 -0.9997567534446716
1732203482.089891 -2.295773983001709 10.224751472473145 -28.312551498413086 0.004565923474729061 0.028684435412287712 -0.007785328198224306 -0.9995477795600891
1732203482.754534 -2.342918872833252 9.991962432861328 -27.599754333496094 0.003636615816503763 0.0404229611158371 -0.0025889489334076643 -0.9991727471351624
1732203483.288051 -2.4056296348571777 9.80003833770752 -27.028488159179688 0.000853950681630522 0.04955003038048744 -0.0010976770427078009 -0.9987707138061523
1732203484.087675 -2.432417154312134 9.523309707641602 -26.20029067993164 0.0032845973037183285 0.03373481705784798 -0.005586470942944288 -0.9994097948074341
1732203484.887834 -2.411900520324707 9.266826629638672 -25.431962966918945 -0.0007245563319884241 0.009829018265008926 -0.015152582898736 -0.9998366832733154
1732203485.687867 -2.339982271194458 9.038311004638672 -24.678680419921875 0.011286304332315922 -0.021423712372779846 -0.02550473064184189 -0.999381422996521
1732203486.487697 -2.2847042083740234 8.79257583618164 -23.943050384521484 0.0014130871277302504 -0.025171292945742607 -0.026424214243888855 -0.9993329048156738
1732203487.287802 -2.152928352355957 8.53656005859375 -23.18423080444336 -0.0009161662892438471 -0.055344536900520325 -0.04014850780367851 -0.99765944480896
1732203488.087836 -2.018523693084717 8.268095970153809 -22.383886337280273 0.0018558204174041748 -0.059863511472940445 -0.0423097088932991 -0.9973078370094299
1732203488.754289 -1.8762093782424927 8.040118217468262 -21.653371810913086 0.00783963967114687 -0.06666815280914307 -0.04725562408566475 -0.996624767780304
1732203489.287807 -1.7694562673568726 7.856258869171143 -21.100576400756836 0.004952787421643734 -0.07221335917711258 -0.049301303923130035 -0.9961576461791992
1732203489.954488 -1.6053035259246826 7.626854419708252 -20.374780654907227 0.00550398975610733 -0.0789513811469078 -0.051386602222919464 -0.9955379962921143
1732203490.687785 -1.422143816947937 7.375319480895996 -19.575132369995117 0.008052301593124866 -0.08447819203138351 -0.051023468375205994 -0.995085597038269
1732203491.287603 -1.2827088832855225 7.1614155769348145 -18.924631118774414 0.006873120553791523 -0.082129567861557 -0.05366601049900055 -0.9951519966125488
1732203491.954416 -1.1839278936386108 6.9295125007629395 -18.21718406677246 0.004182624164968729 -0.055541783571243286 -0.04417051747441292 -0.9974701404571533
1732203492.687758 -1.0768208503723145 6.669248580932617 -17.406932830810547 0.0029190881177783012 -0.04110097885131836 -0.04247177392244339 -0.9982476234436035
1732203493.287791 -0.9870661497116089 6.455860137939453 -16.744117736816406 0.0045037539675831795 -0.042254552245140076 -0.04355163127183914 -0.9981470704078674
1732203493.887566 -0.8885735273361206 6.2400803565979 -16.093936920166016 0.0018085534684360027 -0.03927192836999893 -0.0462498776614666 -0.9981560111045837
1732203494.487755 -0.7905755043029785 6.039939880371094 -15.463848114013672 0.0042568352073431015 -0.04456227645277977 -0.04833937808871269 -0.997827410697937
1732203495.087754 -0.6792815327644348 5.845114231109619 -14.861570358276367 0.003109574317932129 -0.05436387285590172 -0.05299628898501396 -0.9971089959144592
1732203495.887746 -0.5098394751548767 5.6127824783325195 -14.145600318908691 0.0032074800692498684 -0.07640808820724487 -0.06110423430800438 -0.9951973557472229
1732203496.687538 -0.32359054684638977 5.392214298248291 -13.484652519226074 -5.3762374591315165e-05 -0.08966962993144989 -0.0663704201579094 -0.9937577247619629
1732203497.4877 -0.10502012819051743 5.139800071716309 -12.695184707641602 0.0008514609071426094 -0.09695613384246826 -0.06824810057878494 -0.9929456114768982
1732203498.088091 0.08557213842868805 4.927084922790527 -12.031991004943848 0.0021911871153861284 -0.1020025685429573 -0.07258880883455276 -0.9921298623085022
1732203498.687692 0.247508704662323 4.7124104499816895 -11.374921798706055 0.0009530985844321549 -0.08732321113348007 -0.06653787940740585 -0.9939550161361694
1732203499.287693 0.3747485876083374 4.490718841552734 -10.712993621826172 -0.0010544609976932406 -0.06862152367830276 -0.06265304982662201 -0.9956730008125305
1732203499.887676 0.515001118183136 4.2826948165893555 -10.045198440551758 0.0017704314086586237 -0.07102510333061218 -0.06337092816829681 -0.9954579472541809
1732203500.421042 0.6433387994766235 4.09340763092041 -9.454484939575195 0.0017164559103548527 -0.07118062674999237 -0.06454553455114365 -0.9953714609146118
1732203501.020808 0.7701262831687927 3.877797842025757 -8.783570289611816 0.001392942387610674 -0.06514045596122742 -0.06078972667455673 -0.9960218667984009
1732203501.620815 0.8710213303565979 3.6648647785186768 -8.124282836914062 0.0015304732369259 -0.052029725164175034 -0.05357982590794563 -0.9972059726715088
1732203502.220968 0.9465651512145996 3.4397802352905273 -7.45493745803833 -0.0003069952654186636 -0.03921322152018547 -0.045212458819150925 -0.9982074499130249
1732203502.887689 1.0401711463928223 3.181661605834961 -6.710494041442871 -0.003153799334540963 -0.03652062639594078 -0.043189842253923416 -0.998394250869751
1732203503.48745 1.1128184795379639 2.9553089141845703 -6.028098106384277 -0.001139731495641172 -0.034297823905944824 -0.0388714037835598 -0.998654842376709
1732203504.087451 1.1805329322814941 2.7314441204071045 -5.363255977630615 -0.0024904224555939436 -0.03109830617904663 -0.035755086690187454 -0.9988735318183899
1732203504.687613 1.2436422109603882 2.5227138996124268 -4.74223518371582 -0.003816987620666623 -0.02842026762664318 -0.03399210795760155 -0.9990106821060181
1732203505.28762 1.2853364944458008 2.339156150817871 -4.193903923034668 -0.0015307426219806075 -0.02477819100022316 -0.030727999284863472 -0.999219536781311
1732203505.620956 1.3065111637115479 2.2540054321289062 -3.9471194744110107 -0.0022821275051683187 -0.024039089679718018 -0.03134055435657501 -0.9992170929908752
1732203506.020767 1.3157131671905518 2.2018580436706543 -3.7681524753570557 0.004078030586242676 -0.020255932584404945 -0.029236139729619026 -0.9993589520454407
