1755700955.292142 -0.0 -0.0 -0.0 -0.0 -0.0 -0.0 1.0
1755700956.810024 -0.0026622230652719736 -0.048200417309999466 0.10229211300611496 0.007016173098236322 -1.1601059668464586e-05 0.00034643503022380173 0.9999753832817078
1755700957.667961 -0.02109530195593834 -0.3276945650577545 0.938224196434021 0.0033381565008312464 -0.014604947529733181 -0.008347725495696068 0.9998529553413391
1755700958.789851 -0.12821757793426514 -0.6118171215057373 1.7313594818115234 0.010642523877322674 -0.05981190502643585 -0.025881249457597733 0.99781733751297
1755700959.647794 -0.27713391184806824 -0.8754211664199829 2.4528045654296875 0.01320304349064827 -0.08563710004091263 -0.035432592034339905 0.9956086277961731
1755700960.439724 -0.43608158826828003 -1.128855586051941 3.161982536315918 0.012675789184868336 -0.10173841565847397 -0.04124382510781288 0.9938750863075256
1755700961.165634 -0.6105862855911255 -1.3809837102890015 3.8449206352233887 0.014481368474662304 -0.10759203881025314 -0.04201502352952957 0.9932014346122742
1755700961.825611 -0.7603560090065002 -1.6108887195587158 4.483658313751221 0.013958711177110672 -0.11000629514455795 -0.043311238288879395 0.9928886890411377
1755700962.683514 -0.9123362898826599 -1.886935830116272 5.2396674156188965 0.01593906246125698 -0.09897758066654205 -0.037262119352817535 0.9942640662193298
1755700963.607437 -1.060804843902588 -2.190784454345703 6.05729341506958 0.01793704554438591 -0.08798553794622421 -0.032843638211488724 0.9954186081886292
1755700964.33339 -1.177851915359497 -2.4475221633911133 6.731713771820068 0.01777098886668682 -0.08553726226091385 -0.03150719776749611 0.9956781268119812
1755700965.05932 -1.2910566329956055 -2.7008278369903564 7.409544467926025 0.018904799595475197 -0.08411404490470886 -0.03244622051715851 0.9957484006881714
1755700965.851285 -1.4110196828842163 -2.976412534713745 8.137771606445312 0.019266515970230103 -0.08496321737766266 -0.032846927642822266 0.9956561326980591
1755700966.643196 -1.5404820442199707 -3.256868362426758 8.875120162963867 0.018120691180229187 -0.08832308650016785 -0.033432457596063614 0.9953657984733582
1755700967.303106 -1.672089695930481 -3.4910335540771484 9.48657512664795 0.017503106966614723 -0.10087107121944427 -0.03658228740096092 0.9940727353096008
1755700968.226273 -1.875379204750061 -3.765962600708008 10.223699569702148 0.017361683771014214 -0.13252747058868408 -0.04670266807079315 0.9899262189865112
1755700968.746888 -2.012624979019165 -3.9093475341796875 10.593469619750977 0.019608987495303154 -0.15187610685825348 -0.05192151293158531 0.986840009689331
1755700969.712186 -2.321481943130493 -4.175410747528076 11.296427726745605 0.020765554159879684 -0.1907377541065216 -0.06568692624568939 0.9792206883430481
1755700970.603974 -2.6713709831237793 -4.4282612800598145 11.938048362731934 0.024823594838380814 -0.23380501568317413 -0.07783180475234985 0.9688453674316406
1755700971.560451 -3.120448589324951 -4.686315536499023 12.554428100585938 0.032989751547575 -0.28520408272743225 -0.09325127303600311 0.9533491730690002
1755700972.589931 -3.6817002296447754 -4.9273834228515625 13.146170616149902 0.023196054622530937 -0.34829017519950867 -0.11670973896980286 0.9298036098480225
1755700973.435837 -4.240839958190918 -5.094460487365723 13.565460205078125 0.022542012855410576 -0.40352562069892883 -0.14044363796710968 0.9038443565368652
1755700974.289377 -4.8456597328186035 -5.23541784286499 13.910103797912598 0.025919025763869286 -0.45740118622779846 -0.1616586148738861 0.8740588426589966
1755700975.148853 -5.537055969238281 -5.385003089904785 14.24102783203125 0.029056832194328308 -0.49447470903396606 -0.1742754578590393 0.851045548915863
1755700975.945311 -6.235406875610352 -5.510939598083496 14.52462387084961 0.030683688819408417 -0.5214152336120605 -0.18236887454986572 0.83302241563797
1755700976.742531 -6.95001220703125 -5.627801895141602 14.764708518981934 0.03193959221243858 -0.5465613007545471 -0.19010983407497406 0.8149288296699524
1755700977.606288 -7.721246719360352 -5.713141441345215 14.919877052307129 0.03020031936466694 -0.5872540473937988 -0.20929840207099915 0.7812905311584473
1755700978.66835 -8.489025115966797 -5.740057468414307 14.930826187133789 0.03238873928785324 -0.6502134799957275 -0.23157614469528198 0.7228733897209167
1755700979.728624 -9.215332984924316 -5.722010612487793 14.816600799560547 0.03268113732337952 -0.7138049602508545 -0.2580893635749817 0.650234043598175
1755700980.985669 -10.015307426452637 -5.643564224243164 14.502521514892578 0.03913199529051781 -0.7862943410873413 -0.2728549838066101 0.5529557466506958
1755700981.844301 -10.702823638916016 -5.5206170082092285 14.167837142944336 0.03560914099216461 -0.8022885918617249 -0.29650044441223145 0.5168679356575012
1755700982.966428 -11.49344253540039 -5.383970260620117 13.671839714050293 0.042649902403354645 -0.840431809425354 -0.2940666675567627 0.4531889259815216
1755700983.955967 -12.113554000854492 -5.2316575050354 13.149821281433105 0.040406253188848495 -0.8647844195365906 -0.2992362082004547 0.40121427178382874
1755700984.813329 -12.659296035766602 -5.084794521331787 12.665180206298828 0.03955073282122612 -0.8701735734939575 -0.3017357587814331 0.3875426948070526
1755700986.066246 -13.394550323486328 -4.891634464263916 11.992794036865234 0.041558705270290375 -0.8759265542030334 -0.2962722182273865 0.37848177552223206
1755700986.857608 -13.996236801147461 -4.732919216156006 11.413738250732422 0.04343818873167038 -0.87958163022995 -0.29305702447891235 0.3722456991672516
1755700987.517037 -14.57966423034668 -4.590633869171143 10.854032516479492 0.04638881981372833 -0.8856195211410522 -0.2824265956878662 0.36573413014411926
1755700988.176534 -15.265850067138672 -4.429429531097412 10.161964416503906 0.044079799205064774 -0.8873696327209473 -0.2824091613292694 0.3617697060108185
1755700988.836412 -16.082056045532227 -4.2202935218811035 9.31324291229248 0.040206003934144974 -0.8914585709571838 -0.2854916751384735 0.3495420515537262
1755700989.363748 -16.67978286743164 -4.046887397766113 8.63889217376709 0.04020698368549347 -0.8947102427482605 -0.28680315613746643 0.34003087878227234
1755700989.957407 -17.363317489624023 -3.8369364738464355 7.840878009796143 0.04120267555117607 -0.8978612422943115 -0.28816190361976624 0.33031854033470154
1755700990.551119 -18.020977020263672 -3.630591869354248 7.049829483032227 0.038489677011966705 -0.9005558490753174 -0.29149383306503296 0.3202328383922577
1755700991.078791 -18.60464859008789 -3.426938056945801 6.333798408508301 0.03845399618148804 -0.8997514843940735 -0.29248642921447754 0.3215903341770172
1755700991.804331 -19.455413818359375 -3.1402206420898438 5.357734680175781 0.03776194900274277 -0.8958259224891663 -0.2959883213043213 0.32933393120765686
1755700992.397957 -20.120086669921875 -2.9180281162261963 4.575571060180664 0.04409113526344299 -0.8954123258590698 -0.29457253217697144 0.33093780279159546
1755700992.925632 -20.72144317626953 -2.707817316055298 3.8722362518310547 0.04653149098157883 -0.8929352164268494 -0.2955353260040283 0.33639320731163025
1755700993.453281 -21.348724365234375 -2.5104260444641113 3.164386749267578 0.047524016350507736 -0.8934296369552612 -0.29686376452445984 0.3337617814540863
1755700994.112803 -22.11105728149414 -2.2685227394104004 2.2992801666259766 0.04845685139298439 -0.8940315842628479 -0.2976084053516388 0.3313438594341278
1755700994.706395 -22.784503936767578 -2.050403594970703 1.5092144012451172 0.050177570432424545 -0.89417964220047 -0.29569128155708313 0.33240291476249695
1755700995.234094 -23.37154769897461 -1.8715391159057617 0.8378410339355469 0.05030013620853424 -0.893311619758606 -0.29380959272384644 0.3363632559776306
1755700995.761629 -23.84684944152832 -1.734879970550537 0.29509544372558594 0.04875761643052101 -0.8938531279563904 -0.2909431755542755 0.3376409411430359
1755700996.553056 -24.46509552001953 -1.544118881225586 -0.4118690490722656 0.04756968095898628 -0.8928922414779663 -0.291991651058197 0.3394429385662079
1755700997.410472 -25.110107421875 -1.3546199798583984 -1.1490840911865234 0.04891645535826683 -0.8926906585693359 -0.2919689416885376 0.33980101346969604
1755700998.399749 -25.693729400634766 -1.184523582458496 -1.7973823547363281 0.04760744050145149 -0.8925034999847412 -0.2928972542285919 0.3396797776222229
1755700999.25714 -26.17064666748047 -1.0361509323120117 -2.3256378173828125 0.04595586657524109 -0.891531765460968 -0.2952135503292084 0.3404528796672821
1755701000.444297 -26.815065383911133 -0.8240947723388672 -3.0554122924804688 0.040258169174194336 -0.891533374786377 -0.2961927056312561 0.34031954407691956
1755701001.301714 -27.275287628173828 -0.6737194061279297 -3.5950355529785156 0.03888106718659401 -0.8920457363128662 -0.29408058524131775 0.3409682810306549
1755701002.488875 -27.943134307861328 -0.4824495315551758 -4.33045768737793 0.03896107152104378 -0.8926594853401184 -0.291865736246109 0.3412558436393738
1755701003.544122 -28.527311325073242 -0.2818746566772461 -5.009197235107422 0.039646875113248825 -0.891146719455719 -0.29481351375579834 0.3425941467285156
1755701004.665721 -29.139530181884766 -0.0953054428100586 -5.708648681640625 0.04172384366393089 -0.8918187618255615 -0.2919982969760895 0.3430092930793762
1755701005.786488 -29.76420021057129 0.10860252380371094 -6.416950225830078 0.04138661548495293 -0.8912603855133057 -0.29271987080574036 0.3438853323459625
1755701006.973629 -30.428735733032227 0.32198619842529297 -7.166629791259766 0.03910653665661812 -0.8905662894248962 -0.29359370470046997 0.34520310163497925
1755701007.962925 -30.9942684173584 0.49631500244140625 -7.783130645751953 0.038980577141046524 -0.8906266093254089 -0.29106858372688293 0.34719446301460266
1755701008.820329 -31.50456428527832 0.6491785049438477 -8.328052520751953 0.036733973771333694 -0.8881128430366516 -0.29269537329673767 0.35247087478637695
1755701009.54582 -31.935869216918945 0.7768716812133789 -8.780181884765625 0.03889043629169464 -0.8880589008331299 -0.2891489267349243 0.3552913963794708
1755701010.535107 -32.5445442199707 0.9477167129516602 -9.42690658569336 0.03974075987935066 -0.8865211606025696 -0.28868231177330017 0.3593931496143341
1755701011.656289 -33.2288703918457 1.1402387619018555 -10.144458770751953 0.04274692013859749 -0.8841582536697388 -0.28887322545051575 0.36467692255973816
1755701012.579836 -33.812103271484375 1.2926664352416992 -10.715885162353516 0.04348444193601608 -0.8809818625450134 -0.2880733013153076 0.37281888723373413
1755701013.832761 -34.59397506713867 1.4887990951538086 -11.452247619628906 0.04503927752375603 -0.8785319328308105 -0.28705286979675293 0.37914881110191345
1755701015.019892 -35.34086608886719 1.6708831787109375 -12.148811340332031 0.045522540807724 -0.8752616047859192 -0.2858864963054657 0.3874451816082001
1755701015.94349 -35.946372985839844 1.817037582397461 -12.707965850830078 0.04503483325242996 -0.8732505440711975 -0.28531205654144287 0.39243125915527344
1755701016.734743 -36.63951110839844 1.9740495681762695 -13.327362060546875 0.04673254117369652 -0.8713817596435547 -0.28484413027763367 0.39670348167419434
1755701017.592079 -37.413482666015625 2.1547327041625977 -14.01845932006836 0.04708258435130119 -0.8687240481376648 -0.2841624617576599 0.40293118357658386
1755701018.119762 -37.94327926635742 2.261800765991211 -14.470577239990234 0.04622405394911766 -0.8683332204818726 -0.28237205743789673 0.40512561798095703
1755701019.043054 -38.807315826416016 2.441722869873047 -15.208587646484375 0.04734057933092117 -0.8667269945144653 -0.2826326787471771 0.40824246406555176
1755701019.636589 -39.36539840698242 2.5544795989990234 -15.684669494628906 0.04669677093625069 -0.8665779829025269 -0.2827468812465668 0.40855395793914795
1755701020.362313 -40.05831527709961 2.6991825103759766 -16.276432037353516 0.04481697827577591 -0.866489589214325 -0.28184589743614197 0.40957316756248474
1755701021.219461 -40.912559509277344 2.8745365142822266 -16.995983123779297 0.04442320019006729 -0.8663182854652405 -0.28230020403862 0.4096655547618866
1755701022.07686 -41.89739990234375 3.088817596435547 -17.836090087890625 0.04209311679005623 -0.8667300343513489 -0.28343626856803894 0.4082537889480591
1755701022.736407 -42.64918518066406 3.256868362426758 -18.467304229736328 0.041682347655296326 -0.8659663200378418 -0.28572070598602295 0.408324271440506
1755701023.593769 -43.68230438232422 3.483692169189453 -19.341468811035156 0.04137462005019188 -0.866042971611023 -0.28456276655197144 0.40900081396102905
1755701024.12142 -44.345855712890625 3.620290756225586 -19.889301300048828 0.03889184817671776 -0.8659976124763489 -0.28428325057029724 0.40953460335731506
1755701024.781087 -45.143882751464844 3.7973899841308594 -20.564651489257812 0.03822016343474388 -0.8667735457420349 -0.2812589406967163 0.4100440740585327
1755701025.506401 -46.05548095703125 3.9816417694091797 -21.320804595947266 0.0353817492723465 -0.8676185607910156 -0.27850446105003357 0.4103918671607971
1755701026.099976 -46.76830291748047 4.123872756958008 -21.91562271118164 0.03590371832251549 -0.8656598925590515 -0.27929145097732544 0.4139326810836792
1755701026.759572 -47.61370086669922 4.278850555419922 -22.59200668334961 0.03446353226900101 -0.8646599650382996 -0.2790391743183136 0.41630831360816956
1755701027.287151 -48.311702728271484 4.421285629272461 -23.16085433959961 0.03583467751741409 -0.8646267652511597 -0.27695101499557495 0.41765373945236206
1755701027.880712 -49.09666442871094 4.578327178955078 -23.801528930664062 0.033356256783008575 -0.8643314838409424 -0.2767033576965332 0.4186331331729889
1755701028.342464 -49.725181579589844 4.701667785644531 -24.303592681884766 0.030649768188595772 -0.8639248609542847 -0.2771713137626648 0.4193691313266754
1755701028.738093 -50.27368927001953 4.81080436706543 -24.74091339111328 0.031695470213890076 -0.86297208070755 -0.27713853120803833 0.4212706983089447
1755701029.265842 -50.988243103027344 4.951929092407227 -25.301429748535156 0.029353097081184387 -0.8619683980941772 -0.2764444351196289 0.4239426553249359
1755701029.661428 -51.537994384765625 5.058225631713867 -25.724369049072266 0.028053496032953262 -0.8617621064186096 -0.2746961712837219 0.4255833029747009
1755701029.991218 -51.987327575683594 5.139066696166992 -26.068931579589844 0.027539655566215515 -0.8615652918815613 -0.27274855971336365 0.4272647798061371
1755701030.386931 -52.52107620239258 5.245708465576172 -26.477508544921875 0.026432914659380913 -0.8608291149139404 -0.2750129699707031 0.42736682295799255
1755701030.848753 -53.1136474609375 5.364269256591797 -26.929840087890625 0.026079274713993073 -0.8597771525382996 -0.2755012512207031 0.4291878640651703
1755701031.244299 -53.63639831542969 5.4691162109375 -27.328773498535156 0.025881905108690262 -0.8591291904449463 -0.276326447725296 0.4299662113189697
1755701031.64003 -54.1529541015625 5.567546844482422 -27.722007751464844 0.02589368261396885 -0.858598530292511 -0.27588820457458496 0.4313048720359802
1755701032.101716 -54.765296936035156 5.673768997192383 -28.193328857421875 0.028823580592870712 -0.8591519594192505 -0.27156171202659607 0.43276023864746094
1755701032.629333 -55.51003646850586 5.862428665161133 -28.73638916015625 0.020725000649690628 -0.8488483428955078 -0.2949698567390442 0.43820062279701233
1755701033.15694 -56.177146911621094 5.984563827514648 -29.24402618408203 0.03713468089699745 -0.8559941053390503 -0.27541616559028625 0.4359370172023773
1755701033.684552 -56.85106658935547 6.118463516235352 -29.724830627441406 0.029135629534721375 -0.8560054898262024 -0.28333842754364014 0.43142202496528625
1755701034.146218 -57.43749237060547 6.219566345214844 -30.167037963867188 0.03259291499853134 -0.8600186109542847 -0.27437588572502136 0.4289797842502594
1755701034.673917 -58.05770492553711 6.334524154663086 -30.654563903808594 0.030372871086001396 -0.8623133897781372 -0.2730792760848999 0.4253479242324829
1755701035.201471 -58.681251525878906 6.461637496948242 -31.144195556640625 0.019946131855249405 -0.8659756183624268 -0.27803781628608704 0.41519081592559814
1755701035.729091 -59.27117919921875 6.565134048461914 -31.63184356689453 0.021941261366009712 -0.8750711679458618 -0.2619447410106659 0.4063915014266968
1755701036.256712 -59.876991271972656 6.696075439453125 -32.159210205078125 0.01933821476995945 -0.8748799562454224 -0.27631860971450806 0.3973149061203003
1755701036.916264 -60.535072326660156 6.883413314819336 -32.77091979980469 0.019365601241588593 -0.873900294303894 -0.2922629117965698 0.3879506587982178
1755701037.773631 -61.06121826171875 7.016330718994141 -33.29832458496094 0.025241391733288765 -0.8855652213096619 -0.28792279958724976 0.36364471912384033
1755701038.763036 -61.64066696166992 7.2074737548828125 -33.96251678466797 0.033142540603876114 -0.8940545916557312 -0.29034093022346497 0.3395145833492279
1755701039.686263 -62.190391540527344 7.417211532592773 -34.63640594482422 0.03483547270298004 -0.8960986733436584 -0.3028256595134735 0.32263052463531494
1755701040.675589 -62.75202560424805 7.653343200683594 -35.361053466796875 0.04140562191605568 -0.899652898311615 -0.31135550141334534 0.3032624423503876
1755701041.664844 -63.21787643432617 7.88477897644043 -36.056121826171875 0.03889983892440796 -0.9098768830299377 -0.31658971309661865 0.26529568433761597
1755701042.522262 -63.554744720458984 8.106273651123047 -36.70476531982422 0.03751402348279953 -0.921890139579773 -0.31630584597587585 0.22059445083141327
1755701043.51156 -63.871742248535156 8.355344772338867 -37.487464904785156 0.035786569118499756 -0.9331908226013184 -0.3156755864620209 0.16799765825271606
1755701044.434882 -64.10813903808594 8.605154037475586 -38.26373291015625 0.031277235597372055 -0.9403782486915588 -0.3161991238594055 0.12136144936084747
1755701045.29226 -64.26178741455078 8.844345092773438 -38.95725631713867 0.034872863441705704 -0.9429178833961487 -0.3207119107246399 0.08266642689704895
1755701046.215609 -64.35880279541016 9.116601943969727 -39.752960205078125 0.038208264857530594 -0.9437621831893921 -0.32405272126197815 0.05331958457827568
1755701046.941116 -64.42964172363281 9.343770980834961 -40.422420501708984 0.03893589228391647 -0.9445033073425293 -0.32398051023483276 0.03787117823958397
1755701047.798589 -64.48390197753906 9.619720458984375 -41.19780731201172 0.03930976986885071 -0.9431502223014832 -0.3296099603176117 0.016726922243833542
1755701048.589944 -64.50061798095703 9.882896423339844 -41.93687438964844 0.03906174376606941 -0.9431658983230591 -0.3300135135650635 0.0018541363533586264
1755701049.44764 -64.49646759033203 10.166179656982422 -42.741031646728516 0.03890450298786163 -0.9444628357887268 -0.32603955268859863 -0.013219291344285011
1755701050.106839 -64.47441101074219 10.397543907165527 -43.36355209350586 0.038365140557289124 -0.9435510039329529 -0.3278631269931793 -0.02730281837284565
1755701050.832307 -64.4154281616211 10.651430130004883 -44.038330078125 0.03421708941459656 -0.9424400925636292 -0.3281921148300171 -0.05409059673547745
1755701051.624038 -64.31177520751953 10.922656059265137 -44.7635612487793 0.031727880239486694 -0.9407166838645935 -0.32943299412727356 -0.07429241389036179
1755701052.415313 -64.16504669189453 11.204229354858398 -45.487213134765625 0.030105363577604294 -0.9384040832519531 -0.33039194345474243 -0.09660563617944717
1755701053.140664 -64.00707244873047 11.454913139343262 -46.1548957824707 0.028907688334584236 -0.9359837770462036 -0.33038637042045593 -0.11808335036039352
1755701053.99807 -63.73424530029297 11.719173431396484 -46.860206604003906 0.023946071043610573 -0.928221583366394 -0.32775694131851196 -0.1743754744529724
1755701054.855437 -63.390724182128906 11.971429824829102 -47.490875244140625 0.020118970423936844 -0.9159119129180908 -0.3265376389026642 -0.23253779113292694
1755701055.712828 -62.97154235839844 12.232792854309082 -48.08314514160156 0.020094262436032295 -0.89741450548172 -0.33544042706489563 -0.28587275743484497
1755701056.504262 -62.51579284667969 12.485420227050781 -48.660255432128906 0.025541076436638832 -0.8924583196640015 -0.32840409874916077 -0.3082473576068878
1755701057.163799 -62.072479248046875 12.707428932189941 -49.18238067626953 0.02934504672884941 -0.8888717293739319 -0.3231785297393799 -0.32342180609703064
1755701057.625463 -61.63957214355469 12.923301696777344 -49.69853973388672 0.029841994866728783 -0.8859273791313171 -0.3214991092681885 -0.3329872786998749
1755701058.153085 -61.13862609863281 13.17140007019043 -50.28136444091797 0.02975059486925602 -0.8837705850601196 -0.32172873616218567 -0.33845987915992737
1755701058.680736 -60.616294860839844 13.421492576599121 -50.855003356933594 0.03134346008300781 -0.8830739855766296 -0.3191354274749756 -0.3425646126270294
1755701059.142377 -60.16320037841797 13.62442398071289 -51.339439392089844 0.032801613211631775 -0.879964292049408 -0.31500330567359924 -0.3540620505809784
1755701059.472215 -59.825340270996094 13.783982276916504 -51.69173812866211 0.03856782615184784 -0.8786582946777344 -0.31712231040000916 -0.3548316955566406
1755701059.999779 -59.288719177246094 14.004233360290527 -52.22582244873047 0.04718907177448273 -0.8774757385253906 -0.3097529411315918 -0.3631288409233093
1755701060.527377 -58.74036407470703 14.22349739074707 -52.76214599609375 0.043895166367292404 -0.8762395977973938 -0.30413946509361267 -0.3711826801300049
1755701061.055001 -58.18858337402344 14.44841194152832 -53.2911262512207 0.03947540000081062 -0.8711350560188293 -0.3087480068206787 -0.37978947162628174
1755701061.384764 -57.79447937011719 14.594503402709961 -53.66063690185547 0.03950043395161629 -0.8709080815315247 -0.3022381365299225 -0.3855009078979492
1755701061.78048 -57.28148651123047 14.803634643554688 -54.154205322265625 0.03805183619260788 -0.8686213493347168 -0.3058827221393585 -0.38792380690574646
1755701062.110266 -56.83988952636719 14.979076385498047 -54.556392669677734 0.039070937782526016 -0.8662077784538269 -0.30837979912757874 -0.3912281394004822
1755701062.505975 -56.29137420654297 15.183082580566406 -55.04914855957031 0.03735945373773575 -0.8664252161979675 -0.30405935645103455 -0.3942836821079254
1755701062.901678 -55.71363830566406 15.394355773925781 -55.54893112182617 0.03730065003037453 -0.8636803030967712 -0.30570247769355774 -0.3990124464035034
1755701063.297403 -55.1668701171875 15.611238479614258 -56.032325744628906 0.039417389780282974 -0.8618637323379517 -0.30591070652008057 -0.4025616943836212
1755701063.693123 -54.59239959716797 15.82652759552002 -56.51606369018555 0.04163176938891411 -0.8584664463996887 -0.3081670105457306 -0.40784233808517456
1755701063.956926 -54.210472106933594 15.969326972961426 -56.83920669555664 0.039925649762153625 -0.8576797246932983 -0.3077011704444885 -0.41001400351524353
1755701064.352643 -53.638763427734375 16.181785583496094 -57.31267166137695 0.040012914687395096 -0.8556374311447144 -0.30810725688934326 -0.41394874453544617
1755701064.748368 -53.06724548339844 16.39423370361328 -57.78001022338867 0.038923412561416626 -0.8539319038391113 -0.30898070335388184 -0.41691282391548157
1755701065.078165 -52.581329345703125 16.581329345703125 -58.17703628540039 0.040088951587677 -0.8517837524414062 -0.3107615113258362 -0.4198625981807709
1755701065.407897 -52.101043701171875 16.75271224975586 -58.5700798034668 0.037861619144678116 -0.8521184921264648 -0.30689001083374023 -0.4222312569618225
1755701065.737733 -51.61399841308594 16.926170349121094 -58.95935821533203 0.03551320731639862 -0.8505937457084656 -0.30774593353271484 -0.42487823963165283
1755701066.133383 -51.00358581542969 17.147226333618164 -59.42912673950195 0.036172688007354736 -0.8489137887954712 -0.309594988822937 -0.42683476209640503
1755701066.463143 -50.51746368408203 17.31978988647461 -59.80478286743164 0.033582624047994614 -0.8475668430328369 -0.309644877910614 -0.42967745661735535
1755701066.792931 -50.046142578125 17.48992347717285 -60.171142578125 0.03415321931242943 -0.8468050956726074 -0.30946803092956543 -0.4312588572502136
1755701067.122662 -49.57067108154297 17.66451644897461 -60.53607177734375 0.034514348953962326 -0.8457431197166443 -0.31021493673324585 -0.4327748715877533
1755701067.323424 -49.27068328857422 17.765655517578125 -60.759132385253906 0.03358547389507294 -0.8452085256576538 -0.3086085319519043 -0.43503499031066895
1755701067.65037 -48.769798278808594 17.94041633605957 -61.127960205078125 0.032935645431280136 -0.8444805145263672 -0.31002548336982727 -0.4354906380176544
1755701067.914103 -48.374900817871094 18.077796936035156 -61.42979431152344 0.031976282596588135 -0.8441840410232544 -0.3100792467594147 -0.4360983073711395
1755701068.177918 -47.97273254394531 18.221858978271484 -61.728363037109375 0.03347510099411011 -0.8429692983627319 -0.3116571307182312 -0.43720945715904236
1755701068.64 -47.332763671875 18.44508934020996 -62.2156867980957 0.031423989683389664 -0.8437715172767639 -0.3105296492576599 -0.43661606311798096
1755701068.83745 -47.02509307861328 18.55901527404785 -62.44124221801758 0.030985316261649132 -0.8435233235359192 -0.31107836961746216 -0.43673625588417053
1755701069.167625 -46.52234649658203 18.724185943603516 -62.80418014526367 0.030486879870295525 -0.8437466025352478 -0.30847012996673584 -0.4381875991821289
1755701069.496991 -46.01788330078125 18.909034729003906 -63.178672790527344 0.02939458377659321 -0.8428104519844055 -0.31023284792900085 -0.4388190507888794
1755701069.694837 -45.71851348876953 19.010578155517578 -63.400001525878906 0.029518309980630875 -0.8431487083435059 -0.3087543249130249 -0.4392033815383911
1755701070.024589 -45.21800994873047 19.187763214111328 -63.7652587890625 0.030649235472083092 -0.8414140939712524 -0.3115180432796478 -0.4404989778995514
1755701070.354353 -44.70561981201172 19.375667572021484 -64.13809204101562 0.02975725755095482 -0.8394046425819397 -0.3145241439342499 -0.4422544836997986
1755701070.684148 -44.17937469482422 19.557809829711914 -64.51568603515625 0.02944817766547203 -0.8394858837127686 -0.3152344822883606 -0.44161465764045715
1755701071.013966 -43.652870178222656 19.738821029663086 -64.89545440673828 0.02909374237060547 -0.8401923775672913 -0.3141618072986603 -0.44105860590934753
1755701071.2777 -43.23406982421875 19.893022537231445 -65.19624328613281 0.029406137764453888 -0.8396521806716919 -0.3158324658870697 -0.4408734142780304
1755701071.607464 -42.73981475830078 20.075475692749023 -65.56871795654297 0.029561765491962433 -0.8393847942352295 -0.3172442317008972 -0.4403582811355591
1755701071.937262 -42.249534606933594 20.256860733032227 -65.92305755615234 0.030237827450037003 -0.8369297981262207 -0.3238658308982849 -0.4401649534702301
1755701072.59675 -41.647705078125 20.46791648864746 -66.35375213623047 0.027754560112953186 -0.8356616497039795 -0.3194412291049957 -0.44593346118927
1755701073.45417 -40.9766845703125 20.6973876953125 -66.81494903564453 0.022546639665961266 -0.8313729166984558 -0.3164776563644409 -0.4562375247478485
1755701074.311544 -40.30409240722656 20.9202880859375 -67.25212860107422 0.021996449679136276 -0.8253644108772278 -0.31668639183044434 -0.4669041633605957
1755701075.10329 -39.67002868652344 21.12029266357422 -67.63836669921875 0.02145794965326786 -0.8206493854522705 -0.3111417889595032 -0.4788162410259247
1755701076.158224 -38.896217346191406 21.318235397338867 -67.95503997802734 0.024185780435800552 -0.781873881816864 -0.3069383203983307 -0.5421044826507568
1755701077.213455 -38.12215805053711 21.451444625854492 -68.12548065185547 0.015857229009270668 -0.7331191301345825 -0.29102081060409546 -0.6144850850105286
1755701078.070878 -37.40142822265625 21.526126861572266 -68.15238952636719 0.017090411856770515 -0.6853190660476685 -0.27587905526161194 -0.6737481355667114
1755701078.862312 -36.68415832519531 21.573793411254883 -68.09663391113281 0.023164482787251472 -0.635689914226532 -0.25944676995277405 -0.7266699075698853
1755701079.78562 -35.88410949707031 21.578371047973633 -67.91804504394531 0.015828903764486313 -0.575654149055481 -0.23666413128376007 -0.7825355529785156
1755701080.511108 -35.24571990966797 21.556297302246094 -67.74851989746094 0.005942617543041706 -0.551457941532135 -0.23371759057044983 -0.8007715344429016
1755701081.17063 -34.6810417175293 21.47873306274414 -67.58155822753906 -0.020864369347691536 -0.5426125526428223 -0.2124708741903305 -0.8123992085456848
1755701082.028013 -33.90323257446289 21.40760612487793 -67.32679748535156 -0.014743697829544544 -0.5324503183364868 -0.2106541097164154 -0.8196974992752075
1755701082.8854 -33.126930236816406 21.33028793334961 -67.05477905273438 -0.014790150336921215 -0.5237219333648682 -0.20740023255348206 -0.8261246085166931
1755701083.544923 -32.52215576171875 21.275772094726562 -66.81790161132812 -0.00581089872866869 -0.5135968923568726 -0.20858456194400787 -0.8322721719741821
1755701084.270424 -31.94359588623047 21.185829162597656 -66.52578735351562 -0.011044749058783054 -0.4851747453212738 -0.19367314875125885 -0.8526278734207153
1755701085.061877 -31.241836547851562 21.095226287841797 -66.17098999023438 -0.004108577035367489 -0.4697929620742798 -0.19657330214977264 -0.8606025576591492
1755701085.85328 -30.560373306274414 20.987775802612305 -65.80606079101562 -0.012846953235566616 -0.4586959779262543 -0.1952487677335739 -0.8667819499969482
1755701086.710668 -29.842166900634766 20.859514236450195 -65.41789245605469 -0.018260901793837547 -0.45145365595817566 -0.18880963325500488 -0.8718985915184021
1755701087.568128 -29.12267303466797 20.748653411865234 -64.96986389160156 0.0016945175593718886 -0.43489429354667664 -0.18908803164958954 -0.8804032206535339
1755701088.293555 -28.53815269470215 20.6302433013916 -64.58772277832031 -0.007726364769041538 -0.42902830243110657 -0.18174512684345245 -0.8847846388816833
1755701089.150927 -27.815628051757812 20.522829055786133 -64.13141632080078 0.005797670688480139 -0.42131754755973816 -0.18842683732509613 -0.8871038556098938
1755701089.942357 -27.149188995361328 20.415706634521484 -63.682518005371094 0.006535280030220747 -0.4173051416873932 -0.1895204484462738 -0.8887608051300049
1755701090.601891 -26.609092712402344 20.319427490234375 -63.31992721557617 0.004012348596006632 -0.4166003465652466 -0.1847277581691742 -0.8901144862174988
1755701091.45928 -25.903335571289062 20.207151412963867 -62.82012939453125 0.006992117967456579 -0.41343972086906433 -0.1846919059753418 -0.8915759325027466
1755701092.250724 -25.269672393798828 20.103403091430664 -62.39060974121094 0.00592546071857214 -0.41693395376205444 -0.1832617074251175 -0.8902506232261658
1755701092.976207 -24.686527252197266 20.01683807373047 -62.00519561767578 0.005082334391772747 -0.41679662466049194 -0.1854582577943802 -0.8898652195930481
1755701093.701756 -24.104341506958008 19.92360496520996 -61.603919982910156 0.0049439785070717335 -0.41532638669013977 -0.18465906381607056 -0.8907191753387451
1755701094.295245 -23.466838836669922 19.838340759277344 -61.14902114868164 0.011796397157013416 -0.4135858714580536 -0.18875980377197266 -0.8906049728393555
1755701094.822876 -22.873271942138672 19.723060607910156 -60.732688903808594 0.002708848100155592 -0.414090096950531 -0.18024861812591553 -0.8922065496444702
1755701095.350498 -22.266149520874023 19.618499755859375 -60.29637908935547 0.005969840567559004 -0.41012001037597656 -0.18119755387306213 -0.8938307762145996
1755701095.878132 -21.670228958129883 19.507219314575195 -59.857765197753906 0.006914486642926931 -0.40445688366889954 -0.17820946872234344 -0.8969995975494385
1755701096.405737 -21.056058883666992 19.394657135009766 -59.397987365722656 0.005705369170755148 -0.39746561646461487 -0.17544981837272644 -0.9006697535514832
1755701096.933363 -20.47968864440918 19.26767921447754 -58.91584777832031 0.006839251145720482 -0.38204893469810486 -0.167192742228508 -0.9088665843009949
1755701097.461008 -19.909744262695312 19.151287078857422 -58.448734283447266 0.008459053002297878 -0.3836089074611664 -0.166410431265831 -0.9083393216133118
1755701097.988974 -19.332237243652344 19.03481674194336 -57.98096466064453 0.010081625543534756 -0.3858892023563385 -0.16280719637870789 -0.9080097675323486
1755701098.450303 -18.84124755859375 18.92641830444336 -57.58873748779297 0.008154323324561119 -0.3856180012226105 -0.1618930995464325 -0.9083077907562256
1755701098.977929 -18.24970817565918 18.806787490844727 -57.1133918762207 0.009612233377993107 -0.38840097188949585 -0.16090954840183258 -0.9072818756103516
1755701099.439596 -17.699071884155273 18.690120697021484 -56.685577392578125 0.00872188899666071 -0.3899312913417816 -0.1624765247106552 -0.9063547849655151
1755701099.967304 -17.05971336364746 18.56622314453125 -56.178131103515625 0.014110722579061985 -0.38673609495162964 -0.16490419209003448 -0.9072170853614807
1755701100.49485 -16.452800750732422 18.421133041381836 -55.71397399902344 -0.00018725357949733734 -0.3885452449321747 -0.15886852145195007 -0.9076306819915771
1755701101.022465 -15.803567886352539 18.2922306060791 -55.175071716308594 0.011724581941962242 -0.38667386770248413 -0.16058282554149628 -0.9080523252487183
1755701101.41852 -15.29692268371582 18.182580947875977 -54.783836364746094 0.008042922243475914 -0.3864212930202484 -0.159349262714386 -0.9084172248840332
1755701101.945897 -14.673080444335938 18.042165756225586 -54.26736831665039 0.00963315274566412 -0.38534820079803467 -0.15839824080467224 -0.909023642539978
1755701102.473402 -14.028105735778809 17.906465530395508 -53.74528884887695 0.010136776603758335 -0.3839679956436157 -0.15973494946956635 -0.9093682169914246
1755701103.001046 -13.377066612243652 17.767627716064453 -53.21387481689453 0.008244489319622517 -0.37982839345932007 -0.15636584162712097 -0.911708414554596
1755701103.528837 -12.718576431274414 17.61678123474121 -52.67106246948242 0.0057822829112410545 -0.37120524048805237 -0.1534174680709839 -0.915770947933197
1755701103.858421 -12.2721529006958 17.50946807861328 -52.267581939697266 0.008580571971833706 -0.3707996606826782 -0.15504175424575806 -0.9156396389007568
1755701104.254187 -11.761299133300781 17.383262634277344 -51.827030181884766 0.006541537120938301 -0.3688333034515381 -0.15254782140254974 -0.9168688058853149
1755701104.583929 -11.30207633972168 17.271650314331055 -51.41847229003906 0.00659882090985775 -0.36766868829727173 -0.14949768781661987 -0.9178380370140076
1755701104.91366 -10.818169593811035 17.14966583251953 -50.98632049560547 0.008492110297083855 -0.36567848920822144 -0.15007731318473816 -0.9185227155685425
1755701105.243445 -10.315115928649902 17.020565032958984 -50.52403259277344 0.008545453660190105 -0.3634290397167206 -0.14641080796718597 -0.9200055599212646
1755701105.573193 -9.830474853515625 16.889535903930664 -50.08601760864258 0.0048600248992443085 -0.360439270734787 -0.14485247433185577 -0.921454131603241
1755701105.903106 -9.348563194274902 16.76150131225586 -49.644256591796875 0.00853324867784977 -0.3559718728065491 -0.1455790102481842 -0.923048198223114
1755701106.232716 -8.871986389160156 16.633522033691406 -49.19380187988281 0.00703915860503912 -0.35094955563545227 -0.1426437497138977 -0.925439178943634
1755701106.628537 -8.300675392150879 16.47043228149414 -48.65252685546875 0.008318827487528324 -0.3442195653915405 -0.14158348739147186 -0.9281152486801147
1755701106.958209 -7.839767932891846 16.330772399902344 -48.18131637573242 0.01012275367975235 -0.33916258811950684 -0.13834086060523987 -0.9304450750350952
1755701107.354033 -7.2901506423950195 16.16560173034668 -47.62141036987305 0.008569097146391869 -0.33188119530677795 -0.13643236458301544 -0.933363676071167
1755701107.683681 -6.838231086730957 16.022249221801758 -47.140933990478516 0.009791078977286816 -0.32282301783561707 -0.1350797712802887 -0.9367192983627319
1755701108.013446 -6.394359588623047 15.874984741210938 -46.670467376708984 0.00100243731867522 -0.31464898586273193 -0.13324636220932007 -0.9398086667060852
1755701108.409167 -5.867340087890625 15.716360092163086 -46.08818817138672 0.009062351658940315 -0.3058912456035614 -0.13585218787193298 -0.9422805309295654
1755701108.738931 -5.436768054962158 15.57435131072998 -45.59062194824219 0.011659051291644573 -0.2996009290218353 -0.13307060301303864 -0.9446669220924377
1755701109.068701 -5.010429382324219 15.431188583374023 -45.07553482055664 0.008850098587572575 -0.291856974363327 -0.12730826437473297 -0.9479102492332458
1755701109.464418 -4.54000997543335 15.262428283691406 -44.46992111206055 0.009075340814888477 -0.28130364418029785 -0.12343437224626541 -0.951603889465332
1755701109.794201 -4.163322925567627 15.110902786254883 -43.965110778808594 0.007609501946717501 -0.2728075385093689 -0.1168706938624382 -0.954913318157196
1755701110.123962 -3.823225736618042 14.956489562988281 -43.478111267089844 0.004310965072363615 -0.26408982276916504 -0.10939699411392212 -0.9582642316818237
1755701110.453699 -3.4604334831237793 14.79878044128418 -42.96379852294922 0.006104536820203066 -0.25244155526161194 -0.10658912360668182 -0.9617041349411011
1755701110.849458 -3.070835590362549 14.61614990234375 -42.33534240722656 0.0072830053977668285 -0.2361939251422882 -0.10183972865343094 -0.9663271307945251
1755701111.245144 -2.7085142135620117 14.425667762756348 -41.68083953857422 0.011129818856716156 -0.21703286468982697 -0.09335192292928696 -0.9716266393661499
1755701111.574903 -2.4288222789764404 14.261116027832031 -41.12747573852539 0.009501648135483265 -0.20120395720005035 -0.08600319176912308 -0.9757203459739685
1755701111.904668 -2.1743416786193848 14.094866752624512 -40.578025817871094 0.008892164565622807 -0.18426580727100372 -0.08012690395116806 -0.9795646071434021
1755701112.168479 -1.9694554805755615 13.957902908325195 -40.1270637512207 0.007893717847764492 -0.18100836873054504 -0.07813487946987152 -0.9803411364555359
1755701112.498314 -1.7372207641601562 13.788097381591797 -39.567169189453125 0.009443944320082664 -0.1719377040863037 -0.07467745244503021 -0.9822278618812561
1755701112.893962 -1.4548416137695312 13.570341110229492 -38.90336227416992 0.004898682236671448 -0.1621703803539276 -0.06987397372722626 -0.9842735528945923
1755701113.223763 -1.2313919067382812 13.396093368530273 -38.32741165161133 0.0068990495055913925 -0.15221939980983734 -0.06865521520376205 -0.9859351515769958
1755701113.619488 -0.9704527854919434 13.181550025939941 -37.643672943115234 0.006808137055486441 -0.1463940143585205 -0.06621655076742172 -0.9869841933250427
1755701113.949219 -0.7597662210464478 13.014653205871582 -37.08222961425781 0.011810549534857273 -0.14077046513557434 -0.06239969655871391 -0.9880032539367676
1755701114.27898 -0.5589903593063354 12.84172534942627 -36.5074577331543 0.01065429113805294 -0.1352001577615738 -0.06066986545920372 -0.9889017343521118
1755701114.542782 -0.40598490834236145 12.692909240722656 -36.033042907714844 0.008304056711494923 -0.1320788413286209 -0.058331675827503204 -0.989486575126648
1755701114.938563 -0.18041253089904785 12.484987258911133 -35.35519790649414 0.009153245016932487 -0.12576745450496674 -0.05598882958292961 -0.990436315536499
1755701115.268348 -0.015069901943206787 12.316099166870117 -34.794158935546875 0.00889896135777235 -0.12277793884277344 -0.05224819481372833 -0.9910179376602173
1755701115.598051 0.15641352534294128 12.13701057434082 -34.2299919128418 0.00870421715080738 -0.11799396574497223 -0.05120676010847092 -0.9916549921035767
1755701115.927877 0.3308407962322235 11.94826889038086 -33.64750289916992 0.005973292980343103 -0.11902440339326859 -0.05192242190241814 -0.9915148615837097
1755701116.257555 0.5034789443016052 11.77665901184082 -33.08372116088867 0.008858784101903439 -0.11587804555892944 -0.0521407313644886 -0.9918544292449951
1755701116.653344 0.697220504283905 11.55154800415039 -32.40082550048828 0.006669045891612768 -0.11228415369987488 -0.05109783634543419 -0.9923390746116638
1755701116.983169 0.8630865812301636 11.378548622131348 -31.83484649658203 0.00785923283547163 -0.10889652371406555 -0.049163419753313065 -0.992805540561676
1755701117.31288 1.029711365699768 11.193899154663086 -31.26445770263672 0.007518191821873188 -0.10643413662910461 -0.04832743480801582 -0.9931161999702454
1755701117.708521 1.213057518005371 10.969202041625977 -30.572696685791016 0.0071663279086351395 -0.10347569733858109 -0.04500023275613785 -0.9935876727104187
1755701118.03828 1.3717312812805176 10.773701667785645 -29.98963165283203 0.004152216948568821 -0.10035408288240433 -0.04521428793668747 -0.9939152598381042
1755701118.433994 1.5567258596420288 10.550005912780762 -29.301429748535156 0.006971406284719706 -0.0969814583659172 -0.043778181076049805 -0.99429851770401
1755701118.76377 1.700690746307373 10.361196517944336 -28.711101531982422 0.006669547408819199 -0.09548289328813553 -0.04200119897723198 -0.994522213935852
1755701119.093556 1.8478569984436035 10.162158966064453 -28.12160301208496 0.004266042727977037 -0.09414245933294296 -0.038643285632133484 -0.9947993755340576
1755701119.423293 1.9924678802490234 9.97450065612793 -27.527050018310547 0.00561186671257019 -0.09059951454401016 -0.03996793553233147 -0.9950692653656006
1755701119.753055 2.124188184738159 9.789092063903809 -26.95054054260254 0.006839241366833448 -0.08694708347320557 -0.03916642442345619 -0.9954192638397217
1755701120.082843 2.2437148094177246 9.603796005249023 -26.34792137145996 0.011127826757729053 -0.07963235676288605 -0.03402106091380119 -0.9961814284324646
1755701120.412606 2.344909429550171 9.41258430480957 -25.76603889465332 0.005155701190233231 -0.06899956613779068 -0.028014030307531357 -0.9972099661827087
1755701120.742394 2.4048995971679688 9.223703384399414 -25.18288803100586 0.0070264521054923534 -0.04764155298471451 -0.019690757617354393 -0.9986456632614136
1755701121.072137 2.4742252826690674 9.021042823791504 -24.589771270751953 0.004244880750775337 -0.03939579427242279 -0.018375974148511887 -0.999045729637146
1755701121.467846 2.5375819206237793 8.786375045776367 -23.877729415893555 0.0031000529415905476 -0.03058691881597042 -0.013694307766854763 -0.9994335770606995
1755701121.797617 2.5851242542266846 8.587931632995605 -23.289531707763672 0.00427514873445034 -0.025612754747271538 -0.012659362517297268 -0.9995826482772827
1755701122.12737 2.6289405822753906 8.391687393188477 -22.6989803314209 -0.0005947794998064637 -0.02042562887072563 -0.00834461860358715 -0.9997564554214478
1755701122.457135 2.6705029010772705 8.18490219116211 -22.100584030151367 -0.0011901293182745576 -0.017243528738617897 -0.005619658622890711 -0.9998348355293274
1755701122.852865 2.72287917137146 7.944722652435303 -21.377676010131836 0.002126811072230339 -0.012491215951740742 -0.003949946723878384 -0.9999119639396667
1755701123.182641 2.740114212036133 7.757585525512695 -20.791213989257812 0.004985529463738203 -0.008119856007397175 -0.0026909676380455494 -0.9999510049819946
1755701123.512391 2.776679039001465 7.54691219329834 -20.19171905517578 0.00370145495980978 -0.005404782015830278 -0.0003758242237381637 -0.9999784827232361
1755701123.842366 2.8092429637908936 7.34221076965332 -19.57646369934082 0.0036655378062278032 -0.00416044844314456 0.0008920981781557202 -0.9999842643737793
1755701124.171999 2.826401710510254 7.138312816619873 -18.979557037353516 0.0006812008214183152 -0.0019746937323361635 -0.0012579825706779957 -0.9999970197677612
1755701124.501707 2.8549418449401855 6.938999652862549 -18.3802490234375 0.0022145588882267475 -0.003445893991738558 -0.0012336381478235126 -0.9999908804893494
1755701124.897411 2.9023988246917725 6.692626953125 -17.657569885253906 0.0007026277598924935 -0.005053769331425428 -0.0025621468666940928 -0.9999837279319763
1755701125.293128 2.9289658069610596 6.443558692932129 -16.93096351623535 -0.0013860170729458332 -0.002238001674413681 -0.000416255701566115 -0.9999964833259583
1755701125.622864 2.944129467010498 6.254691123962402 -16.310863494873047 0.007646334357559681 -0.0010966922855004668 -0.0013944978127256036 -0.9999691843986511
1755701125.952641 2.985515832901001 6.050718307495117 -15.715896606445312 0.002582437125965953 -0.00441098352894187 -0.002367610577493906 -0.9999841451644897
1755701126.34834 3.020106077194214 5.796806335449219 -14.997118949890137 -0.004202493466436863 -0.0033218087628483772 -0.005305545404553413 -0.9999716281890869
1755701126.744089 3.0649638175964355 5.558845520019531 -14.263794898986816 0.0018236833857372403 -0.007593052927404642 -0.006774132139980793 -0.9999465942382812
1755701127.073842 3.108290195465088 5.36244535446167 -13.656888008117676 0.004040882457047701 -0.010093971155583858 -0.009819155558943748 -0.9998927116394043
1755701127.404125 3.1500556468963623 5.167319297790527 -13.051008224487305 0.005558633245527744 -0.015748411417007446 -0.010929816402494907 -0.9998008608818054
1755701127.73335 3.1973114013671875 4.953997611999512 -12.462263107299805 0.0007493739249184728 -0.019251400604844093 -0.012604028917849064 -0.9997349977493286
1755701128.129106 3.2680466175079346 4.714292526245117 -11.724671363830566 0.001808155793696642 -0.021364182233810425 -0.011644712649285793 -0.9997023344039917
1755701128.459029 3.3183677196502686 4.525754451751709 -11.128802299499512 0.0056244805455207825 -0.023082705214619637 -0.012478579767048359 -0.9996398687362671
1755701129.118391 3.395047426223755 4.272182464599609 -10.35191535949707 0.004761050920933485 -0.025388270616531372 -0.01596260815858841 -0.9995388984680176
1755701129.975762 3.5029995441436768 4.026297092437744 -9.62920093536377 0.0004049881245009601 -0.03270787373185158 -0.021566076204180717 -0.9992321729660034
1755701130.767213 3.6094987392425537 3.812206745147705 -8.93643856048584 0.002552333287894726 -0.04005205258727074 -0.023877842351794243 -0.9989089965820312
1755701131.558669 3.7281458377838135 3.5876688957214355 -8.245078086853027 0.0030493000522255898 -0.045757513493299484 -0.02991979755461216 -0.9984998106956482
1755701132.284141 3.860861301422119 3.3769288063049316 -7.61554479598999 0.0010722343577072024 -0.05500824749469757 -0.03305283188819885 -0.9979381561279297
1755701133.075567 3.9912469387054443 3.1502771377563477 -6.905012130737305 -0.0005002869293093681 -0.05956942215561867 -0.03556109964847565 -0.9975904822349548
1755701133.866974 4.131355285644531 2.920612096786499 -6.206490516662598 -0.002574197482317686 -0.06483916193246841 -0.03458510711789131 -0.9972929358482361
1755701134.592466 4.2587056159973145 2.709303855895996 -5.578629016876221 -0.00462329713627696 -0.06234434247016907 -0.03491828963160515 -0.9974329471588135
1755701135.779605 4.28678035736084 2.4704015254974365 -4.871035099029541 -0.0029251379892230034 -0.009508874267339706 -0.013924340717494488 -0.9998535513877869
1755701136.966843 4.25155782699585 2.21024751663208 -4.159106731414795 -0.008217054419219494 0.039484649896621704 0.0010003335773944855 -0.9991859197616577
1755701137.824152 4.198062896728516 1.9548914432525635 -3.415086507797241 -0.005738637410104275 0.049491237848997116 0.00425956305116415 -0.9987490773200989
1755701138.549641 4.1336236000061035 1.7219268083572388 -2.779341220855713 -0.007610136177390814 0.06315646320581436 0.0062600658275187016 -0.9979550242424011
1755701139.341062 4.052121639251709 1.4697257280349731 -2.053701400756836 -0.0046874950639903545 0.06667352467775345 0.006913467310369015 -0.9977399110794067
1755701140.198449 3.992868423461914 1.2046700716018677 -1.3321940898895264 -0.008676230907440186 0.059878136962652206 0.002866605529561639 -0.9981638789176941
1755701141.055864 3.970172643661499 0.9658735394477844 -0.6518414616584778 -0.0034243010450154543 0.035334549844264984 -0.003273635171353817 -0.9993643760681152
1755701141.913236 3.9583241939544678 0.7008727788925171 0.05539463087916374 -0.008100438863039017 0.022980285808444023 -0.006596214137971401 -0.9996814131736755
1755701142.572759 3.946784496307373 0.4778934419155121 0.670352578163147 -0.009714274667203426 0.01972968690097332 -0.003953301347792149 -0.9997503757476807
1755701143.496108 3.890406847000122 0.22505633533000946 1.3677915334701538 -0.010525867342948914 0.040669362992048264 0.0052331495098769665 -0.9991035461425781
1755701144.28778 3.8156046867370605 -0.032457251101732254 2.093106985092163 -0.009729594923555851 0.052338290959596634 0.013669922947883606 -0.9984884858131409
1755701144.881123 3.749159336090088 -0.23257146775722504 2.6535778045654297 -0.008621531538665295 0.057435307651758194 0.01666213944554329 -0.9981729388237
1755701145.540636 3.6961658000946045 -0.46438130736351013 3.2796452045440674 -0.011656039394438267 0.04937822371721268 0.014717619866132736 -0.9986037015914917
1755701146.266114 3.6558754444122314 -0.6873757243156433 3.936429977416992 -0.0007076292531564832 0.041963525116443634 0.012695991434156895 -0.9990382194519043
1755701146.529924 3.6412112712860107 -0.7292940616607666 4.031407833099365 -0.004631265997886658 0.04315013438463211 0.014279344119131565 -0.9989558458328247
