1736528533.771018 -0.0 -0.0 -0.0 -0.0 -0.0 -0.0 1.0
1736528551.770487 0.0029278977308422327 -0.08110040426254272 0.239136204123497 -5.63202120247297e-05 0.0005636753048747778 -0.0010319867869839072 0.9999993443489075
1736528553.570442 0.021367261186242104 -0.34856951236724854 1.0395201444625854 0.0013211629120633006 -0.0006666367989964783 -0.0003277772048022598 0.9999988675117493
1736528554.837081 0.04136738181114197 -0.6584516763687134 1.9036779403686523 0.01136251911520958 -0.0006635361351072788 -0.002478353912010789 0.9999322295188904
1736528556.103746 0.045707251876592636 -0.9692534804344177 2.7522687911987305 0.014653586782515049 -0.0011136647081002593 -0.00666909059509635 0.9998698234558105
1736528557.2373 0.044653501361608505 -1.236097812652588 3.472805976867676 0.014653983525931835 -0.0015168064273893833 -0.008691970258951187 0.9998537302017212
1736528558.573403 0.043677303940057755 -1.5349655151367188 4.2910871505737305 0.01691068522632122 -0.004359894897788763 -0.008750377222895622 0.9998092651367188
1736528559.970315 0.03981637954711914 -1.849623680114746 5.148189544677734 0.01814856193959713 -0.004868249408900738 -0.00861537829041481 0.9997863173484802
1736528561.370233 0.03183269500732422 -2.1502749919891357 5.970992088317871 0.019310301169753075 -0.007283438928425312 -0.01058669202029705 0.9997310042381287
1736528562.770415 0.022748813033103943 -2.45998215675354 6.777169227600098 0.021770959720015526 -0.00849404837936163 -0.013667749240994453 0.9996334910392761
1736528563.903492 0.012305514886975288 -2.7440600395202637 7.499267101287842 0.0242242943495512 -0.010936612263321877 -0.013723977841436863 0.9995526075363159
1736528565.169952 -0.00129230716265738 -3.0662801265716553 8.354158401489258 0.02274046093225479 -0.011815744452178478 -0.015372940339148045 0.9995534420013428
1736528566.837051 -0.11135433614253998 -3.3343887329101562 9.08378791809082 0.018109101802110672 -0.07644342631101608 -0.03839157521724701 0.9961699843406677
1736528568.370028 -0.28084978461265564 -3.6679890155792236 9.920438766479492 0.02518857643008232 -0.09602972865104675 -0.042825303971767426 0.9941377639770508
1736528569.57 -0.46069562435150146 -3.9853756427764893 10.749394416809082 0.017750663682818413 -0.10771257430315018 -0.04531514272093773 0.992990255355835
1736528570.503319 -0.6120476126670837 -4.2281951904296875 11.373258590698242 0.020830363035202026 -0.11652706563472748 -0.04351216182112694 0.9920152425765991
1736528571.703366 -0.8221237063407898 -4.526309013366699 12.168838500976562 0.020011162385344505 -0.13443651795387268 -0.046597398817539215 0.9896237254142761
1736528572.636622 -1.0219050645828247 -4.752887725830078 12.766839981079102 0.024411313235759735 -0.14905013144016266 -0.049398403614759445 0.9872932434082031
1736528573.703222 -1.2714225053787231 -5.016726016998291 13.447965621948242 0.024457449093461037 -0.1682349443435669 -0.05444901064038277 0.9839380979537964
1736528574.903184 -1.59761381149292 -5.323393821716309 14.17699146270752 0.028706999495625496 -0.1946646273136139 -0.0641518384218216 0.9783487319946289
1736528575.903179 -1.9068779945373535 -5.5787858963012695 14.753701210021973 0.0364471860229969 -0.2175925374031067 -0.07466430962085724 0.9724969267845154
1736528576.903153 -2.2698192596435547 -5.772507190704346 15.104313850402832 0.06607510894536972 -0.29276421666145325 -0.11458250880241394 0.9469920992851257
1736528578.036429 -2.771669864654541 -5.8551130294799805 15.273756980895996 0.05932535603642464 -0.3931538462638855 -0.1727851778268814 0.9011414647102356
1736528579.169884 -3.487020969390869 -5.995556831359863 15.63455581665039 0.047510337084531784 -0.46463099122047424 -0.20852823555469513 0.8592885732650757
1736528579.969732 -4.0218095779418945 -6.066757678985596 15.77042007446289 0.052919644862413406 -0.5329714417457581 -0.22759775817394257 0.8132282495498657
1736528580.703046 -4.532759666442871 -6.0920491218566895 15.809471130371094 0.05380693078041077 -0.5952017307281494 -0.24856342375278473 0.7622703313827515
1736528581.703078 -5.244173049926758 -6.050008773803711 15.738848686218262 0.04950294271111488 -0.6718186736106873 -0.28111979365348816 0.6835063099861145
1736528582.836281 -6.055512428283691 -5.956753253936768 15.575532913208008 0.019175145775079727 -0.734623908996582 -0.2909185588359833 0.6126388907432556
1736528583.969579 -6.829914093017578 -5.893714427947998 15.370817184448242 0.020152101293206215 -0.7576947212219238 -0.2744114100933075 0.5917695164680481
1736528585.169438 -7.655233383178711 -5.797000408172607 15.112945556640625 0.018557194620370865 -0.769916296005249 -0.27728012204170227 0.5744564533233643
1736528586.236202 -8.392078399658203 -5.709664344787598 14.878084182739258 0.01790332980453968 -0.7710253000259399 -0.2794184386730194 0.5719483494758606
1736528587.302829 -9.116079330444336 -5.637595176696777 14.649852752685547 0.02294665016233921 -0.7694511413574219 -0.2752220332622528 0.5759091377258301
1736528588.2361 -9.835541725158691 -5.55342435836792 14.40917682647705 0.024319717660546303 -0.7710253000259399 -0.2775420844554901 0.5726245641708374
1736528589.169921 -10.621642112731934 -5.475549697875977 14.153560638427734 0.030165866017341614 -0.7768542170524597 -0.2727922797203064 0.5667203664779663
1736528589.836119 -11.167019844055176 -5.434569835662842 13.96632194519043 0.03368847817182541 -0.7817437648773193 -0.26535722613334656 0.5633181929588318
1736528590.902716 -11.905805587768555 -5.363804817199707 13.658381462097168 0.03413888067007065 -0.8000943064689636 -0.27025046944618225 0.5344609022140503
1736528592.102723 -12.438127517700195 -5.2366862297058105 13.222572326660156 0.033334940671920776 -0.8527545928955078 -0.2844226062297821 0.43680912256240845
1736528593.836016 -13.369747161865234 -5.022162437438965 12.502306938171387 0.031676970422267914 -0.8610552549362183 -0.29156336188316345 0.41541698575019836
1736528595.835941 -14.229766845703125 -4.75057315826416 11.598455429077148 0.03556738793849945 -0.8923550844192505 -0.29382410645484924 0.34074145555496216
1736528597.502744 -14.901603698730469 -4.527801990509033 10.759506225585938 0.038525596261024475 -0.9022620320320129 -0.2903195321559906 0.31647050380706787
1736528599.302657 -15.601005554199219 -4.254401206970215 9.821232795715332 0.038230277597904205 -0.9078309535980225 -0.2939237058162689 0.29663151502609253
1736528600.902521 -16.189172744750977 -4.005549907684326 8.95180892944336 0.03736542537808418 -0.9123095273971558 -0.29322847723960876 0.28339409828186035
1736528602.302392 -16.695552825927734 -3.7920830249786377 8.208505630493164 0.03651035204529762 -0.9142315983772278 -0.29599347710609436 0.27429109811782837
1736528603.835737 -17.24904441833496 -3.553879737854004 7.382747650146484 0.037875667214393616 -0.9085325598716736 -0.2965835928916931 0.29184284806251526
1736528605.435685 -17.988615036010742 -3.362734317779541 6.654794692993164 0.03541134297847748 -0.8766889572143555 -0.2801505923271179 0.38945886492729187
1736528607.035628 -18.844593048095703 -3.2380495071411133 6.088003158569336 0.037813764065504074 -0.8450947403907776 -0.26814553141593933 0.4609588086605072
1736528608.368983 -19.617435455322266 -3.1314826011657715 5.61260986328125 0.03520270437002182 -0.8381007313728333 -0.26438412070274353 0.47586649656295776
1736528609.435525 -20.198253631591797 -3.053478717803955 5.238727569580078 0.03524814173579216 -0.8431627750396729 -0.26631125807762146 0.46573859453201294
1736528611.368785 -20.953250885009766 -2.866969585418701 4.500782012939453 0.03839651867747307 -0.8810595870018005 -0.28536900877952576 0.37526556849479675
1736528613.301926 -21.80655288696289 -2.6348066329956055 3.5913467407226562 0.04937972128391266 -0.8877331018447876 -0.2849268615245819 0.35820162296295166
1736528615.302244 -22.757505416870117 -2.3286948204040527 2.493724822998047 0.06442518532276154 -0.8907454013824463 -0.3010212182998657 0.3343774378299713
1736528617.302014 -23.708051681518555 -2.010213851928711 1.3691730499267578 0.06455550342798233 -0.8978744149208069 -0.305087149143219 0.3107668161392212
1736528618.635306 -24.36756134033203 -1.7307815551757812 0.388519287109375 0.05842360481619835 -0.9112123847007751 -0.30527716875076294 0.2703417241573334
1736528619.301775 -24.65454864501953 -1.5811676979064941 -0.113525390625 0.054416485130786896 -0.9160407781600952 -0.3062978684902191 0.2531594932079315
1736528620.235243 -25.060810089111328 -1.3609652519226074 -0.8220386505126953 0.0424075648188591 -0.9186086058616638 -0.3084464371204376 0.24335312843322754
1736528621.101924 -25.431835174560547 -1.1606740951538086 -1.4869155883789062 0.03796602413058281 -0.9210644364356995 -0.3063414394855499 0.2373894453048706
1736528621.901713 -25.760290145874023 -0.9625897407531738 -2.111207962036133 0.0339173898100853 -0.9216022491455078 -0.30899325013160706 0.23242656886577606
1736528622.835198 -26.123279571533203 -0.7388644218444824 -2.8252696990966797 0.031868550926446915 -0.92286616563797 -0.3090071380138397 0.2276335507631302
1736528623.835148 -26.496517181396484 -0.5046176910400391 -3.5744781494140625 0.03197256475687027 -0.924359142780304 -0.3077718913555145 0.22319166362285614
1736528624.568491 -26.76453971862793 -0.33642578125 -4.125974655151367 0.03283340483903885 -0.9254374504089355 -0.3064713180065155 0.22036993503570557
1736528625.568423 -27.14480972290039 -0.09999561309814453 -4.874088287353516 0.03196825087070465 -0.924397885799408 -0.30558106303215027 0.2260238379240036
1736528626.501713 -27.579181671142578 0.0880270004272461 -5.531826019287109 0.032985370606184006 -0.9099261164665222 -0.2983280420303345 0.28626346588134766
1736528627.768796 -28.21251678466797 0.3396797180175781 -6.363607406616211 0.031402211636304855 -0.8986697793006897 -0.2936934232711792 0.32426950335502625
1736528628.836466 -28.866989135742188 0.4925498962402344 -6.956840515136719 0.03067915327847004 -0.8733053207397461 -0.27980539202690125 0.39762502908706665
1736528630.634791 -29.976360321044922 0.7369480133056641 -7.89556884765625 0.02892216481268406 -0.8653579354286194 -0.2787143588066101 0.41549673676490784
1736528633.635062 -31.656593322753906 1.0496110916137695 -9.179107666015625 0.02851080521941185 -0.8580734133720398 -0.27612072229385376 0.43203526735305786
1736528636.034624 -32.75145721435547 1.2767229080200195 -10.079635620117188 0.030773784965276718 -0.8701116442680359 -0.28168365359306335 0.40325313806533813
1736528638.96791 -33.79259490966797 1.5685539245605469 -11.075336456298828 0.03197171911597252 -0.8849629163742065 -0.29102039337158203 0.36211273074150085
1736528641.834469 -34.527061462402344 1.8944501876831055 -12.155319213867188 0.03205576166510582 -0.900419294834137 -0.29607918858528137 0.31710362434387207
1736528643.034636 -35.0168342590332 2.0739192962646484 -12.785652160644531 0.030736032873392105 -0.9038907289505005 -0.2951175272464752 0.30812740325927734
1736528644.367955 -35.57141876220703 2.266707420349121 -13.44985580444336 0.030337583273649216 -0.8959759473800659 -0.2926505208015442 0.33265966176986694
1736528645.901336 -36.24850845336914 2.4497241973876953 -14.115005493164062 0.03008447401225567 -0.8752996325492859 -0.2833250164985657 0.39073318243026733
1736528648.167768 -37.246620178222656 2.651888847351074 -14.882728576660156 0.032565731555223465 -0.8596166968345642 -0.27761274576187134 0.42770296335220337
1736528650.301047 -38.16334533691406 2.8235111236572266 -15.568382263183594 0.03130278363823891 -0.8557253479957581 -0.2753756046295166 0.43694695830345154
1736528652.167688 -38.95304489135742 2.966348648071289 -16.129680633544922 0.031232986599206924 -0.8519465923309326 -0.2752099633216858 0.44437727332115173
1736528656.367387 -40.573726654052734 3.2519969940185547 -17.246631622314453 0.02867811545729637 -0.8472259640693665 -0.2740715742111206 0.45417022705078125
1736528659.034203 -41.67229461669922 3.4178619384765625 -17.968528747558594 0.02588263899087906 -0.8476257920265198 -0.27275756001472473 0.4543830454349518
1736528661.767255 -42.740867614746094 3.5947704315185547 -18.683425903320312 0.025220563635230064 -0.8469531536102295 -0.2696988880634308 0.45748960971832275
1736528665.433996 -44.02691650390625 3.797048568725586 -19.495960235595703 0.01918245106935501 -0.8442686796188354 -0.26657986640930176 0.46451878547668457
1736528669.233872 -45.81391143798828 4.000663757324219 -20.51401138305664 0.016131887212395668 -0.8434659242630005 -0.2641046643257141 0.46749719977378845
1736528671.900462 -47.19080352783203 4.180559158325195 -21.367366790771484 0.013700081966817379 -0.8522205948829651 -0.26844191551208496 0.44885557889938354
1736528673.03382 -47.85212707519531 4.311918258666992 -21.865367889404297 0.013344516046345234 -0.8591040968894958 -0.272771418094635 0.43284839391708374
1736528674.433773 -48.626739501953125 4.469459533691406 -22.44609832763672 0.013013274408876896 -0.862420380115509 -0.2734551429748535 0.4257746636867523
1736528676.035271 -49.396240234375 4.641819000244141 -23.038497924804688 0.0047898124903440475 -0.862618088722229 -0.2823702394962311 0.4196833074092865
1736528677.43915 -50.05989456176758 4.794765472412109 -23.574172973632812 0.007525633089244366 -0.8653914928436279 -0.279450386762619 0.4158707857131958
1736528679.168278 -50.91454315185547 4.990854263305664 -24.26042938232422 0.0052066342905163765 -0.8690547943115234 -0.27645379304885864 0.41023167967796326
1736528680.566883 -51.59527587890625 5.1391448974609375 -24.82125473022461 0.007421966642141342 -0.8729560375213623 -0.27151060104370117 0.4051847457885742
1736528682.234609 -52.35552215576172 5.315238952636719 -25.48101043701172 0.010085145011544228 -0.8749591708183289 -0.271129846572876 0.4010404944419861
1736528683.23347 -52.829872131347656 5.414426803588867 -25.893753051757812 0.011969763785600662 -0.8773095607757568 -0.27011603116989136 0.3965122699737549
1736528688.566699 -53.66642761230469 5.620637893676758 -26.661651611328125 0.013462959788739681 -0.8764247894287109 -0.2754074037075043 0.39477741718292236
1736528692.166742 -54.692405700683594 5.86578369140625 -27.59520721435547 0.01931309513747692 -0.876899003982544 -0.27567028999328613 0.3932952582836151
1736528698.16641 -55.31120300292969 6.014957427978516 -28.132476806640625 0.01916508562862873 -0.8760987520217896 -0.27915769815444946 0.3926253318786621
1736528749.765087 -56.427635192871094 6.297092437744141 -29.117713928222656 0.017502158880233765 -0.8819591999053955 -0.28868404030799866 0.3721602261066437
1736528751.764887 -57.233551025390625 6.577796936035156 -30.050743103027344 0.020286154001951218 -0.8974149227142334 -0.29445403814315796 0.3279206156730652
1736528753.498008 -57.9596061706543 6.859439849853516 -30.948074340820312 0.015217126347124577 -0.9040985107421875 -0.30411964654922485 0.29980942606925964
1736528755.031491 -58.42988967895508 7.124607086181641 -31.787948608398438 0.01828172244131565 -0.9217591285705566 -0.3045519292354584 0.23931990563869476
1736528756.364612 -58.850284576416016 7.366172790527344 -32.56397247314453 0.01999928615987301 -0.9246544241905212 -0.30561932921409607 0.22629857063293457
1736528757.364735 -59.16614532470703 7.556333541870117 -33.16438293457031 0.016936322674155235 -0.9264015555381775 -0.3070002794265747 0.21735739707946777
1736528758.698061 -59.56589889526367 7.826263427734375 -33.983917236328125 0.016356926411390305 -0.9284443259239197 -0.3089594841003418 0.20559082925319672
1736528759.697838 -59.84740447998047 8.033897399902344 -34.633338928222656 0.013235067017376423 -0.9312884211540222 -0.3116147816181183 0.18820984661579132
1736528760.831309 -60.1663818359375 8.290750503540039 -35.35711669921875 0.008787387982010841 -0.9321457743644714 -0.3147396445274353 0.1787903755903244
1736528761.964667 -60.466861724853516 8.54237174987793 -36.090118408203125 0.00517368083819747 -0.9327374696731567 -0.316323846578598 0.17295484244823456
1736528763.031265 -60.7475700378418 8.774816513061523 -36.787994384765625 0.004063188564032316 -0.9342777132987976 -0.3154481053352356 0.16613586246967316
1736528764.031236 -60.99342346191406 9.004278182983398 -37.454551696777344 0.0009951855754479766 -0.9357016682624817 -0.3176305592060089 0.15353260934352875
1736528765.297711 -61.23454666137695 9.304521560668945 -38.28217697143555 -0.004362724255770445 -0.9381831288337708 -0.32659369707107544 0.11458595097064972
1736528766.497837 -61.35292053222656 9.599248886108398 -39.090293884277344 -0.0019346189219504595 -0.944008469581604 -0.32474201917648315 0.058198004961013794
1736528767.697928 -61.25953674316406 9.835135459899902 -39.810890197753906 0.003038289025425911 -0.9490536451339722 -0.3115777373313904 -0.046981193125247955
1736528768.831071 -61.118751525878906 10.093618392944336 -40.551876068115234 0.005523111671209335 -0.945899486541748 -0.3118216097354889 -0.08950413763523102
1736528770.097751 -60.85835266113281 10.363363265991211 -41.348941802978516 0.008796119131147861 -0.9366204738616943 -0.31271547079086304 -0.15771450102329254
1736528771.164186 -60.562767028808594 10.585996627807617 -41.98828887939453 0.00485259061679244 -0.9252809286117554 -0.31143051385879517 -0.21643193066120148
1736528772.164325 -60.24519348144531 10.802871704101562 -42.59380340576172 0.001030603307299316 -0.9165601134300232 -0.3145139813423157 -0.24697688221931458
1736528773.297644 -59.85929870605469 11.02177619934082 -43.226959228515625 -0.0030486644245684147 -0.9110979437828064 -0.31497544050216675 -0.265860378742218
1736528775.497567 -59.452972412109375 11.251460075378418 -43.85232925415039 -0.004911009222269058 -0.9060158133506775 -0.3130543529987335 -0.28479495644569397
1736528777.8976 -58.965675354003906 11.53281021118164 -44.5480842590332 -0.0046499245800077915 -0.8984599113464355 -0.32037895917892456 -0.3001756966114044
1736528780.230771 -58.44135284423828 11.80046558380127 -45.235862731933594 -0.008278884924948215 -0.8921837210655212 -0.32333335280418396 -0.3152703046798706
1736528781.964164 -57.99456787109375 12.02292251586914 -45.804893493652344 -0.009449837729334831 -0.8896154761314392 -0.32012563943862915 -0.3255990147590637
1736528783.164133 -57.55579376220703 12.232929229736328 -46.34925842285156 -0.008747600950300694 -0.8870455622673035 -0.3198840320110321 -0.3327881693840027
1736528784.564001 -57.068702697753906 12.469381332397461 -46.93589401245117 -0.010811932384967804 -0.8828384280204773 -0.3232226073741913 -0.34059759974479675
1736528786.097297 -56.51665496826172 12.717514991760254 -47.56898498535156 -0.017350729554891586 -0.8814840316772461 -0.32231149077415466 -0.34467414021492004
1736528787.630602 -56.01532745361328 12.947187423706055 -48.153446197509766 -0.017835602164268494 -0.881658136844635 -0.3202991187572479 -0.34607693552970886
1736528789.163898 -55.480384826660156 13.179320335388184 -48.77413558959961 -0.01723276823759079 -0.8811608552932739 -0.31720203161239624 -0.35020193457603455
1736528790.301108 -55.039268493652344 13.373553276062012 -49.279422760009766 -0.015678144991397858 -0.8805404901504517 -0.317344069480896 -0.35170361399650574
1736528791.363621 -54.54975891113281 13.570944786071777 -49.81376647949219 -0.016595613211393356 -0.8782763481140137 -0.31546077132225037 -0.35894259810447693
1736528792.497631 -53.95924377441406 13.760039329528809 -50.302982330322266 -0.017199208959937096 -0.8485903143882751 -0.3086726665496826 -0.4293249249458313
1736528793.565103 -53.37881851196289 13.89147663116455 -50.64379119873047 -0.017295006662607193 -0.8229151368141174 -0.2997637987136841 -0.482341468334198
1736528794.56368 -52.77434539794922 13.981173515319824 -50.88539505004883 -0.01842433772981167 -0.7922323942184448 -0.2870117723941803 -0.5381938815116882
1736528795.697002 -52.02457809448242 14.05388355255127 -51.10725402832031 -0.020292725414037704 -0.7580003142356873 -0.27097609639167786 -0.5929550528526306
1736528796.830124 -51.27656555175781 14.085476875305176 -51.190338134765625 -0.014722968451678753 -0.7103855013847351 -0.2575249969959259 -0.6548408269882202
1736528797.963603 -50.50013732910156 14.140406608581543 -51.278133392333984 -0.010191116482019424 -0.7100394368171692 -0.26023274660110474 -0.6542316675186157
1736528798.896919 -49.906856536865234 14.233219146728516 -51.51235580444336 -0.006083291489630938 -0.7644290924072266 -0.2733058035373688 -0.5838794112205505
1736528799.763503 -49.166351318359375 14.353787422180176 -51.769229888916016 0.0006571102421730757 -0.7796021103858948 -0.27970030903816223 -0.5603463053703308
1736528800.696852 -48.436729431152344 14.52415943145752 -52.1617317199707 0.006423214916139841 -0.8158271908760071 -0.29345831274986267 -0.49826398491859436
1736528801.430701 -47.89073944091797 14.665098190307617 -52.507511138916016 0.008022624999284744 -0.8324068784713745 -0.29491186141967773 -0.46910712122917175
1736528802.363501 -47.248146057128906 14.865076065063477 -53.002559661865234 0.007350424770265818 -0.8501014113426208 -0.2979113459587097 -0.4341917634010315
1736528803.096647 -46.685157775878906 15.059454917907715 -53.477699279785156 0.007389064412564039 -0.855678141117096 -0.30293768644332886 -0.4195106029510498
1736528803.630099 -46.213775634765625 15.224438667297363 -53.882076263427734 0.008547831326723099 -0.8587130308151245 -0.30408963561058044 -0.4123935103416443
1736528804.296789 -45.66606140136719 15.417588233947754 -54.367149353027344 0.008405771106481552 -0.862920880317688 -0.30304840207099915 -0.4043002128601074
1736528804.963451 -45.13422393798828 15.621831893920898 -54.868812561035156 0.008529972285032272 -0.8652529120445251 -0.3078683018684387 -0.3955777585506439
1736528805.630059 -44.611000061035156 15.829179763793945 -55.374549865722656 0.009163754060864449 -0.8656602501869202 -0.31292492151260376 -0.39067429304122925
1736528806.363529 -44.00525665283203 16.06089210510254 -55.94558334350586 0.007954435423016548 -0.8652182817459106 -0.31060686707496643 -0.3935193717479706
1736528806.896731 -43.508827209472656 16.232112884521484 -56.3477897644043 0.004996148869395256 -0.8547812104225159 -0.3095718026161194 -0.4165206253528595
1736528807.430154 -42.965538024902344 16.412906646728516 -56.80004119873047 0.005495550576597452 -0.8565419912338257 -0.3093482553958893 -0.4130488634109497
1736528808.030054 -42.410682678222656 16.6163330078125 -57.29191207885742 0.0030004940927028656 -0.8577679991722107 -0.3114084303379059 -0.40896204113960266
1736528808.563319 -41.870811462402344 16.8095703125 -57.75828170776367 0.0018025630852207541 -0.8579124808311462 -0.3120642602443695 -0.40816524624824524
1736528809.296635 -41.241172790527344 17.043601989746094 -58.33214569091797 -0.0003091933613177389 -0.859480619430542 -0.31187593936920166 -0.40500178933143616
1736528809.697118 -40.845184326171875 17.19566535949707 -58.68267059326172 0.00023948965827003121 -0.8588101267814636 -0.31434693932533264 -0.40451350808143616
1736528810.429926 -40.15556335449219 17.47035026550293 -59.31119155883789 0.0014715909492224455 -0.8579063415527344 -0.31933918595314026 -0.4025134742259979
1736528810.82989 -39.718162536621094 17.641645431518555 -59.71283721923828 -0.0004506590194068849 -0.8583285808563232 -0.3185250163078308 -0.4022606909275055
1736528811.22971 -39.25513458251953 17.829425811767578 -60.127410888671875 -0.001455990714021027 -0.8568917512893677 -0.32354024052619934 -0.4013180434703827
1736528811.629749 -38.801856994628906 18.00594711303711 -60.53871536254883 -0.003674308303743601 -0.8579505085945129 -0.32234421372413635 -0.40000200271606445
1736528812.096536 -38.271705627441406 18.19845199584961 -61.00191879272461 -0.002683226950466633 -0.8568968772888184 -0.3186529278755188 -0.40519243478775024
1736528812.563434 -37.7001953125 18.392520904541016 -61.447242736816406 -0.00039684775401838124 -0.8465687036514282 -0.31374213099479675 -0.42998507618904114
1736528812.896592 -37.25627899169922 18.515275955200195 -61.74141311645508 0.0011550167109817266 -0.8355544209480286 -0.3064260482788086 -0.45601609349250793
1736528813.430159 -36.545005798339844 18.690372467041016 -62.17778015136719 0.0017177688423544168 -0.8267754912376404 -0.2993927001953125 -0.47623881697654724
1736528813.831097 -35.99620056152344 18.8392333984375 -62.50608825683594 0.0026534332428127527 -0.821667492389679 -0.3016316294670105 -0.48360517621040344
1736528814.163007 -35.52513122558594 18.946611404418945 -62.77275848388672 0.0031850188970565796 -0.818487823009491 -0.29580575227737427 -0.4925104081630707
1736528814.629663 -34.84587860107422 19.09954261779785 -63.116886138916016 0.007899986580014229 -0.8081727623939514 -0.2916037440299988 -0.5116263628005981
1736528815.096499 -34.14680480957031 19.233806610107422 -63.38794708251953 0.011174261569976807 -0.7778883576393127 -0.28601646423339844 -0.559427797794342
1736528815.49644 -33.54527282714844 19.313983917236328 -63.53340148925781 0.011355405673384666 -0.7397099137306213 -0.27610403299331665 -0.6135689616203308
1736528816.09643 -32.73339080810547 19.391407012939453 -63.630523681640625 0.013390925712883472 -0.7066394090652466 -0.26521918177604675 -0.6558508276939392
1736528817.296223 -31.892791748046875 19.434062957763672 -63.647804260253906 0.014424236491322517 -0.6722933650016785 -0.2480374276638031 -0.6973457336425781
1736528818.429763 -31.114887237548828 19.45041275024414 -63.572303771972656 0.015556225553154945 -0.6330994963645935 -0.23286952078342438 -0.7380479574203491
1736528819.629681 -30.319766998291016 19.44161605834961 -63.41924285888672 0.014800282195210457 -0.5870357751846313 -0.21882472932338715 -0.7792854309082031
1736528820.829628 -29.546598434448242 19.37000274658203 -63.16474151611328 0.0026890896260738373 -0.5461722016334534 -0.2001107782125473 -0.8134152889251709
1736528822.029607 -28.755084991455078 19.28205108642578 -62.90819549560547 -0.009783940389752388 -0.5307316780090332 -0.19215917587280273 -0.8254108428955078
1736528823.229418 -27.950166702270508 19.176349639892578 -62.598609924316406 -0.004269281402230263 -0.5167589783668518 -0.19036945700645447 -0.8346863985061646
1736528824.496201 -27.08534812927246 19.08199119567871 -62.240577697753906 0.0013510145945474505 -0.503024160861969 -0.18916991353034973 -0.8433146476745605
1736528825.562639 -26.34697723388672 19.00318717956543 -61.88069152832031 0.01072300598025322 -0.47481533885002136 -0.18695899844169617 -0.8599313497543335
1736528826.829468 -25.557165145874023 18.880043029785156 -61.430728912353516 0.006687814369797707 -0.44894471764564514 -0.1793234944343567 -0.8753553628921509
1736528827.829448 -24.911909103393555 18.782649993896484 -61.01557159423828 0.013753211125731468 -0.42984235286712646 -0.17815040051937103 -0.8850473761558533
1736528829.095903 -24.153873443603516 18.651073455810547 -60.49980926513672 0.003608610015362501 -0.4116609990596771 -0.17203938961029053 -0.89494389295578
1736528829.829382 -23.794748306274414 18.554819107055664 -60.158119201660156 0.0012058558641001582 -0.3466883897781372 -0.1530410349369049 -0.9254102110862732
1736528830.962694 -23.471424102783203 18.356945037841797 -59.55093002319336 -0.0033907094039022923 -0.22182707488536835 -0.10736721754074097 -0.9691510200500488
1736528832.095816 -23.173093795776367 18.126649856567383 -58.824058532714844 0.0022489146795123816 -0.16369961202144623 -0.08982638269662857 -0.9824095964431763
1736528833.295962 -22.79945945739746 17.890995025634766 -58.04330825805664 0.005402524024248123 -0.16828316450119019 -0.0957452580332756 -0.9810629487037659
1736528834.36243 -22.526180267333984 17.68887710571289 -57.39931869506836 0.004402191378176212 -0.16314055025577545 -0.09341584891080856 -0.9821605086326599
1736528835.429219 -22.182371139526367 17.49834442138672 -56.75982666015625 0.007026339881122112 -0.1996098756790161 -0.10343889147043228 -0.9743751883506775
1736528836.562575 -21.799026489257812 17.32491111755371 -56.16054153442383 0.009942817501723766 -0.2184770703315735 -0.11170694231987 -0.9693763256072998
1736528837.562353 -21.473655700683594 17.167320251464844 -55.60299301147461 0.012888467870652676 -0.21979346871376038 -0.11161930859088898 -0.969054102897644
1736528838.629135 -21.130027770996094 16.98649024963379 -55.08876037597656 -0.008237612433731556 -0.22493164241313934 -0.12050244212150574 -0.9668594002723694
1736528839.562457 -20.653980255126953 16.92569923400879 -54.85545349121094 -0.017981715500354767 -0.35895177721977234 -0.17277924716472626 -0.9170483350753784
1736528840.162251 -20.232196807861328 17.026466369628906 -54.89141845703125 0.02236497402191162 -0.5199131965637207 -0.22089441120624542 -0.8248610496520996
1736528841.295774 -19.42559051513672 17.037382125854492 -54.73117446899414 0.02413203939795494 -0.5694040656089783 -0.22217848896980286 -0.7910963892936707
1736528842.429199 -18.60492515563965 17.02241325378418 -54.50250244140625 0.020940151065587997 -0.5548873543739319 -0.2172325849533081 -0.8027899265289307
1736528843.295498 -18.089134216308594 16.968608856201172 -54.19706726074219 0.021351024508476257 -0.46150442957878113 -0.19221651554107666 -0.8658005595207214
1736528844.362297 -17.518646240234375 16.855518341064453 -53.7436408996582 0.016182826831936836 -0.408843457698822 -0.1719403862953186 -0.8961148262023926
1736528845.695415 -16.82732391357422 16.766536712646484 -53.31060791015625 0.01787443272769451 -0.4215909540653229 -0.17405375838279724 -0.8897454142570496
1736528846.628902 -16.278860092163086 16.67314910888672 -52.91029357910156 0.015351571142673492 -0.40762099623680115 -0.16781680285930634 -0.8974670171737671
1736528847.495609 -15.767294883728027 16.59079933166504 -52.521575927734375 0.01908235251903534 -0.40433230996131897 -0.16735073924064636 -0.8989688754081726
1736528848.428876 -15.177063941955566 16.503646850585938 -52.12736511230469 0.018586426973342896 -0.4249979853630066 -0.17247705161571503 -0.888416051864624
1736528849.49548 -14.455631256103516 16.437606811523438 -51.74586486816406 0.02162398025393486 -0.4669903516769409 -0.18519356846809387 -0.864381730556488
1736528850.428816 -13.76284408569336 16.385061264038086 -51.43522644042969 0.019203417003154755 -0.49209144711494446 -0.19126182794570923 -0.8490560054779053
1736528851.362288 -12.912297248840332 16.324939727783203 -51.055850982666016 0.021646229550242424 -0.4959218502044678 -0.19360899925231934 -0.846231997013092
1736528852.095254 -12.220932960510254 16.267288208007812 -50.709678649902344 0.021291648969054222 -0.48646003007888794 -0.1905963271856308 -0.8523944616317749
1736528852.828724 -11.432665824890137 16.1865234375 -50.315399169921875 0.017974618822336197 -0.47176870703697205 -0.18483391404151917 -0.8619440793991089
1736528853.428732 -10.851468086242676 16.07404899597168 -49.856319427490234 0.01453420054167509 -0.39221370220184326 -0.15829207003116608 -0.9060357809066772
1736528854.162053 -10.135120391845703 15.955117225646973 -49.334327697753906 0.018335096538066864 -0.4214298725128174 -0.16915304958820343 -0.8907570242881775
1736528854.762138 -9.460896492004395 15.883013725280762 -48.98395538330078 0.017810245975852013 -0.46916624903678894 -0.1808253824710846 -0.8642153143882751
1736528855.428644 -8.679159164428711 15.826751708984375 -48.69476318359375 0.01989867351949215 -0.5305153727531433 -0.19819825887680054 -0.8239387273788452
1736528855.961996 -8.080137252807617 15.770041465759277 -48.430091857910156 0.01917220652103424 -0.49956560134887695 -0.18643194437026978 -0.845759928226471
1736528856.495427 -7.535435676574707 15.690047264099121 -48.06916046142578 0.020035037770867348 -0.44355177879333496 -0.16776159405708313 -0.8801798224449158
1736528857.095312 -6.963376045227051 15.595518112182617 -47.665260314941406 0.022195061668753624 -0.42479604482650757 -0.15779973566532135 -0.8911537528038025
1736528857.761761 -6.3922119140625 15.48553466796875 -47.25630569458008 0.020013660192489624 -0.4160251319408417 -0.15204940736293793 -0.8963278532028198
1736528858.361895 -5.868974208831787 15.386139869689941 -46.83875274658203 0.021099839359521866 -0.4009804129600525 -0.14552104473114014 -0.9042086005210876
1736528859.028576 -5.321195125579834 15.255208969116211 -46.37047576904297 0.018664345145225525 -0.3857147991657257 -0.13888049125671387 -0.9119144678115845
1736528859.628579 -4.797776222229004 15.135398864746094 -45.9163932800293 0.019452283158898354 -0.3764905631542206 -0.1351321041584015 -0.9163055419921875
1736528860.295014 -4.203052997589111 14.981273651123047 -45.367897033691406 0.019423633813858032 -0.36680173873901367 -0.13077883422374725 -0.920856237411499
1736528860.961845 -3.654801368713379 14.834239959716797 -44.83795166015625 0.019097402691841125 -0.3549077808856964 -0.12825211882591248 -0.9258655905723572
1736528861.561885 -3.2252886295318604 14.689830780029297 -44.30894088745117 0.02102877013385296 -0.2935902774333954 -0.10951879620552063 -0.9494041204452515
1736528862.095179 -2.9618353843688965 14.528252601623535 -43.747825622558594 0.018817134201526642 -0.20851288735866547 -0.0830489993095398 -0.9743055105209351
1736528862.695149 -2.4948439598083496 14.345816612243652 -43.05337142944336 0.025486046448349953 -0.2698433995246887 -0.10656289756298065 -0.9566500782966614
1736528863.294996 -2.0132479667663574 14.199858665466309 -42.50945281982422 0.02296888642013073 -0.31661635637283325 -0.12080349028110504 -0.940549373626709
1736528864.028408 -1.5043549537658691 14.045637130737305 -41.92920684814453 0.025090031325817108 -0.3152449429035187 -0.11919702589511871 -0.9411606192588806
1736528864.762784 -1.006577968597412 13.896941184997559 -41.327354431152344 0.028821982443332672 -0.3099760413169861 -0.11828272044658661 -0.9429174661636353
1736528865.628392 -0.4671139717102051 13.725480079650879 -40.690128326416016 0.023885557428002357 -0.3079700767993927 -0.11600052565336227 -0.9439957141876221
1736528866.228378 0.028786659240722656 13.570690155029297 -40.08705139160156 0.025495992973446846 -0.2985239624977112 -0.1170618012547493 -0.9468526840209961
1736528866.761694 0.5225844383239746 13.400983810424805 -39.469688415527344 0.0235748253762722 -0.28511086106300354 -0.11541971564292908 -0.9512278437614441
1736528867.295029 0.9793915748596191 13.238534927368164 -38.87079620361328 0.0206821970641613 -0.28339967131614685 -0.11498837172985077 -0.9518585205078125
1736528867.894985 1.4649477005004883 13.072931289672852 -38.23720169067383 0.02101435326039791 -0.2792331874370575 -0.1147899404168129 -0.9531057476997375
1736528868.561631 1.9603796005249023 12.882375717163086 -37.56211853027344 0.017297716811299324 -0.27493852376937866 -0.11202730238437653 -0.9547563195228577
1736528869.028158 2.296680450439453 12.733718872070312 -37.017799377441406 0.018813425675034523 -0.24340620636940002 -0.10224229097366333 -0.9643371105194092
1736528869.361434 2.4531493186950684 12.614056587219238 -36.603641510009766 0.01779824309051037 -0.16680730879306793 -0.07758191972970963 -0.9827714562416077
1736528869.961579 2.653836727142334 12.389935493469238 -35.8349723815918 0.01833314634859562 -0.12135103344917297 -0.05920466408133507 -0.9906728863716125
1736528870.56267 3.1014761924743652 12.191473960876465 -35.08645248413086 0.021568607538938522 -0.25439125299453735 -0.09888497740030289 -0.961790919303894
1736528871.294902 3.5264065265655518 12.017302513122559 -34.43101501464844 0.023349517956376076 -0.2316545993089676 -0.09341154992580414 -0.9680213332176208
1736528871.894698 3.627450704574585 11.869695663452148 -33.9131965637207 0.024941477924585342 -0.10674802958965302 -0.0552181750535965 -0.9924383163452148
1736528872.694833 3.88079833984375 11.640870094299316 -33.13233947753906 0.02235085889697075 -0.14210842549800873 -0.06394930183887482 -0.9875303506851196
1736528873.294824 4.1341962814331055 11.450484275817871 -32.4515495300293 0.02321862429380417 -0.1522388458251953 -0.06736598908901215 -0.9857718348503113
1736528873.894827 4.38608455657959 11.258014678955078 -31.752254486083984 0.02288300357758999 -0.15686769783496857 -0.06831187009811401 -0.9849885106086731
1736528874.494628 4.672672748565674 11.078713417053223 -31.07933235168457 0.024667957797646523 -0.17406068742275238 -0.07356737554073334 -0.9816731810569763
1736528875.161567 5.012119293212891 10.881099700927734 -30.373952865600586 0.022884557023644447 -0.18683317303657532 -0.07773640751838684 -0.9790437817573547
1736528876.961664 5.219119071960449 10.654735565185547 -29.574081420898438 0.021730205044150352 -0.10472006350755692 -0.0499405711889267 -0.9930093288421631
1736528877.761384 5.411476135253906 10.444486618041992 -28.832271575927734 0.023234127089381218 -0.10200365632772446 -0.04894246906042099 -0.9933076500892639
1736528878.42802 5.563612937927246 10.268146514892578 -28.202468872070312 0.02271641604602337 -0.0981963574886322 -0.04851100966334343 -0.9937244057655334
1736528879.361378 5.733174800872803 10.06573486328125 -27.486085891723633 0.023750659078359604 -0.09494587779045105 -0.0472046434879303 -0.9940789341926575
1736528880.82781 5.8527302742004395 9.842196464538574 -26.713699340820312 0.02312293089926243 -0.05183329060673714 -0.0332520417869091 -0.9978341460227966
1736528881.761262 5.91646671295166 9.602499008178711 -25.89440155029297 0.01952090673148632 -0.031209781765937805 -0.02834480069577694 -0.998920202255249
1736528882.361257 5.967586517333984 9.40068531036377 -25.23402976989746 0.017923271283507347 -0.02533773146569729 -0.025996463373303413 -0.9991801977157593
1736528883.161068 6.027925491333008 9.13875961303711 -24.355945587158203 0.019832538440823555 -0.019927309826016426 -0.024939890950918198 -0.9992936253547668
1736528883.827719 6.064188480377197 8.922557830810547 -23.62738037109375 0.020368527621030807 -0.016019951552152634 -0.02351720817387104 -0.9993875622749329
1736528884.427863 6.104500770568848 8.723752975463867 -22.945526123046875 0.020058590918779373 -0.013610065914690495 -0.022528329864144325 -0.9994523525238037
1736528885.02784 6.142308235168457 8.523606300354004 -22.267070770263672 0.019407985731959343 -0.008947926573455334 -0.022213825955986977 -0.9995247721672058
1736528885.827815 6.179144859313965 8.268381118774414 -21.364505767822266 0.022148163989186287 -0.006375324446707964 -0.01996743492782116 -0.9995349645614624
1736528886.627679 6.246662139892578 8.032599449157715 -20.512910842895508 0.02474607527256012 -0.024539809674024582 -0.026896530762314796 -0.999030590057373
1736528887.694565 6.354518890380859 7.793599605560303 -19.672012329101562 0.022516079246997833 -0.04212958365678787 -0.032045260071754456 -0.9983442425727844
1736528888.561091 6.429281234741211 7.610230445861816 -19.040245056152344 0.01934266835451126 -0.04228953272104263 -0.030937600880861282 -0.9984390139579773
1736528889.560869 6.5172343254089355 7.403389930725098 -18.325286865234375 0.020595483481884003 -0.042947884649038315 -0.02887996844947338 -0.9984474778175354
1736528890.561797 6.615362167358398 7.17103385925293 -17.5184268951416 0.020680367946624756 -0.044658362865448 -0.02833906188607216 -0.9983861446380615
1736528891.094356 6.667026996612549 6.977151393890381 -16.836523056030273 0.021125033497810364 -0.025482188910245895 -0.021744001656770706 -0.9992155432701111
1736528891.62747 6.626952648162842 6.738351345062256 -16.033069610595703 0.016451595351099968 0.034138023853302 -0.0006255046464502811 -0.9992815256118774
1736528892.160807 6.5030059814453125 6.503357887268066 -15.253142356872559 0.01688348315656185 0.07281223684549332 0.01504780724644661 -0.9970892667770386
1736528892.694275 6.5390448570251465 6.280796051025391 -14.465968132019043 0.01880568452179432 -0.025110209360718727 -0.014062650501728058 -0.9994089007377625
1736528893.094297 6.660000801086426 6.102002143859863 -13.875028610229492 0.01863260008394718 -0.09093957394361496 -0.03597928211092949 -0.9950318932533264
1736528893.694335 6.845101356506348 5.8436360359191895 -13.006485939025879 0.016488302499055862 -0.08507765829563141 -0.03771473839879036 -0.9955237507820129
1736528894.294256 7.018004894256592 5.607949256896973 -12.213915824890137 0.017269646748900414 -0.08421538025140762 -0.03668108209967613 -0.995622456073761
1736528894.894058 7.174807071685791 5.375903129577637 -11.440070152282715 0.01678493618965149 -0.08249716460704803 -0.035283491015434265 -0.9958251118659973
1736528895.560864 7.346244812011719 5.127951145172119 -10.606467247009277 0.015678580850362778 -0.08146971464157104 -0.035641007125377655 -0.9959149956703186
1736528896.160882 7.488682270050049 4.901284694671631 -9.845885276794434 0.017212534323334694 -0.08017359673976898 -0.034595340490341187 -0.9960317015647888
1736528896.760848 7.640567779541016 4.677490234375 -9.093354225158691 0.017119256779551506 -0.07752075791358948 -0.036356765776872635 -0.9961805939674377
1736528897.360638 7.772802352905273 4.465371131896973 -8.402865409851074 0.014085464179515839 -0.07302507758140564 -0.03527894243597984 -0.9966064095497131
1736528897.960761 7.882999897003174 4.2648701667785645 -7.7156476974487305 0.019576191902160645 -0.05847158655524254 -0.03264389559626579 -0.9975631833076477
1736528899.027438 7.853012561798096 4.0136027336120605 -6.8863677978515625 0.017385581508278847 0.012060859240591526 -0.009620285592973232 -0.9997298717498779
1736528899.7609 7.854165554046631 3.8037800788879395 -6.18835973739624 0.01525525376200676 0.010324922390282154 -0.010908711701631546 -0.9997708201408386
1736528900.627265 7.886225700378418 3.5715038776397705 -5.41254186630249 0.015413768589496613 -0.001532642520032823 -0.016025876626372337 -0.999751627445221
1736528901.894038 7.973013401031494 3.312971353530884 -4.551534175872803 0.01748761348426342 -0.03505777567625046 -0.027260074391961098 -0.9988603591918945
1736528903.227408 8.06299114227295 3.0776116847991943 -3.7853798866271973 0.015088440850377083 -0.039324309676885605 -0.029718445613980293 -0.9986705183982849
1736528903.960469 8.123751640319824 2.842869281768799 -3.0279791355133057 0.012974247336387634 -0.02444237284362316 -0.023769717663526535 -0.999334454536438
1736528904.560652 8.12320613861084 2.6272213459014893 -2.292052984237671 0.01613166555762291 0.0037731118500232697 -0.015805670991539955 -0.9997379183769226
1736528905.160606 8.151894569396973 2.3876430988311768 -1.495124340057373 0.01345109473913908 -0.0007001066114753485 -0.020199602469801903 -0.9997053146362305
1736528905.760603 8.196002960205078 2.1519556045532227 -0.7028464674949646 0.01767893135547638 -0.011443683877587318 -0.026360588148236275 -0.9994306564331055
1736528906.427073 8.311707496643066 1.9421346187591553 -0.016707656905055046 0.01641087420284748 -0.05534103885293007 -0.04261164367198944 -0.9974229335784912
1736528907.293884 8.442106246948242 1.6814976930618286 0.8303652405738831 0.010547898709774017 -0.05763030797243118 -0.04532073810696602 -0.9972530007362366
1736528908.027981 8.564435958862305 1.4603705406188965 1.5477049350738525 0.008707243017852306 -0.05851030722260475 -0.046762317419052124 -0.9971529841423035
1736528908.760322 8.689431190490723 1.2372081279754639 2.274334192276001 0.006345299072563648 -0.06198764592409134 -0.04898202419281006 -0.9968540668487549
1736528909.693842 8.849265098571777 0.9738063216209412 3.1157467365264893 0.01066562905907631 -0.06392097473144531 -0.04990087077021599 -0.9966495633125305
1736528910.693832 9.019221305847168 0.7120643258094788 3.9195611476898193 0.0043822056613862514 -0.061956051737070084 -0.05317492038011551 -0.9966517686843872
1736528911.693579 9.155415534973145 0.4937846064567566 4.644798755645752 0.01346144825220108 -0.06581858545541763 -0.055431269109249115 -0.996199905872345
1736528912.626904 9.284541130065918 0.2776881456375122 5.372103691101074 0.014753907918930054 -0.06783760339021683 -0.051708150655031204 -0.9962462782859802
1736528913.560369 9.423385620117188 0.055488694459199905 6.105639934539795 0.012612059712409973 -0.07156260311603546 -0.04783055558800697 -0.9962088465690613
1736528914.493489 9.569259643554688 -0.165401428937912 6.848865985870361 0.015235756523907185 -0.07227781414985657 -0.04573214054107666 -0.9962190389633179
1736528915.360151 9.702924728393555 -0.37940365076065063 7.526226043701172 0.012500208802521229 -0.07365887612104416 -0.045087628066539764 -0.9961853623390198
1736528916.160307 9.809953689575195 -0.5781989693641663 8.159995079040527 0.011649641208350658 -0.06563881784677505 -0.04134400933980942 -0.9969184994697571
1736528916.493621 9.801345825195312 -0.6336563229560852 8.339455604553223 0.01253360603004694 -0.03486927971243858 -0.030428942292928696 -0.9988499879837036
