1760456485.463141 -0.0 -0.0 -0.0 -0.0 -0.0 -0.0 1.0
1760456487.26309 0.005518515128642321 -0.031231755390763283 0.07232601195573807 0.004676773212850094 0.00011007158900611103 0.0006395853706635535 0.999988853931427
1760456488.196389 -0.011351073160767555 -0.30841416120529175 0.8637703657150269 0.0072476863861083984 -0.016939349472522736 -0.007588119711726904 0.9998014569282532
1760456488.796383 -0.0712086483836174 -0.5449199676513672 1.5294818878173828 0.01005239225924015 -0.034210629761219025 -0.01595700904726982 0.9992367625236511
1760456489.396615 -0.11533542722463608 -0.7992233633995056 2.212195634841919 0.014834786765277386 -0.03563458472490311 -0.015866296365857124 0.9991288781166077
1760456489.996373 -0.1642048954963684 -1.0504614114761353 2.9032652378082275 0.01421359833329916 -0.03938142582774162 -0.01903773657977581 0.9989417791366577
1760456490.596557 -0.226419597864151 -1.2993695735931396 3.588242530822754 0.013871734030544758 -0.044364262372255325 -0.020422276109457016 0.9987103939056396
1760456491.196339 -0.2923681139945984 -1.5439815521240234 4.24095344543457 0.017384950071573257 -0.048712171614170074 -0.02159760892391205 0.9984279870986938
1760456491.796997 -0.36500707268714905 -1.7872873544692993 4.90228796005249 0.01601797342300415 -0.05241808667778969 -0.023253798484802246 0.99822598695755
1760456492.396292 -0.4326801598072052 -2.039860963821411 5.576344966888428 0.016436178237199783 -0.05729101598262787 -0.02333064004778862 0.9979495406150818
1760456493.062911 -0.5208204984664917 -2.314554452896118 6.313452243804932 0.018233703449368477 -0.06132684648036957 -0.02550092712044716 0.9976252913475037
1760456493.662917 -0.6069403886795044 -2.5597455501556396 6.965841770172119 0.018249353393912315 -0.06442880630493164 -0.027400175109505653 0.9973791241645813
1760456494.396246 -0.715938925743103 -2.8470640182495117 7.728654861450195 0.02163969725370407 -0.06916262209415436 -0.030287062749266624 0.9969106912612915
1760456495.062862 -0.8176964521408081 -3.1135926246643066 8.467630386352539 0.016829635947942734 -0.07391893863677979 -0.03169919177889824 0.9966183304786682
1760456495.596195 -0.9064061641693115 -3.329130172729492 9.044848442077637 0.018495099619030952 -0.07814475148916245 -0.03021073155105114 0.9963125586509705
1760456496.262866 -1.0249701738357544 -3.5916991233825684 9.772198677062988 0.01798156648874283 -0.08291251957416534 -0.031074875965714455 0.9959099292755127
1760456496.99622 -1.244408369064331 -3.8611881732940674 10.484125137329102 0.020654037594795227 -0.14283055067062378 -0.052675120532512665 0.988128662109375
1760456497.662954 -1.5555355548858643 -4.083271026611328 11.086709976196289 0.021702663972973824 -0.20772434771060944 -0.07487305253744125 0.9750761985778809
1760456498.262836 -1.918864130973816 -4.280326843261719 11.587153434753418 0.022283589467406273 -0.27306535840034485 -0.09823276102542877 0.9567074179649353
1760456498.862833 -2.3396594524383545 -4.478604793548584 12.045713424682617 0.031674597412347794 -0.3218224048614502 -0.10952922701835632 0.939909815788269
1760456499.396098 -2.7654337882995605 -4.644118309020996 12.438163757324219 0.03049028106033802 -0.3620384931564331 -0.12440930306911469 0.9233205318450928
1760456500.062828 -3.37658429145813 -4.822624206542969 12.8678617477417 0.025071699172258377 -0.4206386208534241 -0.1463681012392044 0.8949921727180481
1760456500.662871 -3.9779703617095947 -4.964652061462402 13.221238136291504 0.023539574816823006 -0.44709306955337524 -0.16069580614566803 0.8796195983886719
1760456501.196077 -4.513548851013184 -5.092893600463867 13.520391464233398 0.02641928941011429 -0.46503645181655884 -0.16664128005504608 0.8690649271011353
1760456501.796047 -5.138154983520508 -5.214730739593506 13.819124221801758 0.0277099609375 -0.4834159314632416 -0.1764625757932663 0.8569726943969727
1760456502.39625 -5.779149532318115 -5.321890830993652 14.057981491088867 0.03149772807955742 -0.5216494798660278 -0.18842464685440063 0.8314961194992065
1760456502.996094 -6.426438331604004 -5.395865440368652 14.211455345153809 0.03202202171087265 -0.5717301964759827 -0.205189511179924 0.7937231659889221
1760456503.596046 -7.096139430999756 -5.4381256103515625 14.280282974243164 0.032306112349033356 -0.6184372305870056 -0.22354470193386078 0.7526748776435852
1760456504.196309 -7.773810386657715 -5.448373317718506 14.264439582824707 0.031106729060411453 -0.6642543077468872 -0.24305826425552368 0.7062020897865295
1760456504.796338 -8.43770980834961 -5.420009613037109 14.152872085571289 0.033917736262083054 -0.7069380879402161 -0.2577534019947052 0.657762348651886
1760456505.395987 -9.074353218078613 -5.371728420257568 13.987152099609375 0.030754471197724342 -0.7473650574684143 -0.2759338617324829 0.6036226153373718
1760456505.995981 -9.700584411621094 -5.316458702087402 13.758112907409668 0.038052331656217575 -0.7704707980155945 -0.27704668045043945 0.5728629231452942
1760456506.595933 -10.351401329040527 -5.212234020233154 13.48664665222168 0.03788180649280548 -0.7797826528549194 -0.2980250120162964 0.5492587089538574
1760456507.195945 -10.961483001708984 -5.108425140380859 13.188375473022461 0.04772135242819786 -0.7951043844223022 -0.3043188750743866 0.5224191546440125
1760456507.795939 -11.501928329467773 -5.068170070648193 12.88406753540039 0.058826420456171036 -0.8210694193840027 -0.2810858488082886 0.49333080649375916
1760456508.595964 -12.256540298461914 -4.95115852355957 12.453123092651367 0.04030813276767731 -0.8349253535270691 -0.29426348209381104 0.46334001421928406
1760456509.195887 -12.799406051635742 -4.84026575088501 12.068612098693848 0.0409783236682415 -0.8458857536315918 -0.2936830222606659 0.4433377981185913
1760456509.795927 -13.299200057983398 -4.731297016143799 11.678434371948242 0.04025399312376976 -0.8565447926521301 -0.2925938069820404 0.42320141196250916
1760456510.395881 -13.792213439941406 -4.612404823303223 11.252862930297852 0.04177146777510643 -0.8651345372200012 -0.2933061420917511 0.4046836495399475
1760456510.996133 -14.258270263671875 -4.490554332733154 10.830131530761719 0.042736172676086426 -0.8722479939460754 -0.29349085688591003 0.38887038826942444
1760456511.595828 -14.743307113647461 -4.4037322998046875 10.44175910949707 0.044081155210733414 -0.8679430484771729 -0.28175419569015503 0.406627893447876
1760456512.329426 -15.283224105834961 -4.283529281616211 9.916767120361328 0.04566103219985962 -0.8785018920898438 -0.28003472089767456 0.3843567967414856
1760456512.995799 -15.802192687988281 -4.138873100280762 9.423100471496582 0.04230434447526932 -0.8811642527580261 -0.28796249628067017 0.3726092278957367
1760456513.462471 -16.152143478393555 -4.039849281311035 9.054815292358398 0.04018522426486015 -0.8845613598823547 -0.2889491617679596 0.36392971873283386
1760456514.129129 -16.609834671020508 -3.914973735809326 8.552352905273438 0.04099968448281288 -0.8897584676742554 -0.2866809368133545 0.35279324650764465
1760456514.52911 -16.935705184936523 -3.8255724906921387 8.193461418151855 0.04305413365364075 -0.8943440318107605 -0.28192371129989624 0.3446942865848541
1760456514.929218 -17.41339874267578 -3.67333722114563 7.654382705688477 0.03852059692144394 -0.8951708078384399 -0.29145392775535583 0.3350222706794739
1760456515.329056 -17.900569915771484 -3.516843318939209 7.074733734130859 0.03843918815255165 -0.8974717259407043 -0.2945021092891693 0.3260911703109741
1760456515.662494 -18.293312072753906 -3.368537187576294 6.57259464263916 0.04005853459239006 -0.901067316532135 -0.29228976368904114 0.3178675174713135
1760456515.995729 -18.731220245361328 -3.216181993484497 6.036523818969727 0.037078097462654114 -0.9020631313323975 -0.29793617129325867 0.31006696820259094
1760456516.329062 -19.15240478515625 -3.0522923469543457 5.4817705154418945 0.03750287741422653 -0.9041411280632019 -0.2983618378639221 0.30348390340805054
1760456516.529073 -19.41156768798828 -2.938262939453125 5.125654220581055 0.03658684715628624 -0.9042619466781616 -0.3032076358795166 0.29839056730270386
1760456516.795825 -19.758113861083984 -2.79400897026062 4.6603593826293945 0.03468453139066696 -0.9055168628692627 -0.3047758638858795 0.2931688129901886
1760456517.129032 -20.18059730529785 -2.6138787269592285 4.065279006958008 0.040225300937891006 -0.9068830013275146 -0.3033875524997711 0.2896569073200226
1760456517.329015 -20.451772689819336 -2.503913402557373 3.7191295623779297 0.04097861424088478 -0.9020466208457947 -0.30496910214424133 0.30269885063171387
1760456517.729013 -21.039546966552734 -2.3097000122070312 3.0522003173828125 0.04248422011733055 -0.8915606141090393 -0.29955387115478516 0.33701980113983154
1760456517.995678 -21.436233520507812 -2.1816940307617188 2.619729995727539 0.0422029048204422 -0.8898857235908508 -0.2980329096317291 0.34278085827827454
1760456518.329014 -21.919055938720703 -2.0170369148254395 2.0820980072021484 0.043139420449733734 -0.8897086977958679 -0.30202341079711914 0.33961644768714905
1760456518.595712 -22.30949592590332 -1.8817572593688965 1.6483097076416016 0.04271832853555679 -0.8903690576553345 -0.30200761556625366 0.3379490375518799
1760456518.929007 -22.788766860961914 -1.7303338050842285 1.1141834259033203 0.04650760442018509 -0.8915095329284668 -0.29901278018951416 0.3371042311191559
1760456519.129147 -23.08553695678711 -1.6268205642700195 0.7771167755126953 0.045461077243089676 -0.8913891315460205 -0.3001343905925751 0.33656811714172363
1760456519.328992 -23.36309051513672 -1.5509066581726074 0.46420860290527344 0.046142660081386566 -0.8939168453216553 -0.29345858097076416 0.3356570601463318
1760456519.528952 -23.631778717041016 -1.4589118957519531 0.14360427856445312 0.04771464318037033 -0.8938333988189697 -0.2935252785682678 0.33560118079185486
1760456519.728958 -23.90915870666504 -1.366145133972168 -0.17340660095214844 0.04531562328338623 -0.8932062983512878 -0.29719164967536926 0.33437424898147583
1760456519.92896 -24.1784725189209 -1.2809944152832031 -0.4987316131591797 0.04488583654165268 -0.8944994211196899 -0.2937854528427124 0.3339853286743164
1760456520.195632 -24.57126808166504 -1.153273105621338 -0.9275302886962891 0.04542024806141853 -0.8938389420509338 -0.2964380085468292 0.33333706855773926
1760456520.528945 -25.035926818847656 -1.0035829544067383 -1.4732112884521484 0.045021072030067444 -0.8945656418800354 -0.29578664898872375 0.33201780915260315
1760456520.795619 -25.37472915649414 -0.8985061645507812 -1.8862724304199219 0.047164950519800186 -0.8947480916976929 -0.2948489487171173 0.3320624828338623
1760456521.12895 -25.8538818359375 -0.740239143371582 -2.4253597259521484 0.04597291350364685 -0.8933010101318359 -0.3003816604614258 0.3311658501625061
1760456521.329083 -26.12626838684082 -0.64923095703125 -2.7431488037109375 0.04708894342184067 -0.8935452699661255 -0.2994219958782196 0.3312188386917114
1760456521.528964 -26.406169891357422 -0.5589704513549805 -3.0642127990722656 0.04481535404920578 -0.8929272890090942 -0.2976330518722534 0.3347940444946289
1760456521.728902 -26.692209243774414 -0.46219444274902344 -3.376232147216797 0.04356813803315163 -0.8877619504928589 -0.29948610067367554 0.34682637453079224
1760456521.928906 -26.97647476196289 -0.37482452392578125 -3.673633575439453 0.04367303103208542 -0.8832066655158997 -0.29869988560676575 0.3589109480381012
1760456522.195577 -27.364395141601562 -0.261444091796875 -4.056858062744141 0.04028128460049629 -0.8814244270324707 -0.29891112446784973 0.3634839653968811
1760456522.528914 -27.813913345336914 -0.12141895294189453 -4.525062561035156 0.03972385823726654 -0.8820199370384216 -0.297489196062088 0.363267183303833
1760456522.728917 -28.111492156982422 -0.03618907928466797 -4.8307037353515625 0.03944670036435127 -0.8818553686141968 -0.2967352569103241 0.364312082529068
1760456522.928909 -28.406494140625 0.04146766662597656 -5.121467590332031 0.038459572941064835 -0.8828149437904358 -0.2937299907207489 0.3645290732383728
1760456523.128909 -28.692241668701172 0.13027572631835938 -5.417213439941406 0.037195391952991486 -0.8825628757476807 -0.29346558451652527 0.3654822111129761
1760456523.329019 -28.994129180908203 0.2229137420654297 -5.716636657714844 0.035264674574136734 -0.8806703090667725 -0.29779359698295593 0.36673590540885925
1760456523.528884 -29.2849063873291 0.31116771697998047 -6.006340026855469 0.03414381295442581 -0.8814229369163513 -0.29590168595314026 0.3665653467178345
1760456523.728949 -29.5715274810791 0.39798545837402344 -6.297126770019531 0.03394414484500885 -0.8818492293357849 -0.2938089370727539 0.3672412633895874
1760456523.928876 -29.857027053833008 0.4725971221923828 -6.585170745849609 0.03535178676247597 -0.8822043538093567 -0.292020320892334 0.36768171191215515
1760456524.328868 -30.416955947875977 0.6296548843383789 -7.129241943359375 0.034514766186475754 -0.8798277378082275 -0.28993478417396545 0.3750329911708832
1760456524.92885 -31.311853408813477 0.8444595336914062 -7.87548828125 0.03369396552443504 -0.8653151392936707 -0.2872258722782135 0.4093845784664154
1760456525.528855 -32.05220031738281 1.0051155090332031 -8.453666687011719 0.030629340559244156 -0.8651277422904968 -0.28886178135871887 0.4088701009750366
1760456526.795492 -33.039344787597656 1.2234554290771484 -9.23824691772461 0.03340098634362221 -0.8633137941360474 -0.28359702229499817 0.4161086976528168
1760456528.328739 -34.19597625732422 1.4469528198242188 -10.139907836914062 0.03450508415699005 -0.8624907732009888 -0.28361576795578003 0.4177095592021942
1760456530.128784 -35.485870361328125 1.738102912902832 -11.237800598144531 0.03490493819117546 -0.8703435063362122 -0.2882412075996399 0.39774462580680847
1760456532.328798 -36.93119812011719 2.0952396392822266 -12.564746856689453 0.03510502353310585 -0.8721745014190674 -0.29086872935295105 0.39175838232040405
1760456533.72875 -37.79062271118164 2.3305435180664062 -13.409992218017578 0.036979321390390396 -0.8735616207122803 -0.291085809469223 0.388319194316864
1760456534.528661 -38.30900573730469 2.464536666870117 -13.908382415771484 0.03694690018892288 -0.8743261694908142 -0.2918073534965515 0.38605350255966187
1760456535.92864 -39.13024139404297 2.692535400390625 -14.750301361083984 0.03781764209270477 -0.87550288438797 -0.2916020154953003 0.38344869017601013
1760456537.128542 -39.83656692504883 2.8929786682128906 -15.444770812988281 0.03709733858704567 -0.8739904761314392 -0.29156458377838135 0.3869813084602356
1760456537.995212 -40.436676025390625 3.0420093536376953 -15.974456787109375 0.03662703186273575 -0.8665469288825989 -0.28891721367836 0.4053168296813965
1760456538.528543 -40.84934997558594 3.1330432891845703 -16.30862808227539 0.03672995790839195 -0.8648396730422974 -0.287667453289032 0.4098178744316101
1760456538.92854 -41.17015075683594 3.206247329711914 -16.57518768310547 0.03514409437775612 -0.863955557346344 -0.2884116768836975 0.41129595041275024
1760456539.328479 -41.5037727355957 3.281871795654297 -16.84253692626953 0.03485019505023956 -0.8628374338150024 -0.28886720538139343 0.4133434295654297
1760456539.928476 -41.989654541015625 3.3932323455810547 -17.236515045166016 0.034662384539842606 -0.8618243932723999 -0.2881227135658264 0.41598379611968994
1760456540.595142 -42.51054763793945 3.5214405059814453 -17.667327880859375 0.033525772392749786 -0.8603271842002869 -0.2884661853313446 0.41892769932746887
1760456541.195201 -43.00416946411133 3.6335678100585938 -18.056167602539062 0.033854227513074875 -0.8592326641082764 -0.288338303565979 0.4212293028831482
1760456541.928433 -43.59855651855469 3.765146255493164 -18.52059555053711 0.03249581530690193 -0.8582249879837036 -0.28738826513290405 0.4240305423736572
1760456542.528449 -44.148223876953125 3.891437530517578 -18.953125 0.03261132910847664 -0.8573113679885864 -0.28735247254371643 0.4258900284767151
1760456543.128424 -44.750648498535156 4.00806999206543 -19.406505584716797 0.032126858830451965 -0.8579018115997314 -0.2823046147823334 0.42810797691345215
1760456543.595136 -45.23862838745117 4.11870002746582 -19.779460906982422 0.028085701167583466 -0.8560160994529724 -0.2857988476753235 0.4298449456691742
1760456544.128381 -45.82382583618164 4.234455108642578 -20.224811553955078 0.029594572260975838 -0.8573156595230103 -0.2791084051132202 0.4315465986728668
1760456544.528403 -46.25953674316406 4.321786880493164 -20.53905487060547 0.02892765775322914 -0.8559949994087219 -0.2812359631061554 0.43283021450042725
1760456544.928387 -46.70814895629883 4.411411285400391 -20.873126983642578 0.028650086373090744 -0.8557471036911011 -0.27965953946113586 0.43435776233673096
1760456545.328386 -47.19668960571289 4.510761260986328 -21.23902130126953 0.028726104646921158 -0.855562150478363 -0.2782665491104126 0.43560993671417236
1760456545.795044 -47.76897048950195 4.626497268676758 -21.64997100830078 0.028234286233782768 -0.8546170592308044 -0.27908211946487427 0.4369732737541199
1760456546.261682 -48.34838104248047 4.735010147094727 -22.061504364013672 0.028523918241262436 -0.8543986082077026 -0.2780251204967499 0.43805429339408875
1760456546.728347 -48.945343017578125 4.845792770385742 -22.488494873046875 0.026237621903419495 -0.8543323278427124 -0.27711039781570435 0.4389050006866455
1760456547.261672 -49.669288635253906 4.98322868347168 -22.99828338623047 0.02364710159599781 -0.8537893891334534 -0.27823373675346375 0.439397931098938
1760456547.661691 -50.171897888183594 5.076848983764648 -23.365001678466797 0.024704400449991226 -0.853717565536499 -0.27672281861305237 0.44043225049972534
1760456548.061683 -50.661460876464844 5.1725311279296875 -23.72026824951172 0.0243881493806839 -0.853262186050415 -0.27681058645248413 0.44127631187438965
1760456548.461588 -51.1422004699707 5.257808685302734 -24.05124282836914 0.022402094677090645 -0.8534521460533142 -0.27562689781188965 0.4417549669742584
1760456548.861599 -51.62370300292969 5.348323822021484 -24.38904571533203 0.02177572436630726 -0.8539139032363892 -0.27385979890823364 0.44199299812316895
1760456549.328264 -52.167198181152344 5.454008102416992 -24.77130126953125 0.019163798540830612 -0.8528012037277222 -0.2762141823768616 0.44279637932777405
1760456549.861603 -52.727684020996094 5.557821273803711 -25.16425323486328 0.019662754610180855 -0.852814793586731 -0.2760257422924042 0.4428657591342926
1760456550.46175 -53.382293701171875 5.689973831176758 -25.610469818115234 0.019059142097830772 -0.8521307706832886 -0.2768731415271759 0.44367918372154236
1760456550.861545 -53.85052490234375 5.778158187866211 -25.939735412597656 0.019399229437112808 -0.8524070382118225 -0.27634909749031067 0.4434604346752167
1760456551.261534 -54.349857330322266 5.869325637817383 -26.29895782470703 0.020856304094195366 -0.8535341024398804 -0.2726953327655792 0.44348832964897156
1760456551.661543 -54.863258361816406 5.98539924621582 -26.650978088378906 0.011943426914513111 -0.8500931262969971 -0.28312012553215027 0.44389432668685913
1760456552.128209 -55.448486328125 6.103240966796875 -27.066986083984375 0.016169650480151176 -0.8510540127754211 -0.2817024290561676 0.4428197741508484
1760456552.661513 -56.07490921020508 6.23377799987793 -27.516273498535156 0.02714439108967781 -0.8492061495780945 -0.2793993353843689 0.44726744294166565
1760456553.261531 -56.748443603515625 6.383716583251953 -27.99176025390625 0.022280804812908173 -0.8431612253189087 -0.29225894808769226 0.4507410228252411
1760456553.861505 -57.302364349365234 6.47130012512207 -28.374557495117188 0.02734779380261898 -0.8482913970947266 -0.2773577570915222 0.45025157928466797
1760456554.46149 -57.87761688232422 6.572093963623047 -28.755592346191406 0.023923013359308243 -0.8476269841194153 -0.2763092517852783 0.4523376524448395
1760456555.061465 -58.42271423339844 6.661676406860352 -29.12713623046875 0.021932924166321754 -0.8498387336730957 -0.27161622047424316 0.45112934708595276
1760456555.661579 -58.980072021484375 6.7480621337890625 -29.502120971679688 0.019121114164590836 -0.8523068428039551 -0.2650635540485382 0.4504983723163605
1760456556.261439 -59.54765319824219 6.829498291015625 -29.886680603027344 0.01717205159366131 -0.8546115159988403 -0.26123154163360596 0.4484444260597229
1760456556.861444 -60.08607482910156 6.946176528930664 -30.307388305664062 0.01879258267581463 -0.8619576692581177 -0.2723950147628784 0.4271731674671173
1760456557.461436 -60.59636688232422 7.074102401733398 -30.752532958984375 0.018430650234222412 -0.8723793029785156 -0.2816964089870453 0.3990761935710907
1760456558.061414 -61.121826171875 7.1947479248046875 -31.217376708984375 0.016183877363801003 -0.8770952820777893 -0.2817476987838745 0.3886648416519165
1760456558.661389 -61.63117980957031 7.341011047363281 -31.70061492919922 0.01577172800898552 -0.8802847862243652 -0.2844276428222656 0.3794087767601013
1760456559.261378 -62.14741897583008 7.492851257324219 -32.186431884765625 0.018587572500109673 -0.8796212077140808 -0.29387497901916504 0.3735753893852234
1760456559.861333 -62.65508270263672 7.640155792236328 -32.68433380126953 0.026599476113915443 -0.8812822699546814 -0.29074394702911377 0.3716208338737488
1760456560.461394 -63.147857666015625 7.795280456542969 -33.19097137451172 0.03300059586763382 -0.8807163834571838 -0.2971484959125519 0.36735859513282776
1760456561.061343 -63.61835479736328 7.942506790161133 -33.69042205810547 0.03895024582743645 -0.8849179744720459 -0.29995298385620117 0.35416290163993835
1760456561.661311 -64.05245208740234 8.141529083251953 -34.22547912597656 0.030527617782354355 -0.8948171734809875 -0.31715506315231323 0.3127026855945587
1760456562.261304 -64.42930603027344 8.30833625793457 -34.774208068847656 0.030703222379088402 -0.908153772354126 -0.3121105134487152 0.2773105502128601
1760456562.861285 -64.74919891357422 8.500404357910156 -35.358551025390625 0.029911965131759644 -0.9192721843719482 -0.3120325207710266 0.23807495832443237
1760456563.461301 -65.01756286621094 8.694995880126953 -35.95716857910156 0.032560091465711594 -0.9287708401679993 -0.31096726655960083 0.1990579068660736
1760456564.061245 -65.24067687988281 8.90176773071289 -36.60900115966797 0.03417298197746277 -0.9358285665512085 -0.3121413588523865 0.16007794439792633
1760456564.661443 -65.47113037109375 9.123878479003906 -37.269508361816406 0.03421323373913765 -0.9364403486251831 -0.31422027945518494 0.1522323489189148
1760456565.261255 -65.67822265625 9.343528747558594 -37.90020751953125 0.03340069577097893 -0.9371584057807922 -0.31771984696388245 0.14025942981243134
1760456565.86123 -65.8698501586914 9.562793731689453 -38.548492431640625 0.03387167677283287 -0.9389354586601257 -0.3173513412475586 0.1286122053861618
1760456566.461192 -66.04191589355469 9.782752990722656 -39.19882583618164 0.03246729448437691 -0.9401599764823914 -0.3186315596103668 0.11627181619405746
1760456567.061191 -66.20039367675781 10.006502151489258 -39.85810089111328 0.03319169580936432 -0.9407573342323303 -0.32077324390411377 0.10477858781814575
1760456567.661172 -66.30707550048828 10.243131637573242 -40.51694869995117 0.03283820301294327 -0.9422410130500793 -0.32653307914733887 0.06693125516176224
1760456568.261109 -66.33372497558594 10.472187995910645 -41.16691207885742 0.028852587565779686 -0.9451407194137573 -0.3247946798801422 0.019620193168520927
1760456568.861255 -66.31049346923828 10.716649055480957 -41.823036193847656 0.026977062225341797 -0.9428038597106934 -0.3316424787044525 -0.020161284133791924
1760456569.461129 -66.24760437011719 10.943305015563965 -42.47325897216797 0.02614232338964939 -0.9429231882095337 -0.3279748558998108 -0.05142953246831894
1760456570.061137 -66.11284637451172 11.180337905883789 -43.11785125732422 0.028112273663282394 -0.9394002556800842 -0.3274306356906891 -0.09760215133428574
1760456570.66116 -65.94071197509766 11.444385528564453 -43.77962875366211 0.02735677734017372 -0.9345982074737549 -0.3336632549762726 -0.12019422650337219
1760456571.261127 -65.76078033447266 11.705487251281738 -44.44816589355469 0.01886165514588356 -0.9312689304351807 -0.33713218569755554 -0.13683708012104034
1760456571.86108 -65.56655883789062 11.950592994689941 -45.10161209106445 0.01306453812867403 -0.9315012693405151 -0.33027470111846924 -0.15183337032794952
1760456572.461132 -65.3389663696289 12.1889009475708 -45.7463493347168 0.014253289438784122 -0.9302161335945129 -0.3275076150894165 -0.16502612829208374
1760456573.061323 -65.1053466796875 12.428486824035645 -46.37855911254883 0.013950060121715069 -0.9281260371208191 -0.3269672095775604 -0.1774260699748993
1760456573.661049 -64.8366470336914 12.684003829956055 -47.011661529541016 0.01864076964557171 -0.9245725870132446 -0.32980942726135254 -0.18985186517238617
1760456574.261031 -64.55359649658203 12.926046371459961 -47.63888931274414 0.026139933615922928 -0.9226390719413757 -0.32926809787750244 -0.1990891546010971
1760456574.927873 -64.23426818847656 13.17226791381836 -48.30614471435547 0.03373176231980324 -0.9232330918312073 -0.32005393505096436 -0.20992468297481537
1760456575.660965 -63.876991271972656 13.452630043029785 -49.03716278076172 0.03791174665093422 -0.9209101796150208 -0.31972578167915344 -0.21968741714954376
1760456576.394311 -63.498687744140625 13.743885040283203 -49.75682067871094 0.03357274830341339 -0.9169327020645142 -0.3241758942604065 -0.2302549034357071
1760456576.99432 -63.18756103515625 13.976715087890625 -50.346458435058594 0.03076447732746601 -0.9151762127876282 -0.3239947259426117 -0.23776797950267792
1760456577.594251 -62.87816619873047 14.195754051208496 -50.929664611816406 0.02498948946595192 -0.9141383767127991 -0.32049453258514404 -0.24700181186199188
1760456577.994263 -62.59925842285156 14.375469207763672 -51.394500732421875 0.02313815988600254 -0.9112870693206787 -0.3217106759548187 -0.2559743821620941
1760456578.394262 -62.25958251953125 14.607234954833984 -51.952980041503906 0.01987914927303791 -0.9036661386489868 -0.3266785442829132 -0.27617666125297546
1760456578.794717 -61.86273193359375 14.80673885345459 -52.471649169921875 0.016440007835626602 -0.8943824172019958 -0.31980571150779724 -0.31230464577674866
1760456579.194255 -61.439910888671875 15.009618759155273 -52.95928192138672 0.015776362270116806 -0.8823049664497375 -0.3188075125217438 -0.34590592980384827
1760456579.594209 -60.98491668701172 15.205474853515625 -53.43949508666992 0.013882716186344624 -0.8774666786193848 -0.3172101080417633 -0.35949596762657166
1760456579.994207 -60.532012939453125 15.395419120788574 -53.930477142333984 0.007435442414134741 -0.8752732276916504 -0.3146331310272217 -0.3672158420085907
1760456580.394222 -60.06657409667969 15.601734161376953 -54.39830017089844 0.008885201998054981 -0.8710465431213379 -0.3186841905117035 -0.3736836314201355
1760456580.794213 -59.59844970703125 15.789066314697266 -54.86625289916992 0.007207521237432957 -0.8684335947036743 -0.31744685769081116 -0.38078686594963074
1760456581.194357 -59.138389587402344 15.968993186950684 -55.31559371948242 0.003471404779702425 -0.8659007549285889 -0.3162727355957031 -0.38752490282058716
1760456581.594153 -58.65374755859375 16.167634963989258 -55.75958251953125 0.006935896351933479 -0.8611981868743896 -0.32063060998916626 -0.394316703081131
1760456581.994153 -58.19026184082031 16.32529067993164 -56.17985916137695 0.002076213713735342 -0.8612070679664612 -0.3137250542640686 -0.39986830949783325
1760456582.394147 -57.71479797363281 16.50902557373047 -56.58690643310547 0.004989467561244965 -0.8569676280021667 -0.3173595070838928 -0.4060351848602295
1760456582.794166 -57.239044189453125 16.682897567749023 -57.002037048339844 0.0033948805648833513 -0.8549483418464661 -0.3161347806453705 -0.41123080253601074
1760456583.194297 -56.71746826171875 16.849267959594727 -57.434871673583984 0.0023750411346554756 -0.8533421754837036 -0.31163179874420166 -0.4179558753967285
1760456583.594144 -56.14350128173828 17.05363655090332 -57.905452728271484 0.0033723320811986923 -0.8506610989570618 -0.31307366490364075 -0.4223141670227051
1760456583.994108 -55.567726135253906 17.256671905517578 -58.35844421386719 0.003126074792817235 -0.847396969795227 -0.31542354822158813 -0.4271026849746704
1760456584.394147 -54.96192169189453 17.455385208129883 -58.82379913330078 0.006562881171703339 -0.8457584977149963 -0.31469786167144775 -0.4308304488658905
1760456584.660778 -54.5093994140625 17.607168197631836 -59.16804885864258 0.006959961727261543 -0.8450310826301575 -0.3127933740615845 -0.4336293637752533
1760456584.99411 -53.95079040527344 17.78545379638672 -59.58524703979492 0.008800567127764225 -0.8426632881164551 -0.3136043846607208 -0.4375995397567749
1760456585.260765 -53.48493957519531 17.943140029907227 -59.930625915527344 0.012072833254933357 -0.8410386443138123 -0.31371185183525085 -0.4405600428581238
1760456585.594087 -52.888511657714844 18.120433807373047 -60.369117736816406 0.012226552702486515 -0.8411757946014404 -0.3081001043319702 -0.44423890113830566
1760456585.860767 -52.408409118652344 18.27965545654297 -60.71392822265625 0.012823105789721012 -0.8386408686637878 -0.3104184865951538 -0.4473896026611328
1760456586.194038 -51.79308319091797 18.47838592529297 -61.1368293762207 0.013241689652204514 -0.836850106716156 -0.3109385371208191 -0.4503597021102905
1760456586.460724 -51.29102325439453 18.634061813354492 -61.480812072753906 0.013621789403259754 -0.8353225588798523 -0.311469167470932 -0.45281070470809937
1760456586.794137 -50.66717529296875 18.833160400390625 -61.90688705444336 0.014743747189640999 -0.8334028124809265 -0.311898410320282 -0.45600637793540955
1760456587.06073 -50.16145324707031 18.992965698242188 -62.24763488769531 0.011318894103169441 -0.831351101398468 -0.3137321472167969 -0.4585842192173004
1760456587.394041 -49.575340270996094 19.169994354248047 -62.65308380126953 0.008937104605138302 -0.8321645855903625 -0.30906376242637634 -0.46032801270484924
1760456587.660737 -49.05651092529297 19.334381103515625 -62.995418548583984 0.009457136504352093 -0.82942795753479 -0.31258928775787354 -0.4628691077232361
1760456587.99404 -48.4453125 19.52159881591797 -63.40519714355469 0.009458167478442192 -0.8288145661354065 -0.31126976013183594 -0.4648527204990387
1760456588.260685 -47.92884826660156 19.683910369873047 -63.73435592651367 0.008525504730641842 -0.8262808322906494 -0.3146058917045593 -0.4671300947666168
1760456588.594023 -47.28419494628906 19.879966735839844 -64.14887237548828 0.00997350923717022 -0.8254949450492859 -0.31317609548568726 -0.4694457948207855
1760456588.860658 -46.74048614501953 20.052772521972656 -64.47921752929688 0.012977403588593006 -0.8237572908401489 -0.3155152499675751 -0.47085633873939514
1760456589.260662 -46.03778839111328 20.274995803833008 -64.90570068359375 0.019084950909018517 -0.818002462387085 -0.32002395391464233 -0.4775902032852173
1760456589.794238 -45.437896728515625 20.45204734802246 -65.2752685546875 0.01567026413977146 -0.82020503282547 -0.3134442865848541 -0.4782998859882355
1760456590.393995 -44.834678649902344 20.63317108154297 -65.62362670898438 0.017523765563964844 -0.8157970309257507 -0.31471559405326843 -0.4848940968513489
1760456590.993949 -44.21539306640625 20.798866271972656 -65.94436645507812 0.015788432210683823 -0.8049892783164978 -0.30789515376091003 -0.5068960785865784
1760456591.593945 -43.57872009277344 20.95815658569336 -66.27198791503906 0.014428588561713696 -0.802240788936615 -0.3057793080806732 -0.5125432014465332
1760456592.193939 -42.95184326171875 21.122730255126953 -66.58314514160156 0.013871429488062859 -0.8007487654685974 -0.30198296904563904 -0.517122209072113
1760456592.793895 -42.32561492919922 21.282482147216797 -66.8796615600586 0.017647918313741684 -0.798424482345581 -0.3020111322402954 -0.5205729007720947
1760456593.393918 -41.676673889160156 21.445327758789062 -67.17588806152344 0.020650016143918037 -0.7958292961120605 -0.3018898665904999 -0.5244920253753662
1760456593.993891 -41.00416564941406 21.59837532043457 -67.411376953125 0.023507259786128998 -0.7713066339492798 -0.30106133222579956 -0.560263991355896
1760456594.593881 -40.34226989746094 21.69034194946289 -67.56568908691406 0.013105296529829502 -0.740825891494751 -0.2860410511493683 -0.6076066493988037
1760456595.193849 -39.64497756958008 21.79159927368164 -67.66024017333984 0.020101727917790413 -0.7154809832572937 -0.27952852845191956 -0.6399583220481873
1760456595.793847 -38.91828536987305 21.871177673339844 -67.703369140625 0.027067482471466064 -0.6946638822555542 -0.27025312185287476 -0.6660876870155334
1760456596.393825 -38.238739013671875 21.943078994750977 -67.7545394897461 0.022783398628234863 -0.6861488819122314 -0.2664583921432495 -0.6765209436416626
1760456596.993825 -37.534542083740234 22.00764274597168 -67.80693054199219 0.01343629788607359 -0.671981930732727 -0.26951873302459717 -0.6896516680717468
1760456597.593766 -36.87660217285156 22.02777099609375 -67.83271789550781 -0.01245657354593277 -0.6653395295143127 -0.25642648339271545 -0.7010089755058289
1760456598.193783 -36.196388244628906 22.03907012939453 -67.82655334472656 -0.01515524834394455 -0.6444010734558105 -0.2526395618915558 -0.7215891480445862
1760456598.793787 -35.55784606933594 22.01117706298828 -67.73715209960938 -0.01982155442237854 -0.6084675788879395 -0.23238910734653473 -0.7585312724113464
1760456599.593714 -34.7401237487793 21.938732147216797 -67.48594665527344 -0.015857314690947533 -0.5464262962341309 -0.21062427759170532 -0.8104346394538879
1760456600.193882 -34.12335205078125 21.859054565429688 -67.22918701171875 -0.013355571776628494 -0.5017897486686707 -0.20090189576148987 -0.8412295579910278
1760456600.793753 -33.50404357910156 21.77899932861328 -66.94329833984375 -0.012056967243552208 -0.48699650168418884 -0.19655226171016693 -0.8509149551391602
1760456601.393717 -32.87639617919922 21.70052146911621 -66.6270523071289 -0.006283368915319443 -0.4730980098247528 -0.19621463119983673 -0.8588588237762451
1760456601.993668 -32.29560852050781 21.59756088256836 -66.32322692871094 -0.013736899942159653 -0.4651377499103546 -0.18811680376529694 -0.8649106025695801
1760456602.593677 -31.715999603271484 21.487567901611328 -65.98085021972656 -0.011157015338540077 -0.4413592219352722 -0.17973428964614868 -0.8790751695632935
1760456603.193678 -31.155189514160156 21.38228988647461 -65.59400939941406 -0.004725509788841009 -0.41292694211006165 -0.17890091240406036 -0.8930081725120544
1760456603.793618 -30.59651756286621 21.27762794494629 -65.1924819946289 0.0026968754827976227 -0.4070938229560852 -0.17488965392112732 -0.8964825868606567
1760456604.393622 -30.07603645324707 21.146865844726562 -64.81434631347656 -0.012264762073755264 -0.3983961045742035 -0.16286709904670715 -0.9025543928146362
1760456604.993632 -29.514522552490234 21.041133880615234 -64.38993072509766 0.002897599246352911 -0.3855603039264679 -0.17339356243610382 -0.9062392711639404
1760456605.593612 -28.98645782470703 20.92637062072754 -63.9806022644043 0.003291922388598323 -0.38684436678886414 -0.1730586588382721 -0.9057546257972717
1760456606.193569 -28.467716217041016 20.821548461914062 -63.58361053466797 0.0017745691584423184 -0.3911083936691284 -0.17130085825920105 -0.9042606353759766
1760456606.793558 -27.937664031982422 20.70996856689453 -63.168800354003906 0.004931291565299034 -0.38449573516845703 -0.1693258285522461 -0.9074511528015137
1760456607.39356 -27.396310806274414 20.605255126953125 -62.77363586425781 0.004676551558077335 -0.3967141807079315 -0.17291098833084106 -0.9014975428581238
1760456607.993572 -26.878890991210938 20.508087158203125 -62.39507293701172 0.0044745937921106815 -0.40238040685653687 -0.17430604994297028 -0.8987143039703369
1760456608.593521 -26.33819580078125 20.401472091674805 -61.988243103027344 0.005182648077607155 -0.3999725580215454 -0.17342427372932434 -0.8999550938606262
1760456609.193514 -25.793216705322266 20.302589416503906 -61.58475112915039 0.005900213960558176 -0.3974396288394928 -0.1748097687959671 -0.9008044004440308
1760456609.793519 -25.232667922973633 20.202884674072266 -61.219181060791016 0.003947767429053783 -0.4138839542865753 -0.17870867252349854 -0.8926072716712952
1760456610.393529 -24.693695068359375 20.107799530029297 -60.829368591308594 0.00848453864455223 -0.4123759865760803 -0.17723286151885986 -0.8935673236846924
1760456610.993453 -24.119400024414062 20.01168441772461 -60.438636779785156 0.006658530328422785 -0.412609338760376 -0.17703256011009216 -0.8935148119926453
1760456611.593454 -23.575231552124023 19.911521911621094 -60.05714416503906 0.006394623778760433 -0.4147084057331085 -0.17568786442279816 -0.8928101062774658
1760456612.193505 -22.887470245361328 19.792224884033203 -59.584632873535156 0.005003069527447224 -0.41652125120162964 -0.17416563630104065 -0.8922731876373291
1760456612.660102 -22.25490951538086 19.68812370300293 -59.16046142578125 0.008853673934936523 -0.41791778802871704 -0.17321443557739258 -0.8917751908302307
1760456613.060081 -21.65619468688965 19.583911895751953 -58.740379333496094 0.008757826872169971 -0.4190651476383209 -0.17100684344768524 -0.8916638493537903
1760456613.460085 -20.999202728271484 19.463228225708008 -58.300514221191406 0.007918436080217361 -0.42152082920074463 -0.16768811643123627 -0.891144335269928
1760456613.793446 -20.364501953125 19.357358932495117 -57.86880874633789 0.010372119024395943 -0.4216356575489044 -0.16846074163913727 -0.890919029712677
1760456613.993405 -19.9688777923584 19.287824630737305 -57.598026275634766 0.01071896031498909 -0.4217952787876129 -0.16821305453777313 -0.8908861875534058
1760456614.260106 -19.44162368774414 19.201099395751953 -57.24324417114258 0.011130492202937603 -0.42113128304481506 -0.16853883862495422 -0.891133725643158
1760456614.593436 -18.804216384887695 19.10525894165039 -56.82256317138672 0.01558910496532917 -0.41992977261543274 -0.17269571125507355 -0.8908379673957825
1760456614.860004 -18.294254302978516 18.99573516845703 -56.49962615966797 -0.0013829150702804327 -0.4216318130493164 -0.1666833907365799 -0.8913145065307617
1760456615.193357 -17.661470413208008 18.905029296875 -56.057769775390625 0.012980935163795948 -0.4197334051132202 -0.17321628332138062 -0.8908711671829224
1760456615.460944 -17.157554626464844 18.81325912475586 -55.71977996826172 0.008837684988975525 -0.41972264647483826 -0.17263376712799072 -0.8910400867462158
1760456615.793357 -16.51872444152832 18.699201583862305 -55.30076599121094 0.010104035027325153 -0.42036008834838867 -0.17177240550518036 -0.8908926248550415
1760456616.060031 -16.00716209411621 18.607372283935547 -54.95732879638672 0.007568598724901676 -0.41982895135879517 -0.16992080211639404 -0.891523003578186
1760456616.326691 -15.491825103759766 18.521669387817383 -54.605262756347656 0.011239057406783104 -0.4187261760234833 -0.17147327959537506 -0.8917057514190674
1760456616.660016 -14.842135429382324 18.406457901000977 -54.173561096191406 0.007816753350198269 -0.41706541180610657 -0.17184922099113464 -0.8924478888511658
1760456616.926688 -14.35671615600586 18.315902709960938 -53.806644439697266 0.008001411333680153 -0.39740824699401855 -0.1648121029138565 -0.9026846885681152
1760456617.259955 -13.778696060180664 18.186159133911133 -53.32794189453125 0.007853145711123943 -0.3727579712867737 -0.15763452649116516 -0.9144076108932495
1760456617.593298 -13.228668212890625 18.04929542541504 -52.85036087036133 0.006256134249269962 -0.37179145216941833 -0.1542055904865265 -0.915397584438324
1760456617.926671 -12.659967422485352 17.91887664794922 -52.358314514160156 0.008676684461534023 -0.36689266562461853 -0.1534731686115265 -0.9174751043319702
1760456618.126638 -12.313009262084961 17.82469367980957 -52.057159423828125 0.0050219520926475525 -0.36783111095428467 -0.15145285427570343 -0.9174623489379883
1760456618.393295 -11.848946571350098 17.713905334472656 -51.647769927978516 0.006793603766709566 -0.36579760909080505 -0.14833655953407288 -0.9187721610069275
1760456618.726625 -11.27940845489502 17.56340789794922 -51.14611053466797 0.0017869839211925864 -0.3615351617336273 -0.14862528443336487 -0.9204345345497131
1760456618.993303 -10.839263916015625 17.449993133544922 -50.74854278564453 0.005048305261880159 -0.3593609035015106 -0.14550217986106873 -0.9217719435691833
1760456619.326568 -10.271191596984863 17.310623168945312 -50.23066711425781 0.0084574269130826 -0.3557938039302826 -0.14501240849494934 -0.9232067465782166
1760456619.526561 -9.936654090881348 17.219682693481445 -49.92191696166992 0.00986408069729805 -0.3531051576137543 -0.14448098838329315 -0.9243077039718628
1760456619.793267 -9.530795097351074 17.10253143310547 -49.50279235839844 0.00932534970343113 -0.3328368365764618 -0.1371622532606125 -0.9329090118408203
1760456620.126591 -9.075309753417969 16.939117431640625 -48.97542953491211 0.0039121839217841625 -0.2991408705711365 -0.12484020739793777 -0.9459992051124573
1760456620.326583 -8.812471389770508 16.840234756469727 -48.60606002807617 0.012764803133904934 -0.280216246843338 -0.12084399163722992 -0.9522145986557007
1760456620.593243 -8.44569206237793 16.68271255493164 -48.15141677856445 -0.00035156335798092186 -0.28346994519233704 -0.11950314044952393 -0.9515060782432556
1760456620.793249 -8.16583251953125 16.579120635986328 -47.802406311035156 0.0007794198463670909 -0.2770022749900818 -0.1185142919421196 -0.9535321593284607
1760456621.126573 -7.69974422454834 16.40947914123535 -47.179466247558594 0.008460349403321743 -0.26806962490081787 -0.12229859083890915 -0.9555680155754089
1760456621.393255 -7.343396186828613 16.263427734375 -46.6849250793457 0.006919252686202526 -0.2647877335548401 -0.11904042959213257 -0.9569059610366821
1760456621.726519 -6.917813301086426 16.08393669128418 -46.08311462402344 0.0049096387811005116 -0.25858262181282043 -0.11638498306274414 -0.9589398503303528
1760456621.92652 -6.658428192138672 15.972583770751953 -45.70674514770508 0.006414472125470638 -0.2565924823284149 -0.11460617184638977 -0.9596794247627258
1760456622.193188 -6.32642126083374 15.820140838623047 -45.221229553222656 0.0056067705154418945 -0.2531018555164337 -0.11067695915699005 -0.9610716700553894
1760456622.526549 -5.92938756942749 15.636716842651367 -44.62598419189453 0.003609819570556283 -0.2498454600572586 -0.1054939404129982 -0.9625150561332703
1760456622.726521 -5.685425281524658 15.522220611572266 -44.26382827758789 0.002052136929705739 -0.24646641314029694 -0.10308637470006943 -0.9636510610580444
1760456622.993189 -5.373223781585693 15.380424499511719 -43.774478912353516 0.0064264927059412 -0.24135084450244904 -0.10301131755113602 -0.9649337530136108
1760456623.326522 -4.9878692626953125 15.202157974243164 -43.15196228027344 0.007489404641091824 -0.2389903962612152 -0.0987808033823967 -0.9659554362297058
1760456623.593207 -4.693848133087158 15.06094741821289 -42.666351318359375 0.00993842538446188 -0.23514306545257568 -0.0958583876490593 -0.9671712517738342
1760456623.793142 -4.467326641082764 14.942972183227539 -42.29033279418945 0.0088047469034791 -0.2327144891023636 -0.09482530504465103 -0.9678712487220764
1760456623.993157 -4.2477030754089355 14.835350036621094 -41.926780700683594 0.007636670488864183 -0.23026397824287415 -0.09328316897153854 -0.9686168432235718
1760456624.32647 -3.904467821121216 14.65965747833252 -41.344459533691406 0.007894732058048248 -0.2254878431558609 -0.09257099032402039 -0.9698059558868408
1760456624.593166 -3.6247057914733887 14.510316848754883 -40.874961853027344 0.005373852793127298 -0.2235335260629654 -0.08915423601865768 -0.9705954790115356
1760456624.926569 -3.297471046447754 14.32923412322998 -40.3046875 0.0028747948817908764 -0.21835386753082275 -0.08948557078838348 -0.9717538952827454
1760456625.126469 -3.107241153717041 14.22412109375 -39.959495544433594 0.006697513163089752 -0.21493849158287048 -0.089821457862854 -0.9724652767181396
1760456625.393137 -2.841599941253662 14.080424308776855 -39.492427825927734 0.007311733439564705 -0.21172524988651276 -0.08920589089393616 -0.9732221364974976
1760456625.793163 -2.465073585510254 13.873907089233398 -38.792991638183594 0.01166839525103569 -0.209128737449646 -0.0845056101679802 -0.9741601347923279
1760456626.126413 -2.1932106018066406 13.692876815795898 -38.202484130859375 0.00989518128335476 -0.1793123036623001 -0.07358147203922272 -0.9809867143630981
1760456626.393097 -2.0016884803771973 13.546436309814453 -37.74397659301758 0.00620931526646018 -0.1582009345293045 -0.0663440078496933 -0.9851560592651367
1760456626.726437 -1.7841665744781494 13.360383033752441 -37.13553237915039 0.0076429396867752075 -0.15059801936149597 -0.06105273589491844 -0.9866784811019897
1760456626.993105 -1.6007128953933716 13.204103469848633 -36.63142013549805 0.00906461849808693 -0.14690707623958588 -0.059635862708091736 -0.9873093962669373
1760456627.326468 -1.3742499351501465 13.003870010375977 -36.014381408691406 0.006566372700035572 -0.14125514030456543 -0.056454889476299286 -0.988340437412262
1760456627.593093 -1.2111895084381104 12.842944145202637 -35.49917221069336 0.007976019755005836 -0.13703219592571259 -0.05587780103087425 -0.9889571666717529
1760456627.926418 -0.9900197386741638 12.635880470275879 -34.84479522705078 0.0084764389321208 -0.13040243089199066 -0.054604072123765945 -0.9899200797080994
1760456628.193034 -0.8268121480941772 12.471240043640137 -34.33563995361328 0.005818159785121679 -0.1263418048620224 -0.05367436632514 -0.9905165433883667
1760456628.526355 -0.6309072971343994 12.267621040344238 -33.70676803588867 0.006414282601326704 -0.12174823135137558 -0.05060639604926109 -0.9912493228912354
1760456628.793039 -0.47299331426620483 12.105180740356445 -33.19399642944336 0.006719138007611036 -0.11851600557565689 -0.048351727426052094 -0.9917514324188232
1760456629.126363 -0.2961151599884033 11.89444351196289 -32.567604064941406 0.002989158732816577 -0.1150597557425499 -0.04421110823750496 -0.9923697710037231
1760456629.393054 -0.15369893610477448 11.72421932220459 -32.039222717285156 0.0047355215065181255 -0.11078079044818878 -0.044120341539382935 -0.9928538203239441
1760456629.726389 0.022456839680671692 11.513984680175781 -31.397937774658203 0.004248486831784248 -0.10610515624284744 -0.04195452854037285 -0.9934603571891785
1760456629.993296 0.1577683836221695 11.341531753540039 -30.850465774536133 0.005553731229156256 -0.10194683820009232 -0.04046963155269623 -0.9939508438110352
1760456630.326377 0.31955134868621826 11.12708854675293 -30.205196380615234 0.0028838934376835823 -0.09810483455657959 -0.040128301829099655 -0.9943625926971436
1760456630.526357 0.426669716835022 10.993583679199219 -29.786767959594727 0.006339783314615488 -0.09456875175237656 -0.039782874286174774 -0.994702935218811
1760456630.793014 0.5555341839790344 10.820688247680664 -29.2452392578125 0.00727502116933465 -0.09126689285039902 -0.038676876574754715 -0.9950485825538635
1760456631.12633 0.702204167842865 10.60906982421875 -28.59303092956543 0.0058435737155377865 -0.08872026205062866 -0.035415660589933395 -0.9954096078872681
1760456631.393134 0.8100935816764832 10.440786361694336 -28.06723976135254 0.004487848374992609 -0.08659373968839645 -0.03219371661543846 -0.9957132935523987
1760456631.72632 0.9644627571105957 10.229620933532715 -27.439571380615234 0.005046198610216379 -0.08227522671222687 -0.03136472776532173 -0.9961031675338745
1760456631.993053 1.0666334629058838 10.055646896362305 -26.91139030456543 0.002200234914198518 -0.07939019799232483 -0.02861078269779682 -0.996430516242981
1760456632.328625 1.185166358947754 9.838289260864258 -26.27665901184082 0.0012302338145673275 -0.07636494934558868 -0.026450447738170624 -0.9967283010482788
1760456632.593019 1.2858299016952515 9.671163558959961 -25.772987365722656 0.0016615610802546144 -0.07320030778646469 -0.026366805657744408 -0.9969673156738281
1760456632.926253 1.3956375122070312 9.448431968688965 -25.133546829223633 -0.0024843495339155197 -0.07012270390987396 -0.024944612756371498 -0.9972233772277832
1760456633.192935 1.4849846363067627 9.279319763183594 -24.618501663208008 -0.004362551495432854 -0.06721985340118408 -0.025524377822875977 -0.9974021911621094
1760456633.393121 1.5596153736114502 9.14675521850586 -24.230863571166992 0.0001819972530938685 -0.06584024429321289 -0.023243864998221397 -0.9975594878196716
1760456633.726273 1.6607720851898193 8.934992790222168 -23.581941604614258 0.002969557885080576 -0.06221114099025726 -0.02123432606458664 -0.997832715511322
1760456633.992938 1.7445869445800781 8.749686241149902 -23.0555419921875 0.0016345982439815998 -0.05994072183966637 -0.02168666012585163 -0.9979649782180786
1760456634.326277 1.8502038717269897 8.530241012573242 -22.385583877563477 0.0017638758290559053 -0.0575009360909462 -0.018469244241714478 -0.9981731176376343
1760456634.593305 1.9284493923187256 8.345569610595703 -21.837575912475586 0.002996305003762245 -0.055993929505348206 -0.01708807423710823 -0.9982803463935852
1760456634.926208 2.015178680419922 8.123722076416016 -21.17227554321289 0.0027876023668795824 -0.051012713462114334 -0.015949085354804993 -0.9985668063163757
1760456635.193011 2.0600521564483643 7.943218231201172 -20.637527465820312 0.003123966511338949 -0.03603234887123108 -0.00970890186727047 -0.999298632144928
1760456635.526202 2.0785064697265625 7.722199440002441 -20.0040340423584 0.00022440952307078987 -0.011742168106138706 -0.0023926678113639355 -0.9999282360076904
1760456635.792905 2.107940435409546 7.567991733551025 -19.50174903869629 0.004444034770131111 -0.013439779169857502 -0.002611821284517646 -0.9998964071273804
1760456636.126195 2.129117488861084 7.351663112640381 -18.862262725830078 0.005522946827113628 -0.008238163776695728 -0.002030620351433754 -0.9999487996101379
1760456636.326218 2.140545129776001 7.203387260437012 -18.433395385742188 0.00017364375526085496 -0.0046555898152291775 -0.0028147040866315365 -0.9999852180480957
1760456636.592879 2.1579864025115967 6.998772621154785 -17.8392276763916 -0.0011722436174750328 -0.0014610043726861477 -0.0024342690594494343 -0.9999952912330627
1760456636.926207 2.1604385375976562 6.761715888977051 -17.102462768554688 0.0025498750619590282 0.0045244996435940266 -0.0033021157141774893 -0.9999810457229614
1760456637.259484 2.162497043609619 6.514239311218262 -16.36215591430664 0.004820174537599087 0.008717719465494156 -0.0021391725167632103 -0.9999481439590454
1760456637.659477 2.145695924758911 6.270514488220215 -15.626407623291016 0.004241922404617071 0.016890011727809906 -0.0004299278953112662 -0.9998483657836914
1760456638.12615 2.132930278778076 6.054407596588135 -14.995094299316406 0.0024966096971184015 0.018971798941493034 -0.0011521002743393183 -0.9998162984848022
1760456638.659474 2.11360502243042 5.806239604949951 -14.2484769821167 0.004521229770034552 0.026200588792562485 -0.0007824571803212166 -0.9996462464332581
1760456639.126148 2.095919609069824 5.611184120178223 -13.643654823303223 0.009435787796974182 0.02683825045824051 0.00203207740560174 -0.999593198299408
1760456639.726094 2.0695810317993164 5.388316631317139 -13.002250671386719 0.001884329947642982 0.029298000037670135 0.0033892581705003977 -0.9995632171630859
1760456640.459423 2.07010555267334 5.141110420227051 -12.299493789672852 0.0008358403574675322 0.015002136118710041 -0.005662062205374241 -0.9998710751533508
1760456641.059435 2.0979437828063965 4.954797267913818 -11.720197677612305 0.004737291019409895 -0.0006135890143923461 -0.012566828168928623 -0.9999096393585205
1760456641.726042 2.114410877227783 4.7284698486328125 -11.056777954101562 0.0036887344904243946 -0.0004984806291759014 -0.014005405828356743 -0.9998950362205505
1760456642.459382 2.148662567138672 4.4757771492004395 -10.312456130981445 0.0019082551589235663 -0.0017021994572132826 -0.015453383326530457 -0.999877393245697
1760456643.128142 2.1751930713653564 4.241356372833252 -9.60460090637207 0.0011375689646229148 -0.004181818105280399 -0.016408808529376984 -0.9998560547828674
1760456643.726056 2.1982054710388184 4.020005226135254 -8.98287582397461 -0.0021607165690511465 -0.006911258213222027 -0.016887007281184196 -0.9998311996459961
1760456644.459323 2.2420670986175537 3.7627615928649902 -8.23520278930664 -0.0031370369251817465 -0.008757620118558407 -0.017851751297712326 -0.9997973442077637
1760456645.126254 2.2797060012817383 3.5281457901000977 -7.5428056716918945 -0.002388725522905588 -0.010529573075473309 -0.018999174237251282 -0.9997612237930298
1760456645.72603 2.3224751949310303 3.312623977661133 -6.9075398445129395 -0.0005919894902035594 -0.010752999223768711 -0.021432768553495407 -0.9997122883796692
1760456646.45943 2.3711068630218506 3.0499370098114014 -6.139765739440918 -0.002149636158719659 -0.01262605469673872 -0.023734791204333305 -0.9996362924575806
1760456647.059278 2.412221670150757 2.8318707942962646 -5.510130882263184 -0.001006326056085527 -0.013162996619939804 -0.024695245549082756 -0.9996078610420227
1760456647.859297 2.4225525856018066 2.579695463180542 -4.766341209411621 0.000140244112117216 0.0016959212953224778 -0.020879944786429405 -0.999780535697937
1760456648.459263 2.4457006454467773 2.3683252334594727 -4.174583435058594 -0.0035894177854061127 0.0029610914643853903 -0.02052941545844078 -0.9997784495353699
1760456649.059216 2.484492063522339 2.154953956604004 -3.5437846183776855 0.00027829225291498005 -0.017928769811987877 -0.02566387690603733 -0.9995098114013672
1760456649.859226 2.5778968334198 1.8913283348083496 -2.7905383110046387 -0.003463474567979574 -0.03387107327580452 -0.029072128236293793 -0.9989972710609436
1760456650.459166 2.582500696182251 1.6757982969284058 -2.170044183731079 -0.003053925232961774 -0.0013804539339616895 -0.013911462388932705 -0.9998976588249207
1760456651.259169 2.5841362476348877 1.4096736907958984 -1.423352837562561 -0.004601665306836367 0.001556801493279636 -0.009272756054997444 -0.9999452233314514
1760456652.05917 2.5857272148132324 1.1578651666641235 -0.7100792527198792 -0.008207272738218307 0.00518642645329237 -0.005848695989698172 -0.9999358057975769
1760456652.659345 2.5953385829925537 0.9663306474685669 -0.14950986206531525 -0.005436134058982134 0.00540695246309042 -0.003737721126526594 -0.9999637007713318
1760456653.0591 2.5909101963043213 0.8513089418411255 0.183993861079216 -0.0023407244589179754 0.009872011840343475 -0.0020686392672359943 -0.9999464154243469
1760456653.259273 2.591067314147949 0.8074606657028198 0.30465584993362427 -0.003911738749593496 0.009408378042280674 -0.0018547618528828025 -0.9999464154243469
