1744746716.200992 -0.0 -0.0 -0.0 -0.0 -0.0 -0.0 1.0
1744746718.13433 0.009732011705636978 -0.0639520063996315 0.1684940606355667 0.002821395406499505 0.007529171649366617 0.0013049812987446785 0.9999668598175049
1744746719.600927 0.06514080613851547 -0.36253589391708374 0.9974861741065979 0.008466037921607494 0.023807737976312637 0.005648466758430004 0.999664843082428
1744746721.334196 0.1136225163936615 -0.6425044536590576 1.7663462162017822 0.008786366321146488 0.027796167880296707 0.0038933607283979654 0.999567449092865
1744746722.734278 0.12239105999469757 -0.8804196715354919 2.426732301712036 0.009776751510798931 0.01501114759594202 -0.0032635412644594908 0.9998342394828796
1744746724.334289 0.08984658122062683 -1.1522607803344727 3.1683623790740967 0.010805243626236916 -0.016364388167858124 -0.01552970614284277 0.999687135219574
1744746725.734089 -0.0031804381869733334 -1.4285149574279785 3.940767765045166 0.009264810010790825 -0.054761044681072235 -0.02778504230082035 0.9980698823928833
1744746727.134219 -0.143468976020813 -1.689963459968567 4.678339004516602 0.010240194387733936 -0.08659333735704422 -0.035957686603069305 0.995542049407959
1744746728.734008 -0.30175065994262695 -1.965646743774414 5.426389694213867 0.01107196044176817 -0.09845888614654541 -0.037488169968128204 0.9943731427192688
1744746730.334544 -0.45742809772491455 -2.244933843612671 6.180558681488037 0.01204394455999136 -0.0915980190038681 -0.03496816009283066 0.9951090812683105
1744746731.73401 -0.5544687509536743 -2.5159127712249756 6.908079147338867 0.012895451858639717 -0.07142921537160873 -0.026697272434830666 0.9970049262046814
1744746733.200654 -0.6219068765640259 -2.8267292976379395 7.7711405754089355 0.011452793143689632 -0.043718431144952774 -0.016050415113568306 0.9988493323326111
1744746734.60052 -0.6425886154174805 -3.1028378009796143 8.525602340698242 0.012137972749769688 -0.026385968551039696 -0.008676931262016296 0.9995405077934265
1744746736.133888 -0.6543896794319153 -3.3734207153320312 9.267009735107422 0.012459829449653625 -0.024422768503427505 -0.007459942251443863 0.9995962977409363
1744746737.733887 -0.7134935855865479 -3.6487250328063965 10.000788688659668 0.014729565009474754 -0.04326317459344864 -0.013155096210539341 0.9988685250282288
1744746739.067214 -0.8219772577285767 -3.896674394607544 10.656682968139648 0.015983283519744873 -0.07225283980369568 -0.022660907357931137 0.9970008134841919
1744746740.467162 -1.0142292976379395 -4.193483352661133 11.41037654876709 0.01603437401354313 -0.1206764355301857 -0.036915373057127 0.9918757081031799
1744746741.867167 -1.3332126140594482 -4.4637770652771 12.101123809814453 0.017498409375548363 -0.20564435422420502 -0.06182560324668884 0.9765151739120483
1744746743.067149 -1.7790372371673584 -4.685915946960449 12.615131378173828 0.01752312295138836 -0.2950780391693115 -0.0911494717001915 0.9509540796279907
1744746744.267042 -2.3401427268981934 -4.876288890838623 13.092154502868652 0.017959309741854668 -0.3787674307823181 -0.12341001629829407 0.9170510768890381
1744746745.067026 -2.7784793376922607 -4.98653507232666 13.339253425598145 0.017722144722938538 -0.43275219202041626 -0.14382505416870117 0.8897897601127625
1744746746.266989 -3.4593677520751953 -5.13075590133667 13.675475120544434 0.01650567539036274 -0.48387742042541504 -0.164605975151062 0.8593574166297913
1744746747.466932 -4.129422187805176 -5.250385761260986 13.937274932861328 0.020085101947188377 -0.5182917714118958 -0.17599916458129883 0.8366568088531494
1744746748.733754 -4.868618011474609 -5.354866981506348 14.168500900268555 0.019624607637524605 -0.5446042418479919 -0.18512974679470062 0.8177701830863953
1744746750.066865 -5.64209508895874 -5.450887680053711 14.370359420776367 0.021973490715026855 -0.5744813084602356 -0.1937769204378128 0.7949458360671997
1744746751.266917 -6.330327033996582 -5.505324840545654 14.460782051086426 0.023299939930438995 -0.6130838990211487 -0.20910122990608215 0.7614866495132446
1744746752.666878 -7.052855491638184 -5.522800445556641 14.45535659790039 0.024605078622698784 -0.6628170013427734 -0.22794252634048462 0.7128186225891113
1744746753.866802 -7.774073600769043 -5.5070695877075195 14.356321334838867 0.022816622629761696 -0.7091200947761536 -0.24529658257961273 0.6606494784355164
1744746755.066801 -8.505615234375 -5.452364921569824 14.153701782226562 0.021768873557448387 -0.7521874308586121 -0.261451780796051 0.6044694185256958
1744746756.466765 -9.268893241882324 -5.364739418029785 13.813937187194824 0.02717864327132702 -0.7946087121963501 -0.26904845237731934 0.5435725450515747
1744746758.066733 -9.991800308227539 -5.268134117126465 13.466680526733398 0.026202380657196045 -0.8038812875747681 -0.27605023980140686 0.5261982679367065
1744746759.53338 -10.675546646118164 -5.188779354095459 13.16419792175293 0.029046768322587013 -0.803661048412323 -0.27177852392196655 0.5286033749580383
1744746760.866649 -11.370843887329102 -5.133684158325195 12.883740425109863 0.03017158806324005 -0.7991307973861694 -0.2582799196243286 0.5420066118240356
1744746762.266574 -12.047534942626953 -5.073931694030762 12.59670639038086 0.02685951255261898 -0.7946867346763611 -0.25829437375068665 0.5486671924591064
1744746764.866513 -12.739965438842773 -5.008083343505859 12.272773742675781 0.03172656148672104 -0.8060837984085083 -0.2590326964855194 0.5311539173126221
1744746767.266527 -13.139359474182129 -4.924375534057617 11.954771041870117 0.034997593611478806 -0.8425076603889465 -0.2747214436531067 0.46204349398612976
1744746768.866486 -13.570751190185547 -4.748953342437744 11.366512298583984 0.03646771237254143 -0.891838788986206 -0.2890285551548004 0.3460581600666046
1744746770.266383 -14.041997909545898 -4.59794282913208 10.804046630859375 0.037037868052721024 -0.8976100087165833 -0.28676503896713257 0.33270174264907837
1744746771.666345 -14.516569137573242 -4.465048789978027 10.279558181762695 0.038336798548698425 -0.8966027498245239 -0.27937790751457214 0.3414408266544342
1744746773.266294 -15.10409164428711 -4.3484110832214355 9.6951904296875 0.04126310721039772 -0.8870564103126526 -0.26577988266944885 0.37521907687187195
1744746774.666291 -15.710709571838379 -4.240596771240234 9.191904067993164 0.03556422144174576 -0.8711979985237122 -0.26950040459632874 0.4088018536567688
1744746776.266256 -16.25792694091797 -4.154254913330078 8.759675979614258 0.034067749977111816 -0.8662613034248352 -0.2645472288131714 0.42242828011512756
1744746778.599549 -16.82030487060547 -4.053625583648682 8.272499084472656 0.036168526858091354 -0.875544548034668 -0.26533278822898865 0.4021344780921936
1744746780.466101 -17.32772445678711 -3.9158825874328613 7.6863298416137695 0.03643178567290306 -0.8965927958488464 -0.27639278769493103 0.34409454464912415
1744746781.866072 -17.691818237304688 -3.7620320320129395 7.09809684753418 0.03851115703582764 -0.9170233607292175 -0.28385287523269653 0.27751171588897705
1744746783.066062 -18.00859260559082 -3.59649920463562 6.5027360916137695 0.03844119608402252 -0.9243987202644348 -0.2905938923358917 0.24405843019485474
1744746784.399341 -18.3436336517334 -3.434467315673828 5.880943775177002 0.03752124309539795 -0.9265699982643127 -0.29117611050605774 0.2351098656654358
1744746785.666019 -18.70891571044922 -3.2812039852142334 5.282390594482422 0.03521030396223068 -0.9233376383781433 -0.2882395088672638 0.25124868750572205
1744746787.199234 -19.147663116455078 -3.1295320987701416 4.68153190612793 0.033207330852746964 -0.9136948585510254 -0.2825106680393219 0.2902528941631317
1744746788.665895 -19.694202423095703 -2.9732584953308105 4.065071105957031 0.03137907758355141 -0.8948675394058228 -0.2791997194290161 0.3468068838119507
1744746790.068244 -20.26768684387207 -2.8487582206726074 3.516733169555664 0.034990373998880386 -0.8828945755958557 -0.27155035734176636 0.38148823380470276
1744746791.265854 -20.742691040039062 -2.7578787803649902 3.1052684783935547 0.03775269538164139 -0.8794206976890564 -0.2715033292770386 0.38920435309410095
1744746792.865764 -21.33059310913086 -2.6122212409973145 2.5103607177734375 0.039427775889635086 -0.8861560225486755 -0.27722442150115967 0.3692150115966797
1744746794.199041 -21.842926025390625 -2.4800500869750977 1.9609928131103516 0.04054747894406319 -0.894836962223053 -0.28207629919052124 0.3435925543308258
1744746795.465906 -22.292055130004883 -2.318333625793457 1.3495960235595703 0.041197922080755234 -0.9033597111701965 -0.2882755398750305 0.314866840839386
1744746796.865633 -22.755855560302734 -2.1503372192382812 0.7115936279296875 0.04354111850261688 -0.9092325568199158 -0.2886314392089844 0.2968033254146576
1744746798.265638 -23.1919002532959 -1.9885125160217285 0.08417510986328125 0.04440147802233696 -0.9103310108184814 -0.286955326795578 0.29492825269699097
1744746799.665645 -23.671382904052734 -1.8405790328979492 -0.5415458679199219 0.043069303035736084 -0.906011700630188 -0.28212636709213257 0.312558114528656
1744746800.865573 -24.125198364257812 -1.711428165435791 -1.0779533386230469 0.041480544954538345 -0.8987767696380615 -0.27904385328292847 0.33558058738708496
1744746801.998889 -24.594480514526367 -1.5986371040344238 -1.5737419128417969 0.040194518864154816 -0.8910783529281616 -0.2752336859703064 0.35862261056900024
1744746803.198835 -25.113712310791016 -1.4819927215576172 -2.0915355682373047 0.039842065423727036 -0.8838560581207275 -0.273125559091568 0.3776421844959259
1744746804.665585 -25.759990692138672 -1.3596248626708984 -2.6673450469970703 0.04134981334209442 -0.879673421382904 -0.26965025067329407 0.3895557224750519
1744746805.998864 -26.330209732055664 -1.2425565719604492 -3.1868419647216797 0.03998256102204323 -0.8778048157691956 -0.2728006839752197 0.3917141854763031
1744746807.198732 -26.852527618408203 -1.1353826522827148 -3.660381317138672 0.03972385823726654 -0.8787667155265808 -0.2727135419845581 0.3896388113498688
1744746808.665239 -27.519865036010742 -0.9947261810302734 -4.2510833740234375 0.035501629114151 -0.8797903060913086 -0.27691158652305603 0.38474491238594055
1744746810.065354 -28.10820198059082 -0.8525581359863281 -4.818470001220703 0.03214498609304428 -0.882731556892395 -0.2768048346042633 0.37832629680633545
1744746811.465259 -28.696388244628906 -0.7111854553222656 -5.413448333740234 0.03136838600039482 -0.8853793740272522 -0.2766934931278229 0.3722367584705353
1744746812.798577 -29.206501007080078 -0.5794582366943359 -5.959880828857422 0.03248325735330582 -0.8895119428634644 -0.276342511177063 0.36241981387138367
1744746814.198784 -29.754785537719727 -0.43773841857910156 -6.537509918212891 0.03228125348687172 -0.8905171751976013 -0.28054702281951904 0.356693834066391
1744746815.532003 -30.2755126953125 -0.3106212615966797 -7.082309722900391 0.03311016410589218 -0.8907706141471863 -0.28045186400413513 0.3560592234134674
1744746816.931831 -30.807003021240234 -0.17845916748046875 -7.646476745605469 0.03511497750878334 -0.888545572757721 -0.2775637209415436 0.36361002922058105
1744746818.331846 -31.373767852783203 -0.03409290313720703 -8.23672866821289 0.034120336174964905 -0.8837801814079285 -0.2778224050998688 0.374944269657135
1744746819.531727 -31.885765075683594 0.07763004302978516 -8.712547302246094 0.032163143157958984 -0.8809543251991272 -0.27681729197502136 0.3824359178543091
1744746820.798423 -32.42233657836914 0.19398880004882812 -9.20037841796875 0.031701356172561646 -0.8793715834617615 -0.2754611074924469 0.3870681822299957
1744746822.131697 -32.98301696777344 0.3228874206542969 -9.729637145996094 0.03019420988857746 -0.8799216747283936 -0.2761572003364563 0.3854391574859619
1744746823.531473 -33.53974914550781 0.46702003479003906 -10.29854965209961 0.029905356466770172 -0.8817046284675598 -0.27929338812828064 0.3790750205516815
1744746824.731631 -34.024654388427734 0.5834865570068359 -10.781497955322266 0.03225084766745567 -0.8861921429634094 -0.27741700410842896 0.3696799576282501
1744746825.998083 -34.511322021484375 0.7127838134765625 -11.295955657958984 0.032816559076309204 -0.8882436156272888 -0.2801571488380432 0.36257195472717285
1744746827.331558 -35.029815673828125 0.8485002517700195 -11.8448486328125 0.03434586152434349 -0.8890150189399719 -0.2807597517967224 0.36006489396095276
1744746828.531346 -35.5114860534668 0.9710674285888672 -12.327568054199219 0.034794118255376816 -0.8880913257598877 -0.2805231213569641 0.362477570772171
1744746829.998174 -36.079288482666016 1.1271047592163086 -12.916095733642578 0.03480365127325058 -0.8841621279716492 -0.2800314128398895 0.37232860922813416
1744746831.331422 -36.6282844543457 1.2480897903442383 -13.41701889038086 0.03519425913691521 -0.8772067427635193 -0.27723851799964905 0.3903954029083252
1744746832.731393 -37.203086853027344 1.3639965057373047 -13.880619049072266 0.034892063587903976 -0.8654980063438416 -0.27302810549736023 0.4185110032558441
1744746834.131462 -37.82087707519531 1.4628639221191406 -14.307857513427734 0.0339936763048172 -0.853154182434082 -0.2680153548717499 0.4462512731552124
1744746835.531326 -38.47930908203125 1.5642166137695312 -14.737380981445312 0.03597598522901535 -0.8446472883224487 -0.2635576128959656 0.464557945728302
1744746836.931306 -39.10797882080078 1.6469173431396484 -15.146244049072266 0.03614156320691109 -0.8440806865692139 -0.2623607814311981 0.4662492871284485
1744746837.997949 -39.597904205322266 1.7130565643310547 -15.463550567626953 0.036366548389196396 -0.8476952314376831 -0.26352617144584656 0.45896005630493164
1744746839.331228 -40.1443977355957 1.7986774444580078 -15.878910064697266 0.037133604288101196 -0.8578072190284729 -0.2682670056819916 0.4368303120136261
1744746840.664368 -40.63337326049805 1.9049358367919922 -16.322566986083984 0.0386851541697979 -0.8680744767189026 -0.27412179112434387 0.41207703948020935
1744746842.131149 -41.14962387084961 2.0291900634765625 -16.861713409423828 0.040524791926145554 -0.8781132102012634 -0.2786688208580017 0.3868056833744049
1744746843.664474 -41.70047378540039 2.160045623779297 -17.394432067871094 0.04071908816695213 -0.8811480402946472 -0.2823561429977417 0.3770877718925476
1744746845.264403 -42.299739837646484 2.2917442321777344 -17.954936981201172 0.04004603624343872 -0.8786298632621765 -0.2801878750324249 0.38457852602005005
1744746846.731097 -42.89949417114258 2.404439926147461 -18.460800170898438 0.03863103315234184 -0.8683804869651794 -0.2747662663459778 0.4110068678855896
1744746848.330965 -43.61871337890625 2.524627685546875 -18.981143951416016 0.0365716814994812 -0.8543157577514648 -0.26981791853904724 0.4427250623703003
1744746849.46428 -44.151649475097656 2.603109359741211 -19.33786392211914 0.03494779020547867 -0.845997154712677 -0.2667468190193176 0.46034082770347595
1744746850.664097 -44.66900634765625 2.675931930541992 -19.669902801513672 0.035661790519952774 -0.8409358859062195 -0.26382434368133545 0.47111761569976807
1744746852.130941 -45.26465606689453 2.7677879333496094 -20.069503784179688 0.0338856466114521 -0.8408534526824951 -0.26778197288513184 0.4691590666770935
1744746853.864158 -45.957435607910156 2.8791580200195312 -20.560924530029297 0.03499886021018028 -0.8513376116752625 -0.2709188461303711 0.4478866159915924
1744746855.330648 -46.543975830078125 2.9985904693603516 -21.055866241455078 0.03611298277974129 -0.8662725687026978 -0.2756555378437042 0.4150683879852295
1744746856.664094 -47.0706901550293 3.126171112060547 -21.56783676147461 0.03524128720164299 -0.8787832260131836 -0.2774927318096161 0.3866470754146576
1744746858.330787 -47.65715026855469 3.2830963134765625 -22.165550231933594 0.03163084387779236 -0.8823062181472778 -0.28031378984451294 0.37677502632141113
1744746860.263841 -48.31060028076172 3.4206676483154297 -22.721725463867188 0.029236294329166412 -0.876137375831604 -0.27369463443756104 0.39575204253196716
1744746861.664054 -48.9116325378418 3.5298080444335938 -23.169567108154297 0.027701660990715027 -0.8606716394424438 -0.26782387495040894 0.43214285373687744
1744746863.063809 -49.60248947143555 3.615774154663086 -23.59276580810547 0.026359861716628075 -0.8434342741966248 -0.25980666279792786 0.4694937467575073
1744746864.530588 -50.3260498046875 3.686185836791992 -23.972030639648438 0.02746850810945034 -0.8324395418167114 -0.25364241003990173 0.4918896555900574
1744746866.130544 -51.05678939819336 3.7638378143310547 -24.379745483398438 0.027018029242753983 -0.8336923122406006 -0.2552657425403595 0.488944411277771
1744746867.663697 -51.73649978637695 3.8569793701171875 -24.820140838623047 0.025327512994408607 -0.8463433980941772 -0.26151230931282043 0.46332794427871704
1744746868.930659 -52.32544708251953 3.9598350524902344 -25.27138900756836 0.025631554424762726 -0.8589860796928406 -0.26565873622894287 0.43693411350250244
1744746870.26358 -52.927249908447266 4.077613830566406 -25.77812957763672 0.02592599019408226 -0.8701246380805969 -0.2685444951057434 0.41242557764053345
1744746871.530414 -53.471065521240234 4.198734283447266 -26.27099609375 0.025307778269052505 -0.8753472566604614 -0.2722312808036804 0.39876919984817505
1744746872.730179 -53.937747955322266 4.297676086425781 -26.693771362304688 0.02697957679629326 -0.8772175312042236 -0.26928311586380005 0.39654532074928284
1744746874.063686 -54.52231216430664 4.41349983215332 -27.17559814453125 0.025117291137576103 -0.8711307644844055 -0.2682216763496399 0.4105575978755951
1744746875.530127 -55.15536117553711 4.523233413696289 -27.636009216308594 0.02069440670311451 -0.8598958849906921 -0.2660485804080963 0.4351654052734375
1744746876.663603 -55.728240966796875 4.599361419677734 -27.9898681640625 0.017500203102827072 -0.8475165963172913 -0.25950443744659424 0.462673544883728
1744746877.796719 -56.347415924072266 4.66697883605957 -28.323795318603516 0.014034389518201351 -0.834884524345398 -0.25511133670806885 0.4875337481498718
1744746878.996877 -56.967105865478516 4.727397918701172 -28.654212951660156 0.01697210595011711 -0.8294320702552795 -0.2487216591835022 0.4998919665813446
1744746880.46332 -57.71371841430664 4.871051788330078 -29.06106948852539 0.003812515176832676 -0.8219950199127197 -0.2809782028198242 0.4953392744064331
1744746881.596825 -58.232948303222656 4.925325393676758 -29.397659301757812 0.019466547295451164 -0.8379514813423157 -0.26553240418434143 0.47639375925064087
1744746882.863618 -58.83210372924805 5.053218841552734 -29.8375244140625 0.026500949636101723 -0.8502175211906433 -0.28299349546432495 0.44310563802719116
1744746884.196735 -59.41813278198242 5.1912994384765625 -30.36029052734375 0.041618622839450836 -0.8654848337173462 -0.2870779037475586 0.40839964151382446
1744746885.396541 -59.86680221557617 5.270191192626953 -30.787582397460938 0.04362582415342331 -0.8823717832565308 -0.26930543780326843 0.38339462876319885
1744746886.996668 -60.48290252685547 5.392480850219727 -31.301483154296875 0.02910761907696724 -0.8739635944366455 -0.2736227810382843 0.4005882143974304
1744746888.396618 -61.059574127197266 5.476762771606445 -31.708602905273438 0.0307003241032362 -0.8580315113067627 -0.2644091844558716 0.43923482298851013
1744746889.596679 -61.68102264404297 5.535953521728516 -32.07356262207031 0.029635177925229073 -0.8425160050392151 -0.2504870295524597 0.4759673476219177
1744746891.06322 -62.441158294677734 5.616762161254883 -32.477020263671875 0.023022547364234924 -0.8287608623504639 -0.25362107157707214 0.4982988238334656
1744746892.396339 -63.07773971557617 5.694950103759766 -32.83760070800781 0.025382423773407936 -0.8312239050865173 -0.2566293179988861 0.49250784516334534
1744746893.86322 -63.75169372558594 5.790937423706055 -33.285255432128906 0.030466558411717415 -0.8455274701118469 -0.26326051354408264 0.4635181725025177
1744746895.196279 -64.37733459472656 5.90028190612793 -33.77367401123047 0.028334174305200577 -0.8628625273704529 -0.2677631676197052 0.4277479350566864
1744746896.596415 -64.98707580566406 6.04216194152832 -34.279640197753906 0.02452833764255047 -0.8671202659606934 -0.2819931209087372 0.40985456109046936
1744746898.19635 -65.5802001953125 6.178354263305664 -34.79657745361328 0.036698807030916214 -0.8688241839408875 -0.28334084153175354 0.40437084436416626
1744746899.396357 -66.08125305175781 6.2888031005859375 -35.207359313964844 0.0349406860768795 -0.8650681972503662 -0.28532513976097107 0.4111274778842926
1744746900.596286 -66.61792755126953 6.384075164794922 -35.61100769042969 0.039908651262521744 -0.8588515520095825 -0.2764641344547272 0.42935875058174133
1744746901.862942 -67.25282287597656 6.484781265258789 -36.02124786376953 0.03495291993021965 -0.8475756645202637 -0.2726637125015259 0.45392540097236633
1744746903.26291 -67.97140502929688 6.593366622924805 -36.46162414550781 0.02943485789000988 -0.8421887159347534 -0.272538423538208 0.4643002152442932
1744746905.396008 -68.61614227294922 6.6857757568359375 -36.93133544921875 0.03630703315138817 -0.8569227457046509 -0.2618817389011383 0.44247400760650635
1744746907.262613 -69.24332427978516 6.83497428894043 -37.49823760986328 0.02570153959095478 -0.8797235488891602 -0.2757321298122406 0.38652005791664124
1744746908.462755 -69.71109008789062 6.966344833374023 -38.00341796875 0.021837742999196053 -0.8910539150238037 -0.28244951367378235 0.3546382188796997
1744746909.596285 -70.1866455078125 7.120090484619141 -38.527549743652344 0.021044209599494934 -0.8941968083381653 -0.2880861163139343 0.3420170247554779
1744746910.796317 -70.71743774414062 7.293174743652344 -39.085655212402344 0.015793820843100548 -0.892970085144043 -0.2902669906616211 0.3436570465564728
1744746912.196021 -71.28475189208984 7.475650787353516 -39.689903259277344 0.013060164637863636 -0.8945971131324768 -0.2899499237537384 0.3397860527038574
1744746913.595982 -71.78076171875 7.648105621337891 -40.26344299316406 0.016720561310648918 -0.8975401520729065 -0.2923465073108673 0.3296597898006439
1744746914.862636 -72.19419860839844 7.834827423095703 -40.844703674316406 0.01922435872256756 -0.9081738591194153 -0.30146658420562744 0.2897733151912689
1744746916.395961 -72.39897918701172 8.052730560302734 -41.506622314453125 0.02049877867102623 -0.9374754428863525 -0.31339895725250244 0.15000250935554504
1744746917.795674 -72.38375854492188 8.281679153442383 -42.258060455322266 0.022957688197493553 -0.9499266743659973 -0.31155920028686523 0.006576233543455601
1744746918.995837 -72.27706909179688 8.547627449035645 -42.990943908691406 0.022502562031149864 -0.9427844285964966 -0.325238436460495 -0.06979396939277649
1744746920.395783 -72.14221954345703 8.793861389160156 -43.63175964355469 0.015214409679174423 -0.9352441430091858 -0.33571121096611023 -0.1112879067659378
1744746921.862442 -72.00785064697266 9.066452026367188 -44.34980010986328 0.005684998817741871 -0.9359375238418579 -0.3356369137763977 -0.10647296160459518
1744746923.129048 -71.93429565429688 9.321504592895508 -45.082881927490234 0.00976327620446682 -0.9427424669265747 -0.3272489607334137 -0.0636356845498085
1744746924.329019 -71.88167572021484 9.560375213623047 -45.73497772216797 0.022444693371653557 -0.9440011382102966 -0.32667413353919983 -0.040523089468479156
1744746926.928955 -71.73865509033203 9.820328712463379 -46.484954833984375 0.02952195145189762 -0.9412460327148438 -0.32181888818740845 -0.09806680679321289
1744746928.928918 -71.47761535644531 9.941131591796875 -46.816768646240234 0.026885950937867165 -0.9225343465805054 -0.3177845776081085 -0.2173030972480774
1744746930.328694 -70.95694732666016 10.171833038330078 -47.37956237792969 0.027972571551799774 -0.8859555721282959 -0.31675273180007935 -0.33759135007858276
1744746932.128635 -70.3859634399414 10.34901237487793 -47.8394660949707 0.01736203394830227 -0.8554447889328003 -0.3000909090042114 -0.4217323958873749
1744746944.528302 -69.79159545898438 10.508665084838867 -48.22108459472656 0.015361595898866653 -0.8383730053901672 -0.2973094880580902 -0.45662006735801697
1744746951.928121 -69.68203735351562 10.651691436767578 -48.593265533447266 0.017509933561086655 -0.9079903364181519 -0.3175657391548157 -0.27276167273521423
1744746952.728116 -69.77743530273438 10.75436019897461 -48.91397476196289 0.019047720357775688 -0.9419883489608765 -0.3220522105693817 -0.09261546283960342
1744746954.128241 -69.92021179199219 10.891744613647461 -49.32680130004883 0.02036835066974163 -0.9439539313316345 -0.32210418581962585 0.06917432695627213
1744746968.461179 -69.92400360107422 11.160223960876465 -50.0747184753418 0.017060289159417152 -0.9381609559059143 -0.32962390780448914 -0.1044563502073288
1744746969.261201 -69.63092041015625 11.28663158416748 -50.38872528076172 0.013614698313176632 -0.9054376482963562 -0.3251166045665741 -0.2725740671157837
1744746970.327647 -69.00393676757812 11.511066436767578 -50.89950180053711 0.012395274825394154 -0.8627660274505615 -0.3196355998516083 -0.39155372977256775
1744746971.127788 -68.4411849975586 11.709147453308105 -51.345489501953125 0.009177858941257 -0.8496496081352234 -0.3140738010406494 -0.4235197603702545
1744746973.727784 -67.79507446289062 11.937883377075195 -51.86769104003906 0.00834401324391365 -0.8563458919525146 -0.3153734505176544 -0.4088296890258789
1744746975.12751 -67.43082427978516 12.213289260864258 -52.5009880065918 0.015674946829676628 -0.8959568738937378 -0.33399948477745056 -0.29233548045158386
1744746977.327453 -67.17596435546875 12.47428035736084 -53.12138366699219 0.0138594014570117 -0.9121243357658386 -0.340327650308609 -0.2280663102865219
1744746986.927196 -66.8165054321289 12.747855186462402 -53.78473663330078 0.004894729238003492 -0.9078013300895691 -0.3364045023918152 -0.2504095733165741
1744746988.127344 -66.44677734375 12.897147178649902 -54.09075927734375 -0.0004221285053063184 -0.8657554388046265 -0.33503180742263794 -0.37178099155426025
1744746989.260473 -65.90080261230469 13.080493927001953 -54.51252746582031 -0.003766852430999279 -0.8496242761611938 -0.3232400715351105 -0.4167017340660095
1744746990.127133 -65.27798461914062 13.29505729675293 -54.96067810058594 -0.003151563461869955 -0.8379836082458496 -0.3227984309196472 -0.43997111916542053
1744746990.860632 -64.73855590820312 13.462067604064941 -55.33562469482422 -0.0036590020172297955 -0.8332127332687378 -0.3176492750644684 -0.4525948166847229
1744746991.660609 -64.10990905761719 13.653873443603516 -55.732322692871094 0.0009175721788778901 -0.8256124258041382 -0.31729307770729065 -0.46657097339630127
1744746992.460403 -63.45915985107422 13.83379077911377 -56.11166000366211 0.0014393201563507318 -0.8194472789764404 -0.3114895224571228 -0.4811220169067383
1744746993.26057 -62.780086517333984 14.021723747253418 -56.48920440673828 0.003981352783739567 -0.8138850927352905 -0.3141227066516876 -0.48877620697021484
1744746994.06058 -62.19017028808594 14.185100555419922 -56.844268798828125 0.003847719170153141 -0.8213415145874023 -0.3119058907032013 -0.47759607434272766
1744746994.86036 -61.555809020996094 14.394774436950684 -57.284698486328125 0.007389817386865616 -0.8337686657905579 -0.3199009895324707 -0.4499317705631256
1744746995.660468 -61.003196716308594 14.592766761779785 -57.69451141357422 0.012920418754220009 -0.8390188217163086 -0.321893572807312 -0.4384802579879761
1744746996.460478 -60.492828369140625 14.765300750732422 -58.08251190185547 0.009732170030474663 -0.8427990674972534 -0.3146008849143982 -0.4366019666194916
1744746997.260262 -59.980735778808594 14.957411766052246 -58.47329330444336 0.011011783964931965 -0.8415138721466064 -0.3219764232635498 -0.43366387486457825
1744746998.060514 -59.48628234863281 15.126930236816406 -58.85429382324219 0.010831164196133614 -0.8442778587341309 -0.3174852728843689 -0.43160247802734375
1744746999.127048 -58.826446533203125 15.373401641845703 -59.36556625366211 0.013928753323853016 -0.8427857756614685 -0.32385963201522827 -0.42968958616256714
1744747002.193479 -58.35591125488281 15.44819450378418 -59.48942565917969 0.004240103531628847 -0.7650864720344543 -0.2956595718860626 -0.5720227956771851
1744747003.460283 -57.957740783691406 15.418743133544922 -59.353153228759766 -0.0023776583839207888 -0.6226163506507874 -0.24880725145339966 -0.7419151663780212
1744747004.793412 -57.27569580078125 15.520721435546875 -59.46483612060547 0.014697397127747536 -0.7144804000854492 -0.2815566956996918 -0.6403339505195618
1744747005.393565 -56.99226379394531 15.652368545532227 -59.76227569580078 0.02705882303416729 -0.8327023983001709 -0.3094509243965149 -0.458382785320282
1744747006.193539 -56.4981689453125 15.860827445983887 -60.20393371582031 0.029695408418774605 -0.8521001935005188 -0.3155697286128998 -0.4164845049381256
1744747006.793338 -56.012916564941406 16.073637008666992 -60.65998077392578 0.03089900314807892 -0.8611636161804199 -0.3184581398963928 -0.3950023949146271
1744747007.393342 -55.53770446777344 16.295730590820312 -61.11420822143555 0.0313846617937088 -0.8615289330482483 -0.32575523853302 -0.3881577253341675
1744747007.993482 -55.073875427246094 16.500478744506836 -61.57699966430664 0.026526253670454025 -0.8661847114562988 -0.3226813077926636 -0.3806536793708801
1744747008.66013 -54.567771911621094 16.733051300048828 -62.093482971191406 0.02470421977341175 -0.8687720894813538 -0.3231534957885742 -0.3744283616542816
1744747009.393308 -54.0244140625 16.991207122802734 -62.65696716308594 0.02537970058619976 -0.8700399994850159 -0.3269049823284149 -0.36812978982925415
1744747009.993265 -53.56610107421875 17.202072143554688 -63.11838912963867 0.02459133043885231 -0.8688355088233948 -0.32623395323753357 -0.3716067969799042
1744747010.793407 -52.943016052246094 17.463144302368164 -63.63357162475586 0.02070101536810398 -0.8442737460136414 -0.32715779542922974 -0.42395883798599243
1744747011.46007 -52.40672302246094 17.664636611938477 -64.04246520996094 0.017971720546483994 -0.8427242040634155 -0.3242787718772888 -0.42934396862983704
1744747012.059921 -51.88810729980469 17.84931182861328 -64.4421157836914 0.01584184542298317 -0.8426857590675354 -0.32241567969322205 -0.4309035539627075
1744747012.659903 -51.348243713378906 18.055599212646484 -64.85936737060547 0.01678176037967205 -0.840923547744751 -0.32468682527542114 -0.4326019883155823
1744747013.193352 -50.87810516357422 18.2358455657959 -65.21405029296875 0.01569804921746254 -0.8398066759109497 -0.32657283544540405 -0.4333919584751129
1744747013.660099 -50.45983123779297 18.39444923400879 -65.53801727294922 0.014207015745341778 -0.8398555517196655 -0.32637888193130493 -0.43349459767341614
1744747014.193145 -50.00091552734375 18.56688117980957 -65.883056640625 0.013204711489379406 -0.8399015069007874 -0.32608550786972046 -0.4336581528186798
1744747014.793335 -49.48877716064453 18.768047332763672 -66.26648712158203 0.01580102927982807 -0.8379938006401062 -0.32961469888687134 -0.4345928728580475
1744747015.593289 -48.865394592285156 18.998640060424805 -66.73674011230469 0.01243840903043747 -0.838126540184021 -0.3270394206047058 -0.43638789653778076
1744747016.25994 -48.33592987060547 19.208112716674805 -67.1278305053711 0.016289614140987396 -0.8349758982658386 -0.3342477083206177 -0.43683916330337524
1744747016.993084 -47.7760009765625 19.408140182495117 -67.53388214111328 0.013922251760959625 -0.8345803618431091 -0.3279988765716553 -0.4423784017562866
1744747017.859745 -47.106536865234375 19.651464462280273 -67.9901123046875 0.017412908375263214 -0.8313069343566895 -0.32835838198661804 -0.4481143057346344
1744747018.459924 -46.618682861328125 19.821937561035156 -68.30078125 0.018011534586548805 -0.8248232007026672 -0.3262872099876404 -0.46138814091682434
1744747019.193016 -46.015174865722656 20.010807037353516 -68.63921356201172 0.01952604576945305 -0.8140237331390381 -0.32190072536468506 -0.48307761549949646
1744747019.993037 -45.336273193359375 20.20816421508789 -68.96104431152344 0.02134472317993641 -0.7974173426628113 -0.315083384513855 -0.5141911506652832
1744747020.859826 -44.56749725341797 20.389755249023438 -69.2537841796875 0.02105533890426159 -0.7752411365509033 -0.30529990792274475 -0.5525847673416138
1744747021.659807 -43.86128616333008 20.53148651123047 -69.43797302246094 0.021274026483297348 -0.744414210319519 -0.2956656515598297 -0.5983116626739502
1744747022.39298 -43.18523025512695 20.630054473876953 -69.52975463867188 0.020617086440324783 -0.7101951837539673 -0.28374752402305603 -0.6439605355262756
1744747023.193304 -42.42871856689453 20.71682357788086 -69.54438781738281 0.02110036462545395 -0.6751041412353516 -0.27639734745025635 -0.6836620569229126
1744747023.993089 -41.61711120605469 20.778501510620117 -69.52772521972656 0.01647294871509075 -0.6555773019790649 -0.2636035978794098 -0.7074321508407593
1744747024.792879 -40.81959533691406 20.79974365234375 -69.46139526367188 0.010384924709796906 -0.6421670317649841 -0.24195300042629242 -0.7273048758506775
1744747025.392924 -40.14994812011719 20.818254470825195 -69.39517211914062 0.01323780044913292 -0.6349544525146484 -0.23645637929439545 -0.7353543043136597
1744747026.19301 -39.33258819580078 20.82168960571289 -69.30952453613281 0.0041445340029895306 -0.6208207607269287 -0.23471401631832123 -0.7479798197746277
1744747026.992828 -38.568397521972656 20.832643508911133 -69.14561462402344 0.010767586529254913 -0.5808291435241699 -0.2372530996799469 -0.7786094546318054
1744747027.792995 -37.9001350402832 20.800691604614258 -68.89454650878906 0.011556151323020458 -0.5178064107894897 -0.22253161668777466 -0.8259677886962891
1744747028.592974 -37.254051208496094 20.734956741333008 -68.4998550415039 0.012117648497223854 -0.44186466932296753 -0.2048955112695694 -0.8732850551605225
1744747029.392753 -36.67188262939453 20.62676429748535 -68.11144256591797 -0.0037723458372056484 -0.4191371500492096 -0.18998335301876068 -0.8878154158592224
1744747033.059491 -35.99439239501953 20.495933532714844 -67.6953125 -0.013624127954244614 -0.42847931385040283 -0.1876170039176941 -0.88375324010849
1744747034.793271 -35.371009826660156 20.39378547668457 -67.25454711914062 -0.003552583744749427 -0.40582510828971863 -0.18946008384227753 -0.8940907716751099
1744747035.992762 -34.86310577392578 20.257408142089844 -66.85216522216797 -0.018204445019364357 -0.3830593228340149 -0.17261716723442078 -0.907269299030304
1744747037.259214 -34.261962890625 20.118192672729492 -66.37279510498047 -0.007823724299669266 -0.3901151716709137 -0.174077108502388 -0.904127299785614
1744747038.79272 -33.61000442504883 20.008865356445312 -65.9175796508789 0.002714678179472685 -0.4064745604991913 -0.18966972827911377 -0.8937541842460632
1744747040.12582 -32.93255615234375 19.918371200561523 -65.5342788696289 -0.0031419938895851374 -0.4387872815132141 -0.19969947636127472 -0.8761141300201416
1744747041.525974 -32.18281173706055 19.844314575195312 -65.11003112792969 0.00987230148166418 -0.4460068643093109 -0.20898374915122986 -0.870233416557312
1744747042.592417 -31.603553771972656 19.79026985168457 -64.78984832763672 0.011777727864682674 -0.45304855704307556 -0.21234646439552307 -0.8657466769218445
1744747043.792562 -30.954559326171875 19.73511505126953 -64.43231964111328 0.015032603405416012 -0.45388808846473694 -0.21322596073150635 -0.865040123462677
1744747045.125693 -30.300106048583984 19.654296875 -64.03208923339844 0.009612969122827053 -0.43735381960868835 -0.20411400496959686 -0.8757663369178772
1744747046.392533 -29.68219757080078 19.569978713989258 -63.594810485839844 0.011148564517498016 -0.40996450185775757 -0.19910427927970886 -0.8900350332260132
1744747047.725621 -29.062061309814453 19.471328735351562 -63.13285827636719 0.006225898861885071 -0.38690006732940674 -0.19222205877304077 -0.9018427729606628
1744747049.192418 -28.399988174438477 19.35840606689453 -62.61608123779297 0.0069817956537008286 -0.3820502758026123 -0.19417397677898407 -0.903485119342804
1744747050.525556 -27.799392700195312 19.263633728027344 -62.1712646484375 0.011277423240244389 -0.39671534299850464 -0.19845996797084808 -0.8961604237556458
1744747051.925497 -27.071901321411133 19.17296028137207 -61.71670150756836 0.01062295213341713 -0.4232378602027893 -0.20436899363994598 -0.8826042413711548
1744747053.125649 -26.446147918701172 19.10988998413086 -61.364158630371094 0.011454290710389614 -0.4430999159812927 -0.21155589818954468 -0.8710771203041077
1744747054.525455 -25.678085327148438 19.054523468017578 -60.967281341552734 0.011583685874938965 -0.4552993178367615 -0.21462903916835785 -0.8640038967132568
1744747055.792209 -25.022777557373047 18.992935180664062 -60.5948486328125 0.010037203319370747 -0.45134106278419495 -0.21255727112293243 -0.8666083216667175
1744747057.125366 -24.364948272705078 18.914409637451172 -60.18185043334961 0.008460016921162605 -0.42645251750946045 -0.20597243309020996 -0.8807053565979004
1744747058.725487 -23.713069915771484 18.78216552734375 -59.614501953125 0.004475530702620745 -0.36203184723854065 -0.18286556005477905 -0.9140422344207764
1744747060.125303 -23.19524383544922 18.614511489868164 -58.991477966308594 0.004235535394400358 -0.2969858944416046 -0.15816450119018555 -0.9416822791099548
1744747061.925267 -22.73076820373535 18.43277359008789 -58.33226776123047 0.006916250567883253 -0.26373806595802307 -0.14102406799793243 -0.9542047381401062
1744747064.125358 -22.258394241333008 18.226356506347656 -57.615577697753906 0.005345103796571493 -0.23961761593818665 -0.12875895202159882 -0.9622764587402344
1744747066.525372 -21.793472290039062 18.046092987060547 -56.9342155456543 0.011764253489673138 -0.2549711763858795 -0.13538408279418945 -0.957351803779602
1744747068.925224 -21.23542022705078 17.914159774780273 -56.430686950683594 0.009372403845191002 -0.35514429211616516 -0.16061416268348694 -0.9208625555038452
1744747070.125204 -20.627412796020508 17.85712432861328 -56.09123229980469 0.01999773643910885 -0.44031354784965515 -0.18783080577850342 -0.8777492642402649
1744747071.391998 -19.949527740478516 17.812599182128906 -55.776222229003906 0.02091556414961815 -0.47644540667533875 -0.20121923089027405 -0.8556127548217773
1744747073.52799 -19.21497344970703 17.75050163269043 -55.43113708496094 0.014584149233996868 -0.4712927043437958 -0.1989525705575943 -0.8591207265853882
1744747075.458237 -18.531110763549805 17.680261611938477 -55.01848220825195 0.014258060604333878 -0.4358096122741699 -0.1914413571357727 -0.8793275952339172
1744747077.258171 -17.920860290527344 17.551088333129883 -54.483306884765625 0.011123234406113625 -0.35061800479888916 -0.1661943793296814 -0.9215871095657349
1744747078.458286 -17.48197364807129 17.40330696105957 -53.918426513671875 0.009957151487469673 -0.29199838638305664 -0.1466132253408432 -0.9450621604919434
1744747080.058109 -17.025217056274414 17.209331512451172 -53.25969696044922 0.006080624181777239 -0.25666213035583496 -0.1326056569814682 -0.9573417901992798
1744747081.724895 -16.5939998626709 17.035390853881836 -52.6470947265625 0.006677495315670967 -0.25876784324645996 -0.13287873566150665 -0.9567329287528992
1744747083.324738 -16.115760803222656 16.886112213134766 -52.07793045043945 0.007180704735219479 -0.2914649546146393 -0.14220599830150604 -0.9459250569343567
1744747084.657979 -15.576128959655762 16.75769805908203 -51.58879470825195 0.008724819868803024 -0.3432072699069977 -0.159437894821167 -0.92558753490448
1744747085.924763 -14.990151405334473 16.656518936157227 -51.17084503173828 0.008727004751563072 -0.3907577693462372 -0.17253518104553223 -0.9041370749473572
1744747087.258361 -14.405373573303223 16.574874877929688 -50.77503204345703 0.013177335262298584 -0.4085189402103424 -0.17836453020572662 -0.8950557708740234
1744747088.9247 -13.737589836120605 16.464693069458008 -50.295372009277344 0.010711411014199257 -0.4021887183189392 -0.1747000366449356 -0.8986709117889404
1744747090.657834 -13.102082252502441 16.334489822387695 -49.76206970214844 0.01259094662964344 -0.3686947226524353 -0.1646682173013687 -0.9147623181343079
1744747091.92444 -12.624063491821289 16.201107025146484 -49.250709533691406 0.011755579151213169 -0.32621392607688904 -0.14982546865940094 -0.9332731366157532
1744747093.257773 -12.136556625366211 16.026378631591797 -48.634788513183594 0.009888840839266777 -0.28556445240974426 -0.13438118994235992 -0.9488397836685181
1744747094.65816 -11.723419189453125 15.849960327148438 -48.022926330566406 0.005724471528083086 -0.2592802047729492 -0.12640972435474396 -0.9574767351150513
1744747096.257836 -11.251697540283203 15.66785717010498 -47.41949462890625 0.004231289494782686 -0.26810675859451294 -0.13337008655071259 -0.954103410243988
1744747097.857657 -10.700153350830078 15.500104904174805 -46.79655838012695 0.009993378072977066 -0.2951594591140747 -0.14856182038784027 -0.9437745809555054
1744747099.257895 -10.102302551269531 15.352336883544922 -46.18697738647461 0.010304054245352745 -0.32176437973976135 -0.16049323976039886 -0.9330613017082214
1744747100.924257 -9.553439140319824 15.20747184753418 -45.62467956542969 0.006491072475910187 -0.3291141986846924 -0.15835581719875336 -0.9308948516845703
1744747102.657787 -9.05025577545166 15.056309700012207 -45.0664176940918 0.006805536802858114 -0.31299889087677 -0.150165855884552 -0.9377822875976562
1744747104.45764 -8.54670524597168 14.878528594970703 -44.454341888427734 0.005050853826105595 -0.28992927074432373 -0.13585227727890015 -0.9473434686660767
1744747106.057471 -8.189105033874512 14.693135261535645 -43.8360710144043 0.005270388908684254 -0.20842298865318298 -0.10727090388536453 -0.9721239805221558
1744747107.457386 -7.9416985511779785 14.466146469116211 -43.109771728515625 0.006841761991381645 -0.14797934889793396 -0.0837237760424614 -0.9854165315628052
1744747109.057527 -7.6898722648620605 14.235907554626465 -42.3841438293457 0.005451963748782873 -0.14036743342876434 -0.07951304316520691 -0.9868865609169006
1744747110.657482 -7.329955101013184 14.011473655700684 -41.644840240478516 0.006970253307372332 -0.18928414583206177 -0.09728217869997025 -0.9770665764808655
1744747112.190706 -6.841379165649414 13.81395149230957 -40.959861755371094 0.009587827138602734 -0.261098712682724 -0.1216266080737114 -0.9575712084770203
1744747115.39051 -6.259325981140137 13.708211898803711 -40.537925720214844 0.009585623629391193 -0.38491272926330566 -0.16140195727348328 -0.908680260181427
1744747117.590453 -5.78521728515625 13.728214263916016 -40.518802642822266 0.013025495223701 -0.5474675297737122 -0.2129971832036972 -0.8091611266136169
1744747123.590343 -5.289475440979004 13.674529075622559 -40.26725387573242 0.01362282782793045 -0.4826958179473877 -0.19457095861434937 -0.8537923693656921
1744747124.19044 -5.18637228012085 13.590583801269531 -39.992252349853516 0.010499894618988037 -0.3461374342441559 -0.15197671949863434 -0.9257330894470215
1744747124.857098 -5.173017978668213 13.462082862854004 -39.60881423950195 0.0036932616494596004 -0.1646428406238556 -0.09235933423042297 -0.9820126891136169
1744747125.456926 -5.171632289886475 13.316936492919922 -39.17657470703125 0.002597944810986519 -0.05557730048894882 -0.05591706186532974 -0.9968839883804321
1744747126.190249 -5.1327805519104 13.109748840332031 -38.523006439208984 0.007399148307740688 -0.022303763777017593 -0.04402923956513405 -0.9987539052963257
1744747126.990374 -5.108571529388428 12.87075138092041 -37.79500198364258 0.004173205699771643 0.004829793702811003 -0.036484699696302414 -0.9993138313293457
1744747127.990209 -5.066309452056885 12.588157653808594 -36.9442024230957 0.0029698070138692856 -0.014328323304653168 -0.04273739457130432 -0.9989792108535767
1744747129.590303 -4.929704666137695 12.329748153686523 -36.14815139770508 0.005154496058821678 -0.0685211569070816 -0.059859566390514374 -0.9958389401435852
1744747131.59024 -4.637239456176758 12.225128173828125 -35.77497482299805 0.008276260457932949 -0.20531798899173737 -0.10447109490633011 -0.9730682969093323
1744747132.590097 -4.265221118927002 12.147639274597168 -35.48417663574219 0.010996951721608639 -0.34078294038772583 -0.1488810032606125 -0.9282136559486389
1744747134.590199 -3.580726146697998 12.034745216369629 -35.01152038574219 0.016214519739151 -0.3762294054031372 -0.15921632945537567 -0.912600040435791
1744747135.390013 -3.5832529067993164 11.912507057189941 -34.65475082397461 0.009394248947501183 -0.1920064240694046 -0.09689729660749435 -0.9765532612800598
1744747136.456784 -3.585559368133545 11.676070213317871 -33.96321487426758 0.0020125943701714277 -0.07025511562824249 -0.05551128834486008 -0.9959812760353088
1744747137.256622 -3.5792694091796875 11.432882308959961 -33.23663330078125 0.001989280804991722 -0.0001444002118660137 -0.032632384449243546 -0.9994654059410095
1744747137.989931 -3.5842132568359375 11.177614212036133 -32.50825119018555 0.0010910590644925833 0.011090307496488094 -0.02728562243282795 -0.999565601348877
1744747138.789916 -3.5565288066864014 10.90144157409668 -31.68695068359375 0.0028771657962352037 -0.010476871393620968 -0.035123471170663834 -0.9993239641189575
1744747141.18998 -3.4822144508361816 10.649551391601562 -30.939138412475586 0.0014558706898242235 -0.06516896933317184 -0.05485895276069641 -0.9963641166687012
1744747142.189975 -3.1697185039520264 10.574718475341797 -30.672496795654297 0.010855061002075672 -0.26116323471069336 -0.11983120441436768 -0.9577663540840149
1744747142.856475 -2.8929758071899414 10.59815502166748 -30.707672119140625 0.014476343058049679 -0.45763716101646423 -0.18311384320259094 -0.8699586391448975
1744747144.789735 -2.412687301635742 10.621706008911133 -30.715974807739258 0.01267302967607975 -0.5748514533042908 -0.21457086503505707 -0.7895217537879944
1744747146.456408 -2.0499401092529297 10.552827835083008 -30.455703735351562 0.011327888816595078 -0.48463597893714905 -0.186162069439888 -0.8546013236045837
1744747147.189863 -1.733750343322754 10.45787239074707 -30.11191749572754 0.009132594801485538 -0.38488438725471497 -0.15409335494041443 -0.9099647998809814
1744747147.656513 -1.6219264268875122 10.343109130859375 -29.747520446777344 0.008298343047499657 -0.2314976304769516 -0.10414712876081467 -0.9672091007232666
1744747148.056334 -1.6625334024429321 10.237998962402344 -29.433713912963867 0.00450957240536809 -0.07617456465959549 -0.052763644605875015 -0.9956873059272766
1744747148.589674 -1.6953107118606567 10.090873718261719 -29.00198745727539 0.002136464463546872 0.0036171115934848785 -0.024839747697114944 -0.9996826648712158
1744747149.189776 -1.7393889427185059 9.899983406066895 -28.44837760925293 0.0010492288274690509 0.03448985144495964 -0.014325402677059174 -0.9993019104003906
1744747149.856268 -1.8178942203521729 9.681077003479004 -27.81327247619629 0.0009857305558398366 0.05902688577771187 -0.004549670498818159 -0.9982455372810364
1744747150.589612 -1.8658902645111084 9.43685531616211 -27.092103958129883 0.0020121256820857525 0.04701157659292221 -0.00894624087959528 -0.9988522529602051
1744747151.389625 -1.8622190952301025 9.18238639831543 -26.350719451904297 6.711058085784316e-05 0.00990875530987978 -0.02130080573260784 -0.9997240304946899
1744747152.189723 -1.7828397750854492 8.92978572845459 -25.6015625 -0.00022703832655679435 -0.027647271752357483 -0.03240477293729782 -0.9990923404693604
1744747152.923047 -1.7355748414993286 8.678633689880371 -24.867725372314453 -0.0007208207971416414 -0.020531855523586273 -0.028879981487989426 -0.9993717670440674
1744747153.789528 -1.6731020212173462 8.3663969039917 -23.97556495666504 -0.006545491516590118 -0.018624434247612953 -0.026875456795096397 -0.9994438886642456
1744747154.522981 -1.6261590719223022 8.109029769897461 -23.23599624633789 -0.0011178129352629185 -0.017382318153977394 -0.02636910229921341 -0.999500572681427
1744747155.322795 -1.5830172300338745 7.834177017211914 -22.427141189575195 0.0007527499692514539 -0.01722737029194832 -0.025958914309740067 -0.9995142817497253
1744747156.056136 -1.5185753107070923 7.570121765136719 -21.681995391845703 0.0008914378704503179 -0.02838447131216526 -0.02807500958442688 -0.9992023706436157
1744747156.922916 -1.3866181373596191 7.266234397888184 -20.809850692749023 -0.0011710583930835128 -0.05152812600135803 -0.03837781026959419 -0.9979332089424133
1744747157.522794 -1.3122060298919678 7.055160045623779 -20.195280075073242 -0.001730987336486578 -0.04356703907251358 -0.03559267148375511 -0.9984148740768433
1744747158.122742 -1.2653740644454956 6.8467936515808105 -19.585264205932617 -0.0011831156443804502 -0.024383751675486565 -0.029113037511706352 -0.9992779493331909
1744747158.722721 -1.2230725288391113 6.631978988647461 -18.966320037841797 -0.004267431329935789 -0.023048972710967064 -0.029410725459456444 -0.9992926120758057
1744747159.52289 -1.1672015190124512 6.359749794006348 -18.118606567382812 0.004054446239024401 -0.022497287020087242 -0.02806967869400978 -0.9993445873260498
1744747160.3229 -1.0778024196624756 6.064486503601074 -17.315383911132812 -0.004846764728426933 -0.03641194477677345 -0.034524545073509216 -0.9987285733222961
1744747160.922689 -1.0078643560409546 5.856065273284912 -16.696666717529297 -4.85277378174942e-05 -0.038017142564058304 -0.03667694330215454 -0.9986038208007812
1744747161.522657 -0.9299423694610596 5.650123119354248 -16.08247184753418 0.0007182484259828925 -0.0386311374604702 -0.03789636492729187 -0.9985344409942627
1744747162.122823 -0.859386682510376 5.447694301605225 -15.462066650390625 0.0038237227126955986 -0.04010780528187752 -0.03768031671643257 -0.9984773397445679
1744747162.722598 -0.8041853308677673 5.233120441436768 -14.857824325561523 -0.0004679461708292365 -0.03697632625699043 -0.03615092858672142 -0.9986619353294373
1744747163.322599 -0.736502468585968 5.026069164276123 -14.23798656463623 -0.001138214603997767 -0.037424396723508835 -0.036536913365125656 -0.9986306428909302
1744747163.922594 -0.6727267503738403 4.823009014129639 -13.617857933044434 0.0038909167051315308 -0.038464393466711044 -0.03642277792096138 -0.9985883831977844
1744747164.72276 -0.5856125354766846 4.555696964263916 -12.809335708618164 0.0019187263678759336 -0.03836673125624657 -0.03813068941235542 -0.9985342025756836
1744747165.322937 -0.5164809823036194 4.353267192840576 -12.209244728088379 -0.0012144171632826328 -0.037804413586854935 -0.04163835942745209 -0.998416543006897
1744747165.989193 -0.4552578032016754 4.135329723358154 -11.55025577545166 0.003514443524181843 -0.028316814452409744 -0.039373066276311874 -0.9988170862197876
1744747166.589203 -0.39570969343185425 3.930386543273926 -10.937902450561523 0.0015682508237659931 -0.023739567026495934 -0.0402289517223835 -0.9989072680473328
1744747167.122652 -0.35991331934928894 3.7456681728363037 -10.398825645446777 0.0018984890775755048 -0.02238950878381729 -0.041047316044569016 -0.9989045858383179
1744747167.722748 -0.3098365366458893 3.536142349243164 -9.800814628601074 0.0004617773520294577 -0.022478941828012466 -0.041505422443151474 -0.9988853335380554
1744747168.322469 -0.2698516845703125 3.333399534225464 -9.209343910217285 6.1876664403826e-05 -0.02086745575070381 -0.04166354238986969 -0.9989137649536133
1744747168.922465 -0.22527745366096497 3.123380184173584 -8.619963645935059 -0.0035810989793390036 -0.02032758854329586 -0.04130546376109123 -0.9989334344863892
1744747169.7226 -0.1525413990020752 2.8397586345672607 -7.801679611206055 -0.0018529418157413602 -0.018870096653699875 -0.03978530317544937 -0.9990283250808716
1744747170.32246 -0.10028364509344101 2.61897873878479 -7.1733317375183105 -0.005123247392475605 -0.019032275304198265 -0.0406828299164772 -0.9989776611328125
1744747170.989284 -0.02226077951490879 2.3891799449920654 -6.499422073364258 -0.0019037331221625209 -0.02611493691802025 -0.04548335447907448 -0.9986218810081482
1744747171.722398 0.047779157757759094 2.1248490810394287 -5.7394585609436035 -0.004079233855009079 -0.025188127532601357 -0.04750974848866463 -0.9985448122024536
1744747172.322517 0.1129116490483284 1.9110480546951294 -5.093984603881836 -0.0012298122746869922 -0.025339733809232712 -0.04808979108929634 -0.9985207915306091
1744747172.989206 0.18708747625350952 1.6615321636199951 -4.368274688720703 -0.0036492827348411083 -0.025739990174770355 -0.048730555921792984 -0.998473584651947
1744747173.72234 0.23963768780231476 1.3929312229156494 -3.594179630279541 -0.002213509986177087 -0.025488542392849922 -0.045787274837493896 -0.9986235499382019
1744747174.32234 0.25398489832878113 1.158326506614685 -2.9563493728637695 -0.004725706297904253 -0.0037537086755037308 -0.036335233598947525 -0.999321460723877
1744747175.122293 0.29910415410995483 0.8553214073181152 -2.1284124851226807 -0.006898590363562107 -0.008805900812149048 -0.03462143987417221 -0.999337911605835
1744747175.922285 0.368850439786911 0.5849277973175049 -1.3426785469055176 -0.003812404815107584 -0.02578234300017357 -0.03807873651385307 -0.998934805393219
1744747176.722278 0.3972987234592438 0.3557472229003906 -0.6967978477478027 -0.006858067121356726 -0.01320062018930912 -0.030444396659731865 -0.9994258284568787
1744747177.722193 0.42542511224746704 0.10105333477258682 0.046084459871053696 -0.0060182735323905945 -0.008480876684188843 -0.026651082560420036 -0.9995907545089722
1744747178.188875 0.43593576550483704 -0.0006055139820091426 0.35661301016807556 0.0009391178609803319 -0.004859383683651686 -0.0251438170671463 -0.9996715784072876
1744747178.589312 0.44104018807411194 -0.03664666414260864 0.4234808087348938 -0.008390529081225395 -0.00829615443944931 -0.02580590546131134 -0.9995973110198975
