1748443579.992992 -0.0 -0.0 -0.0 -0.0 -0.0 -0.0 1.0
1748443581.259884 -0.0010442485800012946 -0.04110581800341606 0.0823298990726471 0.008348608389496803 -0.0023814712185412645 -0.001074311905540526 0.999961793422699
1748443582.926262 -0.03900407999753952 -0.2882515490055084 0.805873692035675 0.003951144404709339 -0.029610540717840195 -0.012306972406804562 0.9994779825210571
1748443584.19288 -0.13340556621551514 -0.5366181135177612 1.506510615348816 0.011558429338037968 -0.05555494502186775 -0.02344256453216076 0.9981135129928589
1748443584.992884 -0.1977517157793045 -0.7604029178619385 2.1234843730926514 0.012426875531673431 -0.055970679968595505 -0.02221870981156826 0.9981078505516052
1748443585.792852 -0.31592318415641785 -1.0364656448364258 2.8669443130493164 0.0181281641125679 -0.06470678746700287 -0.02667105570435524 0.997383177280426
1748443586.392916 -0.407667875289917 -1.2965035438537598 3.6123287677764893 0.01318511925637722 -0.06414619088172913 -0.024837473407387733 0.9975442886352539
1748443586.992781 -0.5068038702011108 -1.5556975603103638 4.325751304626465 0.012686491012573242 -0.06314324587583542 -0.024902254343032837 0.9976130723953247
1748443587.59302 -0.5924010276794434 -1.7863081693649292 4.9613423347473145 0.013535508885979652 -0.06310301274061203 -0.023353546857833862 0.9976419806480408
1748443588.32628 -0.6863314509391785 -2.054150104522705 5.668318271636963 0.020137308165431023 -0.06364665925502777 -0.023378770798444748 0.9974954128265381
1748443588.926189 -0.7559906244277954 -2.3363583087921143 6.42547607421875 0.016615306958556175 -0.05304466933012009 -0.01991022750735283 0.9982553720474243
1748443589.526248 -0.8376695513725281 -2.6095499992370605 7.185354232788086 0.019091583788394928 -0.04918599873781204 -0.01976260170340538 0.9984115958213806
1748443590.192948 -0.930587649345398 -2.8923702239990234 7.963145732879639 0.014830793254077435 -0.06400664150714874 -0.024733440950512886 0.9975327849388123
1748443590.99282 -1.0662357807159424 -3.16568922996521 8.682372093200684 0.018369192257523537 -0.09282578527927399 -0.03401774913072586 0.9949315190315247
1748443591.792844 -1.2712687253952026 -3.412670135498047 9.371953964233398 0.016278622671961784 -0.12912505865097046 -0.04670722037553787 0.9903939962387085
1748443592.59285 -1.537268042564392 -3.643609046936035 9.992252349853516 0.020142242312431335 -0.17877086997032166 -0.06446462869644165 0.9815700054168701
1748443593.392741 -1.895826816558838 -3.8909718990325928 10.628596305847168 0.01964479871094227 -0.23419901728630066 -0.08190596103668213 0.9685330986976624
1748443594.126096 -2.3227944374084473 -4.120513916015625 11.21544075012207 0.023202864453196526 -0.2783595025539398 -0.09690379351377487 0.9552943706512451
1748443594.926049 -2.8274502754211426 -4.363339900970459 11.754486083984375 0.03366200625896454 -0.3371120095252991 -0.11228883266448975 0.9341378808021545
1748443595.79273 -3.4536972045898438 -4.563238143920898 12.265898704528809 0.02164774388074875 -0.394915372133255 -0.1378515511751175 0.9080584645271301
1748443596.326049 -3.9780972003936768 -4.6868109703063965 12.584948539733887 0.02068566158413887 -0.44067689776420593 -0.15645834803581238 0.8836836218833923
1748443597.592686 -4.651013374328613 -4.834413051605225 12.933248519897461 0.02444419637322426 -0.4787486791610718 -0.1733131855726242 0.8603283166885376
1748443598.592594 -5.3365092277526855 -4.954019546508789 13.219240188598633 0.02844196930527687 -0.5067039132118225 -0.18169432878494263 0.842276394367218
1748443599.39261 -6.024646282196045 -5.06318473815918 13.46139144897461 0.031197166070342064 -0.5336567759513855 -0.1892356276512146 0.8236668705940247
1748443600.325927 -6.776802062988281 -5.143383979797363 13.641561508178711 0.030224213376641273 -0.5772275328636169 -0.2052263766527176 0.7897955179214478
1748443601.192545 -7.50396728515625 -5.193375110626221 13.713539123535156 0.029882948845624924 -0.6247795820236206 -0.22515982389450073 0.7470345497131348
1748443601.992571 -8.209010124206543 -5.189311981201172 13.675840377807617 0.03165283426642418 -0.668920636177063 -0.24318747222423553 0.7017144560813904
1748443602.725828 -8.914826393127441 -5.168777942657471 13.572964668273926 0.031112300232052803 -0.7048367857933044 -0.255393922328949 0.6610682010650635
1748443603.525828 -9.585576057434082 -5.135089874267578 13.393766403198242 0.03757208585739136 -0.7434961199760437 -0.26709431409835815 0.6119334697723389
1748443604.392478 -10.368210792541504 -5.005242824554443 13.13302993774414 0.03132964298129082 -0.7552365660667419 -0.30453503131866455 0.579564094543457
1748443605.192452 -10.99812126159668 -4.9407830238342285 12.804295539855957 0.056912001222372055 -0.8002369999885559 -0.2883218824863434 0.5227353572845459
1748443605.792304 -11.56385612487793 -4.860695838928223 12.470335006713867 0.05202191695570946 -0.8279543519020081 -0.28436437249183655 0.48054367303848267
1748443606.325773 -12.116402626037598 -4.734410285949707 12.091919898986816 0.03891802951693535 -0.8399431705474854 -0.2981264293193817 0.4517759382724762
1748443606.925794 -12.664669036865234 -4.614749431610107 11.673137664794922 0.03933507204055786 -0.8537355661392212 -0.29694628715515137 0.4259240925312042
1748443607.592396 -13.311166763305664 -4.450453281402588 11.139495849609375 0.03895389661192894 -0.8665403723716736 -0.2968076765537262 0.39936888217926025
1748443608.125723 -13.841524124145508 -4.32849645614624 10.69015884399414 0.04058598354458809 -0.8674110770225525 -0.29143765568733215 0.40126675367355347
1748443608.792361 -14.374107360839844 -4.185992240905762 10.179120063781738 0.03957363963127136 -0.8779851794242859 -0.29207223653793335 0.37718665599823
1748443609.392373 -14.91949462890625 -4.046438694000244 9.625289916992188 0.04499569907784462 -0.8867337107658386 -0.2833428978919983 0.36248528957366943
1748443609.992314 -15.440261840820312 -3.8902461528778076 9.04786491394043 0.04373009130358696 -0.890980064868927 -0.2888471782207489 0.34757673740386963
1748443610.592329 -15.95862102508545 -3.7339327335357666 8.469892501831055 0.03959324210882187 -0.891389012336731 -0.2889172434806824 0.34696540236473083
1748443611.192411 -16.467517852783203 -3.5673675537109375 7.867511749267578 0.04105457291007042 -0.8939721584320068 -0.2866177260875702 0.3420214354991913
1748443611.725643 -16.952472686767578 -3.4379725456237793 7.37293815612793 0.039399709552526474 -0.8893032670021057 -0.28488680720329285 0.3555656671524048
1748443612.325607 -17.481369018554688 -3.277275800704956 6.7953290939331055 0.038987696170806885 -0.8865914940834045 -0.28775882720947266 0.3600423336029053
1748443612.925636 -18.030296325683594 -3.1405887603759766 6.239758491516113 0.039021868258714676 -0.8845882415771484 -0.28369319438934326 0.3681020140647888
1748443613.525435 -18.57666015625 -2.9988672733306885 5.704958915710449 0.0380592904984951 -0.8816115856170654 -0.2850349545478821 0.37425610423088074
1748443614.192445 -19.19939422607422 -2.845442295074463 5.131711959838867 0.03741096705198288 -0.8782609701156616 -0.2844334840774536 0.3825647532939911
1748443614.792247 -19.734546661376953 -2.7125210762023926 4.645742416381836 0.03709841147065163 -0.8747589588165283 -0.2867896556854248 0.38880881667137146
1748443615.32536 -20.211597442626953 -2.5967559814453125 4.210309982299805 0.03749707341194153 -0.8742032647132874 -0.2866564393043518 0.3901161849498749
1748443615.992168 -20.80264663696289 -2.453808307647705 3.666849136352539 0.04182025045156479 -0.8754733204841614 -0.28606122732162476 0.3872552216053009
1748443616.725481 -21.371946334838867 -2.299217700958252 3.127065658569336 0.0468246191740036 -0.8765726685523987 -0.2897515892982483 0.38140782713890076
1748443617.392138 -21.965763092041016 -2.148111343383789 2.562763214111328 0.04685639590024948 -0.8782464265823364 -0.2903723120689392 0.3770564794540405
1748443617.992092 -22.487783432006836 -2.00319242477417 2.0630874633789062 0.04703360050916672 -0.8794101476669312 -0.29368776082992554 0.3717164695262909
1748443618.592121 -23.017288208007812 -1.8522891998291016 1.5235481262207031 0.04774943366646767 -0.8807656764984131 -0.29406824707984924 0.36809757351875305
1748443619.12526 -23.505615234375 -1.7193241119384766 1.033426284790039 0.05018211156129837 -0.8830530643463135 -0.2936755120754242 0.3625654876232147
1748443619.79247 -24.097322463989258 -1.564565658569336 0.4211845397949219 0.04908454790711403 -0.8867382407188416 -0.2913661599159241 0.3555161654949188
1748443620.392083 -24.600784301757812 -1.411569595336914 -0.13776016235351562 0.048187270760536194 -0.8887097239494324 -0.2921723425388336 0.35001206398010254
1748443620.992448 -25.0762939453125 -1.2710051536560059 -0.6743507385253906 0.0471099391579628 -0.8901368975639343 -0.29143330454826355 0.3471362888813019
1748443621.592022 -25.586576461791992 -1.1301422119140625 -1.2209358215332031 0.04486379027366638 -0.8896739482879639 -0.2918868064880371 0.34823787212371826
1748443622.19205 -26.061180114746094 -0.994664192199707 -1.746124267578125 0.04634510725736618 -0.8903325200080872 -0.28991758823394775 0.3480057716369629
1748443622.791862 -26.568925857543945 -0.8405580520629883 -2.311368942260742 0.04490300640463829 -0.8899537324905396 -0.2921038269996643 0.34733477234840393
1748443623.391985 -27.058956146240234 -0.6896915435791016 -2.8442726135253906 0.04437851533293724 -0.8893852233886719 -0.2942894697189331 0.3470134139060974
1748443623.991984 -27.55096435546875 -0.533055305480957 -3.3713016510009766 0.04069957509636879 -0.8893605470657349 -0.2955084443092346 0.3464912176132202
1748443624.658448 -28.089845657348633 -0.3599119186401367 -3.954019546508789 0.03546333312988281 -0.8879759907722473 -0.2960386872291565 0.3501458466053009
1748443625.325274 -28.663589477539062 -0.1926584243774414 -4.5444793701171875 0.03548228368163109 -0.8863997459411621 -0.29246166348457336 0.3570752441883087
1748443625.858598 -29.10285758972168 -0.06786823272705078 -5.008579254150391 0.03637757897377014 -0.8851951360702515 -0.28869718313217163 0.3629879653453827
1748443626.525106 -29.66860008239746 0.07194900512695312 -5.534797668457031 0.03513462841510773 -0.8819278478622437 -0.29280707240104675 0.36774036288261414
1748443627.125216 -30.163318634033203 0.2119159698486328 -6.04754638671875 0.035763222724199295 -0.8807439208030701 -0.289660781621933 0.37297168374061584
1748443627.791851 -30.72433853149414 0.3606424331665039 -6.594188690185547 0.03850477933883667 -0.8800981640815735 -0.2881104648113251 0.3754158318042755
1748443628.458349 -31.283069610595703 0.5126628875732422 -7.1360321044921875 0.0377163365483284 -0.8792518973350525 -0.2869897186756134 0.3783259093761444
1748443629.0585 -31.817550659179688 0.6477184295654297 -7.630218505859375 0.03456689417362213 -0.876591145992279 -0.2869848906993866 0.3847503364086151
1748443629.725171 -32.41655349731445 0.789947509765625 -8.179611206054688 0.03378241881728172 -0.8742347955703735 -0.285488486289978 0.3912399411201477
1748443630.458296 -33.07525634765625 0.9535989761352539 -8.753223419189453 0.03173474222421646 -0.8713515996932983 -0.2843877375125885 0.3985762894153595
1748443631.125116 -33.69691467285156 1.1017866134643555 -9.275474548339844 0.034811750054359436 -0.8711413145065308 -0.28213927149772644 0.4003729224205017
1748443631.725106 -34.229801177978516 1.2248430252075195 -9.747077941894531 0.036977630108594894 -0.8725008368492126 -0.2805168032646179 0.39835333824157715
1748443632.324936 -34.70200729370117 1.3360595703125 -10.1971435546875 0.0366823673248291 -0.8741041421890259 -0.2817181944847107 0.3939940333366394
1748443632.9251 -35.22679901123047 1.464630126953125 -10.684803009033203 0.037759795784950256 -0.8735087513923645 -0.28351855278015137 0.3939211368560791
1748443633.525154 -35.75175476074219 1.596877098083496 -11.18194580078125 0.03823733702301979 -0.8747223019599915 -0.2835030257701874 0.3911837339401245
1748443634.258393 -36.3907356262207 1.7486543655395508 -11.765972137451172 0.03803590312600136 -0.8760534524917603 -0.28628966212272644 0.3861630856990814
1748443634.925027 -36.97795867919922 1.9034786224365234 -12.339290618896484 0.03707747161388397 -0.8779876232147217 -0.2870202362537384 0.38129058480262756
1748443635.725081 -37.678260803222656 2.084299087524414 -13.033275604248047 0.03729268163442612 -0.8773184418678284 -0.2874145209789276 0.3825109004974365
1748443636.324824 -38.25712966918945 2.2245941162109375 -13.569599151611328 0.03948931396007538 -0.8761770725250244 -0.28641200065612793 0.38564568758010864
1748443636.925005 -38.84239196777344 2.360128402709961 -14.113452911376953 0.03932567685842514 -0.8725239634513855 -0.28473803400993347 0.3950693905353546
1748443637.525001 -39.456424713134766 2.4973316192626953 -14.649574279785156 0.04020263999700546 -0.8670247197151184 -0.28283169865608215 0.4082377851009369
1748443638.058105 -40.015323638916016 2.610555648803711 -15.101581573486328 0.03967772051692009 -0.8628817796707153 -0.2801322638988495 0.41879191994667053
1748443638.65826 -40.67353057861328 2.730632781982422 -15.595413208007812 0.04047808051109314 -0.8569758534431458 -0.2776157855987549 0.43230026960372925
1748443639.258273 -41.361427307128906 2.8570098876953125 -16.080657958984375 0.03972923010587692 -0.8547056317329407 -0.2759712338447571 0.4378809630870819
1748443639.858058 -42.035736083984375 2.9654083251953125 -16.565967559814453 0.03710133954882622 -0.8508753776550293 -0.2738119959831238 0.4468352496623993
1748443640.458203 -42.764102935791016 3.0814151763916016 -17.043983459472656 0.036671336740255356 -0.8429494500160217 -0.2712341547012329 0.46316689252853394
1748443641.058209 -43.429283142089844 3.181324005126953 -17.478515625 0.03610242158174515 -0.8471571803092957 -0.27126532793045044 0.4554519057273865
1748443641.724676 -44.10099411010742 3.3063182830810547 -17.968734741210938 0.03491745516657829 -0.8492496609687805 -0.27507084608078003 0.44932377338409424
1748443642.324836 -44.72010040283203 3.4168643951416016 -18.412792205810547 0.034675899893045425 -0.8532849550247192 -0.2742314338684082 0.44215327501296997
1748443642.924865 -45.314697265625 3.5406131744384766 -18.863609313964844 0.03534739837050438 -0.8559057116508484 -0.27759644389152527 0.4348750412464142
1748443643.657966 -46.07109069824219 3.704458236694336 -19.46774673461914 0.03306712210178375 -0.8599372506141663 -0.2827703058719635 0.4236217737197876
1748443644.258114 -46.649375915527344 3.828329086303711 -19.947486877441406 0.035722240805625916 -0.8655132055282593 -0.28133466839790344 0.4128698706626892
1748443644.85811 -47.19952392578125 3.965456008911133 -20.443115234375 0.035528961569070816 -0.868183434009552 -0.28207266330718994 0.4067312479019165
1748443645.457907 -47.80195617675781 4.104005813598633 -20.964672088623047 0.03399646654725075 -0.8702759146690369 -0.27969664335250854 0.40402206778526306
1748443646.058142 -48.380859375 4.242885589599609 -21.480850219726562 0.03252620995044708 -0.8676212430000305 -0.280533105134964 0.4092390835285187
1748443646.658057 -49.04073715209961 4.377292633056641 -22.02175521850586 0.03025323525071144 -0.865894615650177 -0.27681979537010193 0.4155503213405609
1748443647.324525 -49.77808380126953 4.513383865356445 -22.586883544921875 0.030631454661488533 -0.8616611361503601 -0.2739291489124298 0.42610400915145874
1748443647.925003 -50.45794677734375 4.631723403930664 -23.07376480102539 0.029500680044293404 -0.8540788292884827 -0.26919177174568176 0.44408896565437317
1748443648.39195 -51.00550079345703 4.721508026123047 -23.44799041748047 0.029749726876616478 -0.8500675559043884 -0.26770901679992676 0.4525836408138275
1748443648.991459 -51.689083099365234 4.822175979614258 -23.891990661621094 0.029353301972150803 -0.8457921743392944 -0.2636544108390808 0.46288278698921204
1748443649.591149 -52.36077117919922 4.93016242980957 -24.342708587646484 0.027740973979234695 -0.8448745608329773 -0.2653576135635376 0.4636840224266052
1748443650.191303 -53.02621078491211 5.038200378417969 -24.80146026611328 0.028482507914304733 -0.8451542258262634 -0.2662099003791809 0.46263954043388367
1748443650.791301 -53.71698760986328 5.143438339233398 -25.26736068725586 0.027896370738744736 -0.8489539623260498 -0.2659483551979065 0.4558185338973999
1748443651.391101 -54.41047668457031 5.255987167358398 -25.737716674804688 0.026805108413100243 -0.8508132100105286 -0.26649922132492065 0.45208027958869934
1748443651.991286 -54.96800994873047 5.356651306152344 -26.179824829101562 0.02539127692580223 -0.8602297902107239 -0.2656063437461853 0.4345264136791229
1748443652.591258 -55.566200256347656 5.472293853759766 -26.645553588867188 0.02202805131673813 -0.8643792867660522 -0.2706412374973297 0.4232215881347656
1748443653.191114 -56.18218994140625 5.617815017700195 -27.188629150390625 0.020752880722284317 -0.8703567981719971 -0.2740798592567444 0.40856897830963135
1748443653.791291 -56.79204559326172 5.763355255126953 -27.722679138183594 0.02180125191807747 -0.8713831305503845 -0.2777939736843109 0.40379035472869873
1748443654.391201 -57.372596740722656 5.8928375244140625 -28.246864318847656 0.024537082761526108 -0.87398761510849 -0.27324366569519043 0.4011005461215973
1748443654.990996 -58.010215759277344 6.0471954345703125 -28.77239227294922 0.017547065392136574 -0.8704876899719238 -0.27847984433174133 0.40545329451560974
1748443655.591152 -58.66728973388672 6.185367584228516 -29.31720733642578 0.02475694566965103 -0.8672678470611572 -0.27101773023605347 0.41687294840812683
1748443656.191194 -59.29865264892578 6.323024749755859 -29.817459106445312 0.028452275320887566 -0.8610200881958008 -0.2766037583351135 0.42582303285598755
1748443656.790983 -59.971832275390625 6.457612991333008 -30.315185546875 0.026550613343715668 -0.8580283522605896 -0.27812889218330383 0.4309603273868561
1748443657.391091 -60.64045715332031 6.563508987426758 -30.793724060058594 0.0291597917675972 -0.8569808602333069 -0.26484405994415283 0.44112488627433777
1748443657.991192 -61.30693817138672 6.666498184204102 -31.23548126220703 0.024441683664917946 -0.8506253361701965 -0.264940470457077 0.45348167419433594
1748443658.590902 -61.95777130126953 6.76478385925293 -31.69849395751953 0.020999670028686523 -0.857451856136322 -0.259539932012558 0.4438179135322571
1748443659.190927 -62.51373291015625 6.865316390991211 -32.19158935546875 0.02720518223941326 -0.8784264326095581 -0.2608492970466614 0.399480402469635
1748443659.9912 -63.038169860839844 7.0181732177734375 -32.754371643066406 0.025441905483603477 -0.8931912183761597 -0.2779691815376282 0.35255545377731323
1748443660.591072 -63.482391357421875 7.191804885864258 -33.344032287597656 0.028659962117671967 -0.9042191505432129 -0.2931221127510071 0.3092665374279022
1748443661.191159 -63.89052200317383 7.380023956298828 -33.98536682128906 0.03378134220838547 -0.9116262793540955 -0.29872000217437744 0.2802904546260834
1748443661.791417 -64.32494354248047 7.601535797119141 -34.690223693847656 0.040579602122306824 -0.9132360816001892 -0.30815020203590393 0.2634325623512268
1748443662.391352 -64.745361328125 7.824472427368164 -35.383155822753906 0.035861607640981674 -0.9122357964515686 -0.31589770317077637 0.2583574950695038
1748443662.991532 -65.1693344116211 8.047309875488281 -36.06340789794922 0.04508323594927788 -0.9128096103668213 -0.31285208463668823 0.25859177112579346
1748443663.591822 -65.5699691772461 8.256326675415039 -36.69743347167969 0.04263370856642723 -0.9111320972442627 -0.3178122639656067 0.25887471437454224
1748443664.192092 -65.9682388305664 8.459209442138672 -37.36522674560547 0.03908594325184822 -0.9166648983955383 -0.3106171488761902 0.2484247237443924
1748443664.792042 -66.31364440917969 8.621978759765625 -38.04743957519531 0.03655175119638443 -0.9315345883369446 -0.2876434922218323 0.21947325766086578
1748443665.392204 -66.64912414550781 8.8258056640625 -38.75048828125 0.030548840761184692 -0.9327760934829712 -0.29959967732429504 0.1980796754360199
1748443665.992196 -66.9225082397461 9.047443389892578 -39.45305633544922 0.026338521391153336 -0.9358027577400208 -0.3089462220668793 0.16772527992725372
1748443666.592228 -67.06280517578125 9.253814697265625 -40.11042785644531 0.02955697290599346 -0.9440181255340576 -0.31078040599823 0.10663814097642899
1748443667.192325 -67.1817398071289 9.489078521728516 -40.834014892578125 0.027374662458896637 -0.9459723830223083 -0.31655120849609375 0.06467050313949585
1748443667.792497 -67.22010803222656 9.705623626708984 -41.49301528930664 0.03314344212412834 -0.9479650855064392 -0.31517845392227173 0.030434230342507362
1748443668.392505 -67.21748352050781 9.966500282287598 -42.23549270629883 0.03398619964718819 -0.9454140067100525 -0.3240692615509033 -0.0040611522272229195
1748443668.992798 -67.16417694091797 10.193709373474121 -42.89043045043945 0.032855015248060226 -0.9435209631919861 -0.3270908296108246 -0.041236553341150284
1748443669.592899 -67.07115936279297 10.410066604614258 -43.53118133544922 0.03527889400720596 -0.9443420767784119 -0.32002362608909607 -0.06751616299152374
1748443669.992805 -66.9632339477539 10.601190567016602 -44.058433532714844 0.03909841552376747 -0.941114068031311 -0.3244287073612213 -0.08672694861888885
1748443670.392814 -66.8573989868164 10.795945167541504 -44.594703674316406 0.043562501668930054 -0.939568042755127 -0.3265557587146759 -0.09314334392547607
1748443670.993041 -66.69029998779297 11.067098617553711 -45.36376190185547 0.04893122985959053 -0.9398012161254883 -0.3222889304161072 -0.10251545161008835
1748443671.593114 -66.51275634765625 11.345690727233887 -46.11402130126953 0.0483638197183609 -0.9374720454216003 -0.3246228098869324 -0.11587543785572052
1748443671.992974 -66.36901092529297 11.530906677246094 -46.61394500732422 0.05283420532941818 -0.9371000528335571 -0.32049480080604553 -0.1278092861175537
1748443672.593066 -66.161865234375 11.81312084197998 -47.37867736816406 0.05907479673624039 -0.934609055519104 -0.3254329264163971 -0.13080307841300964
1748443673.193312 -65.94036102294922 12.068238258361816 -48.07634353637695 0.060814015567302704 -0.9355049729347229 -0.3174879848957062 -0.14259591698646545
1748443673.99323 -65.68583679199219 12.34730339050293 -48.796749114990234 0.05582238733768463 -0.9308175444602966 -0.3208692669868469 -0.1658478081226349
1748443674.593295 -65.4313735961914 12.602197647094727 -49.50229263305664 0.043162859976291656 -0.9282664656639099 -0.3197816014289856 -0.18492740392684937
1748443675.193525 -65.12638092041016 12.87254810333252 -50.20188903808594 0.03573864325881004 -0.9228295683860779 -0.32465997338294983 -0.20421627163887024
1748443675.793419 -64.79864501953125 13.110027313232422 -50.87388610839844 0.030439823865890503 -0.9191156029701233 -0.3166372776031494 -0.2324669063091278
1748443676.393541 -64.41124725341797 13.34538459777832 -51.51753616333008 0.029331499710679054 -0.912448525428772 -0.3144371509552002 -0.2602050006389618
1748443676.993699 -63.98857879638672 13.597362518310547 -52.150638580322266 0.02887934446334839 -0.9063536524772644 -0.3135225474834442 -0.2817672789096832
1748443677.593628 -63.53314208984375 13.839975357055664 -52.76976776123047 0.030513713136315346 -0.8968000411987305 -0.315734326839447 -0.30843237042427063
1748443678.193722 -63.036285400390625 14.079450607299805 -53.343238830566406 0.03476933389902115 -0.8890016078948975 -0.31304579973220825 -0.3323695957660675
1748443678.793937 -62.512908935546875 14.3148832321167 -53.92301559448242 0.036730241030454636 -0.8816364407539368 -0.3115079700946808 -0.352605938911438
1748443679.394011 -61.96711730957031 14.530786514282227 -54.48585510253906 0.03511518985033035 -0.8818689584732056 -0.2996809780597687 -0.3623057007789612
1748443679.993936 -61.414817810058594 14.755570411682129 -55.02610778808594 0.03796698525547981 -0.8753872513771057 -0.3043011724948883 -0.37370628118515015
1748443680.594149 -60.98810577392578 14.919723510742188 -55.471073150634766 0.036970801651477814 -0.8784149289131165 -0.298662394285202 -0.37124279141426086
1748443681.194223 -60.438232421875 15.149820327758789 -55.995479583740234 0.04485151544213295 -0.8756089210510254 -0.2983805537223816 -0.3771822154521942
1748443681.79413 -59.846092224121094 15.366195678710938 -56.53533172607422 0.046491943299770355 -0.8728334903717041 -0.2974543869495392 -0.3840847313404083
1748443682.394381 -59.26586151123047 15.59016227722168 -57.058563232421875 0.04984872415661812 -0.8678483963012695 -0.30261731147766113 -0.39086711406707764
1748443682.794423 -58.858489990234375 15.742487907409668 -57.420467376708984 0.04880732670426369 -0.8678709268569946 -0.2970755398273468 -0.395175963640213
1748443683.394311 -58.241737365722656 15.961175918579102 -57.93466567993164 0.048529110848903656 -0.8622413873672485 -0.29594072699546814 -0.4081713557243347
1748443683.794391 -57.80122375488281 16.111499786376953 -58.271915435791016 0.04966503754258156 -0.8570829033851624 -0.2961977422237396 -0.41857996582984924
1748443684.194444 -57.36254119873047 16.264549255371094 -58.610626220703125 0.052659571170806885 -0.8549627065658569 -0.2963278889656067 -0.42243996262550354
1748443684.794994 -56.709877014160156 16.485576629638672 -59.08537673950195 0.050649870187044144 -0.8471755385398865 -0.2961568832397461 -0.43820008635520935
1748443685.194515 -56.25434112548828 16.62420654296875 -59.38628005981445 0.05131225287914276 -0.8413546085357666 -0.293810099363327 -0.45073843002319336
1748443685.594595 -55.79229736328125 16.763568878173828 -59.688636779785156 0.05051016807556152 -0.8361684679985046 -0.2931336462497711 -0.4608076810836792
1748443686.194656 -55.12054443359375 16.96124267578125 -60.112674713134766 0.04671270027756691 -0.8318726420402527 -0.29136165976524353 -0.47001513838768005
1748443686.795537 -54.454917907714844 17.15972900390625 -60.534385681152344 0.04553014039993286 -0.8341055512428284 -0.295161634683609 -0.4637613892555237
1748443687.394954 -53.80260467529297 17.355873107910156 -60.95185852050781 0.04475066438317299 -0.8351668119430542 -0.2933913469314575 -0.463049978017807
1748443687.994888 -53.14537048339844 17.558258056640625 -61.38791275024414 0.04173412546515465 -0.8366405367851257 -0.29635658860206604 -0.4587631821632385
1748443688.595085 -52.469383239746094 17.768333435058594 -61.84546661376953 0.042924076318740845 -0.8379938006401062 -0.2974247932434082 -0.4554803967475891
1748443689.195025 -51.81352996826172 17.97443962097168 -62.295997619628906 0.04405651614069939 -0.840420126914978 -0.29633137583732605 -0.45159798860549927
1748443689.595067 -51.370452880859375 18.116209030151367 -62.59681701660156 0.04616161808371544 -0.8402940034866333 -0.2967272102832794 -0.4513625204563141
1748443689.995273 -50.91034698486328 18.265268325805664 -62.927162170410156 0.04425695911049843 -0.8410091996192932 -0.2979285418987274 -0.44942572712898254
1748443690.595338 -50.26124572753906 18.457441329956055 -63.376583099365234 0.04358455911278725 -0.8440515398979187 -0.29420894384384155 -0.44622692465782166
1748443691.192964 -49.64263153076172 18.658998489379883 -63.82450866699219 0.03912413492798805 -0.8435078859329224 -0.2976754903793335 -0.44536861777305603
1748443691.723407 -49.08617401123047 18.840913772583008 -64.2256851196289 0.03796112537384033 -0.8412081003189087 -0.3033948540687561 -0.4459589719772339
1748443692.323536 -48.43201446533203 19.055192947387695 -64.68287658691406 0.03415512666106224 -0.8386037349700928 -0.3056522011756897 -0.44961538910865784
1748443692.923511 -47.763763427734375 19.260316848754883 -65.13307189941406 0.033027663826942444 -0.8350199460983276 -0.3028040826320648 -0.45821452140808105
1748443693.523364 -47.07587432861328 19.461776733398438 -65.55265808105469 0.031157884746789932 -0.8224855661392212 -0.3015150725841522 -0.4812851548194885
1748443694.124055 -46.35480499267578 19.655860900878906 -65.92152404785156 0.03115038201212883 -0.8089638948440552 -0.29993632435798645 -0.5046239495277405
1748443694.723486 -45.62571716308594 19.834209442138672 -66.27993774414062 0.02934703603386879 -0.8033703565597534 -0.2937176525592804 -0.5171700716018677
1748443695.323297 -44.84495544433594 20.03113555908203 -66.6026611328125 0.029839668422937393 -0.7840412855148315 -0.2998982071876526 -0.5426324605941772
1748443695.923302 -44.09369659423828 20.194616317749023 -66.92193603515625 0.026609454303979874 -0.7866814732551575 -0.2906625270843506 -0.5440033674240112
1748443696.523434 -43.33457946777344 20.358169555664062 -67.21472930908203 0.027564045041799545 -0.7832687497138977 -0.2868945598602295 -0.5508373379707336
1748443697.123245 -42.56239318847656 20.539012908935547 -67.49664306640625 0.03512650355696678 -0.7684203386306763 -0.2958327531814575 -0.5663738250732422
1748443697.723256 -41.80182647705078 20.680946350097656 -67.75968170166016 0.02454979717731476 -0.7628225088119507 -0.2867240011692047 -0.5790410041809082
1748443698.323389 -41.04818344116211 20.793807983398438 -67.976806640625 0.004877300933003426 -0.7471669316291809 -0.2787248492240906 -0.6033492684364319
1748443698.923256 -40.28110885620117 20.880821228027344 -68.13259887695312 -0.00570638058707118 -0.7287930846214294 -0.27026233077049255 -0.629115641117096
1748443699.523203 -39.46731948852539 20.957365036010742 -68.24114227294922 0.002279585925862193 -0.7086510062217712 -0.2654300928115845 -0.6537242531776428
1748443700.123321 -38.676612854003906 21.014522552490234 -68.29598999023438 0.0027028347831219435 -0.6850122809410095 -0.2587083578109741 -0.6810439825057983
1748443700.72315 -37.95677947998047 21.04972267150879 -68.29135131835938 0.005368543788790703 -0.6539503931999207 -0.2512737810611725 -0.7135696411132812
1748443701.323144 -37.19983673095703 21.057968139648438 -68.211669921875 0.007102685514837503 -0.6235182285308838 -0.24148871004581451 -0.7435441017150879
1748443701.923283 -36.44981384277344 21.048625946044922 -68.0681381225586 0.006225648336112499 -0.5946247577667236 -0.23477286100387573 -0.7689371109008789
1748443702.523094 -35.68376922607422 21.024106979370117 -67.89739990234375 0.002806668635457754 -0.571104884147644 -0.22611472010612488 -0.7891157269477844
1748443703.123096 -34.947906494140625 20.977764129638672 -67.66264343261719 0.0035550747998058796 -0.5434253215789795 -0.21582770347595215 -0.8112304210662842
1748443703.723107 -34.20487594604492 20.94097328186035 -67.35734558105469 0.01690998114645481 -0.5121119022369385 -0.21366390585899353 -0.8317471146583557
1748443704.323232 -33.61296844482422 20.87137794494629 -67.08363342285156 0.0021026330068707466 -0.4835722744464874 -0.20037423074245453 -0.852058470249176
1748443704.923064 -33.02342224121094 20.80990982055664 -66.74856567382812 0.013725302182137966 -0.4518335461616516 -0.19748874008655548 -0.8698599338531494
1748443705.523058 -32.41484069824219 20.720558166503906 -66.35249328613281 0.013783262111246586 -0.425001859664917 -0.19033226370811462 -0.8848486542701721
1748443706.123184 -31.76342010498047 20.622426986694336 -65.87631225585938 0.018529407680034637 -0.41149190068244934 -0.18505865335464478 -0.8922356367111206
1748443706.722995 -31.199098587036133 20.51077651977539 -65.43339538574219 0.010505498386919498 -0.3944537937641144 -0.17623718082904816 -0.9017961025238037
1748443707.322999 -30.62814712524414 20.407751083374023 -64.95138549804688 0.01927298866212368 -0.3782760500907898 -0.17276723682880402 -0.9092234969139099
1748443707.923153 -30.119131088256836 20.290645599365234 -64.51490783691406 0.010303215123713017 -0.36636096239089966 -0.16361385583877563 -0.9159170389175415
1748443708.522945 -29.54374885559082 20.1622314453125 -63.97010040283203 0.01704627089202404 -0.3508410155773163 -0.15883027017116547 -0.9227096438407898
1748443709.12297 -28.995874404907227 20.024526596069336 -63.41254425048828 0.01722937636077404 -0.3383347988128662 -0.15491743385791779 -0.928026556968689
1748443709.723088 -28.4466609954834 19.875579833984375 -62.83219909667969 0.019281236454844475 -0.34202057123184204 -0.15157850086688995 -0.927186131477356
1748443710.389571 -27.900615692138672 19.749431610107422 -62.28712844848633 0.029139989987015724 -0.3435642123222351 -0.15133124589920044 -0.9263980984687805
1748443710.922897 -27.422584533691406 19.633647918701172 -61.81006622314453 0.025709381327033043 -0.34712231159210205 -0.14835181832313538 -0.9256548881530762
1748443711.389608 -26.930931091308594 19.54320526123047 -61.39044952392578 0.02683844231069088 -0.37173381447792053 -0.15653462707996368 -0.9146532416343689
1748443711.923256 -26.363502502441406 19.44651222229004 -60.923851013183594 0.028665876016020775 -0.388996958732605 -0.16087718307971954 -0.9066301584243774
1748443712.389523 -25.84807586669922 19.37045669555664 -60.53109359741211 0.030066514387726784 -0.399452269077301 -0.1665852963924408 -0.9009901881217957
1748443712.922847 -25.246810913085938 19.295429229736328 -60.13153839111328 0.02987239696085453 -0.4255056381225586 -0.1709488481283188 -0.8881605863571167
1748443713.389517 -24.73092269897461 19.224267959594727 -59.787620544433594 0.027473971247673035 -0.4266875982284546 -0.17133773863315582 -0.8875957727432251
1748443713.989495 -24.0594539642334 19.144899368286133 -59.36430358886719 0.029982497915625572 -0.4395257234573364 -0.1723470836877823 -0.8810304999351501
1748443714.522799 -23.461536407470703 19.068355560302734 -58.99635314941406 0.02907438576221466 -0.44454285502433777 -0.17218142747879028 -0.8785726428031921
1748443715.122802 -22.813650131225586 18.99211883544922 -58.58808135986328 0.03090471774339676 -0.4451827108860016 -0.17116639018058777 -0.878384530544281
1748443715.589604 -22.28697967529297 18.927915573120117 -58.27081298828125 0.03455681726336479 -0.4411303997039795 -0.16907362639904022 -0.880695104598999
1748443716.12277 -21.714439392089844 18.840810775756836 -57.87326431274414 0.02934991382062435 -0.439279705286026 -0.16190452873706818 -0.8831527829170227
1748443716.722787 -21.0625057220459 18.756637573242188 -57.45890808105469 0.028761131688952446 -0.43792733550071716 -0.16608627140522003 -0.88306725025177
1748443717.322762 -20.420249938964844 18.67019271850586 -57.04557418823242 0.02878924272954464 -0.43128475546836853 -0.16602645814418793 -0.8863407373428345
1748443717.922744 -19.76590347290039 18.58090591430664 -56.59294891357422 0.02893334999680519 -0.42667073011398315 -0.1634834259748459 -0.8890377283096313
1748443718.522883 -19.108863830566406 18.482519149780273 -56.11149597167969 0.02952100709080696 -0.4186038374900818 -0.16256047785282135 -0.8930137157440186
1748443719.122712 -18.505481719970703 18.378253936767578 -55.66905975341797 0.02604762092232704 -0.40215179324150085 -0.15703432261943817 -0.9016293883323669
1748443719.722842 -17.909603118896484 18.259492874145508 -55.18987274169922 0.02224062569439411 -0.3845740258693695 -0.15488748252391815 -0.9097351431846619
1748443720.322653 -17.311832427978516 18.13848304748535 -54.6839485168457 0.023268012329936028 -0.3828323483467102 -0.15516100823879242 -0.9103972315788269
1748443720.922712 -16.73015022277832 18.03124237060547 -54.19508743286133 0.023215485736727715 -0.3778645992279053 -0.15413329005241394 -0.9126457571983337
1748443721.522778 -16.131793975830078 17.901653289794922 -53.68060302734375 0.020911864936351776 -0.3752281367778778 -0.14997611939907074 -0.9144799709320068
1748443721.989308 -15.68277645111084 17.801902770996094 -53.285186767578125 0.0217273086309433 -0.3720458745956421 -0.14951644837856293 -0.9158354997634888
1748443722.52263 -15.154254913330078 17.69729232788086 -52.82891845703125 0.023837778717279434 -0.37152767181396484 -0.14861716330051422 -0.9161396622657776
1748443723.122625 -14.549370765686035 17.56037139892578 -52.285972595214844 0.024426564574241638 -0.3690119683742523 -0.1481703519821167 -0.9172126650810242
1748443723.589406 -14.074033737182617 17.458866119384766 -51.8651008605957 0.025380482897162437 -0.3657938838005066 -0.1466725617647171 -0.9187153577804565
1748443724.122572 -13.54471206665039 17.330442428588867 -51.376434326171875 0.024205077439546585 -0.3581956923007965 -0.14466382563114166 -0.9220533967018127
1748443724.589548 -13.084617614746094 17.22319221496582 -50.94178771972656 0.023566830903291702 -0.3544056713581085 -0.14161233603954315 -0.9240060448646545
1748443725.122589 -12.58248519897461 17.093507766723633 -50.43715286254883 0.02246210165321827 -0.3414286971092224 -0.13971900939941406 -0.9291934370994568
1748443725.58921 -12.183093070983887 16.961156845092773 -49.98060607910156 0.013201919384300709 -0.32374802231788635 -0.1327587217092514 -0.9366899728775024
1748443726.189285 -11.654825210571289 16.810253143310547 -49.361568450927734 0.023926887661218643 -0.2994638979434967 -0.13335049152374268 -0.9444398283958435
1748443726.789286 -11.183932304382324 16.650829315185547 -48.717430114746094 0.022236354649066925 -0.2785634994506836 -0.12861934304237366 -0.9515067338943481
1748443727.389299 -10.752265930175781 16.480777740478516 -48.08553695678711 0.020942838862538338 -0.25681862235069275 -0.12284265458583832 -0.9583920836448669
1748443727.989146 -10.350754737854004 16.323415756225586 -47.452842712402344 0.021691275760531425 -0.24153947830200195 -0.11480151861906052 -0.9633321166038513
1748443728.522483 -10.018529891967773 16.160118103027344 -46.89373779296875 0.017161499708890915 -0.22474049031734467 -0.10794249922037125 -0.9682694673538208
1748443729.122563 -9.666365623474121 15.984686851501465 -46.25835037231445 0.021355409175157547 -0.21540358662605286 -0.10086610168218613 -0.9710671305656433
1748443729.65576 -9.369427680969238 15.830279350280762 -45.69696807861328 0.022498728707432747 -0.206468865275383 -0.09682619571685791 -0.973390519618988
1748443730.122952 -9.107219696044922 15.694812774658203 -45.17740249633789 0.024834055453538895 -0.1999967396259308 -0.0944310650229454 -0.9749191403388977
1748443730.722505 -8.773714065551758 15.532049179077148 -44.552764892578125 0.024642573669552803 -0.20855414867401123 -0.0971701592206955 -0.9728596806526184
1748443731.322444 -8.447480201721191 15.365476608276367 -43.916969299316406 0.02319474332034588 -0.20019672811031342 -0.09225428849458694 -0.9751268625259399
1748443731.922376 -8.132916450500488 15.201480865478516 -43.30754852294922 0.02340555377304554 -0.20549224317073822 -0.093014195561409 -0.9739474058151245
1748443732.455738 -7.854884624481201 15.042375564575195 -42.7369499206543 0.02276916243135929 -0.19977472722530365 -0.08787792921066284 -0.9756275415420532
1748443732.85572 -7.627784252166748 14.916987419128418 -42.286033630371094 0.023581087589263916 -0.2007414549589157 -0.08654311299324036 -0.9755290746688843
1748443733.45582 -7.306858062744141 14.742709159851074 -41.62706756591797 0.02587106265127659 -0.1982422024011612 -0.0832345113158226 -0.9762698411941528
1748443734.055852 -6.98952579498291 14.574972152709961 -41.010982513427734 0.02516440860927105 -0.19579729437828064 -0.08412988483905792 -0.9767048954963684
1748443734.655693 -6.644920825958252 14.390509605407715 -40.35190963745117 0.024611638858914375 -0.19809603691101074 -0.08423569053411484 -0.976246178150177
1748443735.255764 -6.322859764099121 14.214688301086426 -39.70541000366211 0.025977877900004387 -0.1967521607875824 -0.08346302062273026 -0.9765489101409912
1748443735.855768 -6.01440954208374 14.04463005065918 -39.059547424316406 0.023609524592757225 -0.19503192603588104 -0.08201739937067032 -0.9770764708518982
1748443736.455686 -5.716913223266602 13.873220443725586 -38.441627502441406 0.021870961412787437 -0.188646137714386 -0.08096765726804733 -0.9784572720527649
1748443737.056162 -5.448881149291992 13.699241638183594 -37.79762649536133 0.023384984582662582 -0.17374102771282196 -0.07612817734479904 -0.9815659523010254
1748443737.655636 -5.2144927978515625 13.531487464904785 -37.16095733642578 0.02194993756711483 -0.15854023396968842 -0.07143783569335938 -0.9845201373100281
1748443738.255561 -4.981100082397461 13.345370292663574 -36.48402404785156 0.02247348614037037 -0.14533069729804993 -0.06722936779260635 -0.986840546131134
1748443738.85566 -4.729799747467041 13.148802757263184 -35.79698181152344 0.021990258246660233 -0.14073987305164337 -0.06533399969339371 -0.9876437783241272
1748443739.322346 -4.568122863769531 12.997300148010254 -35.26205825805664 0.020608555525541306 -0.1359146535396576 -0.06388711929321289 -0.9884437322616577
1748443739.922184 -4.356835842132568 12.805351257324219 -34.59016799926758 0.01849481277167797 -0.12730194628238678 -0.06090015918016434 -0.9898198246955872
1748443740.455524 -4.1797194480896 12.634686470031738 -33.958396911621094 0.021306931972503662 -0.11885177344083786 -0.057711366564035416 -0.9910044074058533
1748443741.055479 -3.9842705726623535 12.428291320800781 -33.268795013427734 0.019656483083963394 -0.11481151729822159 -0.05277300998568535 -0.9917898178100586
1748443741.655468 -3.797870635986328 12.222606658935547 -32.560699462890625 0.018941035494208336 -0.10757812857627869 -0.04906338080763817 -0.9928046464920044
1748443742.255464 -3.632399082183838 12.034478187561035 -31.844810485839844 0.02578786574304104 -0.10536844283342361 -0.04787393659353256 -0.9929454326629639
1748443742.85542 -3.4523417949676514 11.835745811462402 -31.14006805419922 0.02259698323905468 -0.10540954768657684 -0.04592861235141754 -0.993110716342926
1748443743.45541 -3.265714645385742 11.633881568908691 -30.446603775024414 0.019779736176133156 -0.11206956207752228 -0.04749687761068344 -0.9923675060272217
1748443744.055492 -3.0714457035064697 11.426189422607422 -29.73487091064453 0.016232173889875412 -0.11195239424705505 -0.04937852546572685 -0.9923532605171204
1748443744.522087 -2.9224562644958496 11.261130332946777 -29.178361892700195 0.018317915499210358 -0.11151382327079773 -0.047899942845106125 -0.992438793182373
1748443745.255537 -2.7596538066864014 11.032315254211426 -28.428613662719727 0.017567073926329613 -0.09556656330823898 -0.039290256798267365 -0.99449223279953
1748443745.922097 -2.6287572383880615 10.821393013000488 -27.765605926513672 0.012420417740941048 -0.09427450597286224 -0.03557382896542549 -0.9948329329490662
1748443746.522039 -2.4826440811157227 10.591246604919434 -27.03858184814453 0.012079455889761448 -0.08847872167825699 -0.03272896260023117 -0.995466947555542
1748443747.122007 -2.3576407432556152 10.367669105529785 -26.27198028564453 0.01734982058405876 -0.08473266661167145 -0.0304051972925663 -0.9957886338233948
1748443747.65549 -2.2271504402160645 10.160578727722168 -25.59469223022461 0.01594897359609604 -0.08176988363265991 -0.031142791733145714 -0.996036946773529
1748443748.121985 -2.109832525253296 9.975956916809082 -24.966033935546875 0.015992283821105957 -0.0802183449268341 -0.030292168259620667 -0.9961885809898376
1748443748.72194 -1.9501144886016846 9.747190475463867 -24.196767807006836 0.012032869271934032 -0.08492284268140793 -0.03527146950364113 -0.9956903457641602
1748443749.322095 -1.7835227251052856 9.514604568481445 -23.427230834960938 0.013973218388855457 -0.08733592182397842 -0.034487005323171616 -0.9954837560653687
1748443749.92194 -1.6282427310943604 9.279245376586914 -22.655895233154297 0.011515459977090359 -0.08672188222408295 -0.03445592522621155 -0.9955699443817139
1748443750.455269 -1.4893357753753662 9.078205108642578 -21.967967987060547 0.01654851622879505 -0.08809757232666016 -0.03621608763933182 -0.9953157901763916
1748443751.055214 -1.3346754312515259 8.845396041870117 -21.19563865661621 0.014843638986349106 -0.08599474281072617 -0.03425118699669838 -0.9955961108207703
1748443751.655357 -1.1901096105575562 8.603086471557617 -20.42732810974121 0.008637542836368084 -0.07946235686540604 -0.03441605716943741 -0.9962061643600464
1748443752.255362 -1.039426326751709 8.367511749267578 -19.651676177978516 0.01333304587751627 -0.07076196372509003 -0.03394221141934395 -0.9968264698982239
1748443752.855309 -0.9086950421333313 8.126461029052734 -18.86123275756836 0.016945354640483856 -0.06536933779716492 -0.03404391184449196 -0.9971362352371216
1748443753.455281 -0.7904435396194458 7.876116752624512 -18.074682235717773 0.013690579682588577 -0.06460413336753845 -0.03154465928673744 -0.9973183274269104
1748443754.055308 -0.6635449528694153 7.633476257324219 -17.295700073242188 0.013001619838178158 -0.06326346099376678 -0.03240647166967392 -0.9973858594894409
1748443754.655256 -0.5417473912239075 7.402859210968018 -16.50872230529785 0.015626981854438782 -0.06588952988386154 -0.030982010066509247 -0.997223436832428
1748443755.255266 -0.3894573152065277 7.169276237487793 -15.733956336975098 0.015973465517163277 -0.07351537048816681 -0.036454398185014725 -0.9964995384216309
1748443755.855232 -0.2173033058643341 6.929993629455566 -14.961173057556152 0.012607423588633537 -0.0847480371594429 -0.04233585298061371 -0.9954228401184082
1748443756.455218 -0.09640263020992279 6.707729816436768 -14.211430549621582 0.012897427193820477 -0.05842166393995285 -0.035169534385204315 -0.9975889325141907
1748443757.055246 0.03933531790971756 6.488029479980469 -13.455327987670898 0.013307638466358185 -0.06055828928947449 -0.0384141243994236 -0.9973365068435669
1748443757.655247 0.14222246408462524 6.257178783416748 -12.69372272491455 0.01283518597483635 -0.04948596656322479 -0.03583020716905594 -0.9980494379997253
1748443758.255265 0.25757837295532227 6.00736141204834 -11.894007682800293 0.009580372832715511 -0.04999663308262825 -0.03785431757569313 -0.99798583984375
1748443758.855152 0.41055530309677124 5.76521110534668 -11.145587921142578 0.007208272349089384 -0.0720704197883606 -0.04527667164802551 -0.9963452816009521
1748443759.32181 0.5273251533508301 5.57503604888916 -10.546290397644043 0.006099064368754625 -0.06921650469303131 -0.04378839209675789 -0.9966215491294861
1748443759.921843 0.6901945471763611 5.328059673309326 -9.782320976257324 0.006206687539815903 -0.07480091601610184 -0.0451182946562767 -0.9961579442024231
1748443760.455136 0.838047981262207 5.110989093780518 -9.083497047424316 0.006980573758482933 -0.07481562346220016 -0.04747575893998146 -0.9960421323776245
1748443760.921747 0.9582471251487732 4.919745445251465 -8.488382339477539 0.006642920896410942 -0.07439424097537994 -0.04731374979019165 -0.9960837960243225
1748443761.521737 1.086140751838684 4.673140525817871 -7.712774753570557 0.008224088698625565 -0.05264953523874283 -0.0424991175532341 -0.9976744055747986
1748443762.254884 1.1586734056472778 4.431216716766357 -6.981625080108643 0.0034735924564301968 -0.03472017124295235 -0.03682820126414299 -0.9987122416496277
1748443762.721744 1.2193806171417236 4.243341445922852 -6.394582748413086 0.006515944376587868 -0.02660369500517845 -0.03518367558717728 -0.9990054965019226
1748443763.25511 1.2681498527526855 4.024153709411621 -5.730967044830322 0.007311190478503704 -0.01868274249136448 -0.030238421633839607 -0.9993413686752319
1748443763.721987 1.294963002204895 3.816168785095215 -5.113438606262207 0.005680150352418423 -0.011879229918122292 -0.026229839771986008 -0.9995692372322083
1748443764.25501 1.3224629163742065 3.586998462677002 -4.406386852264404 0.008730868808925152 -0.004396253265440464 -0.021465856581926346 -0.9997218251228333
1748443764.921665 1.3325246572494507 3.350705623626709 -3.7341079711914062 0.0013118477072566748 -0.0009626655955798924 -0.019429173320531845 -0.9998099207878113
1748443767.521686 1.374043583869934 3.0895590782165527 -2.9639387130737305 -0.005751063581556082 -0.0035314015112817287 -0.01923338510096073 -0.9997922778129578
1748443769.255017 1.4359978437423706 2.8461833000183105 -2.161151647567749 0.01323755644261837 -0.0261573176831007 -0.024352140724658966 -0.9992735385894775
1748443771.388558 1.5713852643966675 2.583824634552002 -1.4116206169128418 -0.0038310429081320763 -0.06426911801099777 -0.03389017656445503 -0.9973496794700623
1748443771.588502 1.6022766828536987 2.5413923263549805 -1.2287458181381226 0.011615263298153877 -0.06524573266506195 -0.03572992980480194 -0.9971617460250854
1748443771.788305 1.627731204032898 2.5065033435821533 -1.116866111755371 0.011550680734217167 -0.0663238987326622 -0.03630513325333595 -0.9970705509185791
