1748443579.859716 -0.0 -0.0 -0.0 -0.0 -0.0 -0.0 1.0
1748443581.259884 -0.0016800834564492106 -0.041737090796232224 0.08232980221509933 0.00838920846581459 -0.0024574780836701393 -0.0011782202636823058 0.9999611377716064
1748443582.926262 -0.047725748270750046 -0.28880417346954346 0.8002769351005554 0.003926967736333609 -0.029392758384346962 -0.012530466541647911 0.999481737613678
1748443584.19288 -0.14648309350013733 -0.5358235239982605 1.5003244876861572 0.011577095836400986 -0.05521676316857338 -0.023644009605050087 0.998127281665802
1748443584.992884 -0.21038898825645447 -0.7599273324012756 2.1180689334869385 0.012437473051249981 -0.05560346320271492 -0.02238624542951584 0.9981244802474976
1748443585.792852 -0.32943257689476013 -1.0357880592346191 2.860828399658203 0.018144037574529648 -0.06427419930696487 -0.026852257549762726 0.9974059462547302
1748443586.392916 -0.42181581258773804 -1.2953745126724243 3.6037580966949463 0.013181488029658794 -0.06365960091352463 -0.025020265951752663 0.9975709319114685
1748443586.992781 -0.5210422277450562 -1.5539028644561768 4.316405773162842 0.012697632424533367 -0.06262081116437912 -0.025075871497392654 0.9976415634155273
1748443587.59302 -0.6054332852363586 -1.7852874994277954 4.954250812530518 0.0135548310354352 -0.06258732825517654 -0.023538287729024887 0.9976698756217957
1748443588.32628 -0.698920488357544 -2.053100347518921 5.661264896392822 0.02015070430934429 -0.06310968846082687 -0.023573249578475952 0.9975246787071228
1748443588.926189 -0.7680229544639587 -2.3349876403808594 6.4185919761657715 0.016641266644001007 -0.052492376416921616 -0.02011372148990631 0.9982801079750061
1748443589.526248 -0.8491109013557434 -2.608165740966797 7.179315090179443 0.019128240644931793 -0.048622798174619675 -0.019973399117588997 0.99843430519104
1748443590.192948 -0.9413334727287292 -2.8912155628204346 7.957629680633545 0.014856960624456406 -0.06343670189380646 -0.024946274235844612 0.9975634217262268
1748443590.99282 -1.076235055923462 -3.165095806121826 8.67813491821289 0.018384909257292747 -0.09225723147392273 -0.03424399718642235 0.9949764013290405
1748443591.792844 -1.280845046043396 -3.4125094413757324 9.36881160736084 0.016277551651000977 -0.12855635583400726 -0.046946994960308075 0.9904566407203674
1748443592.59285 -1.5467002391815186 -3.6436145305633545 9.990193367004395 0.02012825943529606 -0.17819517850875854 -0.06472378969192505 0.9816579222679138
1748443593.392741 -1.9047844409942627 -3.891343832015991 10.627820014953613 0.019606195390224457 -0.23363453149795532 -0.08218217641115189 0.968646764755249
1748443594.126096 -2.3313591480255127 -4.1209716796875 11.215755462646484 0.023148218169808388 -0.27780163288116455 -0.09719820320606232 0.9554281830787659
1748443594.926049 -2.835752010345459 -4.363665580749512 11.75545597076416 0.03358801081776619 -0.33655616641044617 -0.11261587589979172 0.9343016743659973
1748443595.79273 -3.461678981781006 -4.563196659088135 12.26755428314209 0.02154870331287384 -0.39436066150665283 -0.13818229734897614 0.9082516431808472
1748443596.326049 -3.9855682849884033 -4.686486721038818 12.587091445922852 0.02056235633790493 -0.44012975692749023 -0.15679551661014557 0.883899450302124
1748443597.592686 -4.657491207122803 -4.8337812423706055 12.936129570007324 0.02429475076496601 -0.47821521759033203 -0.1736554652452469 0.8605601787567139
1748443598.592594 -5.342038154602051 -4.953427314758301 13.223129272460938 0.028264565393328667 -0.5061874985694885 -0.18204283714294434 0.8425175547599792
1748443599.39261 -6.029289245605469 -5.06243896484375 13.466357231140137 0.03100263513624668 -0.5331562757492065 -0.1895887851715088 0.8239171504974365
1748443600.325927 -6.780412673950195 -5.142508506774902 13.647675514221191 0.02999984100461006 -0.5767460465431213 -0.2055850774049759 0.7900625467300415
1748443601.192545 -7.506308078765869 -5.192841053009033 13.720698356628418 0.029614293947815895 -0.6243224143981934 -0.22552728652954102 0.7473165392875671
1748443601.992571 -8.209954261779785 -5.188625335693359 13.684062957763672 0.03134586289525032 -0.6684883236885071 -0.24356026947498322 0.7020108103752136
1748443602.725828 -8.914475440979004 -5.167781829833984 13.582256317138672 0.030774859711527824 -0.7044311165809631 -0.2557673752307892 0.6613718867301941
1748443603.525828 -9.584174156188965 -5.133899211883545 13.404398918151855 0.03719828277826309 -0.7431253790855408 -0.26746803522109985 0.6122432947158813
1748443604.392478 -10.365514755249023 -5.003605842590332 13.145477294921875 0.03090723231434822 -0.7548907399177551 -0.3048872649669647 0.5798522233963013
1748443605.192452 -10.994790077209473 -4.938616752624512 12.818166732788086 0.05647122859954834 -0.7999456524848938 -0.28867077827453613 0.5230364799499512
1748443605.792304 -11.559828758239746 -4.858103275299072 12.48572826385498 0.0515529103577137 -0.8276965022087097 -0.28469017148017883 0.48084554076194763
1748443606.325773 -12.111974716186523 -4.731749534606934 12.108539581298828 0.0384250245988369 -0.8396915197372437 -0.2984694242477417 0.45205938816070557
1748443606.925794 -12.65976333618164 -4.611385345458984 11.691661834716797 0.03882105275988579 -0.8535360097885132 -0.29723018407821655 0.42617303133010864
1748443607.592396 -13.305580139160156 -4.4465012550354 11.160074234008789 0.03839048370718956 -0.8663792014122009 -0.2970234155654907 0.3996129333972931
1748443608.125723 -13.835220336914062 -4.324696063995361 10.712508201599121 0.040014058351516724 -0.867245614528656 -0.2916754186153412 0.40150895714759827
1748443608.792361 -14.367227554321289 -4.181066036224365 10.20223617553711 0.038991473615169525 -0.8778396248817444 -0.2922380864620209 0.37745749950408936
1748443609.392373 -14.911325454711914 -4.041316032409668 9.650933265686035 0.044418253004550934 -0.8866029381752014 -0.28350692987442017 0.36274799704551697
1748443609.992314 -15.431270599365234 -3.8853330612182617 9.074865341186523 0.0431521013379097 -0.8908401727676392 -0.28903335332870483 0.3478526771068573
1748443610.592329 -15.949542045593262 -3.7289204597473145 8.498565673828125 0.03900953754782677 -0.8912514448165894 -0.2891092300415039 0.34722474217414856
1748443611.192411 -16.45901107788086 -3.5630085468292236 7.899418830871582 0.04047774896025658 -0.8938538432121277 -0.2868512272834778 0.3422035276889801
1748443611.725643 -16.943431854248047 -3.4335451126098633 7.405218124389648 0.03882622346282005 -0.8891644477844238 -0.2851576805114746 0.3557586967945099
1748443612.325607 -17.472827911376953 -3.272482395172119 6.828977584838867 0.038399871438741684 -0.8864659070968628 -0.2880255877971649 0.3602011501789093
1748443612.925636 -18.022216796875 -3.1356520652770996 6.274351119995117 0.038417648524045944 -0.8844684362411499 -0.2839788794517517 0.368233323097229
1748443613.525435 -18.569576263427734 -2.9933009147644043 5.738558769226074 0.03743873909115791 -0.8814775943756104 -0.2853410243988037 0.37440094351768494
1748443614.192445 -19.193300247192383 -2.838913917541504 5.165555000305176 0.03678988292813301 -0.8781288862228394 -0.28474321961402893 0.382697731256485
1748443614.792247 -19.729660034179688 -2.7054638862609863 4.679563522338867 0.03644782304763794 -0.8746365308761597 -0.2871086597442627 0.388910174369812
1748443615.32536 -20.20726203918457 -2.588735580444336 4.243555068969727 0.03684286028146744 -0.8740716576576233 -0.28696972131729126 0.3902432918548584
1748443615.992168 -20.800796508789062 -2.444878101348877 3.699443817138672 0.04116319492459297 -0.8753544688224792 -0.28637218475341797 0.38736438751220703
1748443616.725481 -21.371946334838867 -2.288848400115967 3.1586971282958984 0.04616818204522133 -0.8764445781707764 -0.29006633162498474 0.3815428912639618
1748443617.392138 -21.967531204223633 -2.134517192840576 2.590625762939453 0.046199649572372437 -0.878108561038971 -0.2906615436077118 0.37723591923713684
1748443617.992092 -22.490808486938477 -1.9879260063171387 2.0892086029052734 0.046391408890485764 -0.8792601823806763 -0.293986439704895 0.37191590666770935
1748443618.592121 -23.023902893066406 -1.8346753120422363 1.547067642211914 0.047129906713962555 -0.8806223273277283 -0.2943483293056488 0.36829623579978943
1748443619.12526 -23.516305923461914 -1.7001752853393555 1.0525360107421875 0.04953214153647423 -0.882916271686554 -0.29394274950027466 0.3627713918685913
1748443619.79247 -24.113908767700195 -1.5445780754089355 0.4351520538330078 0.048381365835666656 -0.8865951895713806 -0.2916652262210846 0.3557242453098297
1748443620.392083 -24.62203598022461 -1.3897371292114258 -0.12747573852539062 0.0474792905151844 -0.8885776400566101 -0.29247236251831055 0.350193589925766
1748443620.992448 -25.103023529052734 -1.247218132019043 -0.6690711975097656 0.0464014858007431 -0.8900007605552673 -0.29174476861953735 0.3473191261291504
1748443621.592022 -25.617645263671875 -1.1045970916748047 -1.2207794189453125 0.04412985220551491 -0.8895272612571716 -0.29221221804618835 0.34843337535858154
1748443622.19205 -26.097320556640625 -0.9677829742431641 -1.7510051727294922 0.04558207839727402 -0.8901877999305725 -0.2902448773384094 0.3482038080692291
1748443622.791862 -26.6108455657959 -0.8117704391479492 -2.3220481872558594 0.04411466419696808 -0.8897980451583862 -0.2924562692642212 0.3475382626056671
1748443623.391985 -27.106643676757812 -0.6589345932006836 -2.860767364501953 0.043561901897192 -0.8892182111740112 -0.29463648796081543 0.34725040197372437
1748443623.991984 -27.60126304626465 -0.4984931945800781 -3.392040252685547 0.03990442678332329 -0.8891435861587524 -0.295898973941803 0.34680718183517456
1748443624.525342 -28.033863067626953 -0.35893821716308594 -3.871936798095703 0.036476247012615204 -0.8880125284194946 -0.29654625058174133 0.3495190441608429
1748443625.125288 -28.549896240234375 -0.20508480072021484 -4.414302825927734 0.03369643911719322 -0.8869081735610962 -0.29307517409324646 0.3554791510105133
1748443625.725339 -29.0404052734375 -0.051731109619140625 -4.943058013916016 0.035408858209848404 -0.8845806121826172 -0.2904273569583893 0.3632014989852905
1748443626.391944 -29.615779876708984 0.09610462188720703 -5.494110107421875 0.03492647036910057 -0.8820059299468994 -0.29193738102912903 0.368263840675354
1748443626.925204 -30.07225799560547 0.22710895538330078 -5.9594268798828125 0.03540956601500511 -0.8803185820579529 -0.29075682163238525 0.3731566071510315
1748443627.458549 -30.543296813964844 0.34870338439941406 -6.4223480224609375 0.037701256573200226 -0.8793489933013916 -0.2888948619365692 0.3766481280326843
1748443628.058555 -31.06704330444336 0.4842681884765625 -6.921638488769531 0.038041871041059494 -0.8790953755378723 -0.2872341275215149 0.3784714937210083
1748443628.72501 -31.626052856445312 0.6417703628540039 -7.459735870361328 0.03656449541449547 -0.8766992688179016 -0.2902132272720337 0.3818869888782501
1748443629.325208 -32.18364334106445 0.7717428207397461 -7.963981628417969 0.03422136977314949 -0.8746265769004822 -0.2857872247695923 0.3901063799858093
1748443629.92519 -32.75000762939453 0.9074859619140625 -8.460613250732422 0.03235131874680519 -0.8718191981315613 -0.28472962975502014 0.3972577452659607
1748443630.524959 -33.32789611816406 1.0397405624389648 -8.913921356201172 0.031280145049095154 -0.8702938556671143 -0.28510046005249023 0.40040966868400574
1748443631.058456 -33.822532653808594 1.156062126159668 -9.338813781738281 0.03436323255300522 -0.8697823286056519 -0.2836126685142517 0.40232041478157043
1748443631.725106 -34.41971206665039 1.3012666702270508 -9.862720489501953 0.03674648702144623 -0.8715314269065857 -0.2809070646762848 0.4002174437046051
1748443632.324936 -34.90550994873047 1.4105815887451172 -10.309886932373047 0.03615456074476242 -0.8731871843338013 -0.2821785509586334 0.3957427442073822
1748443632.9251 -35.438228607177734 1.5410289764404297 -10.795536041259766 0.037174634635448456 -0.8726363778114319 -0.28397098183631897 0.39558085799217224
1748443633.525154 -35.96393585205078 1.6735105514526367 -11.29251480102539 0.037690021097660065 -0.8738102912902832 -0.2839827537536621 0.3929235637187958
1748443634.258393 -36.60589599609375 1.8253297805786133 -11.875923156738281 0.03743956610560417 -0.8751314878463745 -0.28679677844047546 0.3879315257072449
1748443634.925027 -37.205650329589844 1.980916976928711 -12.453380584716797 0.03641650453209877 -0.8770793676376343 -0.28752925992012024 0.3830568790435791
1748443635.725081 -37.91118240356445 2.1643505096435547 -13.148155212402344 0.03673750162124634 -0.8763783574104309 -0.28790533542633057 0.38434600830078125
1748443636.324824 -38.48756790161133 2.3044471740722656 -13.68112564086914 0.038865938782691956 -0.875224232673645 -0.28694579005241394 0.3874715566635132
1748443636.925005 -39.07933807373047 2.4423370361328125 -14.22439193725586 0.038779210299253464 -0.8715605735778809 -0.28522607684135437 0.39689362049102783
1748443637.525001 -39.69684600830078 2.5802268981933594 -14.758243560791016 0.03965490311384201 -0.866033673286438 -0.2833327054977417 0.4100436270236969
1748443638.058105 -40.25774383544922 2.693511962890625 -15.208393096923828 0.039111025631427765 -0.8618640899658203 -0.28064286708831787 0.42059504985809326
1748443638.65826 -40.92029571533203 2.814746856689453 -15.699493408203125 0.039939019829034805 -0.8559380173683167 -0.2781177759170532 0.4340800344944
1748443639.258273 -41.61200714111328 2.9420814514160156 -16.182140350341797 0.039191555231809616 -0.8536564111709595 -0.27647286653518677 0.4396563470363617
1748443639.858058 -42.29010772705078 3.051067352294922 -16.66436767578125 0.036558959633111954 -0.8498159050941467 -0.2743127644062042 0.4485853910446167
1748443640.458203 -43.020843505859375 3.167957305908203 -17.140125274658203 0.03614192083477974 -0.8418473601341248 -0.2717296779155731 0.46491917967796326
1748443641.058209 -43.68848419189453 3.268573760986328 -17.57192611694336 0.035563062876462936 -0.8460723757743835 -0.2717576324939728 0.45721399784088135
1748443641.724676 -44.361968994140625 3.3942031860351562 -18.059894561767578 0.034356534481048584 -0.8481717109680176 -0.27556371688842773 0.4510975778102875
1748443642.324836 -44.98277282714844 3.5054454803466797 -18.501537322998047 0.03411060944199562 -0.8522168397903442 -0.2747167944908142 0.4439523220062256
1748443642.924865 -45.579193115234375 3.6299381256103516 -18.950462341308594 0.03477705642580986 -0.8548429012298584 -0.27808457612991333 0.4366956949234009
1748443643.657966 -46.338287353515625 3.7950782775878906 -19.5516357421875 0.03250906988978386 -0.8588945269584656 -0.28324025869369507 0.425462543964386
1748443644.258114 -46.92052459716797 3.919546127319336 -20.02963638305664 0.0351397804915905 -0.8644935488700867 -0.28182458877563477 0.4147180914878845
1748443644.85811 -47.47388458251953 4.058017730712891 -20.52381134033203 0.0349896214902401 -0.8671756386756897 -0.28252604603767395 0.40860891342163086
1748443645.457907 -48.08062744140625 4.1976318359375 -21.043739318847656 0.03349365293979645 -0.8692769408226013 -0.28013893961906433 0.40590399503707886
1748443646.058142 -48.664817810058594 4.336997985839844 -21.558979034423828 0.03197789192199707 -0.8666151762008667 -0.2809916138648987 0.41109535098075867
1748443646.658057 -49.329551696777344 4.472257614135742 -22.097915649414062 0.029706524685025215 -0.8648766875267029 -0.2772789001464844 0.41739940643310547
1748443647.324525 -50.0693473815918 4.609214782714844 -22.660686492919922 0.030093243345618248 -0.8606182336807251 -0.27438265085220337 0.4279543161392212
1748443647.925003 -50.75204086303711 4.7278900146484375 -23.145126342773438 0.028966523706912994 -0.8529950380325317 -0.26965218782424927 0.44592392444610596
1748443648.39195 -51.301414489746094 4.818304061889648 -23.517436981201172 0.029225751757621765 -0.8489581942558289 -0.26816651225090027 0.454425573348999
1748443648.991459 -51.987606048583984 4.91963005065918 -23.958709716796875 0.028841327875852585 -0.8446582555770874 -0.26410973072052 0.4647221565246582
1748443649.591149 -52.661720275878906 5.028326034545898 -24.40650177001953 0.027230991050601006 -0.8437347412109375 -0.26580795645713806 0.4655279815196991
1748443650.191303 -53.32913589477539 5.136920928955078 -24.862403869628906 0.02796887420117855 -0.8440115451812744 -0.26666176319122314 0.46449312567710876
1748443650.791301 -54.02202606201172 5.242753982543945 -25.325275421142578 0.027380159124732018 -0.8478221893310547 -0.2663969397544861 0.4576905369758606
1748443651.391101 -54.717674255371094 5.355913162231445 -25.792617797851562 0.026287853717803955 -0.8496846556663513 -0.26694557070732117 0.4539659023284912
1748443651.991286 -55.27735900878906 5.457130432128906 -26.23230743408203 0.024868961423635483 -0.8591390252113342 -0.26604950428009033 0.43643951416015625
1748443652.591258 -55.87788391113281 5.573368072509766 -26.695541381835938 0.021490421146154404 -0.8633084893226624 -0.27107641100883484 0.425152063369751
1748443653.191114 -56.496734619140625 5.719608306884766 -27.236122131347656 0.02020271308720112 -0.8693154454231262 -0.2745128273963928 0.4105183780193329
1748443653.791291 -57.10943603515625 5.865882873535156 -27.767990112304688 0.02124232053756714 -0.8703478574752808 -0.2782277762889862 0.4057496190071106
1748443654.391201 -57.69273376464844 5.996013641357422 -28.289703369140625 0.02398810163140297 -0.872957706451416 -0.27368414402008057 0.40307125449180603
1748443654.990996 -58.3331413269043 6.150960922241211 -28.812515258789062 0.01698918640613556 -0.869442880153656 -0.27890294790267944 0.4074232280254364
1748443655.591152 -58.993263244628906 6.289838790893555 -29.354827880859375 0.024222927168011665 -0.8661978840827942 -0.27145668864250183 0.41883859038352966
1748443656.191194 -59.627281188964844 6.428220748901367 -29.852645874023438 0.027909450232982635 -0.8599239587783813 -0.2770474851131439 0.42778101563453674
1748443656.790983 -60.303165435791016 6.563549041748047 -30.34790802001953 0.026008184999227524 -0.8569150567054749 -0.27856674790382385 0.4329211115837097
1748443657.391091 -60.974464416503906 6.67009162902832 -30.823951721191406 0.028652753680944443 -0.8558456301689148 -0.2652879059314728 0.4430910348892212
1748443657.991192 -61.643760681152344 6.773656845092773 -31.263099670410156 0.023939428851008415 -0.849458634853363 -0.26537013053894043 0.45544007420539856
1748443658.590902 -62.29724884033203 6.872589111328125 -31.723487854003906 0.020507890731096268 -0.8563072681427002 -0.2599615156650543 0.44579967856407166
1748443659.190927 -62.855812072753906 6.973760604858398 -32.214324951171875 0.026691175997257233 -0.8773833513259888 -0.2612900137901306 0.4015141725540161
1748443659.9912 -63.383140563964844 7.127252578735352 -32.77482604980469 0.024868082255125046 -0.892249345779419 -0.2784085273742676 0.35462868213653564
1748443660.591072 -63.830352783203125 7.301519393920898 -33.362579345703125 0.02803308144211769 -0.9033719897270203 -0.29356977343559265 0.31136804819107056
1748443661.191159 -64.24165344238281 7.490438461303711 -34.002166748046875 0.03313029929995537 -0.9108441472053528 -0.2991795837879181 0.2824127972126007
1748443661.791417 -64.67947387695312 7.712749481201172 -34.7052001953125 0.03989974036812782 -0.9124888777732849 -0.3086232841014862 0.26556289196014404
1748443662.391352 -65.10334777832031 7.936407089233398 -35.396263122558594 0.03516249731183052 -0.911496102809906 -0.3163582682609558 0.26049181818962097
1748443662.991532 -65.53072357177734 8.160043716430664 -36.07477569580078 0.04439191147685051 -0.9120701551437378 -0.3133327066898346 0.26072970032691956
1748443663.591822 -65.93441772460938 8.369789123535156 -36.70702362060547 0.04193303734064102 -0.9103891849517822 -0.3182828426361084 0.26101580262184143
1748443664.192092 -66.33595275878906 8.573217391967773 -37.373146057128906 0.03839628025889397 -0.9159470200538635 -0.31108370423316956 0.2505868971347809
1748443664.792042 -66.6846923828125 8.736618041992188 -38.053810119628906 0.03590439632534981 -0.9308938384056091 -0.2881092429161072 0.2216767519712448
1748443665.392204 -67.02366638183594 8.94127082824707 -38.75569152832031 0.029860494658350945 -0.9321823120117188 -0.3000465929508209 0.20029139518737793
1748443665.992196 -67.30032348632812 9.163536071777344 -39.45672607421875 0.025618867948651314 -0.9352781772613525 -0.3093775510787964 0.1699528694152832
1748443666.592228 -67.44368743896484 9.370489120483398 -40.11333465576172 0.028809061273932457 -0.9436389207839966 -0.3112196624279022 0.1088946983218193
1748443667.192325 -67.56612396240234 9.606388092041016 -40.83618927001953 0.02659529261291027 -0.9456928968429565 -0.3169812858104706 0.06693677604198456
1748443667.792497 -67.60773468017578 9.823457717895508 -41.49493408203125 0.03235357627272606 -0.9477684497833252 -0.31562376022338867 0.032707490026950836
1748443668.392505 -67.60870361328125 10.084897994995117 -42.23720932006836 0.03316254913806915 -0.94529789686203 -0.3245132863521576 -0.001790151814930141
1748443668.992798 -67.55850982666016 10.312652587890625 -42.892234802246094 0.03201082721352577 -0.9434950351715088 -0.3275277018547058 -0.03896322473883629
1748443669.592899 -67.46858215332031 10.5294771194458 -43.5331916809082 0.03444169461727142 -0.9443835020065308 -0.3204650580883026 -0.06523573398590088
1748443669.992805 -67.3632583618164 10.720970153808594 -44.06079864501953 0.03824418783187866 -0.9412012696266174 -0.3248777985572815 -0.0844513550400734
1748443670.392814 -67.25993347167969 10.916131973266602 -44.59735870361328 0.042700912803411484 -0.9396712183952332 -0.32701346278190613 -0.09086689352989197
1748443670.993041 -67.09656524658203 11.187820434570312 -45.36681365966797 0.04807771369814873 -0.9399302005767822 -0.32275882363319397 -0.10023228079080582
1748443671.593114 -66.92271423339844 11.46692180633545 -46.11767578125 0.0475003756582737 -0.937634289264679 -0.32508882880210876 -0.11359131336212158
1748443671.992974 -66.78144836425781 11.652482986450195 -46.61809158325195 0.05197785422205925 -0.9372940063476562 -0.32097122073173523 -0.12552207708358765
1748443672.593066 -66.57827758789062 11.935298919677734 -47.383583068847656 0.05820874869823456 -0.934810221195221 -0.3259207308292389 -0.12851935625076294
1748443673.193312 -66.36036682128906 12.190873146057129 -48.081871032714844 0.059962812811136246 -0.9357395172119141 -0.31797781586647034 -0.14030717313289642
1748443673.99323 -66.10944366455078 12.470342636108398 -48.8030891418457 0.054960742592811584 -0.9311089515686035 -0.32134634256362915 -0.16356036067008972
1748443674.593295 -65.85855102539062 12.725643157958984 -49.509483337402344 0.042300593107938766 -0.9286062717437744 -0.3202272653579712 -0.18263491988182068
1748443675.193525 -65.55707550048828 12.996420860290527 -50.21018600463867 0.03486315906047821 -0.9232168793678284 -0.32508695125579834 -0.20192492008209229
1748443675.793419 -65.23277282714844 13.23430061340332 -50.88346862792969 0.02957294136285782 -0.9195780754089355 -0.3170498311519623 -0.23017612099647522
1748443676.393541 -64.84884643554688 13.47006893157959 -51.52863311767578 0.028462404385209084 -0.9129823446273804 -0.31484556198120117 -0.25792548060417175
1748443676.993699 -64.42947387695312 13.722429275512695 -52.163421630859375 0.028006425127387047 -0.9069432616233826 -0.31392911076545715 -0.27949634194374084
1748443677.593628 -63.97724151611328 13.96545124053955 -52.78451919555664 0.029626445844769478 -0.8974581956863403 -0.3161417245864868 -0.3061790466308594
1748443678.193722 -63.48341369628906 14.205292701721191 -53.360225677490234 0.03388156369328499 -0.8897225260734558 -0.3134624660015106 -0.33013203740119934
1748443678.793937 -62.963111877441406 14.441097259521484 -53.9422607421875 0.0358399860560894 -0.8824108242988586 -0.3119279742240906 -0.3503822386264801
1748443679.394011 -62.420318603515625 14.657339096069336 -54.50749206542969 0.03425288572907448 -0.8826742172241211 -0.3000979423522949 -0.3600754141807556
1748443679.993936 -61.870872497558594 14.8825044631958 -55.05024337768555 0.037090007215738297 -0.8762228488922119 -0.3047237694263458 -0.37148529291152954
1748443680.594149 -61.446502685546875 15.046943664550781 -55.497100830078125 0.03611007332801819 -0.8792479634284973 -0.2990841269493103 -0.3690093159675598
1748443681.194223 -60.89952087402344 15.27731704711914 -56.023948669433594 0.0439889021217823 -0.8764585852622986 -0.29882338643074036 -0.37495335936546326
1748443681.79413 -60.310340881347656 15.494017601013184 -56.566490173339844 0.04562889412045479 -0.8737027645111084 -0.29790231585502625 -0.38185808062553406
1748443682.394381 -59.73292541503906 15.718269348144531 -57.09225082397461 0.04897012189030647 -0.8687357306480408 -0.30307289958000183 -0.3886476755142212
1748443682.794423 -59.327484130859375 15.870851516723633 -57.45602798461914 0.047941870987415314 -0.8687730431556702 -0.2975298762321472 -0.3929515480995178
1748443683.394311 -58.7135009765625 16.089885711669922 -57.9731330871582 0.04766257852315903 -0.8631795644760132 -0.29639384150505066 -0.4059557318687439
1748443683.794391 -58.27484130859375 16.240453720092773 -58.312442779541016 0.04879458621144295 -0.8580494523048401 -0.29665324091911316 -0.4163739085197449
1748443684.194444 -57.837974548339844 16.39373779296875 -58.65325164794922 0.051786959171295166 -0.8559401631355286 -0.29679134488105774 -0.42023736238479614
1748443684.794994 -57.187896728515625 16.615108489990234 -59.131099700927734 0.049774620682001114 -0.8481957912445068 -0.29661357402801514 -0.4360123872756958
1748443685.194515 -56.73402404785156 16.75396728515625 -59.4342155456543 0.050438042730093 -0.8424092531204224 -0.29426926374435425 -0.44856253266334534
1748443685.594595 -56.273597717285156 16.89356803894043 -59.738807678222656 0.049636516720056534 -0.8372517824172974 -0.2935878336429596 -0.4586413502693176
1748443686.194656 -55.60417175292969 17.091554641723633 -60.16616439819336 0.04584214836359024 -0.8329830169677734 -0.29180482029914856 -0.46785447001457214
1748443686.795537 -54.94068908691406 17.29041290283203 -60.591243743896484 0.04465506225824356 -0.8352002501487732 -0.2956017255783081 -0.46159082651138306
1748443687.394954 -54.29054260253906 17.486921310424805 -61.01203918457031 0.04388178139925003 -0.8362621665000916 -0.2938324809074402 -0.46087145805358887
1748443687.994888 -53.635589599609375 17.689687728881836 -61.451473236083984 0.04085983335971832 -0.8377255797386169 -0.2967909276485443 -0.45657584071159363
1748443688.595085 -52.96208190917969 17.9001522064209 -61.912353515625 0.04204946756362915 -0.8390719294548035 -0.2978634238243103 -0.45328524708747864
1748443689.195025 -52.30858612060547 18.106672286987305 -62.3662223815918 0.043189145624637604 -0.8414905071258545 -0.2967745363712311 -0.449392169713974
1748443689.595067 -51.867027282714844 18.248733520507812 -62.66931915283203 0.04529355838894844 -0.8413647413253784 -0.2971770763397217 -0.4491543471813202
1748443689.995273 -51.40863037109375 18.39812469482422 -63.00201416015625 0.043387945741415024 -0.8420764803886414 -0.29837435483932495 -0.44721075892448425
1748443690.595338 -50.76166534423828 18.590763092041016 -63.4549560546875 0.04272838309407234 -0.8451135754585266 -0.29465559124946594 -0.44399940967559814
1748443691.192964 -50.14515686035156 18.79273796081543 -63.90605163574219 0.038261495530605316 -0.8445690274238586 -0.2981121242046356 -0.44313469529151917
1748443691.723407 -49.590606689453125 18.97507095336914 -64.31028747558594 0.03708495572209358 -0.8422704935073853 -0.30382904410362244 -0.44372639060020447
1748443692.323536 -48.938232421875 19.18994140625 -64.77100372314453 0.03327494114637375 -0.8396781086921692 -0.3060757517814636 -0.44738245010375977
1748443692.923511 -48.27201843261719 19.39563751220703 -65.2248306274414 0.032151903957128525 -0.8361199498176575 -0.3032258152961731 -0.45598679780960083
1748443693.523364 -47.58599853515625 19.59758949279785 -65.64803314208984 0.030280152335762978 -0.8236494064331055 -0.3019312024116516 -0.47908496856689453
1748443694.124055 -46.866493225097656 19.792125701904297 -66.02073669433594 0.03026835434138775 -0.8101927638053894 -0.30035075545310974 -0.502454936504364
1748443694.723486 -46.13892364501953 19.970918655395508 -66.38312530517578 0.028479356318712234 -0.8046360611915588 -0.2941287159919739 -0.5150127410888672
1748443695.323297 -45.359474182128906 20.168310165405273 -66.71000671386719 0.028945496305823326 -0.7853749990463257 -0.3003101646900177 -0.540520191192627
1748443695.923302 -44.6094970703125 20.332275390625 -67.03338623046875 0.02573956735432148 -0.7880252003669739 -0.2910677492618561 -0.5418794751167297
1748443696.523434 -43.851715087890625 20.4962158203125 -67.33028411865234 0.026703359559178352 -0.784633994102478 -0.28730475902557373 -0.5487189888954163
1748443697.123245 -43.08075714111328 20.677444458007812 -67.61616516113281 0.03423679620027542 -0.7698256969451904 -0.29626303911209106 -0.5642911791801453
1748443697.723256 -42.3214111328125 20.819774627685547 -67.8831787109375 0.02368188090622425 -0.7642698287963867 -0.28712812066078186 -0.5769647359848022
1748443698.323389 -41.56882095336914 20.933013916015625 -68.10432434082031 0.004019660409539938 -0.7486882209777832 -0.2790755331516266 -0.6013042330741882
1748443698.923256 -40.802528381347656 21.020320892333984 -68.26411437988281 -0.006551683880388737 -0.7303910851478577 -0.27058374881744385 -0.6271128058433533
1748443699.523203 -39.989295959472656 21.09703254699707 -68.37705993652344 0.0014392562443390489 -0.7103202939033508 -0.26577359437942505 -0.6517724990844727
1748443700.123321 -39.198822021484375 21.154396057128906 -68.43619537353516 0.0018693174934014678 -0.686760663986206 -0.2590539753437042 -0.6791520118713379
1748443700.72315 -38.47945785522461 21.189746856689453 -68.43563842773438 0.0045392210595309734 -0.6557910442352295 -0.2516300082206726 -0.7117583155632019
1748443701.323144 -37.72235107421875 21.198162078857422 -68.36006164550781 0.006280447356402874 -0.6254484057426453 -0.24185052514076233 -0.7418107390403748
1748443701.923283 -36.97196960449219 21.18893814086914 -68.22055053710938 0.005411582533270121 -0.5966360569000244 -0.23513242602348328 -0.7672737240791321
1748443702.523094 -36.205284118652344 21.164548873901367 -68.05399322509766 0.0020126758608967066 -0.5731907486915588 -0.22646665573120117 -0.7875031232833862
1748443703.123096 -35.468936920166016 21.118244171142578 -67.82345581054688 0.0027772316243499517 -0.5455954670906067 -0.21618326008319855 -0.8096806406974792
1748443703.723107 -34.72431564331055 21.081478118896484 -67.5224609375 0.016125567257404327 -0.5143492221832275 -0.2140578180551529 -0.8302794694900513
1748443704.323232 -34.131072998046875 21.011817932128906 -67.25216674804688 0.0013626839499920607 -0.4858842194080353 -0.2007315307855606 -0.8506594300270081
1748443704.923064 -33.53953552246094 20.9505615234375 -66.92056274414062 0.012959049083292484 -0.45419442653656006 -0.1978808492422104 -0.8685520887374878
1748443705.523058 -32.92900085449219 20.861194610595703 -66.527587890625 0.013028750196099281 -0.42743387818336487 -0.19072534143924713 -0.883603036403656
1748443706.123184 -32.275474548339844 20.763221740722656 -66.05620574951172 0.017797473818063736 -0.41392871737480164 -0.18544070422649384 -0.8910432457923889
1748443706.722995 -31.70912742614746 20.651473999023438 -65.61692810058594 0.009838832542300224 -0.39693766832351685 -0.17656579613685608 -0.9006487727165222
1748443707.322999 -31.136690139770508 20.548694610595703 -65.13916015625 0.018600359559059143 -0.3807694613933563 -0.17312203347682953 -0.908128559589386
1748443707.923153 -30.62653350830078 20.431652069091797 -64.70639038085938 0.009661550633609295 -0.36888596415519714 -0.16394105553627014 -0.9148514866828918
1748443708.522945 -30.049510955810547 20.303442001342773 -64.16592407226562 0.016393929719924927 -0.35338351130485535 -0.15918108820915222 -0.9216901659965515
1748443709.12297 -29.499412536621094 20.16600227355957 -63.612693786621094 0.016571611166000366 -0.3408776521682739 -0.1552756428718567 -0.9270476698875427
1748443709.723088 -28.948095321655273 20.017440795898438 -63.037139892578125 0.01858167164027691 -0.34451422095298767 -0.15199503302574158 -0.9262085556983948
1748443710.389571 -28.40035629272461 19.89159393310547 -62.496559143066406 0.028393981978297234 -0.34601888060569763 -0.151805117726326 -0.92542964220047
1748443710.922897 -27.920269012451172 19.775814056396484 -62.023345947265625 0.024961700662970543 -0.3495608866214752 -0.14883102476596832 -0.9246801733970642
1748443711.389608 -27.42664337158203 19.685283660888672 -61.60707092285156 0.02608988806605339 -0.3741300702095032 -0.15702562034130096 -0.9136132001876831
1748443711.923256 -26.857580184936523 19.588621139526367 -61.1442985534668 0.027899518609046936 -0.3913762867450714 -0.16138218343257904 -0.9055396914482117
1748443712.389523 -26.340167999267578 19.51251983642578 -60.75479507446289 0.029243359342217445 -0.4018000662326813 -0.16713355481624603 -0.8998710513114929
1748443712.922847 -25.735668182373047 19.437774658203125 -60.35749816894531 0.029032809659838676 -0.4278240501880646 -0.17150473594665527 -0.8869667053222656
1748443713.389517 -25.214927673339844 19.36530303955078 -60.01258087158203 0.026558883488178253 -0.4290252923965454 -0.1719234138727188 -0.8863827586174011
1748443713.923267 -24.606645584106445 19.29183578491211 -59.63239288330078 0.02968006581068039 -0.4395304024219513 -0.17392392456531525 -0.8807284235954285
1748443714.522799 -23.93042755126953 19.21006965637207 -59.217613220214844 0.02786390110850334 -0.44682925939559937 -0.1730680763721466 -0.8772768974304199
1748443715.122802 -23.27043342590332 19.131914138793945 -58.80665588378906 0.029686540365219116 -0.44753095507621765 -0.17203179001808167 -0.8770631551742554
1748443715.589604 -22.738056182861328 19.067066192626953 -58.491607666015625 0.03333668038249016 -0.4434588849544525 -0.1700078547000885 -0.8793920278549194
1748443716.12277 -22.159976959228516 18.97980308532715 -58.096458435058594 0.028119094669818878 -0.44161027669906616 -0.16277554631233215 -0.8818694949150085
1748443716.722787 -21.497236251831055 18.893835067749023 -57.67900848388672 0.027464743703603745 -0.44028234481811523 -0.16689705848693848 -0.8817837238311768
1748443717.189454 -20.982725143432617 18.83075523376465 -57.35041427612305 0.027217252179980278 -0.4386301040649414 -0.16698601841926575 -0.8825976252555847
1748443717.722863 -20.40361785888672 18.741281509399414 -56.96556091308594 0.024525539949536324 -0.4298384487628937 -0.16555804014205933 -0.8872587084770203
1748443718.32273 -19.76641273498535 18.652904510498047 -56.531700134277344 0.02930019237101078 -0.42394739389419556 -0.16395989060401917 -0.8902400135993958
1748443718.922739 -19.140186309814453 18.555641174316406 -56.09294891357422 0.025860833004117012 -0.4120584726333618 -0.16040313243865967 -0.8965544700622559
1748443719.523228 -18.546062469482422 18.44228744506836 -55.619476318359375 0.022614477202296257 -0.3909098505973816 -0.15483921766281128 -0.9070296883583069
1748443720.122667 -17.915740966796875 18.319671630859375 -55.10772705078125 0.024357398971915245 -0.3871588408946991 -0.1567000150680542 -0.9082729816436768
1748443720.722846 -17.323394775390625 18.208267211914062 -54.620513916015625 0.022290030494332314 -0.3800235390663147 -0.15417280793190002 -0.9117653369903564
1748443721.189329 -16.84771156311035 18.114395141601562 -54.226295471191406 0.02084849216043949 -0.3782046437263489 -0.1531614363193512 -0.9127256274223328
1748443721.789308 -16.26422882080078 17.9893798828125 -53.717742919921875 0.023532770574092865 -0.3740129768848419 -0.15124645829200745 -0.9147048592567444
1748443722.389309 -15.68075942993164 17.86752700805664 -53.21556854248047 0.02217523567378521 -0.37452954053878784 -0.1501452475786209 -0.9147088527679443
1748443722.92264 -15.1414794921875 17.744003295898438 -52.74067687988281 0.021107468754053116 -0.37043875455856323 -0.14913910627365112 -0.9165627360343933
1748443723.522775 -14.543374061584473 17.609577178955078 -52.21153259277344 0.023922763764858246 -0.3685661554336548 -0.14831948280334473 -0.9173811078071594
1748443724.122572 -13.953478813171387 17.470355987548828 -51.66767883300781 0.022707682102918625 -0.35968920588493347 -0.14508208632469177 -0.9214441776275635
1748443724.722617 -13.396610260009766 17.333148956298828 -51.14315414428711 0.023621810600161552 -0.35232436656951904 -0.14055511355400085 -0.924961507320404
1748443725.189342 -12.944053649902344 17.211055755615234 -50.69380187988281 0.01818045973777771 -0.3397516906261444 -0.13774937391281128 -0.9301953315734863
1748443725.789266 -12.423070907592773 17.061574935913086 -50.09318161010742 0.01863696053624153 -0.31861451268196106 -0.13354866206645966 -0.9382442235946655
1748443726.389196 -11.922491073608398 16.905290603637695 -49.459373474121094 0.021553296595811844 -0.2937246859073639 -0.13201524317264557 -0.9464846849441528
1748443726.922594 -11.502921104431152 16.76007843017578 -48.88695526123047 0.02117183618247509 -0.27419787645339966 -0.12754839658737183 -0.9529421925544739
1748443727.523295 -11.07370376586914 16.589115142822266 -48.25632858276367 0.019268114119768143 -0.25544610619544983 -0.12127365171909332 -0.9589936137199402
1748443727.989146 -10.75571060180664 16.456134796142578 -47.767723083496094 0.020310822874307632 -0.24287253618240356 -0.11477813124656677 -0.9630298018455505
1748443728.522483 -10.41718578338623 16.28593635559082 -47.19524002075195 0.015804337337613106 -0.2262129783630371 -0.10797226428985596 -0.9679462909698486
1748443729.122563 -10.05518627166748 16.104280471801758 -46.54228591918945 0.019920993596315384 -0.21702519059181213 -0.10083825886249542 -0.9707393646240234
1748443729.65576 -9.747575759887695 15.944396018981934 -45.96907424926758 0.02115834876894951 -0.20812004804611206 -0.0967969000339508 -0.973071813583374
1748443730.122952 -9.487418174743652 15.807343482971191 -45.443363189697266 0.023477530106902122 -0.20183973014354706 -0.09446345269680023 -0.9745697975158691
1748443730.522506 -9.246927261352539 15.690387725830078 -44.99114227294922 0.02367420867085457 -0.20669765770435333 -0.09583210200071335 -0.9734125137329102
1748443731.122657 -8.909379959106445 15.514057159423828 -44.34319305419922 0.021754909306764603 -0.20432749390602112 -0.09323729574680328 -0.9742093682289124
1748443731.655787 -8.61238956451416 15.364839553833008 -43.778541564941406 0.022950591519474983 -0.20649796724319458 -0.09337948262691498 -0.9737105369567871
1748443732.255871 -8.27736759185791 15.182978630065918 -43.12861251831055 0.021809080615639687 -0.20274478197097778 -0.08913008123636246 -0.9749230146408081
1748443732.85572 -7.936240196228027 14.993459701538086 -42.46768569946289 0.022345351055264473 -0.20267029106616974 -0.08695589005947113 -0.9751226305961609
1748443733.45582 -7.607354640960693 14.813505172729492 -41.80104446411133 0.024698402732610703 -0.2003374695777893 -0.0834207758307457 -0.9758565425872803
1748443734.055852 -7.278243064880371 14.63953971862793 -41.16577911376953 0.02395874261856079 -0.19793668389320374 -0.0843287855386734 -0.9762867093086243
1748443734.655693 -6.927949905395508 14.452255249023438 -40.50562286376953 0.023414384573698044 -0.20019596815109253 -0.08445087820291519 -0.9758286476135254
1748443735.255764 -6.600835800170898 14.273375511169434 -39.85396957397461 0.02478376217186451 -0.1988881528377533 -0.0836697444319725 -0.976129412651062
1748443735.855768 -6.287193775177002 14.10071849822998 -39.20490646362305 0.022409752011299133 -0.19714751839637756 -0.08221278339624405 -0.9766635298728943
1748443736.455686 -5.985570430755615 13.927240371704102 -38.584632873535156 0.020666828379034996 -0.19076284766197205 -0.08113805204629898 -0.9780588746070862
1748443737.056162 -5.714667320251465 13.751962661743164 -37.9407958984375 0.02216413803398609 -0.17583435773849487 -0.07629259675741196 -0.9812086820602417
1748443737.655636 -5.4755730628967285 13.581589698791504 -37.303062438964844 0.020763762295246124 -0.1605619639158249 -0.0715285912156105 -0.9842115640640259
1748443738.255561 -5.23537015914917 13.392863273620605 -36.62593078613281 0.02129301242530346 -0.14734157919883728 -0.06734607368707657 -0.9865605235099792
1748443738.722232 -5.052821159362793 13.24140739440918 -36.09333038330078 0.0200488418340683 -0.1434195339679718 -0.0661013051867485 -0.9872484803199768
1748443739.255675 -4.855500221252441 13.06867790222168 -35.483924865722656 0.019530585035681725 -0.13876621425151825 -0.06392846256494522 -0.9880666136741638
1748443739.855542 -4.639502048492432 12.864177703857422 -34.803741455078125 0.017243854701519012 -0.1304362714290619 -0.061715442687273026 -0.9893837571144104
1748443740.455524 -4.445176124572754 12.680611610412598 -34.12316131591797 0.020099639892578125 -0.12108367681503296 -0.057487938553094864 -0.9907723665237427
1748443741.122133 -4.23140811920166 12.457304954528809 -33.37247085571289 0.01827288419008255 -0.11673396080732346 -0.05152418836951256 -0.9916574954986572
1748443741.72213 -4.045262336730957 12.24687671661377 -32.663211822509766 0.01711798459291458 -0.10941791534423828 -0.04882245510816574 -0.9926485419273376
1748443742.322133 -3.8693740367889404 12.059152603149414 -31.955976486206055 0.025700915604829788 -0.10776253044605255 -0.04816548153758049 -0.9926765561103821
1748443742.922078 -3.6951727867126465 11.857181549072266 -31.270471572875977 0.018679318949580193 -0.10958054661750793 -0.04592258483171463 -0.99274080991745
1748443743.522087 -3.497129440307617 11.651877403259277 -30.555152893066406 0.01852959766983986 -0.11425375193357468 -0.047681260854005814 -0.9921337366104126
1748443744.122081 -3.2936205863952637 11.43653392791748 -29.856796264648438 0.015243548899888992 -0.1137065440416336 -0.04938462749123573 -0.9921691417694092
1748443744.722177 -3.1184194087982178 11.239302635192871 -29.160541534423828 0.019672151654958725 -0.1136595606803894 -0.04677951708436012 -0.9922229051589966
1748443745.45537 -2.9728925228118896 11.015434265136719 -28.489187240600586 0.010561289265751839 -0.09944771975278854 -0.03776547685265541 -0.994269847869873
1748443746.05552 -2.8374412059783936 10.809494972229004 -27.805423736572266 0.01198570616543293 -0.09410984069108963 -0.03318377956748009 -0.994936466217041
1748443746.655451 -2.6852452754974365 10.585221290588379 -27.05512809753418 0.012041793204843998 -0.08955317735671997 -0.03040274791419506 -0.9954451322555542
1748443747.255316 -2.5319671630859375 10.36272144317627 -26.30824089050293 0.016967160627245903 -0.08542417734861374 -0.030247442424297333 -0.9957409501075745
1748443747.85548 -2.3984217643737793 10.121699333190918 -25.520709991455078 0.015117160975933075 -0.08391157537698746 -0.028575127944350243 -0.9959487318992615
1748443748.321988 -2.2720813751220703 9.942062377929688 -24.895925521850586 0.013634571805596352 -0.08160796016454697 -0.029870377853512764 -0.9961234927177429
1748443748.921936 -2.1056039333343506 9.707127571105957 -24.120027542114258 0.011538989841938019 -0.08890492469072342 -0.03394591808319092 -0.9953946471214294
1748443749.521934 -1.9359124898910522 9.476126670837402 -23.35834503173828 0.012038052082061768 -0.08775677531957626 -0.03395829349756241 -0.9954901933670044
1748443750.055266 -1.7971400022506714 9.26866340637207 -22.66765785217285 0.009276321157813072 -0.08801132440567017 -0.03313671424984932 -0.9955249428749084
1748443750.655287 -1.650870442390442 9.038259506225586 -21.896148681640625 0.01844744011759758 -0.09013258665800095 -0.03500053659081459 -0.9951435923576355
1748443751.255425 -1.4875816106796265 8.791889190673828 -21.126758575439453 0.01076370570808649 -0.0838293507695198 -0.03352713957428932 -0.995857834815979
1748443751.8554 -1.3461827039718628 8.539453506469727 -20.358121871948242 0.00847570039331913 -0.08083068579435349 -0.03474006429314613 -0.9960862398147583
1748443752.455344 -1.2007945775985718 8.298226356506348 -19.573938369750977 0.012253200635313988 -0.07046125084161758 -0.032775770872831345 -0.9969006180763245
1748443753.055333 -1.0722869634628296 8.049032211303711 -18.766944885253906 0.016710584983229637 -0.06744207441806793 -0.03399178385734558 -0.997003972530365
1748443753.655319 -0.9517317414283752 7.79575252532959 -17.977537155151367 0.01213777530938387 -0.06642228364944458 -0.03140642121434212 -0.997223436832428
1748443754.255306 -0.8252637386322021 7.552820205688477 -17.188798904418945 0.011644420213997364 -0.06629405170679092 -0.03077734261751175 -0.99725741147995
1748443754.855253 -0.6883354783058167 7.3163628578186035 -16.375097274780273 0.01788540929555893 -0.06891406327486038 -0.03132671117782593 -0.9969702363014221
1748443755.455317 -0.5256088972091675 7.069253921508789 -15.589247703552246 0.014247283339500427 -0.07952732592821121 -0.037333592772483826 -0.9960314631462097
1748443756.055354 -0.3358481824398041 6.827279090881348 -14.818532943725586 0.009192368015646935 -0.08630987256765366 -0.04289770871400833 -0.9953019022941589
1748443756.655238 -0.20674486458301544 6.596090316772461 -14.053915977478027 0.016842136159539223 -0.06398560851812363 -0.03801693394780159 -0.9970842599868774
1748443757.121894 -0.10829491168260574 6.417339324951172 -13.467851638793945 0.012194999493658543 -0.062105171382427216 -0.039731960743665695 -0.9972038865089417
1748443757.722303 -0.006120574660599232 6.1828999519348145 -12.713971138000488 0.013209911063313484 -0.05084889754652977 -0.037413302809000015 -0.9979179501533508
1748443758.321653 0.09722602367401123 5.94216775894165 -11.941277503967285 0.009745864197611809 -0.05396254360675812 -0.03972111642360687 -0.9977050423622131
1748443758.921838 0.2697194516658783 5.704832553863525 -11.195955276489258 0.007454592268913984 -0.07491147518157959 -0.046413350850343704 -0.9960815906524658
1748443759.455148 0.41355428099632263 5.479279041290283 -10.497822761535645 0.006470372900366783 -0.0744590237736702 -0.04582982510328293 -0.9961494207382202
1748443760.055296 0.5742369890213013 5.246342658996582 -9.758761405944824 0.00662258081138134 -0.07812094688415527 -0.045550387352705 -0.9958807826042175
1748443760.655914 0.7391678094863892 4.997718334197998 -8.991829872131348 0.007240358740091324 -0.07760296761989594 -0.048708874732255936 -0.9957674145698547
1748443761.255115 0.8898826837539673 4.744632244110107 -8.207844734191895 0.007875245064496994 -0.0682884082198143 -0.047315578907728195 -0.9965118765830994
1748443761.855097 0.9885414242744446 4.51753044128418 -7.503686904907227 0.009755095466971397 -0.04535326734185219 -0.041044946759939194 -0.998079776763916
1748443762.521774 1.0561964511871338 4.29793643951416 -6.820076942443848 0.00843697227537632 -0.03303595259785652 -0.03696093335747719 -0.9987348914146423
1748443763.121801 1.1135225296020508 4.064490795135498 -6.109314441680908 0.006205850280821323 -0.022506795823574066 -0.03325657546520233 -0.999174177646637
1748443763.721987 1.1549086570739746 3.8044328689575195 -5.32279109954834 0.006184244062751532 -0.01351812481880188 -0.027592409402132034 -0.9995087385177612
1748443764.25501 1.1851327419281006 3.5805444717407227 -4.625617027282715 0.00912464503198862 -0.005884876009076834 -0.022752294316887856 -0.9996822476387024
1748443764.921665 1.1970669031143188 3.348264217376709 -3.961578369140625 0.0017094271024689078 -0.0024190046824514866 -0.02065344527363777 -0.9997823238372803
1748443767.521686 1.2417080402374268 3.0906524658203125 -3.19895339012146 -0.005405261181294918 -0.004899327643215656 -0.02046026848256588 -0.999764084815979
1748443769.255017 1.3053677082061768 2.850414991378784 -2.4028918743133545 0.013558455742895603 -0.027480920776724815 -0.02557067573070526 -0.9992032647132874
1748443771.388558 1.4434192180633545 2.590439796447754 -1.6574445962905884 -0.003502948908135295 -0.06556214392185211 -0.035079341381788254 -0.9972255825996399
1748443771.588502 1.4747511148452759 2.5483767986297607 -1.4754291772842407 0.011937509290874004 -0.06650599092245102 -0.03693587705492973 -0.9970307350158691
1748443771.788305 1.5004823207855225 2.5137460231781006 -1.3640056848526 0.011872565373778343 -0.06758040189743042 -0.037510208785533905 -0.9969378113746643
