1755700955.292142 -0.0 -0.0 -0.0 -0.0 -0.0 -0.0 1.0
1755700956.810024 -0.0039486633613705635 -0.04944382607936859 0.10228663682937622 0.006801899056881666 0.0003514585259836167 0.0007077755872160196 0.999976634979248
1755700957.667961 -0.02318401262164116 -0.3305972218513489 0.9425438046455383 0.0030226611997932196 -0.013946943916380405 -0.007824646309018135 0.9998676180839539
1755700958.789851 -0.13091860711574554 -0.6149193048477173 1.7386565208435059 0.010320855304598808 -0.05893329158425331 -0.025306345894932747 0.9978877305984497
1755700959.647794 -0.27744412422180176 -0.8783254623413086 2.4609549045562744 0.012925147078931332 -0.08472283184528351 -0.0348600335419178 0.9957106709480286
1755700960.439724 -0.4374690353870392 -1.1311428546905518 3.1717019081115723 0.012482846155762672 -0.10044994950294495 -0.04062085971236229 0.9940341711044312
1755700961.165634 -0.6103444695472717 -1.38239324092865 3.8541219234466553 0.014344895258545876 -0.10611151903867722 -0.04138761758804321 0.9933890104293823
1755700961.825611 -0.7578421235084534 -1.610798716545105 4.491878509521484 0.013939529657363892 -0.10839477926492691 -0.042630407959222794 0.9930956959724426
1755700962.683514 -0.9058143496513367 -1.8863544464111328 5.24198055267334 0.015797490254044533 -0.09718134254217148 -0.03672505170106888 0.9944634437561035
1755700963.607437 -1.0509005784988403 -2.1889021396636963 6.057391166687012 0.017847256734967232 -0.08622927963733673 -0.032263658940792084 0.9955928325653076
1755700964.33339 -1.1648824214935303 -2.44508695602417 6.730805397033691 0.01769370585680008 -0.08378280699253082 -0.030929652974009514 0.9958467483520508
1755700965.05932 -1.2745890617370605 -2.6978986263275146 7.407759666442871 0.018843496218323708 -0.08242389559745789 -0.03189513832330704 0.9959086179733276
1755700965.851285 -1.3910279273986816 -2.9735426902770996 8.13652229309082 0.01921667344868183 -0.0833386778831482 -0.032320115715265274 0.9958117008209229
1755700966.643196 -1.5172536373138428 -3.2540721893310547 8.874439239501953 0.01808747462928295 -0.08678483217954636 -0.03292740881443024 0.9955185055732727
1755700967.303106 -1.646071195602417 -3.488515615463257 9.48653793334961 0.017473500221967697 -0.0994228795170784 -0.036092761904001236 0.994236946105957
1755700968.226273 -1.8464058637619019 -3.763993263244629 10.225008010864258 0.017329305410385132 -0.1311997026205063 -0.04622592031955719 0.9901260137557983
1755700968.746888 -1.9823265075683594 -3.907708168029785 10.59561538696289 0.019576439633965492 -0.1506100296974182 -0.05145291984081268 0.9870592951774597
1755700969.712186 -2.2889363765716553 -4.17440938949585 11.30036449432373 0.02071906067430973 -0.18959669768810272 -0.06521475315093994 0.9794748425483704
1755700970.603974 -2.6375176906585693 -4.428121089935303 11.944283485412598 0.02477474883198738 -0.23276469111442566 -0.07736552506685257 0.9691343903541565
1755700971.560451 -3.086270809173584 -4.687275409698486 12.563945770263672 0.0329539030790329 -0.2842516303062439 -0.09280411899089813 0.9536784291267395
1755700972.589931 -3.6482882499694824 -4.929603576660156 13.159198760986328 0.023172955960035324 -0.34743738174438477 -0.11626212298870087 0.930179238319397
1755700973.435837 -4.2091288566589355 -5.097836494445801 13.581327438354492 0.02252510003745556 -0.4027440845966339 -0.14000490307807922 0.9042612910270691
1755700974.289377 -4.816471576690674 -5.239963531494141 13.928852081298828 0.025910722091794014 -0.45668938755989075 -0.16123218834400177 0.8745099306106567
1755700975.148853 -5.511260986328125 -5.391019821166992 14.26297378540039 0.02905692346394062 -0.49382221698760986 -0.17386473715305328 0.8515083193778992
1755700975.945311 -6.2133684158325195 -5.518359184265137 14.549575805664062 0.030687686055898666 -0.5208166837692261 -0.18196889758110046 0.8334840536117554
1755700976.742531 -6.931995391845703 -5.636514663696289 14.792253494262695 0.031953874975442886 -0.5460099577903748 -0.18972226977348328 0.815388023853302
1755700977.606288 -7.707832336425781 -5.723039150238037 14.949593544006348 0.030215810984373093 -0.5867604613304138 -0.20892007648944855 0.781761884689331
1755700978.66835 -8.480758666992188 -5.750360488891602 14.961267471313477 0.032414305955171585 -0.6497779488563538 -0.23120495676994324 0.7233824729919434
1755700979.728624 -9.211838722229004 -5.732460021972656 14.847183227539062 0.03270401433110237 -0.713444709777832 -0.25772571563720703 0.6507723927497864
1755700980.985669 -10.017071723937988 -5.654397010803223 14.532552719116211 0.03916923701763153 -0.7860195636749268 -0.272521436214447 0.5535080432891846
1755700981.844301 -10.709993362426758 -5.530862808227539 14.195784568786621 0.03564770519733429 -0.8020500540733337 -0.29617178440093994 0.5174236297607422
1755700982.966428 -11.505853652954102 -5.394384384155273 13.69778823852539 0.04270653426647186 -0.8402382135391235 -0.29376906156539917 0.4537352919578552
1755700983.955967 -12.130765914916992 -5.242159366607666 13.17286491394043 0.04044222831726074 -0.8646313548088074 -0.2989709675312042 0.40173813700675964
1755700984.813329 -12.680192947387695 -5.095144748687744 12.687111854553223 0.039575595408678055 -0.870063841342926 -0.3014635145664215 0.38799798488616943
1755700986.066246 -13.421825408935547 -4.90095329284668 12.010696411132812 0.0416063629090786 -0.8758449554443359 -0.29599183797836304 0.3788844347000122
1755700986.857608 -14.02663803100586 -4.7428789138793945 11.429837226867676 0.043442849069833755 -0.8795243501663208 -0.2928236424922943 0.3725639879703522
1755700987.517037 -14.614683151245117 -4.59958028793335 10.866643905639648 0.04644215479493141 -0.8855718970298767 -0.28220391273498535 0.36601442098617554
1755700988.176534 -15.30539321899414 -4.438279151916504 10.170456886291504 0.04411272332072258 -0.8873370885848999 -0.28221821784973145 0.36199426651000977
1755700988.836412 -16.12799072265625 -4.2289719581604 9.31656265258789 0.04019833356142044 -0.8914496302604675 -0.28532177209854126 0.34970447421073914
1755700989.363748 -16.73053741455078 -4.054643154144287 8.63673210144043 0.04020604118704796 -0.8947077989578247 -0.286610871553421 0.34019938111305237
1755700989.957407 -17.41910171508789 -3.843655586242676 7.836160659790039 0.04123698174953461 -0.8978897929191589 -0.28797978162765503 0.3303954303264618
1755700990.551119 -18.082509994506836 -3.6375350952148438 7.041871070861816 0.038506921380758286 -0.9006118178367615 -0.29132285714149475 0.3202289342880249
1755700991.078791 -18.668842315673828 -3.4331467151641846 6.322548866271973 0.038485314697027206 -0.899811863899231 -0.29230374097824097 0.3215837776660919
1755700991.804331 -19.52493667602539 -3.1467556953430176 5.341798782348633 0.0377650186419487 -0.8958703279495239 -0.2958386242389679 0.32934728264808655
1755700992.397957 -20.189605712890625 -2.9258339405059814 4.560293197631836 0.04398585110902786 -0.895486056804657 -0.2944324314594269 0.3308768570423126
1755700992.925632 -20.791091918945312 -2.7156479358673096 3.858062744140625 0.04645438492298126 -0.8930280804634094 -0.29537782073020935 0.33629584312438965
1755700993.453281 -21.416959762573242 -2.518815040588379 3.151275634765625 0.047436803579330444 -0.8935293555259705 -0.2967219054698944 0.3336333632469177
1755700994.112803 -22.176513671875 -2.277711868286133 2.287534713745117 0.048335835337638855 -0.8941349387168884 -0.29748278856277466 0.3311954140663147
1755700994.706395 -22.848854064941406 -2.05922269821167 1.4989986419677734 0.050108104944229126 -0.8942947387695312 -0.29554253816604614 0.3322358727455139
1755700995.234094 -23.433361053466797 -1.8811769485473633 0.8293323516845703 0.05020693317055702 -0.8934314846992493 -0.2936895191669464 0.33616361021995544
1755700995.761629 -23.907005310058594 -1.7447338104248047 0.28766441345214844 0.048687923699617386 -0.893973171710968 -0.29082444310188293 0.3374353051185608
1755700996.553056 -24.522533416748047 -1.554619312286377 -0.4169349670410156 0.047478530555963516 -0.8930325508117676 -0.29187291860580444 0.3391885757446289
1755700997.410472 -25.165040969848633 -1.365405559539795 -1.1526832580566406 0.048856526613235474 -0.8928201794624329 -0.2918674945831299 0.3395564556121826
1755700998.399749 -25.7464599609375 -1.1965446472167969 -1.798614501953125 0.04750515893101692 -0.8926472663879395 -0.29280880093574524 0.3393923342227936
1755700999.25714 -26.221115112304688 -1.0487947463989258 -2.3251571655273438 0.04583210125565529 -0.8916882276535034 -0.29512667655944824 0.34013503789901733
1755701000.444297 -26.86225700378418 -0.8367900848388672 -3.0530319213867188 0.040159791707992554 -0.8917022347450256 -0.29608631134033203 0.3399811089038849
1755701001.301714 -27.320905685424805 -0.6867609024047852 -3.5913333892822266 0.038780275732278824 -0.8922154903411865 -0.2939918041229248 0.34061193466186523
1755701002.488875 -27.985349655151367 -0.4950695037841797 -4.325260162353516 0.0388767272233963 -0.8928412795066833 -0.29174885153770447 0.340889573097229
1755701003.544122 -28.567066192626953 -0.2953987121582031 -5.003211975097656 0.039535876363515854 -0.8913301229476929 -0.294727623462677 0.34220343828201294
1755701004.665721 -29.176958084106445 -0.10866451263427734 -5.701740264892578 0.041649166494607925 -0.8919970393180847 -0.2919216752052307 0.34261998534202576
1755701005.786488 -29.80021858215332 0.0951070785522461 -6.409473419189453 0.04131842032074928 -0.8914474248886108 -0.2926582992076874 0.34346091747283936
1755701006.973629 -30.463504791259766 0.3091707229614258 -7.160064697265625 0.039070338010787964 -0.8907467722892761 -0.29351523518562317 0.34480801224708557
1755701007.962925 -31.02777671813965 0.4834136962890625 -7.776454925537109 0.0389457643032074 -0.8908160328865051 -0.2909839451313019 0.3467828631401062
1755701008.820329 -31.536863327026367 0.6359672546386719 -8.32113265991211 0.03667807579040527 -0.8883131146430969 -0.29262620210647583 0.3520292341709137
1755701009.54582 -31.967588424682617 0.7636632919311523 -8.773323059082031 0.03882676735520363 -0.8882668018341064 -0.28907033801078796 0.3548422157764435
1755701010.535107 -32.57511520385742 0.9347505569458008 -9.420459747314453 0.03970231115818024 -0.8867342472076416 -0.28860440850257874 0.3589340150356293
1755701011.656289 -33.257774353027344 1.1271648406982422 -10.13851547241211 0.042684316635131836 -0.8843804597854614 -0.28879398107528687 0.3642079532146454
1755701012.579836 -33.839813232421875 1.2794933319091797 -10.71030044555664 0.043382663279771805 -0.8812171220779419 -0.28800028562545776 0.3723307251930237
1755701013.832761 -34.621273040771484 1.4757423400878906 -11.447669982910156 0.04493875056505203 -0.878778874874115 -0.2869906425476074 0.37863507866859436
1755701015.019892 -35.36790466308594 1.6580877304077148 -12.145061492919922 0.045414239168167114 -0.8755276799201965 -0.28581851720809937 0.38690656423568726
1755701015.94349 -35.97308349609375 1.8047294616699219 -12.705196380615234 0.04494190588593483 -0.8735184073448181 -0.2852451801300049 0.39189428091049194
1755701016.734743 -36.66398620605469 1.9619312286376953 -13.32601547241211 0.04658978432416916 -0.8716604709625244 -0.28479456901550293 0.39614337682724
1755701017.592079 -37.43851852416992 2.143069267272949 -14.019390106201172 0.04692355915904045 -0.8690089583396912 -0.28411221504211426 0.402370423078537
1755701018.119762 -37.96794128417969 2.2504024505615234 -14.473312377929688 0.0460476353764534 -0.8686113357543945 -0.2823387682437897 0.40457236766815186
1755701019.043054 -38.833213806152344 2.4310131072998047 -15.213836669921875 0.04718254506587982 -0.8670118451118469 -0.28258270025253296 0.4076901376247406
1755701019.636589 -39.39176940917969 2.5442886352539062 -15.691368103027344 0.046578146517276764 -0.8668572902679443 -0.2827039361000061 0.40800419449806213
1755701020.362313 -40.08695983886719 2.6895580291748047 -16.284252166748047 0.044714342802762985 -0.8667773604393005 -0.28178155422210693 0.40901947021484375
1755701021.219461 -40.94498062133789 2.8652000427246094 -17.00688934326172 0.04436928778886795 -0.866611897945404 -0.28220951557159424 0.40911242365837097
1755701022.07686 -41.92073059082031 3.080080032348633 -17.845020294189453 0.042073290795087814 -0.8670002222061157 -0.2833746671676636 0.40772461891174316
1755701022.736407 -42.669307708740234 3.248197555541992 -18.475444793701172 0.04166511818766594 -0.8662506937980652 -0.28563159704208374 0.4077848494052887
1755701023.593769 -43.700199127197266 3.4746475219726562 -19.348831176757812 0.04140613228082657 -0.8663158416748047 -0.28448569774627686 0.4084731936454773
1755701024.12142 -44.361175537109375 3.611246109008789 -19.89568328857422 0.038900263607501984 -0.8662681579589844 -0.2842022478580475 0.4090173542499542
1755701024.781087 -45.155738830566406 3.7881507873535156 -20.57044219970703 0.0382319912314415 -0.8670421242713928 -0.2811889350414276 0.4095230996608734
1755701025.506401 -46.06666946411133 3.9725990295410156 -21.328468322753906 0.03540981560945511 -0.8678693175315857 -0.27844688296318054 0.409898042678833
1755701026.099976 -46.7784423828125 4.114965438842773 -21.92455291748047 0.03591562807559967 -0.8659161329269409 -0.27922913432121277 0.41343745589256287
1755701026.759572 -47.623138427734375 4.270162582397461 -22.602439880371094 0.034489504992961884 -0.86491459608078 -0.2789704203605652 0.4158230125904083
1755701027.287151 -48.32105255126953 4.412866592407227 -23.172584533691406 0.035871006548404694 -0.864874541759491 -0.2768908143043518 0.41717728972435
1755701027.880712 -49.10606384277344 4.570138931274414 -23.81412124633789 0.03341388329863548 -0.8645746111869812 -0.276640921831131 0.4181676208972931
1755701028.342464 -49.73423767089844 4.693506240844727 -24.31690216064453 0.030697442591190338 -0.8641713857650757 -0.27710026502609253 0.41890445351600647
1755701028.738093 -50.28239059448242 4.802608489990234 -24.754714965820312 0.03175213560461998 -0.8632177114486694 -0.2770655155181885 0.42081084847450256
1755701029.265842 -50.99619674682617 4.943744659423828 -25.316062927246094 0.0294162817299366 -0.8622106313705444 -0.2763729691505432 0.4234921634197235
1755701029.661428 -51.5452995300293 5.050031661987305 -25.739517211914062 0.028119301423430443 -0.8620034456253052 -0.2746216952800751 0.4251379668712616
1755701029.991218 -51.99421691894531 5.130887985229492 -26.084529876708984 0.02761116996407509 -0.8618040680885315 -0.27267318964004517 0.4268263876438141
1755701030.386931 -52.527496337890625 5.237516403198242 -26.49364471435547 0.026503659784793854 -0.8610660433769226 -0.2749374806880951 0.42693349719047546
1755701030.848753 -53.11946105957031 5.356119155883789 -26.946334838867188 0.02615310437977314 -0.8600143194198608 -0.2754199206829071 0.42876023054122925
1755701031.244299 -53.641693115234375 5.460887908935547 -27.34551239013672 0.025968803092837334 -0.8593589663505554 -0.2762511670589447 0.4295499622821808
1755701031.64003 -54.1575927734375 5.559377670288086 -27.73931884765625 0.025998050346970558 -0.858820915222168 -0.27581650018692017 0.4309013783931732
1755701032.101716 -54.76915740966797 5.665502548217773 -28.2110595703125 0.028925415128469467 -0.8593733906745911 -0.27148064970970154 0.43236446380615234
1755701032.629333 -55.513275146484375 5.854307174682617 -28.755020141601562 0.02084592916071415 -0.8490700125694275 -0.2948834300041199 0.43782344460487366
1755701033.15694 -56.179481506347656 5.976411819458008 -29.26311492919922 0.03724725544452667 -0.8562113046646118 -0.2753200829029083 0.43556147813796997
1755701033.684552 -56.85332489013672 6.110540390014648 -29.7449951171875 0.029255520552396774 -0.8562198877334595 -0.2832336127758026 0.431057333946228
1755701034.146218 -57.43951416015625 6.211647033691406 -30.18798828125 0.03271433711051941 -0.860226035118103 -0.2742719352245331 0.42862096428871155
1755701034.673917 -58.059627532958984 6.326606750488281 -30.67626953125 0.030495187267661095 -0.8625174760818481 -0.27297136187553406 0.42499443888664246
1755701035.201471 -58.68292999267578 6.453712463378906 -31.16668701171875 0.020074738189578056 -0.8661733269691467 -0.277932345867157 0.41484275460243225
1755701035.729091 -59.27276611328125 6.557355880737305 -31.65522003173828 0.02206934429705143 -0.875262439250946 -0.26183000206947327 0.406046599149704
1755701036.256712 -59.878334045410156 6.688205718994141 -32.183494567871094 0.019471528008580208 -0.8750659823417664 -0.2762014865875244 0.39698007702827454
1755701036.916264 -60.535762786865234 6.8755645751953125 -32.79570007324219 0.019523095339536667 -0.8740787506103516 -0.29214680194854736 0.38762807846069336
1755701037.773631 -61.061309814453125 7.008260726928711 -33.323089599609375 0.02539592795073986 -0.8857346177101135 -0.2877970039844513 0.3633210361003876
1755701038.763036 -61.64006805419922 7.199304580688477 -33.98768615722656 0.0333101712167263 -0.8942115306854248 -0.2902073860168457 0.3391987681388855
1755701039.686263 -62.1889762878418 7.40898323059082 -34.66180419921875 0.03500952944159508 -0.8962509036064148 -0.30268192291259766 0.32232341170310974
1755701040.675589 -62.749420166015625 7.644569396972656 -35.38575744628906 0.04159044846892357 -0.8997927308082581 -0.3112183213233948 0.30296292901039124
1755701041.664844 -63.21446228027344 7.875848770141602 -36.080291748046875 0.03908732160925865 -0.910007894039154 -0.316439688205719 0.26499783992767334
1755701042.522262 -63.551048278808594 8.097469329833984 -36.72888946533203 0.037709325551986694 -0.9220115542411804 -0.31613680720329285 0.22029583156108856
1755701043.51156 -63.86749267578125 8.346220016479492 -37.51171112060547 0.03600603714585304 -0.9332902431488037 -0.31551164388656616 0.16770608723163605
1755701044.434882 -64.10305786132812 8.595773696899414 -38.288299560546875 0.03149799257516861 -0.9404595494270325 -0.3160438537597656 0.1210787370800972
1755701045.29226 -64.25566101074219 8.834737777709961 -38.981475830078125 0.035112831741571426 -0.9429866671562195 -0.32055190205574036 0.08239983767271042
1755701046.215609 -64.35186767578125 9.106441497802734 -39.77626037597656 0.03846527263522148 -0.9438201785087585 -0.3238947093486786 0.05306653305888176
1755701046.941116 -64.42239379882812 9.333170890808105 -40.44512176513672 0.039199840277433395 -0.9445578455924988 -0.3238188922405243 0.03761965408921242
1755701047.798589 -64.47607421875 9.608404159545898 -41.219573974609375 0.03958567976951599 -0.9431958198547363 -0.3294580280780792 0.016494357958436012
1755701048.589944 -64.49232482910156 9.871332168579102 -41.95801544189453 0.03935742378234863 -0.9432100057601929 -0.3298535645008087 0.001633869600482285
1755701049.44764 -64.48786163330078 10.154067993164062 -42.76124954223633 0.039211541414260864 -0.9445021152496338 -0.325880229473114 -0.01343018002808094
1755701050.106839 -64.46525573730469 10.385316848754883 -43.38374710083008 0.038689371198415756 -0.9435888528823853 -0.32770001888275146 -0.02749599516391754
1755701050.832307 -64.40595245361328 10.638904571533203 -44.05793380737305 0.03455720096826553 -0.9424729347229004 -0.3280322551727295 -0.05427097901701927
1755701051.624038 -64.30199432373047 10.909683227539062 -44.78227996826172 0.0320834144949913 -0.9407467246055603 -0.3292752206325531 -0.07445905357599258
1755701052.415313 -64.15536499023438 11.190792083740234 -45.50511169433594 0.0304770078510046 -0.9384312033653259 -0.3302360773086548 -0.09675882756710052
1755701053.140664 -63.99737548828125 11.441007614135742 -46.17205047607422 0.02929770015180111 -0.9360076189041138 -0.330234169960022 -0.11822372674942017
1755701053.99807 -63.72473907470703 11.704633712768555 -46.875919342041016 0.024362539872527122 -0.9282355904579163 -0.3276199400424957 -0.17450051009655
1755701054.855437 -63.381622314453125 11.956277847290039 -47.505287170410156 0.02056463435292244 -0.915916919708252 -0.3264201581478119 -0.2326439619064331
1755701055.712828 -62.963134765625 12.21708869934082 -48.09623336791992 0.020568836480379105 -0.8974135518074036 -0.3353411555290222 -0.285958468914032
1755701056.504262 -62.50811004638672 12.469269752502441 -48.67224884033203 0.026025867089629173 -0.8924514055252075 -0.3283151686191559 -0.3083218038082123
1755701057.163799 -62.0653076171875 12.690999984741211 -49.1934700012207 0.029845191165804863 -0.8888635635375977 -0.3230922520160675 -0.3234846293926239
1755701057.625463 -61.63282775878906 12.906699180603027 -49.70876693725586 0.030355386435985565 -0.8859223127365112 -0.32141533493995667 -0.33303532004356384
1755701058.153085 -61.13317108154297 13.154335021972656 -50.29015350341797 0.030279505997896194 -0.8837648630142212 -0.32164695858955383 -0.33850574493408203
1755701058.680736 -60.61151885986328 13.40416145324707 -50.8626708984375 0.03188503161072731 -0.883070707321167 -0.3190557062625885 -0.34259727597236633
1755701059.142377 -60.158905029296875 13.606954574584961 -51.34642791748047 0.033354535698890686 -0.8799614906311035 -0.3149307072162628 -0.35408198833465576
1755701059.472215 -59.821380615234375 13.766398429870605 -51.69828796386719 0.03913327306509018 -0.8786561489105225 -0.3170490860939026 -0.35484054684638977
1755701059.999779 -59.28546905517578 13.9865083694458 -52.2314567565918 0.04776947572827339 -0.8774712085723877 -0.30968177318573 -0.3631247878074646
1755701060.527377 -58.73772430419922 14.205625534057617 -52.76702117919922 0.04449044540524483 -0.8762381672859192 -0.3040725290775299 -0.3711701035499573
1755701061.055001 -58.18659973144531 14.430448532104492 -53.29530715942383 0.04008357971906662 -0.8711386919021606 -0.3086874485015869 -0.37976667284965515
1755701061.384764 -57.792930603027344 14.576519012451172 -53.664371490478516 0.04011651501059532 -0.8709109425544739 -0.3021821975708008 -0.38547492027282715
1755701061.78048 -57.28059387207031 14.785627365112305 -54.157413482666016 0.03867972642183304 -0.8686286211013794 -0.305829793214798 -0.38788700103759766
1755701062.110266 -56.839637756347656 14.960980415344238 -54.559165954589844 0.039704978466033936 -0.8662156462669373 -0.3083306849002838 -0.39118561148643494
1755701062.505975 -56.29174041748047 15.164836883544922 -55.05110549926758 0.0380047969520092 -0.8664354085922241 -0.30401402711868286 -0.3942345380783081
1755701062.901678 -55.71495056152344 15.376220703125 -55.550418853759766 0.03795173019170761 -0.8636915683746338 -0.3056620955467224 -0.3989577293395996
1755701063.297403 -55.168800354003906 15.593053817749023 -56.03310775756836 0.04008011519908905 -0.8618769645690918 -0.3058735132217407 -0.4024961590766907
1755701063.693123 -54.595176696777344 15.808252334594727 -56.51627731323242 0.04230092093348503 -0.8584798574447632 -0.3081376254558563 -0.40776732563972473
1755701063.956926 -54.21380615234375 15.951059341430664 -56.83919143676758 0.040602441877126694 -0.8576948642730713 -0.30767500400543213 -0.4099354147911072
1755701064.352643 -53.642723083496094 16.163597106933594 -57.3123664855957 0.040696319192647934 -0.855656087398529 -0.3080873191356659 -0.4138583540916443
1755701064.748368 -53.071983337402344 16.3758544921875 -57.778621673583984 0.03961924463510513 -0.8539556860923767 -0.3089662790298462 -0.41680917143821716
1755701065.078165 -52.58660888671875 16.56295394897461 -58.17510986328125 0.04079238325357437 -0.8518098592758179 -0.3107508718967438 -0.41974976658821106
1755701065.407897 -52.106849670410156 16.734394073486328 -58.567588806152344 0.038573164492845535 -0.8521503806114197 -0.30688223242759705 -0.42210787534713745
1755701065.737733 -51.6201171875 16.907814025878906 -58.956363677978516 0.03624744713306427 -0.8506298661231995 -0.3077409267425537 -0.4247475564479828
1755701066.133383 -51.01001739501953 17.128450393676758 -59.42585372924805 0.036930616945028305 -0.848953902721405 -0.30960842967033386 -0.42668020725250244
1755701066.463143 -50.52446746826172 17.301321029663086 -59.80142593383789 0.03434830904006958 -0.8476138114929199 -0.30965375900268555 -0.4295179545879364
1755701066.792931 -50.056732177734375 17.469627380371094 -60.165489196777344 0.03491712361574173 -0.8468261361122131 -0.30949315428733826 -0.43113836646080017
1755701067.056706 -49.658172607421875 17.607141494750977 -60.470767974853516 0.034645166248083115 -0.8462737202644348 -0.3096274137496948 -0.43214747309684753
1755701067.323424 -49.263893127441406 17.749135971069336 -60.76238250732422 0.03431029990315437 -0.8452392220497131 -0.30868321657180786 -0.4348657429218292
1755701067.65037 -48.74989318847656 17.926570892333984 -61.13615417480469 0.03370599448680878 -0.8445237874984741 -0.31006720662117004 -0.43531814217567444
1755701067.980142 -48.25872039794922 18.09565544128418 -61.501319885253906 0.031232144683599472 -0.8440097570419312 -0.3103773295879364 -0.43627750873565674
1755701068.309826 -47.759033203125 18.272008895874023 -61.86445236206055 0.03367679938673973 -0.8432258367538452 -0.3107834458351135 -0.4373212158679962
1755701068.573629 -47.35807800292969 18.406864166259766 -62.16244888305664 0.03268483653664589 -0.8437707424163818 -0.30947744846343994 -0.4372715651988983
1755701068.969355 -46.790245056152344 18.610198974609375 -62.58248519897461 0.031412411481142044 -0.843215823173523 -0.3112112879753113 -0.43720462918281555
1755701069.299168 -46.287193298339844 18.780803680419922 -62.94596481323242 0.030256256461143494 -0.8432168364524841 -0.31033191084861755 -0.43790876865386963
1755701069.694837 -45.7052001953125 18.981220245361328 -63.37047576904297 0.030539903789758682 -0.8432391881942749 -0.3089602291584015 -0.43881481885910034
1755701070.024589 -45.21699523925781 19.157644271850586 -63.73136520385742 0.03166291490197182 -0.8415226936340332 -0.3116646111011505 -0.44011613726615906
1755701070.288402 -44.798736572265625 19.304677963256836 -64.03376770019531 0.02979253977537155 -0.8402205109596252 -0.31290319561958313 -0.44185248017311096
1755701070.684148 -44.152381896972656 19.529884338378906 -64.48794555664062 0.03062879480421543 -0.8396708369255066 -0.3154154419898987 -0.4410531520843506
1755701071.013966 -43.63526916503906 19.710559844970703 -64.86822509765625 0.030273137614130974 -0.8403375148773193 -0.31438887119293213 -0.4405406713485718
1755701071.2777 -43.21770477294922 19.865367889404297 -65.16924285888672 0.03058178722858429 -0.8397899270057678 -0.3160761892795563 -0.44035622477531433
1755701071.607464 -42.72328186035156 20.048641204833984 -65.54115295410156 0.03075823001563549 -0.8395372629165649 -0.3174896836280823 -0.4398084878921509
1755701071.937262 -42.234657287597656 20.230426788330078 -65.8947525024414 0.031448785215616226 -0.8370867371559143 -0.32412269711494446 -0.4395921528339386
1755701072.59675 -41.634742736816406 20.441776275634766 -66.324951171875 0.02897435985505581 -0.8358197808265686 -0.3197162449359894 -0.4453618824481964
1755701073.45417 -40.96589660644531 20.67186164855957 -66.78583526611328 0.023784667253494263 -0.8315420150756836 -0.3167748749256134 -0.4556598663330078
1755701074.311544 -40.294944763183594 20.895532608032227 -67.22257995605469 0.023239344358444214 -0.8255402445793152 -0.317006379365921 -0.4663156569004059
1755701075.10329 -39.662254333496094 21.096418380737305 -67.60870361328125 0.022718021646142006 -0.8208291530609131 -0.31148561835289 -0.47822606563568115
1755701076.158224 -38.88975524902344 21.295909881591797 -67.92545318603516 0.02543635480105877 -0.7820647358894348 -0.30738696455955505 -0.541517436504364
1755701077.213455 -38.11653137207031 21.430809020996094 -68.09616088867188 0.017102550715208054 -0.7333346605300903 -0.2915918231010437 -0.6139234900474548
1755701078.070878 -37.39620590209961 21.50727081298828 -68.12332153320312 0.01831050030887127 -0.6855420470237732 -0.2765631675720215 -0.6732085347175598
1755701078.862312 -36.679405212402344 21.55685806274414 -68.06794738769531 0.024342870339751244 -0.6359061598777771 -0.2602514326572418 -0.7261543273925781
1755701079.78562 -35.879207611083984 21.56372833251953 -67.88963317871094 0.01695290207862854 -0.5758816599845886 -0.2376013547182083 -0.782060444355011
1755701080.511108 -35.24047088623047 21.543537139892578 -67.7203369140625 0.0070353620685637 -0.5517058372497559 -0.23471097648143768 -0.8003011345863342
1755701081.17063 -34.67532730102539 21.467655181884766 -67.55357360839844 -0.019770001992583275 -0.5428950786590576 -0.21349294483661652 -0.8119698166847229
1755701082.028013 -33.89662170410156 21.398902893066406 -67.29891204833984 -0.013674179092049599 -0.5327228307723999 -0.21171066164970398 -0.8192667961120605
1755701082.8854 -33.1192626953125 21.32391357421875 -67.02677917480469 -0.013730097562074661 -0.5239908695220947 -0.20847949385643005 -0.8257004618644714
1755701083.544923 -32.51381301879883 21.27133560180664 -66.78990173339844 -0.004771425388753414 -0.5138591527938843 -0.20969396829605103 -0.8318380117416382
1755701084.270424 -31.934310913085938 21.183271408081055 -66.49775695800781 -0.010038764216005802 -0.4854450821876526 -0.19483582675457 -0.8522214293479919
1755701085.061877 -31.23128318786621 21.09485626220703 -66.14281463623047 -0.003122353693470359 -0.47005799412727356 -0.19776856899261475 -0.8601880073547363
1755701085.85328 -30.548484802246094 20.98944854736328 -65.77760314941406 -0.011882506310939789 -0.45897769927978516 -0.19647790491580963 -0.8663687705993652
1755701086.710668 -29.82842254638672 20.863265991210938 -65.38883209228516 -0.01731545850634575 -0.4517488479614258 -0.19005878269672394 -0.8714935183525085
1755701087.568128 -29.106508255004883 20.75457763671875 -64.9400863647461 0.002611666452139616 -0.4351561367511749 -0.19039317965507507 -0.8799902200698853
1755701088.293555 -28.519906997680664 20.63775634765625 -64.55699920654297 -0.006819033529609442 -0.4293116629123688 -0.183088481426239 -0.8843774795532227
1755701089.150927 -27.795162200927734 20.532360076904297 -64.09927368164062 0.0066934311762452126 -0.42160648107528687 -0.1897895187139511 -0.8866696953773499
1755701089.942357 -27.12643814086914 20.42717933654785 -63.64914321899414 0.007415823172777891 -0.41760751605033875 -0.19092537462711334 -0.8883110284805298
1755701090.601891 -26.584402084350586 20.33238410949707 -63.2860107421875 0.004890494979918003 -0.4168872535228729 -0.1861804574728012 -0.8896729946136475
1755701091.45928 -25.87582778930664 20.22177505493164 -62.785552978515625 0.007859277538955212 -0.4136835038661957 -0.1862364113330841 -0.8911342620849609
1755701092.250724 -25.23941421508789 20.11977767944336 -62.35519790649414 0.006789295002818108 -0.41715729236602783 -0.18485522270202637 -0.88981032371521
1755701092.976207 -24.653797149658203 20.034923553466797 -61.96918869018555 0.0059411670081317425 -0.41698992252349854 -0.18711593747138977 -0.8894221782684326
1755701093.701756 -24.0693359375 19.94342041015625 -61.567230224609375 0.005792065057903528 -0.41548579931259155 -0.18637248873710632 -0.8902826905250549
1755701094.295245 -23.42896842956543 19.860153198242188 -61.11135482788086 0.012635992839932442 -0.41369009017944336 -0.19052432477474213 -0.8901693224906921
1755701094.822876 -22.832626342773438 19.74676513671875 -60.69409942626953 0.003536122152581811 -0.41417402029037476 -0.18204814195632935 -0.89179927110672
1755701095.350498 -22.222654342651367 19.64423370361328 -60.2567138671875 0.0067818122915923595 -0.41015857458114624 -0.18303215503692627 -0.8934333324432373
1755701095.878132 -21.624305725097656 19.534969329833984 -59.816837310791016 0.007704867981374264 -0.4044817388057709 -0.18007425963878632 -0.8966094851493835
1755701096.405737 -21.009401321411133 19.42496109008789 -59.35777282714844 0.006449016276746988 -0.3974188566207886 -0.1773594468832016 -0.900311291217804
1755701096.933363 -20.433202743530273 19.300594329833984 -58.876773834228516 0.007549444679170847 -0.38193973898887634 -0.16915275156497955 -0.90854412317276
1755701097.461008 -19.862476348876953 19.186450958251953 -58.41020202636719 0.009136032313108444 -0.3834330439567566 -0.16838586330413818 -0.908042848110199
1755701097.988974 -19.279916763305664 19.07095718383789 -57.945621490478516 0.010717286728322506 -0.3855988681316376 -0.16483798623085022 -0.907759428024292
1755701098.582188 -18.656835556030273 18.933263778686523 -57.44904327392578 0.008781736716628075 -0.3848201334476471 -0.16322770714759827 -0.9084014296531677
1755701098.977929 -18.203407287597656 18.848682403564453 -57.085323333740234 0.0102430684491992 -0.3879791498184204 -0.1629054695367813 -0.9070992469787598
1755701099.505548 -17.577857971191406 18.716968536376953 -56.59650421142578 0.009826064109802246 -0.3893214166164398 -0.16513113677501678 -0.9061258435249329
1755701099.967304 -17.02365493774414 18.614673614501953 -56.157127380371094 0.014635244384407997 -0.3863827884197235 -0.1669319123029709 -0.9069883823394775
1755701100.428938 -16.483423233032227 18.485342025756836 -55.74606704711914 0.0029183931183069944 -0.3871424198150635 -0.16346046328544617 -0.9074100255966187
1755701100.956491 -15.848922729492188 18.362335205078125 -55.22496032714844 0.012759873643517494 -0.38614651560783386 -0.16350162029266357 -0.907741904258728
1755701101.484107 -15.202897071838379 18.221349716186523 -54.72096252441406 0.007759378291666508 -0.3860321640968323 -0.1609688550233841 -0.9082995653152466
1755701102.011761 -14.584654808044434 18.09027862548828 -54.2091064453125 0.009086508303880692 -0.385102778673172 -0.15976491570472717 -0.9088940620422363
1755701102.53945 -13.967818260192871 17.962451934814453 -53.71177291870117 0.011409546248614788 -0.3839656114578247 -0.16071298718452454 -0.9091818332672119
1755701103.066978 -13.349512100219727 17.830158233642578 -53.21406555175781 0.00897019449621439 -0.37741225957870483 -0.15873996913433075 -0.9122944474220276
1755701103.396778 -12.958230972290039 17.741788864135742 -52.884395599365234 0.009073459543287754 -0.3734975755214691 -0.15876734256744385 -0.9138983488082886
1755701103.858421 -12.361096382141113 17.60245132446289 -52.357154846191406 0.008993839845061302 -0.36989259719848633 -0.157192662358284 -0.9156359434127808
1755701104.254187 -11.851959228515625 17.48005485534668 -51.91841125488281 0.006908412557095289 -0.36789003014564514 -0.15468576550483704 -0.9168868660926819
1755701104.517953 -11.494962692260742 17.387075424194336 -51.589210510253906 0.0036872064229100943 -0.3669157028198242 -0.15115661919116974 -0.9178839921951294
1755701104.847735 -11.005297660827637 17.272485733032227 -51.157859802246094 0.008746009320020676 -0.3645433485507965 -0.15278246998786926 -0.9185255169868469
1755701105.243445 -10.414315223693848 17.12242317199707 -50.62013244628906 0.008854790590703487 -0.3623929023742676 -0.14864195883274078 -0.9200536012649536
1755701105.507268 -10.019129753112793 17.021652221679688 -50.26545715332031 0.005527476780116558 -0.3588302433490753 -0.1481846570968628 -0.9215484857559204
1755701105.903106 -9.438623428344727 16.868398666381836 -49.72948455810547 0.008785669691860676 -0.35487547516822815 -0.1478738933801651 -0.9231032133102417
1755701106.232716 -8.958045959472656 16.74015235900879 -49.273277282714844 0.007316922768950462 -0.3498474657535553 -0.1449880450963974 -0.9254899621009827
1755701106.562486 -8.461869239807129 16.60196304321289 -48.804229736328125 0.009104205295443535 -0.3447469472885132 -0.14379505813121796 -0.9275719523429871
1755701106.958209 -7.919258117675781 16.442398071289062 -48.25334930419922 0.010344797745347023 -0.33792734146118164 -0.1406020075082779 -0.930553138256073
1755701107.288085 -7.449459075927734 16.301881790161133 -47.78118896484375 0.006832219660282135 -0.33202770352363586 -0.1384800523519516 -0.9330242872238159
1755701107.55179 -7.082815170288086 16.200271606445312 -47.40033721923828 0.012348015792667866 -0.32617080211639404 -0.13749106228351593 -0.935177206993103
1755701107.88155 -6.648492813110352 16.050310134887695 -46.92970275878906 0.001866258098743856 -0.3182714879512787 -0.13381700217723846 -0.9385056495666504
1755701108.145357 -6.291114807128906 15.942110061645508 -46.54808044433594 0.00855973269790411 -0.3093336522579193 -0.13752131164073944 -0.9409183263778687
1755701108.409167 -5.929682731628418 15.830625534057617 -46.147151947021484 0.009016565978527069 -0.304269403219223 -0.13817189633846283 -0.9424687623977661
1755701108.738931 -5.496381759643555 15.689230918884277 -45.64133071899414 0.011579195968806744 -0.2980906367301941 -0.13521525263786316 -0.9448410868644714
1755701108.936795 -5.233470439910889 15.601990699768066 -45.32880783081055 0.010513264685869217 -0.29320764541625977 -0.1331677883863449 -0.9466705322265625
1755701109.266562 -4.8177032470703125 15.457688331604004 -44.816261291503906 0.00776829244568944 -0.2844896614551544 -0.12731173634529114 -0.9501563906669617
1755701109.596339 -4.4243245124816895 15.310222625732422 -44.30393981933594 0.008787563070654869 -0.2757856845855713 -0.1241130530834198 -0.9531322121620178
1755701109.992077 -3.9850430488586426 15.133190155029297 -43.70534133911133 0.0037002237513661385 -0.2659510374069214 -0.11380362510681152 -0.9572383165359497
1755701110.321897 -3.6370861530303955 14.971805572509766 -43.18914794921875 0.0031180509831756353 -0.254770427942276 -0.11151643097400665 -0.9605448842048645
1755701110.651561 -3.310948371887207 14.826366424560547 -42.67962646484375 0.00553896464407444 -0.24315857887268066 -0.10698594897985458 -0.9640525579452515
1755701111.047307 -2.9445242881774902 14.641471862792969 -42.07399368286133 0.008280294016003609 -0.2239595651626587 -0.10037174820899963 -0.969380795955658
1755701111.443012 -2.620091676712036 14.461508750915527 -41.45081329345703 0.01033612061291933 -0.20659948885440826 -0.09002246707677841 -0.9742206335067749
1755701111.70681 -2.418261766433716 14.33056354522705 -41.03474426269531 0.009784665890038013 -0.1934485137462616 -0.08542642742395401 -0.9773353338241577
1755701112.036602 -2.1773016452789307 14.164030075073242 -40.50107192993164 0.005935045890510082 -0.18192267417907715 -0.08150800317525864 -0.9799109101295471
1755701112.366334 -1.9226692914962769 13.990276336669922 -39.92934799194336 0.008373082615435123 -0.17420586943626404 -0.07685735076665878 -0.9816696047782898
1755701112.696108 -1.6948139667510986 13.820436477661133 -39.37650680541992 0.005780699197202921 -0.1658882200717926 -0.07360247522592545 -0.9833770394325256
1755701113.025897 -1.452925205230713 13.646617889404297 -38.82735824584961 0.0030886586755514145 -0.1591421663761139 -0.07155721634626389 -0.9846541881561279
1755701113.355641 -1.2419958114624023 13.469985961914062 -38.26830291748047 0.007270401809364557 -0.14693425595760345 -0.0697525218129158 -0.9866570830345154
1755701113.619488 -1.0631428956985474 13.321516036987305 -37.79658126831055 0.00611915672197938 -0.1451524943113327 -0.06802062690258026 -0.987049400806427
1755701113.949219 -0.8565183877944946 13.155893325805664 -37.23170852661133 0.011034002527594566 -0.1395287960767746 -0.06395968049764633 -0.9880886673927307
1755701114.27898 -0.6544373035430908 12.982560157775879 -36.65522384643555 0.009936724789440632 -0.13405786454677582 -0.06230558454990387 -0.9889630079269409
1755701114.60874 -0.4566749930381775 12.79671859741211 -36.066864013671875 0.0071723572909832 -0.1297469437122345 -0.05932411551475525 -0.9897449016571045
1755701115.004475 -0.24362356960773468 12.58690071105957 -35.38368225097656 0.00843687355518341 -0.12394256144762039 -0.05711907893419266 -0.9906082153320312
1755701115.400169 -0.048645228147506714 12.378955841064453 -34.70186233520508 0.008447508327662945 -0.11954677850008011 -0.05326323211193085 -0.9913628697395325
1755701115.729968 0.11939871311187744 12.196086883544922 -34.13568115234375 0.005444915499538183 -0.11667276918888092 -0.05320221558213234 -0.9917294383049011
1755701115.927877 0.23175987601280212 12.082531929016113 -33.78493881225586 0.005213629920035601 -0.11804207414388657 -0.05383969098329544 -0.9915342926979065
1755701116.191599 0.3714875876903534 11.938945770263672 -33.327911376953125 0.007378692738711834 -0.11657075583934784 -0.05424204841256142 -0.991672694683075
1755701116.521663 0.529839038848877 11.751401901245117 -32.74409484863281 0.006518512032926083 -0.11252544075250626 -0.05359077453613281 -0.9921811819076538
1755701116.917183 0.7294292449951172 11.534782409667969 -32.05664825439453 0.006755591370165348 -0.10901712626218796 -0.05085759237408638 -0.9927151203155518
1755701117.31288 0.9290554523468018 11.30968189239502 -31.363014221191406 0.006774537730962038 -0.10570410639047623 -0.05016501620411873 -0.9931083917617798
1755701117.64257 1.0900368690490723 11.113424301147461 -30.75544548034668 0.006180211436003447 -0.10352746397256851 -0.04680055379867554 -0.9935057163238525
1755701117.972327 1.2487988471984863 10.915148735046387 -30.174192428588867 0.003509986912831664 -0.10037969797849655 -0.046783193945884705 -0.9938425421714783
1755701118.36807 1.4253727197647095 10.688611030578613 -29.470762252807617 0.0055883657187223434 -0.0974779799580574 -0.044982995837926865 -0.9942049384117126
1755701118.697816 1.5728682279586792 10.49923038482666 -28.874116897583008 0.00635890755802393 -0.0954664871096611 -0.044506922364234924 -0.9944168925285339
1755701119.093556 1.7343617677688599 10.272330284118652 -28.194530487060547 0.0034510870464146137 -0.09409120678901672 -0.04043668508529663 -0.9947360754013062
1755701119.423293 1.8786815404891968 10.085152626037598 -27.60580062866211 0.004859292879700661 -0.09064056724309921 -0.04177331179380417 -0.9949953556060791
1755701119.753055 2.0135257244110107 9.897862434387207 -27.024751663208008 0.006048119626939297 -0.08713565766811371 -0.0409841351211071 -0.9953346848487854
1755701120.082843 2.13254451751709 9.712000846862793 -26.421817779541016 0.01032563578337431 -0.07994073629379272 -0.03585274517536163 -0.9961011409759521
1755701120.412606 2.232174873352051 9.520340919494629 -25.840980529785156 0.004344441462308168 -0.0694713369011879 -0.02984672039747238 -0.997127890586853
1755701120.742394 2.2917592525482178 9.331358909606934 -25.259550094604492 0.006176260765641928 -0.048253219574689865 -0.02152225747704506 -0.9985841512680054
1755701121.072137 2.3607418537139893 9.128612518310547 -24.668060302734375 0.003372929524630308 -0.04015781357884407 -0.020204978063702583 -0.9989834427833557
1755701121.467846 2.4227097034454346 8.894046783447266 -23.960004806518555 0.002215740969404578 -0.03155050426721573 -0.015524104237556458 -0.9993791580200195
1755701121.797617 2.4723548889160156 8.696325302124023 -23.374250411987305 0.003370789811015129 -0.02669925056397915 -0.014536441303789616 -0.999532163143158
1755701122.12737 2.5158801078796387 8.500358581542969 -22.786813735961914 -0.0015045260079205036 -0.021696357056498528 -0.0102312583476305 -0.9997112154960632
1755701122.457135 2.5559282302856445 8.294270515441895 -22.19165802001953 -0.002110633999109268 -0.018692515790462494 -0.007529507391154766 -0.9997947216033936
1755701122.852865 2.6071064472198486 8.054530143737793 -21.472745895385742 0.0011995985405519605 -0.0141430189833045 -0.005891968496143818 -0.9998819231987
1755701123.182641 2.624213457107544 7.867441654205322 -20.889495849609375 0.004054279066622257 -0.009935694746673107 -0.004658789373934269 -0.9999315738677979
1755701123.512391 2.661275625228882 7.657259941101074 -20.293310165405273 0.002760864794254303 -0.00739350076764822 -0.0023731375113129616 -0.9999661445617676
1755701123.842366 2.6948776245117188 7.45297384262085 -19.682151794433594 0.002719780197367072 -0.006323911715298891 -0.0011305533116683364 -0.9999756813049316
1755701124.171999 2.7136781215667725 7.2496562004089355 -19.089109420776367 -0.0002834094048012048 -0.004306692164391279 -0.003303474746644497 -0.9999852180480957
1755701124.501707 2.743730306625366 7.0507988929748535 -18.494192123413086 0.0012390388874337077 -0.005947030149400234 -0.003309012623503804 -0.9999760985374451
1755701124.897411 2.7924952507019043 6.8053765296936035 -17.777368545532227 -0.00029585257288999856 -0.007772201206535101 -0.004662469029426575 -0.999958872795105
1755701125.293128 2.8208954334259033 6.557316303253174 -17.056909561157227 -0.0023938100785017014 -0.0051850867457687855 -0.002542307833209634 -0.9999805092811584
1755701125.622864 2.837912082672119 6.36945915222168 -16.442148208618164 0.006599759683012962 -0.0042127277702093124 -0.00356297567486763 -0.9999629855155945
1755701125.952641 2.8814938068389893 6.166113376617432 -15.852389335632324 0.0015409770421683788 -0.007720134686678648 -0.004564027767628431 -0.9999586939811707
1755701126.34834 2.918382406234741 5.9135212898254395 -15.139837265014648 -0.005289243068546057 -0.0068889642134308815 -0.007529382593929768 -0.9999339580535889
1755701126.744089 2.966066837310791 5.6759352684021 -14.412718772888184 0.0007469115080311894 -0.011415716260671616 -0.00906006433069706 -0.9998935461044312
1755701127.073842 3.0115654468536377 5.480034351348877 -13.811509132385254 0.0029656188562512398 -0.014142805710434914 -0.012157728895545006 -0.9998217225074768
1755701127.404125 3.0564284324645996 5.285234451293945 -13.210923194885254 0.0044973245821893215 -0.020035376772284508 -0.013324013911187649 -0.9997004270553589
1755701127.73335 3.107356071472168 5.072778701782227 -12.627584457397461 -0.00031932652927935123 -0.02377491630613804 -0.015017149038612843 -0.9996045231819153
1755701128.129106 3.1823740005493164 4.83453893661499 -11.897720336914062 0.0007323414902202785 -0.026195988059043884 -0.01410580798983574 -0.9995570778846741
1755701128.459029 3.2362985610961914 4.6467156410217285 -11.307604789733887 0.004538810346275568 -0.02817937545478344 -0.014981969259679317 -0.9994803071022034
1755701129.118391 3.3176357746124268 4.394128322601318 -10.539021492004395 0.0036576471757143736 -0.030872562900185585 -0.018534664064645767 -0.9993447661399841
1755701129.975762 3.428546667098999 4.149028301239014 -9.823902130126953 -0.0006875186809338629 -0.03868979588150978 -0.02423800900578499 -0.9989570379257202
1755701130.767213 3.538285970687866 3.9354448318481445 -9.138574600219727 0.001503928448073566 -0.04654169827699661 -0.02670501172542572 -0.9985581636428833
1755701131.558669 3.6604373455047607 3.7118029594421387 -8.455188751220703 0.002000292995944619 -0.052776385098695755 -0.03288145735859871 -0.9980629086494446
1755701132.284141 3.797431230545044 3.502061367034912 -7.834429740905762 7.734199607511982e-05 -0.06245645880699158 -0.036123599857091904 -0.9973937273025513
1755701133.075567 3.9335784912109375 3.2772202491760254 -7.134040832519531 -0.001492135226726532 -0.06748148798942566 -0.03870626166462898 -0.9969683885574341
1755701133.866974 4.080563068389893 3.049149990081787 -6.446004867553711 -0.0035115056671202183 -0.073207788169384 -0.03781846538186073 -0.9965932965278625
1755701134.592466 4.2146172523498535 2.8390772342681885 -5.827307224273682 -0.005532370414584875 -0.07115250080823898 -0.03826240077614784 -0.9967159628868103
1755701135.779605 4.253309726715088 2.6015710830688477 -5.127993106842041 -0.003836674615740776 -0.018716037273406982 -0.017270028591156006 -0.999668300151825
1755701136.966843 4.229595184326172 2.3424601554870605 -4.422051429748535 -0.009204795584082603 0.029928777366876602 -0.002246823627501726 -0.9995071291923523
1755701137.824152 4.18979024887085 2.0880916118621826 -3.684455633163452 -0.006751734297722578 0.03968421742320061 0.0009932300308719277 -0.9991889595985413
1755701138.549641 4.138138771057129 1.8557817935943604 -3.0538699626922607 -0.008676179684698582 0.05313108116388321 0.002999051008373499 -0.9985453486442566
1755701139.341062 4.071181774139404 1.6041792631149292 -2.33339524269104 -0.005808592773973942 0.0564078614115715 0.0036261731293052435 -0.9983843564987183
1755701140.198449 4.027363300323486 1.3400685787200928 -1.6170419454574585 -0.009888659231364727 0.04936885088682175 -0.00037777319084852934 -0.9987316131591797
1755701141.055864 4.019614219665527 1.1017874479293823 -0.942120373249054 -0.0046590277925133705 0.024667199701070786 -0.006627797149121761 -0.9996629357337952
1755701141.913236 4.023633003234863 0.8376582860946655 -0.24114292860031128 -0.009364677593111992 0.012134808115661144 -0.009909541346132755 -0.9998334050178528
1755701142.572759 4.025786399841309 0.6153316497802734 0.36861300468444824 -0.011023362167179585 0.00865830760449171 -0.007267334032803774 -0.9998754262924194
1755701143.496108 3.9881865978240967 0.36205318570137024 1.0614111423492432 -0.011693764477968216 0.029823560267686844 0.0019153113244101405 -0.9994849562644958
1755701144.28778 3.9316279888153076 0.10356289148330688 1.7843676805496216 -0.010796626098453999 0.04152952879667282 0.010266170836985111 -0.9990262389183044
1755701144.881123 3.8790762424468994 -0.09743211418390274 2.343456983566284 -0.009655081667006016 0.046648405492305756 0.013211555778980255 -0.9987773895263672
1755701145.540636 3.8421921730041504 -0.3298826813697815 2.967512607574463 -0.012668091803789139 0.038643814623355865 0.011273879557847977 -0.999109148979187
1755701146.266114 3.816740036010742 -0.5547499060630798 3.6244730949401855 -0.001673989463597536 0.031137097626924515 0.009088028222322464 -0.9994723796844482
1755701146.529924 3.804356098175049 -0.5968694686889648 3.719496250152588 -0.005610112566500902 0.03229649364948273 0.010735846124589443 -0.9994049072265625
