1738249093.948088 -0.0 -0.0 -0.0 -0.0 -0.0 -0.0 1.0
1738249099.817097 -0.044167410582304 -0.03571932762861252 0.10250354558229446 0.0014556585811078548 -0.03132657706737518 -0.012931408360600471 0.9994244575500488
1738249114.693031 -0.12453152239322662 -0.23207800090312958 0.713299572467804 -0.0011068456806242466 -0.04588619992136955 -0.023863444104790688 0.9986609816551208
1738249115.556715 -0.2254345566034317 -0.4040803015232086 1.2744344472885132 -0.009110325947403908 -0.07565226405858994 -0.03031211905181408 0.9966318011283875
1738249116.623977 -0.3334578275680542 -0.6545299291610718 1.9660584926605225 0.007229536306113005 -0.08204706758260727 -0.025545651093125343 0.9962748289108276
1738249117.7576 -0.470111608505249 -0.9181381464004517 2.7187113761901855 0.0072846608236432076 -0.0876200944185257 -0.0298004187643528 0.9956815242767334
1738249118.691503 -0.5974698662757874 -1.1359450817108154 3.340426445007324 0.009023054502904415 -0.09090544283390045 -0.03428712859749794 0.9952282905578613
1738249119.82803 -0.7581550478935242 -1.4108121395111084 4.110566139221191 0.010659176856279373 -0.0990898534655571 -0.03892330452799797 0.9942598342895508
1738249121.025762 -0.93601393699646 -1.6979228258132935 4.896999359130859 0.01191419456154108 -0.10612083226442337 -0.03848015144467354 0.9935370087623596
1738249122.026316 -1.059370994567871 -1.9360713958740234 5.5559916496276855 0.01249579805880785 -0.0980454608798027 -0.0300910621881485 0.9946484565734863
1738249123.093589 -1.1875600814819336 -2.180856943130493 6.229222297668457 0.012680070474743843 -0.09576507657766342 -0.028038352727890015 0.9949281811714172
1738249124.161318 -1.3118759393692017 -2.4212653636932373 6.900303363800049 0.014625897631049156 -0.09260418266057968 -0.02763259969651699 0.9952120184898376
1738249125.494065 -1.4633687734603882 -2.7380683422088623 7.762100696563721 0.01818838343024254 -0.09683217108249664 -0.022035716101527214 0.994890570640564
1738249126.361105 -1.5729999542236328 -2.9562466144561768 8.363617897033691 0.010754479095339775 -0.10326753556728363 -0.017375586554408073 0.9944437146186829
1738249127.228201 -1.6915274858474731 -3.1727488040924072 8.95847225189209 0.010924266651272774 -0.1060081347823143 -0.014394724741578102 0.994201123714447
1738249128.495238 -1.8500394821166992 -3.4857492446899414 9.803610801696777 0.012119480408728123 -0.10866634547710419 -0.009835933335125446 0.9939557313919067
1738249129.695882 -2.0095059871673584 -3.7711517810821533 10.609006881713867 0.00866656843572855 -0.11051573604345322 -0.010614128783345222 0.9937799572944641
1738249130.762807 -2.183399200439453 -4.016046524047852 11.33718490600586 0.004494566936045885 -0.11962305754423141 -0.017301125451922417 0.9926584959030151
1738249131.8968 -2.4103899002075195 -4.278122901916504 12.056052207946777 0.01190770324319601 -0.15489307045936584 -0.03481686860322952 0.9872457981109619
1738249132.897007 -2.7413277626037598 -4.486807823181152 12.622346878051758 0.01171968225389719 -0.24324294924736023 -0.06964721530675888 0.9673907160758972
1738249133.897593 -3.1886844635009766 -4.677901268005371 13.131120681762695 0.011395127512514591 -0.3124110996723175 -0.0966758280992508 0.9449462294578552
1738249134.564487 -3.550119161605835 -4.790605545043945 13.415658950805664 0.015707669779658318 -0.3764541745185852 -0.12244941294193268 0.91817307472229
1738249135.698116 -4.20432710647583 -4.971030235290527 13.825942993164062 0.024245765060186386 -0.446583092212677 -0.1464240998029709 0.8823466897010803
1738249136.765241 -4.8621416091918945 -5.11354923248291 14.131121635437012 0.027997251600027084 -0.4869024157524109 -0.1634727567434311 0.8575657606124878
1738249137.965833 -5.655343055725098 -5.259668827056885 14.443525314331055 0.0280422642827034 -0.5209267139434814 -0.18108604848384857 0.8337007761001587
1738249138.832905 -6.25472354888916 -5.351625442504883 14.628314971923828 0.03128880634903908 -0.5449693202972412 -0.1900874376296997 0.8160247206687927
1738249140.03336 -7.100152969360352 -5.464617729187012 14.872716903686523 0.028886273503303528 -0.5617803335189819 -0.2004701793193817 0.8021098375320435
1738249141.100306 -7.864964485168457 -5.5375261306762695 15.049884796142578 0.02347015216946602 -0.5870694518089294 -0.20987626910209656 0.7815053462982178
1738249142.167577 -8.613234519958496 -5.547821998596191 15.04492473602295 0.02546401135623455 -0.6638269424438477 -0.23550038039684296 0.7093836069107056
1738249143.367873 -9.41512393951416 -5.482468605041504 14.814050674438477 0.022788500413298607 -0.7534347176551819 -0.26688146591186523 0.6004924774169922
1738249144.568374 -10.194235801696777 -5.381235599517822 14.481269836425781 0.024776099249720573 -0.7955169081687927 -0.28063005208969116 0.5364567041397095
1738249145.768857 -10.888351440429688 -5.233433246612549 14.01247501373291 0.027122439816594124 -0.8414326906204224 -0.29268237948417664 0.45342305302619934
1738249146.969521 -11.470172882080078 -5.0229082107543945 13.413764953613281 0.022594215348362923 -0.8798731565475464 -0.31173405051231384 0.35795897245407104
1738249147.503014 -11.719757080078125 -4.912096977233887 13.111249923706055 0.022798987105488777 -0.8864668011665344 -0.3146919012069702 0.3385642468929291
1738249148.103143 -11.972677230834961 -4.835254192352295 12.811223983764648 0.019390249624848366 -0.8973354697227478 -0.2986599802970886 0.32436901330947876
1738249148.903606 -12.274703979492188 -4.822221755981445 12.469121932983398 0.001821847283281386 -0.9196887612342834 -0.24033747613430023 0.31049513816833496
1738249151.03796 -12.817495346069336 -4.822390079498291 12.273863792419434 -0.010980949737131596 -0.8816148042678833 -0.19281575083732605 0.43064701557159424
1738249152.771834 -13.735690116882324 -4.683197021484375 12.14516544342041 0.004136061295866966 -0.7746167778968811 -0.25476640462875366 0.5788314342498779
1738249154.039026 -14.422322273254395 -4.5947065353393555 11.742053985595703 0.03130783513188362 -0.8190569877624512 -0.2652021050453186 0.5077729821205139
1738249155.372866 -15.167566299438477 -4.4756879806518555 11.268492698669434 0.02977304905653 -0.8388237953186035 -0.270935595035553 0.4712560176849365
1738249156.639924 -15.822733879089355 -4.3681182861328125 10.775111198425293 0.03173104673624039 -0.8604947924613953 -0.2707229256629944 0.4304080605506897
1738249157.907217 -16.397424697875977 -4.236968994140625 10.228382110595703 0.032386358827352524 -0.8832964301109314 -0.2740750312805176 0.3789742588996887
1738249159.240951 -16.913921356201172 -4.1077423095703125 9.65874195098877 0.03321687877178192 -0.8981938362121582 -0.2731035649776459 0.34286877512931824
1738249159.97466 -17.173749923706055 -3.9957082271575928 9.230042457580566 0.032295215874910355 -0.9128713011741638 -0.2819836437702179 0.2934422194957733
1738249161.30851 -17.678680419921875 -3.7977652549743652 8.470691680908203 0.02965494804084301 -0.9161147475242615 -0.2896239459514618 0.2756307125091553
1738249163.309373 -18.38237953186035 -3.4541380405426025 7.306048393249512 0.0319620706140995 -0.9213942289352417 -0.2952122390270233 0.2507208287715912
1738249165.310099 -19.04759979248047 -3.151884078979492 6.195176124572754 0.036177244037389755 -0.9206472635269165 -0.29087749123573303 0.25785696506500244
1738249166.110796 -19.340965270996094 -3.020128011703491 5.700039386749268 0.03568141162395477 -0.9207605719566345 -0.292461097240448 0.2557213604450226
1738249167.044109 -19.736160278320312 -2.8526968955993652 5.0993146896362305 0.035536739975214005 -0.9160003066062927 -0.2908337712287903 0.27403724193573
1738249167.377573 -19.953310012817383 -2.7857353687286377 4.826259613037109 0.033841848373413086 -0.9076470732688904 -0.28857365250587463 0.30291396379470825
1738249167.84446 -20.31668472290039 -2.669559955596924 4.359560966491699 0.03406961262226105 -0.9062575101852417 -0.2830795347690582 0.31209391355514526
1738249168.311393 -20.768657684326172 -2.515712261199951 3.7860050201416016 0.035046178847551346 -0.9050626754760742 -0.2855648398399353 0.3131870627403259
1738249168.57805 -21.054168701171875 -2.414257764816284 3.422262191772461 0.03571084886789322 -0.9032330513000488 -0.29020506143569946 0.31412696838378906
1738249169.044895 -21.512805938720703 -2.257749557495117 2.8255767822265625 0.03851023316383362 -0.9049898982048035 -0.28880518674850464 0.310002863407135
1738249169.511756 -21.961162567138672 -2.104074001312256 2.234212875366211 0.037143416702747345 -0.9055843353271484 -0.2887897193431854 0.30844444036483765
1738249170.04538 -22.4774227142334 -1.9192094802856445 1.57037353515625 0.03711731731891632 -0.9055799841880798 -0.28942936658859253 0.30786022543907166
1738249170.512191 -22.90976333618164 -1.7614026069641113 1.0089397430419922 0.03838791698217392 -0.9048234224319458 -0.2916770875453949 0.3078075349330902
1738249171.179135 -23.498626708984375 -1.542588710784912 0.2247447967529297 0.03935856744647026 -0.9050301313400269 -0.29134082794189453 0.30739545822143555
1738249172.046114 -24.20644760131836 -1.2803020477294922 -0.7406883239746094 0.04176400974392891 -0.9056690335273743 -0.28842368721961975 0.3079468011856079
1738249173.046767 -25.05101203918457 -0.9766278266906738 -1.8629627227783203 0.03383010998368263 -0.9063317179679871 -0.2879011034965515 0.3074595332145691
1738249174.047064 -25.891855239868164 -0.6947050094604492 -2.9542903900146484 0.033641267567873 -0.906951367855072 -0.2869938611984253 0.3064998686313629
1738249175.514367 -27.049402236938477 -0.24613189697265625 -4.498510360717773 0.03360133245587349 -0.9062346816062927 -0.2914602756500244 0.30440205335617065
1738249176.914812 -28.106647491455078 0.14532184600830078 -5.89259147644043 0.030047813430428505 -0.9031066298484802 -0.2860274612903595 0.31887924671173096
1738249178.648889 -29.282630920410156 0.5286941528320312 -7.317783355712891 0.029022730886936188 -0.8977471590042114 -0.2803066670894623 0.33857932686805725
1738249180.249451 -30.821781158447266 0.9930915832519531 -9.09124755859375 0.027533363550901413 -0.894633412361145 -0.28478801250457764 0.34317445755004883
1738249181.449943 -31.842302322387695 1.2798681259155273 -10.219112396240234 0.026962025091052055 -0.8947758078575134 -0.282217800617218 0.34496739506721497
1738249182.183604 -32.50043487548828 1.466832160949707 -10.953937530517578 0.02617163024842739 -0.894509494304657 -0.28161489963531494 0.34620943665504456
1738249183.317349 -33.509071350097656 1.7406244277954102 -12.005695343017578 0.02836020290851593 -0.8825734257698059 -0.2768339514732361 0.37897583842277527
1738249183.984415 -34.187278747558594 1.8849096298217773 -12.586593627929688 0.029298953711986542 -0.8747990727424622 -0.27606484293937683 0.3970596492290497
1738249184.718018 -34.93793487548828 2.051924705505371 -13.239063262939453 0.030967306345701218 -0.8733964562416077 -0.27758389711380005 0.39895737171173096
1738249185.384829 -35.450416564941406 2.182680130004883 -13.766414642333984 0.03319133073091507 -0.8913283944129944 -0.2826819121837616 0.352878212928772
1738249186.252017 -35.651607513427734 2.254240036010742 -14.051036834716797 0.031024036929011345 -0.8856835961341858 -0.28015097975730896 0.36894115805625916
1738249187.253542 -35.93668746948242 2.3235836029052734 -14.314594268798828 0.03356539085507393 -0.8758577108383179 -0.27352985739707947 0.3961414396762848
1738249188.386221 -36.2603645324707 2.3991479873657227 -14.656963348388672 0.034399453550577164 -0.8734192252159119 -0.2755863070487976 0.4000096917152405
1738249189.786611 -36.54014587402344 2.4763193130493164 -14.944114685058594 0.03209078311920166 -0.8720537424087524 -0.2753538489341736 0.40332719683647156
1738249191.387268 -37.06061935424805 2.607341766357422 -15.443885803222656 0.028571974486112595 -0.8713735938072205 -0.2764575779438019 0.4043056070804596
1738249193.655006 -37.559661865234375 2.721615791320801 -15.903205871582031 0.02552572451531887 -0.8671915531158447 -0.2705067992210388 0.4173169732093811
1738249196.989479 -38.0067138671875 2.783200263977051 -16.24212646484375 0.022824089974164963 -0.8601064085960388 -0.2660534083843231 0.43463972210884094
1738249199.657237 -38.83859634399414 2.849273681640625 -16.641353607177734 0.018812857568264008 -0.8630725145339966 -0.26517364382743835 0.4294588267803192
1738249201.057817 -39.172462463378906 2.902250289916992 -16.97351837158203 0.015133107081055641 -0.869927704334259 -0.2732943892478943 0.41025233268737793
1738249201.991627 -39.63744354248047 3.0031776428222656 -17.375343322753906 0.01513935998082161 -0.8732008337974548 -0.2723425328731537 0.40388205647468567
1738249203.325795 -40.19696807861328 3.1374378204345703 -17.855567932128906 0.009592605754733086 -0.8727330565452576 -0.27844318747520447 0.4008920192718506
1738249204.459333 -40.666595458984375 3.255279541015625 -18.264453887939453 0.008592111058533192 -0.8740386962890625 -0.2791566252708435 0.3975602090358734
1738249205.659778 -41.164031982421875 3.3810768127441406 -18.699512481689453 0.009027783758938313 -0.8740937113761902 -0.27801313996315 0.3982304334640503
1738249206.326745 -41.45569610595703 3.448047637939453 -18.948257446289062 0.007569123990833759 -0.8734357953071594 -0.27547675371170044 0.4014539122581482
1738249207.32709 -41.88084411621094 3.549173355102539 -19.316726684570312 0.009468596428632736 -0.8717692494392395 -0.2698931097984314 0.4087621867656708
1738249208.127483 -42.23771667480469 3.619241714477539 -19.608623504638672 0.01195681281387806 -0.8705155849456787 -0.26692357659339905 0.41329339146614075
1738249209.261327 -42.71498107910156 3.7146854400634766 -19.989517211914062 0.01329492311924696 -0.8685449361801147 -0.26380741596221924 0.4193550944328308
1738249210.395298 -43.22556686401367 3.791919708251953 -20.3458251953125 0.01239312905818224 -0.8538885712623596 -0.25745436549186707 0.4521480202674866
1738249211.595652 -43.79619216918945 3.8717727661132812 -20.71179962158203 0.013936346396803856 -0.8485543131828308 -0.25545987486839294 0.4631432294845581
1738249212.929411 -44.46452331542969 3.9637298583984375 -21.118122100830078 0.013978546485304832 -0.8443781733512878 -0.2570885419845581 0.4698250889778137
1738249214.332171 -45.125736236572266 4.065980911254883 -21.587417602539062 0.019614042714238167 -0.8564853072166443 -0.26044341921806335 0.4452163279056549
1738249215.397081 -45.625396728515625 4.147212982177734 -21.94864273071289 0.02093876339495182 -0.8573033809661865 -0.2621746361255646 0.4425573945045471
1738249216.597528 -46.183387756347656 4.247854232788086 -22.37976837158203 0.021778110414743423 -0.8641690015792847 -0.26834380626678467 0.42512258887290955
1738249217.664631 -46.63322448730469 4.364892959594727 -22.807144165039062 0.021872494369745255 -0.8812792897224426 -0.2805386483669281 0.3796927332878113
1738249218.998706 -47.19001007080078 4.527467727661133 -23.396312713623047 0.02009086310863495 -0.8893972039222717 -0.28500720858573914 0.3568471670150757
1738249220.065436 -47.64140319824219 4.664249420166016 -23.88050079345703 0.018937379121780396 -0.8924486041069031 -0.2872280180454254 0.34738588333129883
1738249220.999339 -48.019187927246094 4.785259246826172 -24.301898956298828 0.0170303862541914 -0.8969318866729736 -0.28445425629615784 0.338096022605896
1738249221.939732 -48.401004791259766 4.908855438232422 -24.7344970703125 0.009438181295990944 -0.8997443318367004 -0.28545188903808594 0.32998231053352356
1738249223.266875 -48.93525314331055 5.11326789855957 -25.389057159423828 0.009550824761390686 -0.8997290134429932 -0.29601627588272095 0.3205791413784027
1738249224.46824 -49.401222229003906 5.282840728759766 -25.973941802978516 0.017832553014159203 -0.9045729041099548 -0.29327356815338135 0.3089023232460022
1738249225.467946 -49.77607345581055 5.438175201416016 -26.47966766357422 0.016411298885941505 -0.9091768264770508 -0.29629746079444885 0.292123407125473
1738249226.402176 -50.123050689697266 5.580448150634766 -26.94894790649414 0.015352179296314716 -0.911699116230011 -0.2955974340438843 0.28494080901145935
1738249227.668491 -50.589080810546875 5.79399299621582 -27.58501434326172 0.015955673530697823 -0.9118270874023438 -0.2996898889541626 0.2801835536956787
1738249228.669069 -50.9505500793457 5.948328018188477 -28.099872589111328 0.0124548664316535 -0.9160261154174805 -0.29405897855758667 0.27252593636512756
1738249229.736481 -51.33359146118164 6.127399444580078 -28.663455963134766 0.0062933568842709064 -0.9153403639793396 -0.30202165246009827 0.2662617564201355
1738249230.870137 -51.69581985473633 6.329792022705078 -29.27353286743164 0.01381596364080906 -0.9179713726043701 -0.3103400766849518 0.24663077294826508
1738249231.870396 -51.91725540161133 6.522966384887695 -29.853458404541016 0.013905524276196957 -0.9322214126586914 -0.31418079137802124 0.17905423045158386
1738249232.870591 -52.11107635498047 6.720190048217773 -30.44681167602539 0.00429709255695343 -0.9393860101699829 -0.3154643177986145 0.13423044979572296
1738249233.87124 -52.22284698486328 6.970428466796875 -31.108341217041016 0.00037335813976824284 -0.9413295388221741 -0.3276554346084595 0.0808732807636261
1738249235.338261 -52.302825927734375 7.332287788391113 -32.05249786376953 0.02379787154495716 -0.9435557723045349 -0.3267882764339447 0.048431139439344406
1738249237.205872 -52.355838775634766 7.737639427185059 -33.23431396484375 0.0074552553705871105 -0.949910581111908 -0.31242477893829346 -0.002266989555209875
1738249238.606402 -52.158416748046875 8.007098197937012 -34.0733528137207 0.017664583399891853 -0.9405072927474976 -0.3166505694389343 -0.12192835658788681
1738249239.873944 -51.78666687011719 8.258035659790039 -34.77058410644531 0.016603827476501465 -0.9211069345474243 -0.31625860929489136 -0.22642190754413605
1738249241.20745 -51.31216812133789 8.511926651000977 -35.44101333618164 0.006703988648951054 -0.8914980888366699 -0.3162209689617157 -0.32433077692985535
1738249242.474684 -50.75825119018555 8.719276428222656 -35.99863052368164 -0.0002963311562780291 -0.8693887591362 -0.3087393641471863 -0.3858020305633545
1738249243.40843 -50.26191329956055 8.865301132202148 -36.36270523071289 -0.0017528228927403688 -0.8503185510635376 -0.30525389313697815 -0.4286903440952301
1738249244.475457 -49.682159423828125 9.018037796020508 -36.76370620727539 -0.0031580482609570026 -0.8410084843635559 -0.2979966700077057 -0.45154494047164917
1738249245.60906 -49.04624557495117 9.169507026672363 -37.174068450927734 -0.005126158241182566 -0.8328154683113098 -0.2955764830112457 -0.46800270676612854
1738249246.876408 -48.3194580078125 9.363242149353027 -37.613792419433594 -0.0007073158049024642 -0.827573835849762 -0.3006432354450226 -0.4740619659423828
1738249248.076926 -47.75791549682617 9.57795238494873 -38.1473388671875 0.0024596727453172207 -0.8631049394607544 -0.311969131231308 -0.39713871479034424
1738249249.410868 -47.30821228027344 9.868234634399414 -38.84214782714844 0.006303622853010893 -0.8970926403999329 -0.3295842707157135 -0.2942095398902893
1738249250.477946 -46.94618225097656 10.117443084716797 -39.44207763671875 0.004012037999927998 -0.9013826847076416 -0.3326757848262787 -0.27716436982154846
1738249251.545045 -46.57269287109375 10.358055114746094 -40.02649688720703 0.0010141702368855476 -0.8995436429977417 -0.32891884446144104 -0.2874591052532196
1738249252.745522 -46.09703063964844 10.59919548034668 -40.61173629760742 -0.007292881608009338 -0.8771827220916748 -0.32681411504745483 -0.35169580578804016
1738249253.879228 -45.59267044067383 10.808996200561523 -41.09089279174805 -0.007800806313753128 -0.8626574277877808 -0.32443204522132874 -0.3879499137401581
1738249254.612884 -45.07565689086914 11.00079345703125 -41.57862854003906 -0.0085248788818717 -0.863435685634613 -0.3176547586917877 -0.39179298281669617
1738249255.080891 -44.51940155029297 11.207823753356934 -42.08065414428711 -0.007490915711969137 -0.860270619392395 -0.315929651260376 -0.40008360147476196
1738249255.550037 -43.95369338989258 11.384147644042969 -42.51734924316406 -0.007589119952172041 -0.8443617820739746 -0.3094159662723541 -0.43732979893684387
1738249256.080018 -43.29802322387695 11.542926788330078 -42.904998779296875 -0.007337288465350866 -0.8163159489631653 -0.29870057106018066 -0.49432021379470825
1738249256.546977 -42.637081146240234 11.685440063476562 -43.235595703125 -0.003653929103165865 -0.8054792284965515 -0.29600289463996887 -0.5133928656578064
1738249257.080693 -41.906585693359375 11.83795166015625 -43.5654182434082 0.0004283245943952352 -0.8016887307167053 -0.29460811614990234 -0.5200972557067871
1738249257.547648 -41.23379135131836 11.9618558883667 -43.8602294921875 0.0012158947065472603 -0.797797679901123 -0.2897424101829529 -0.528740644454956
1738249258.014281 -40.5823860168457 12.088071823120117 -44.145225524902344 0.0007526758126914501 -0.7980647683143616 -0.29336556792259216 -0.5263352394104004
1738249258.480927 -39.96734619140625 12.239355087280273 -44.47636032104492 0.004524867050349712 -0.8145164251327515 -0.3049929141998291 -0.4934794008731842
1738249259.014638 -39.35503387451172 12.432531356811523 -44.92205810546875 0.005546094849705696 -0.8382194638252258 -0.30883291363716125 -0.4494214355945587
1738249259.348127 -38.932350158691406 12.5673189163208 -45.21792221069336 0.00490811001509428 -0.8402906656265259 -0.31108561158180237 -0.4439743757247925
1738249259.948377 -38.165279388427734 12.806800842285156 -45.7592658996582 0.00368900247849524 -0.8411699533462524 -0.3090125322341919 -0.44376885890960693
1738249260.415262 -37.60279083251953 12.983367919921875 -46.18770980834961 0.005894987843930721 -0.8496361970901489 -0.30862054228782654 -0.4275943636894226
1738249260.948824 -37.058998107910156 13.197360038757324 -46.68204116821289 0.006587898824363947 -0.8651180267333984 -0.31726327538490295 -0.3884218633174896
1738249262.282751 -36.659912109375 13.499679565429688 -47.41651916503906 0.012687011621892452 -0.9107324481010437 -0.33409470319747925 -0.24245862662792206
1738249263.283069 -36.44450378417969 13.739810943603516 -48.02805709838867 0.012384390458464622 -0.9252741932868958 -0.3300928473472595 -0.18642157316207886
1738249264.350159 -36.22365951538086 14.010025024414062 -48.69031524658203 0.011704728938639164 -0.9264062643051147 -0.34107962250709534 -0.1590574085712433
1738249265.483984 -36.001583099365234 14.307903289794922 -49.403038024902344 0.007533891126513481 -0.9268108606338501 -0.3411025106906891 -0.15688857436180115
1738249266.217378 -35.752838134765625 14.50399398803711 -49.85832595825195 0.004316418897360563 -0.9095051288604736 -0.3415444493293762 -0.23691575229167938
1738249266.817849 -35.44867706298828 14.627540588378906 -50.12641143798828 -0.001193404314108193 -0.8738681077957153 -0.3356666564941406 -0.35168325901031494
1738249293.361999 -34.797218322753906 14.840109825134277 -50.59495544433594 -0.01044370699673891 -0.8341163992881775 -0.3233840763568878 -0.44672539830207825
1738249294.095596 -34.37957763671875 14.910942077636719 -50.722686767578125 -0.02205025590956211 -0.7689430117607117 -0.3073723018169403 -0.5601453185081482
1738249295.429337 -33.61904525756836 15.019471168518066 -50.93397521972656 -0.026505662128329277 -0.751928985118866 -0.2974175214767456 -0.5877441167831421
1738249296.896623 -32.837127685546875 15.123908996582031 -51.152496337890625 -0.018961245194077492 -0.7607035636901855 -0.30070623755455017 -0.5749316811561584
1738249297.897009 -32.2467041015625 15.20553970336914 -51.33582305908203 -0.014065582305192947 -0.7691822648048401 -0.29377973079681396 -0.5673221349716187
1738249298.897567 -31.66286849975586 15.303351402282715 -51.55228805541992 -0.006264159921556711 -0.781223714351654 -0.29190298914909363 -0.5517634749412537
1738249300.031032 -30.98296356201172 15.430706024169922 -51.78118133544922 -0.0008925893343985081 -0.7796934247016907 -0.296773225069046 -0.5513646602630615
1738249300.964908 -30.21991729736328 15.592132568359375 -52.07296371459961 0.0018352852202951908 -0.7764273881912231 -0.30325496196746826 -0.552443265914917
1738249301.765276 -29.627456665039062 15.705318450927734 -52.30617904663086 -0.0015642708167433739 -0.7787883281707764 -0.297894686460495 -0.552037239074707
1738249302.36532 -29.087291717529297 15.822128295898438 -52.5044059753418 0.001365356263704598 -0.7782517075538635 -0.30016449093818665 -0.5515648126602173
1738249303.099145 -28.43307876586914 15.956680297851562 -52.752037048339844 0.002297630999237299 -0.777094304561615 -0.30105355381965637 -0.5527077913284302
1738249303.766068 -27.830707550048828 16.079565048217773 -52.9745979309082 0.004150650463998318 -0.7778204679489136 -0.3015581965446472 -0.5513989925384521
1738249304.433066 -27.217140197753906 16.214704513549805 -53.20049285888672 0.007062779739499092 -0.7775699496269226 -0.3026024401187897 -0.5511505007743835
1738249305.033467 -26.675182342529297 16.323049545288086 -53.40909957885742 0.0065252878703176975 -0.7795946002006531 -0.29806986451148987 -0.5507667660713196
1738249305.566602 -25.983745574951172 16.472352981567383 -53.6690788269043 0.012937897816300392 -0.7809986472129822 -0.29840558767318726 -0.5484778881072998
1738249305.966945 -25.348613739013672 16.59066390991211 -53.91478729248047 0.0124197481200099 -0.784473180770874 -0.28527939319610596 -0.55051189661026
1738249306.300398 -24.79631805419922 16.70248794555664 -54.12617874145508 0.018747594207525253 -0.7823273539543152 -0.29019132256507874 -0.550818920135498
1738249306.700646 -24.13235092163086 16.847570419311523 -54.38295364379883 0.020645638927817345 -0.7813558578491211 -0.29112356901168823 -0.5516374707221985
1738249307.034041 -23.581768035888672 16.969741821289062 -54.603397369384766 0.021121373400092125 -0.77981036901474 -0.291705459356308 -0.5534958839416504
1738249307.434044 -22.960372924804688 17.09486198425293 -54.83613204956055 0.02208132855594158 -0.7800386548042297 -0.2875422239303589 -0.5553122162818909
1738249307.900881 -22.256580352783203 17.24170684814453 -55.110130310058594 0.020036356523633003 -0.7807326912879944 -0.2855314314365387 -0.5554519295692444
1738249308.834792 -21.455196380615234 17.403413772583008 -55.417030334472656 0.018946083262562752 -0.7782992720603943 -0.2861572504043579 -0.5585743188858032
1738249310.10179 -20.652740478515625 17.535104751586914 -55.63148880004883 0.01139886025339365 -0.7439402937889099 -0.2765544056892395 -0.6082274317741394
1738249311.169052 -19.94098663330078 17.62859344482422 -55.81485366821289 0.006226097233593464 -0.7389840483665466 -0.2769432067871094 -0.6141387224197388
1738249312.102783 -19.304405212402344 17.695545196533203 -55.96635437011719 0.0006401902646757662 -0.7382746338844299 -0.26722168922424316 -0.6193082332611084
1738249313.236554 -18.50021743774414 17.800525665283203 -56.1259651184082 0.002977993106469512 -0.7241365909576416 -0.2722814977169037 -0.6336246728897095
1738249314.437124 -17.770145416259766 17.79109764099121 -56.084251403808594 -0.013706215657293797 -0.6263757944107056 -0.23846259713172913 -0.7420250177383423
1738249315.370561 -17.300209045410156 17.73062515258789 -55.875213623046875 -0.011547870934009552 -0.5172920227050781 -0.19791407883167267 -0.8325297236442566
1738249316.304425 -16.90337371826172 17.63043785095215 -55.505409240722656 0.0010219800751656294 -0.37605324387550354 -0.16339169442653656 -0.9120779037475586
1738249317.638338 -16.34218978881836 17.441190719604492 -54.933048248291016 -0.008866814896464348 -0.31378883123397827 -0.14514528214931488 -0.9382914900779724
1738249318.905543 -15.90493106842041 17.23175048828125 -54.29717254638672 -0.009011965245008469 -0.2558852434158325 -0.12739528715610504 -0.9582337737083435
1738249319.972616 -15.537105560302734 17.04791259765625 -53.71611785888672 -0.00555718969553709 -0.23665539920330048 -0.1207699328660965 -0.9640425443649292
1738249321.173132 -15.124862670898438 16.82134246826172 -53.00204849243164 -0.004374061711132526 -0.21605835855007172 -0.11548777669668198 -0.9695165157318115
1738249322.106825 -14.828137397766113 16.6334228515625 -52.45603942871094 -0.010056697763502598 -0.20562858879566193 -0.1071111410856247 -0.9726988077163696
1738249323.373819 -14.308955192565918 16.428264617919922 -51.812931060791016 -0.0036693825386464596 -0.29284363985061646 -0.13385789096355438 -0.9467371702194214
1738249324.241074 -13.786684036254883 16.30687713623047 -51.39673614501953 -0.0015193199506029487 -0.35933196544647217 -0.15451256930828094 -0.9203283190727234
1738249324.774557 -13.124666213989258 16.165435791015625 -50.84369659423828 0.010553424246609211 -0.374713271856308 -0.16347084939479828 -0.9125546216964722
1738249325.17471 -12.588626861572266 16.052392959594727 -50.395206451416016 0.013142582960426807 -0.3758075535297394 -0.16522622108459473 -0.9117544293403625
1738249325.441291 -12.215036392211914 15.976096153259277 -50.101139068603516 0.012973240576684475 -0.38491806387901306 -0.16686157882213593 -0.9076492190361023
1738249325.908148 -11.55568790435791 15.85390853881836 -49.597076416015625 0.013867146335542202 -0.3998998701572418 -0.16988803446292877 -0.9005697965621948
1738249326.44189 -10.82036018371582 15.730515480041504 -49.06474304199219 0.015649758279323578 -0.41012704372406006 -0.1718991994857788 -0.8955454230308533
1738249326.842035 -10.251211166381836 15.636712074279785 -48.6514892578125 0.016605829820036888 -0.4129043221473694 -0.1718701720237732 -0.8942567110061646
1738249327.308942 -9.59442138671875 15.528886795043945 -48.185184478759766 0.017561186105012894 -0.41685226559638977 -0.17176605761051178 -0.8924249410629272
1738249327.709135 -9.010955810546875 15.44066047668457 -47.77994918823242 0.018862932920455933 -0.4195178747177124 -0.17322486639022827 -0.8908659815788269
1738249328.17572 -8.325153350830078 15.340263366699219 -47.30775451660156 0.020564652979373932 -0.42123720049858093 -0.17462916672229767 -0.8897420763969421
1738249328.575899 -7.743300437927246 15.249922752380371 -46.908267974853516 0.018338074907660484 -0.4214305281639099 -0.1724936068058014 -0.8901156783103943
1738249328.910453 -7.269925117492676 15.170068740844727 -46.566993713378906 0.01912170648574829 -0.4147077202796936 -0.16869354248046875 -0.8939767479896545
1738249329.44319 -6.588471412658691 15.03652572631836 -46.021663665771484 0.01790793612599373 -0.3845433294773102 -0.15546610951423645 -0.9097450375556946
1738249329.976761 -5.990488052368164 14.889665603637695 -45.433963775634766 0.020918313413858414 -0.3493103086948395 -0.14611293375492096 -0.9253084659576416
1738249330.510015 -5.386987686157227 14.762420654296875 -44.937156677246094 0.017781449481844902 -0.3828718662261963 -0.15545739233493805 -0.910453736782074
1738249331.043553 -4.710980415344238 14.65036392211914 -44.433929443359375 0.019616100937128067 -0.3973191976547241 -0.1609257012605667 -0.9032472968101501
1738249331.443778 -4.145989418029785 14.538591384887695 -44.001487731933594 0.016905557364225388 -0.3984070122241974 -0.16092164814472198 -0.9028235673904419
1738249331.844034 -3.571335792541504 14.436141967773438 -43.55364990234375 0.021107781678438187 -0.39831221103668213 -0.1628829389810562 -0.9024251103401184
1738249332.244201 -3.0091400146484375 14.32960319519043 -43.125511169433594 0.01678784005343914 -0.3979875147342682 -0.16149823367595673 -0.9029077291488647
1738249332.644457 -2.4351730346679688 14.222494125366211 -42.68977355957031 0.017370708286762238 -0.39838409423828125 -0.16208651661872864 -0.9026163220405579
1738249333.113027 -1.7782258987426758 14.096643447875977 -42.18927001953125 0.01496438030153513 -0.3992566466331482 -0.16100016236305237 -0.9024683833122253
1738249333.444528 -1.2933998107910156 14.006521224975586 -41.82798767089844 0.015436441637575626 -0.398556649684906 -0.16337436437606812 -0.9023431539535522
1738249333.844689 -0.7189235687255859 13.899473190307617 -41.39708709716797 0.014888549223542213 -0.39812690019607544 -0.16299553215503693 -0.9026105403900146
1738249334.178173 -0.23855304718017578 13.812543869018555 -41.02873229980469 0.016397075727581978 -0.3984147608280182 -0.16312585771083832 -0.9024338722229004
1738249334.645207 0.4232673645019531 13.692880630493164 -40.52738952636719 0.015307248570024967 -0.40017539262771606 -0.16215725243091583 -0.9018482565879822
1738249335.045376 1.0018854141235352 13.591170310974121 -40.09132385253906 0.017519870772957802 -0.4000849723815918 -0.1634766310453415 -0.9016099572181702
1738249335.578905 1.7528371810913086 13.44678783416748 -39.52320098876953 0.014688878320157528 -0.4024749994277954 -0.1600504070520401 -0.9012114405632019
1738249335.978882 2.3110179901123047 13.349370956420898 -39.088314056396484 0.018428897485136986 -0.39409807324409485 -0.16097193956375122 -0.9046741127967834
1738249336.445781 2.8875417709350586 13.223176956176758 -38.57296371459961 0.01715996488928795 -0.35856178402900696 -0.14948731660842896 -0.921299397945404
1738249336.846046 3.2435073852539062 13.086121559143066 -38.133628845214844 0.00650037219747901 -0.29218676686286926 -0.1235712468624115 -0.9483221173286438
1738249337.446468 3.8119864463806152 12.871417999267578 -37.402400970458984 0.01118565909564495 -0.283858984708786 -0.12242764979600906 -0.950952410697937
1738249337.779821 4.11591911315918 12.773968696594238 -37.0294075012207 0.014981403015553951 -0.2952122092247009 -0.12691262364387512 -0.9468466639518738
1738249338.513413 4.646340370178223 12.607417106628418 -36.42034912109375 0.01591763272881508 -0.30913469195365906 -0.13289958238601685 -0.9415519833564758
1738249339.04696 5.0839619636535645 12.470123291015625 -35.933048248291016 0.009574216790497303 -0.31443658471107483 -0.13206438720226288 -0.93999844789505
1738249339.51382 5.645752906799316 12.303337097167969 -35.29400634765625 0.017075393348932266 -0.3132357895374298 -0.13069233298301697 -0.9404846429824829
1738249339.848505 6.0430498123168945 12.183672904968262 -34.826026916503906 0.01868998073041439 -0.3131711781024933 -0.1313297152519226 -0.9403866529464722
1738249340.247464 6.516522407531738 12.03931999206543 -34.289833068847656 0.01813254877924919 -0.3129931390285492 -0.12992513179779053 -0.9406518936157227
1738249340.714113 7.069267749786377 11.8766508102417 -33.673851013183594 0.01761709339916706 -0.3131409287452698 -0.13093818724155426 -0.9404720664024353
1738249341.047591 7.469295978546143 11.754830360412598 -33.22418975830078 0.01712392456829548 -0.31330299377441406 -0.13122236728668213 -0.9403875470161438
1738249341.514929 8.035144805908203 11.582572937011719 -32.59693908691406 0.016468264162540436 -0.31017401814460754 -0.13363483548164368 -0.9410964846611023
1738249341.847924 8.439531326293945 11.468944549560547 -32.14552307128906 0.01748429797589779 -0.30876848101615906 -0.13648702204227448 -0.9411311149597168
1738249342.249215 8.914066314697266 11.319250106811523 -31.610637664794922 0.01387554407119751 -0.30962032079696655 -0.13444142043590546 -0.9412057995796204
1738249342.582105 9.297027587890625 11.19917106628418 -31.170806884765625 0.010618629865348339 -0.30668580532073975 -0.1339104026556015 -0.9422839879989624
1738249342.98188 9.748490333557129 11.068485260009766 -30.662208557128906 0.016991084441542625 -0.302772581577301 -0.13891904056072235 -0.9427309632301331
1738249344.11556 10.303999900817871 10.914450645446777 -30.070955276489258 0.01905382238328457 -0.3462144732475281 -0.14966855943202972 -0.9259437322616577
1738249345.516256 11.054468154907227 10.779960632324219 -29.530418395996094 0.019925415515899658 -0.39400655031204224 -0.15816234052181244 -0.905177652835846
1738249346.583351 11.639418601989746 10.6658935546875 -29.02873992919922 0.020938405767083168 -0.38127782940864563 -0.1523028463125229 -0.9115880131721497
1738249347.718533 12.142297744750977 10.502599716186523 -28.428117752075195 0.016997411847114563 -0.318462997674942 -0.13263729214668274 -0.9384560585021973
1738249348.650666 12.581259727478027 10.364396095275879 -27.918737411499023 0.01702563278377056 -0.3104221522808075 -0.13008567690849304 -0.941502034664154
1738249349.717963 12.982991218566895 10.18547248840332 -27.280004501342773 0.01743485778570175 -0.24251316487789154 -0.1073368713259697 -0.964034378528595
1738249365.524159 13.197643280029297 10.039798736572266 -26.7596378326416 0.014542713761329651 -0.17398300766944885 -0.08712704479694366 -0.9807789921760559
1738249366.657923 13.3045654296875 9.85066032409668 -26.136829376220703 0.013947825878858566 -0.1077265664935112 -0.06638570129871368 -0.9918636083602905
1738249367.258208 13.488407135009766 9.649616241455078 -25.440845489501953 0.01270992960780859 -0.10350959748029709 -0.06372426450252533 -0.9925036430358887
1738249367.591818 13.630435943603516 9.479717254638672 -24.859872817993164 0.014785329811275005 -0.0997617244720459 -0.061773914843797684 -0.9929819107055664
1738249367.991828 13.806150436401367 9.273296356201172 -24.159502029418945 0.016788300126791 -0.09627962857484818 -0.060012802481651306 -0.9934017062187195
1738249368.392125 13.973377227783203 9.063615798950195 -23.446596145629883 0.015236715786159039 -0.09403898566961288 -0.057497572153806686 -0.9937900304794312
1738249368.85911 14.166316986083984 8.812803268432617 -22.612468719482422 0.014531606808304787 -0.09000203758478165 -0.05603616684675217 -0.9942577481269836
1738249369.258998 14.327129364013672 8.609196662902832 -21.903295516967773 0.015328475274145603 -0.08588296920061111 -0.05436120554804802 -0.9947030544281006
1738249369.659149 14.480765342712402 8.401662826538086 -21.196571350097656 0.013995576649904251 -0.08324749767780304 -0.052648723125457764 -0.9950387477874756
1738249369.992621 14.60200023651123 8.224610328674316 -20.606830596923828 0.012692639604210854 -0.07996087521314621 -0.052380502223968506 -0.9953399300575256
1738249370.392786 14.757152557373047 8.013349533081055 -19.906166076660156 0.014557996764779091 -0.08405245840549469 -0.05565330758690834 -0.9947994947433472
1738249370.794141 14.911632537841797 7.809637546539307 -19.218406677246094 0.015699908137321472 -0.08748723566532135 -0.0574427954852581 -0.994384229183197
1738249371.126562 15.04508113861084 7.634902477264404 -18.643112182617188 0.013945099897682667 -0.08835239708423615 -0.05675236135721207 -0.9943735003471375
1738249371.526874 15.20131778717041 7.426424980163574 -17.94877815246582 0.012267980724573135 -0.08669152110815048 -0.055521879345178604 -0.9946112036705017
1738249371.860186 15.3302640914917 7.254042625427246 -17.36191749572754 0.01243737805634737 -0.08507054299116135 -0.05472009629011154 -0.9947934746742249
1738249372.260202 15.484621047973633 7.044955253601074 -16.668764114379883 0.011913105845451355 -0.08400491625070572 -0.05345948785543442 -0.9949589967727661
1738249372.593686 15.606660842895508 6.872315406799316 -16.083702087402344 0.01382271945476532 -0.08374226093292236 -0.0527305081486702 -0.9949953556060791
1738249372.993861 15.75028133392334 6.675417423248291 -15.412896156311035 0.016967542469501495 -0.08075986802577972 -0.05150560662150383 -0.9952573180198669
1738249373.861062 15.888118743896484 6.466090202331543 -14.722816467285156 0.015346338972449303 -0.07950596511363983 -0.050230447202920914 -0.9954497814178467
1738249374.861431 16.030567169189453 6.255828380584717 -14.010379791259766 0.014232435263693333 -0.07758613675832748 -0.048683349043130875 -0.995694637298584
1738249375.995199 16.1954345703125 6.005683422088623 -13.159869194030762 0.01400790549814701 -0.07368957251310349 -0.049930695444345474 -0.9959319829940796
1738249376.995457 16.337631225585938 5.7929301261901855 -12.46731185913086 0.010056390427052975 -0.07137034088373184 -0.05026432126760483 -0.9961318969726562
1738249377.996082 16.466615676879883 5.585964202880859 -11.784218788146973 0.009922443889081478 -0.07038804888725281 -0.04758632928133011 -0.9963346123695374
1738249379.063102 16.64316749572754 5.363558292388916 -11.0466890335083 0.00806354358792305 -0.0820334404706955 -0.04818160831928253 -0.995431661605835
1738249380.063548 16.796205520629883 5.155820369720459 -10.37056827545166 0.010216235183179379 -0.08520913869142532 -0.04892250522971153 -0.9951088428497314
1738249381.197178 16.976850509643555 4.927224636077881 -9.610374450683594 0.007584047503769398 -0.08596782386302948 -0.048359014093875885 -0.9950947165489197
1738249382.264228 17.173540115356445 4.660343170166016 -8.756349563598633 0.006037656217813492 -0.08794108033180237 -0.0468064583837986 -0.9950071573257446
1738249382.667864 17.324214935302734 4.452000617980957 -8.091880798339844 0.005635169334709644 -0.08947218209505081 -0.044696319848299026 -0.9949699640274048
1738249383.064567 17.48321533203125 4.237596035003662 -7.394819259643555 0.007871466688811779 -0.08936519920825958 -0.04410015419125557 -0.9949910640716553
1738249383.464741 17.64702033996582 4.021007537841797 -6.700674057006836 0.007443548645824194 -0.08988519757986069 -0.04531203955411911 -0.9948930144309998
1738249383.865035 17.81307029724121 3.7970566749572754 -6.00221586227417 0.005409181118011475 -0.09074437618255615 -0.04624663665890694 -0.9947851896286011
1738249384.198506 17.949045181274414 3.6104869842529297 -5.42960262298584 0.00329553778283298 -0.09010695666074753 -0.047329436987638474 -0.99480140209198
1738249384.598671 18.117076873779297 3.3965816497802734 -4.7327656745910645 0.00743144191801548 -0.08817991614341736 -0.049587659537792206 -0.9948418140411377
1738249384.932003 18.252853393554688 3.2204203605651855 -4.152934551239014 0.011547562666237354 -0.08811569958925247 -0.050624147057533264 -0.9947560429573059
1738249385.332388 18.404783248901367 3.0039310455322266 -3.4646012783050537 0.008345545269548893 -0.08786517381668091 -0.04879816994071007 -0.9949014186859131
1738249385.732333 18.528614044189453 2.795180559158325 -2.78126859664917 0.0110893864184618 -0.06757038086652756 -0.04275777190923691 -0.9967362284660339
1738249386.266047 18.519969940185547 2.5461502075195312 -2.0157690048217773 0.005346992518752813 0.019383864477276802 -0.014050775207579136 -0.9996991157531738
1738249386.799624 18.521686553955078 2.2706239223480225 -1.1596766710281372 0.004715806804597378 0.006043629255145788 -0.01881568506360054 -0.9997935891151428
1738249387.39981 18.705026626586914 1.9981364011764526 -0.3019258975982666 0.010362351313233376 -0.1111399307847023 -0.05779223144054413 -0.992068886756897
1738249387.799832 18.898508071899414 1.8277782201766968 0.23876093327999115 0.005654814653098583 -0.1401657611131668 -0.06709184497594833 -0.9878361821174622
1738249388.19999 19.05329132080078 1.6440279483795166 0.8425171971321106 0.009259792044758797 -0.09917338937520981 -0.05414634570479393 -0.9935527443885803
1738249388.733545 19.074066162109375 1.414021372795105 1.5632424354553223 0.004691555164754391 -0.004290219862014055 -0.022503890097141266 -0.9997265934944153
1738249389.267262 19.074289321899414 1.1404216289520264 2.363941192626953 -0.002651263726875186 0.007675823289901018 -0.014930546283721924 -0.9998555779457092
1738249389.66738 19.063291549682617 0.9208812713623047 3.0139899253845215 0.0004336755082476884 0.009024463593959808 -0.008544806391000748 -0.9999226927757263
1738249390.067368 19.06191635131836 0.7105831503868103 3.679602861404419 0.005464164540171623 0.008709833957254887 -0.009330437518656254 -0.9999036192893982
1738249390.600963 19.12284278869629 0.4537929594516754 4.540217876434326 0.016566209495067596 -0.014173822477459908 -0.026768594980239868 -0.9994039535522461
1738249391.067826 19.196990966796875 0.2374712973833084 5.242771625518799 0.011512148194015026 -0.025658614933490753 -0.034902434796094894 -0.9989950060844421
1738249391.53467 19.274253845214844 -0.007557721808552742 5.983210563659668 0.004702087491750717 -0.024077730253338814 -0.03602112457156181 -0.9990499019622803
1738249391.934973 19.33893394470215 -0.23602131009101868 6.666882514953613 0.003688069526106119 -0.023454051464796066 -0.035962045192718506 -0.9990711212158203
1738249392.401849 19.41998291015625 -0.4932456314563751 7.462575912475586 0.005684498231858015 -0.02372514083981514 -0.03564002364873886 -0.9990668892860413
1738249392.802053 19.483928680419922 -0.7176363468170166 8.133087158203125 -0.00019146599515806884 -0.021630091592669487 -0.0384916253387928 -0.9990248084068298
1738249393.535472 19.55274772644043 -0.9766632318496704 8.89504623413086 -0.0017735015135258436 -0.01641641929745674 -0.04034467414021492 -0.9990494251251221
1738249394.936222 19.633216857910156 -1.2601313591003418 9.706192970275879 -0.0064207641407847404 -0.011105800047516823 -0.04555434361100197 -0.9988794922828674
1738249396.403316 19.67397117614746 -1.5200010538101196 10.469286918640137 -0.005611622240394354 0.005839935503900051 -0.03994258493185043 -0.999169111251831
1738249398.003933 19.621009826660156 -1.7831450700759888 11.229242324829102 -0.007860940881073475 0.040616169571876526 -0.0225460696965456 -0.9988895058631897
1738249399.738104 19.5081844329834 -2.055633306503296 12.01600456237793 -0.005481003783643246 0.07520496100187302 -0.006692289840430021 -0.9971306324005127
1738249403.006064 19.4097843170166 -2.3303980827331543 12.833138465881348 -0.002163773635402322 0.06394518911838531 -0.009457530453801155 -0.9979062080383301
1738249404.940316 19.512725830078125 -2.6018238067626953 13.64398193359375 -0.0012757901567965746 -0.018860364332795143 -0.03706646338105202 -0.9991340041160583
1738249406.341026 19.588111877441406 -2.8497238159179688 14.367467880249023 -0.006625525187700987 -0.029901253059506416 -0.036362867802381516 -0.9988692998886108
1738249407.741353 19.608482360839844 -3.116364002227783 15.113751411437988 -0.01107158325612545 -0.016039475798606873 -0.024288218468427658 -0.9995149970054626
1738249408.875164 19.660722732543945 -3.34505033493042 15.826164245605469 0.0005738864419981837 -0.017403356730937958 -0.027009902521967888 -0.9994835257530212
1738249409.275389 19.67809295654297 -3.423079013824463 16.052188873291016 -0.0018014225643128157 -0.015337255783379078 -0.027607157826423645 -0.9994996190071106
1738249410.075627 19.692277908325195 -3.483203411102295 16.21978759765625 -0.005717698950320482 -0.015702856704592705 -0.029320908710360527 -0.9994304180145264
