1736528533.771018 -0.0 -0.0 -0.0 -0.0 -0.0 -0.0 1.0
1736528551.770487 0.002305948408320546 -0.08049651980400085 0.24070605635643005 2.602721679068054e-06 0.0005972468061372638 -0.0009238983620889485 0.9999994039535522
1736528553.570442 0.020835740491747856 -0.3482195734977722 1.0413384437561035 0.0014020450180396438 -0.0006777950911782682 -0.0001827484811656177 0.9999988079071045
1736528554.837081 0.04207729548215866 -0.657160222530365 1.9028347730636597 0.01140577532351017 -0.0007522896048612893 -0.0022536995820701122 0.9999321699142456
1736528556.103746 0.04615573585033417 -0.967838704586029 2.7514243125915527 0.014721987769007683 -0.0011703886557370424 -0.00648323493078351 0.9998700022697449
1736528557.2373 0.045323681086301804 -1.2347275018692017 3.4722626209259033 0.014731009490787983 -0.001592889311723411 -0.008501955308020115 0.9998540878295898
1736528558.573403 0.04421878978610039 -1.5338212251663208 4.290899276733398 0.01699761673808098 -0.004421595484018326 -0.008568131364881992 0.9998090267181396
1736528559.970315 0.040304288268089294 -1.8486758470535278 5.148366451263428 0.018241535872220993 -0.004926842171698809 -0.008423502556979656 0.9997860193252563
1736528561.370233 0.0323612317442894 -2.1497347354888916 5.97144889831543 0.01940383017063141 -0.007329581771045923 -0.010402647778391838 0.9997307658195496
1736528562.770415 0.02319345436990261 -2.45963454246521 6.777822017669678 0.02187015675008297 -0.008526688441634178 -0.013487673364579678 0.9996335506439209
1736528563.903492 0.012638852000236511 -2.7439467906951904 7.500140190124512 0.024324582889676094 -0.010949439369142056 -0.013543408364057541 0.9995524287223816
1736528565.169952 -0.0009914978872984648 -3.066412925720215 8.355278968811035 0.02284165844321251 -0.011810659430921078 -0.015193919651210308 0.999553918838501
1736528566.837051 -0.11112980544567108 -3.334812641143799 9.085226058959961 0.01822584681212902 -0.07642461359500885 -0.03822804614901543 0.9961755871772766
1736528568.370028 -0.28093352913856506 -3.668562650680542 9.922898292541504 0.025336861610412598 -0.09598058462142944 -0.0426635704934597 0.9941456317901611
1736528569.57 -0.4608133137226105 -3.9862046241760254 10.752235412597656 0.017915843054652214 -0.107645682990551 -0.045161064714193344 0.9930014610290527
1736528570.503319 -0.6122060418128967 -4.229244232177734 11.376379013061523 0.02100922167301178 -0.11644289642572403 -0.043362680822610855 0.9920278787612915
1736528571.703366 -0.8224843144416809 -4.527451992034912 12.17245101928711 0.02022814378142357 -0.134316548705101 -0.046459000557661057 0.9896421432495117
1736528572.636622 -1.0222303867340088 -4.754232883453369 12.77075481414795 0.0246531181037426 -0.14890924096107483 -0.04927331954240799 0.987314760684967
1736528573.703222 -1.2716710567474365 -5.0182785987854 13.452178955078125 0.024733837693929672 -0.16806919872760773 -0.054339874535799026 0.9839655160903931
1736528574.903184 -1.5978927612304688 -5.325108528137207 14.181427001953125 0.02903548814356327 -0.19445578753948212 -0.06406725943088531 0.9783861041069031
1736528575.903179 -1.9070892333984375 -5.580639362335205 14.758150100708008 0.03681731969118118 -0.21735148131847382 -0.07459454238414764 0.9725423455238342
1736528576.903153 -2.2699804306030273 -5.77447509765625 15.10875415802002 0.06646919250488281 -0.2924850583076477 -0.11455964297056198 0.9470535516738892
1736528578.036429 -2.7717409133911133 -5.8572096824646 15.278342247009277 0.05972594767808914 -0.39285022020339966 -0.17282170057296753 0.9012404084205627
1736528579.169884 -3.486757516860962 -5.997872829437256 15.63911247253418 0.04793085157871246 -0.4642980098724365 -0.20861347019672394 0.8594244718551636
1736528579.969732 -4.021252632141113 -6.069303035736084 15.775035858154297 0.05333230271935463 -0.5326329469680786 -0.227731391787529 0.8133856654167175
1736528580.703046 -4.531963348388672 -6.094734191894531 15.814167022705078 0.05420657992362976 -0.5948538780212402 -0.24874147772789001 0.7624553442001343
1736528581.703078 -5.243090629577637 -6.05287504196167 15.743827819824219 0.04988105222582817 -0.6714697480201721 -0.281356543302536 0.6837242841720581
1736528582.836281 -6.054289817810059 -5.959704399108887 15.580682754516602 0.01954939402639866 -0.7342759370803833 -0.2912033200263977 0.6129088997840881
1736528583.969579 -6.828483581542969 -5.896644115447998 15.376604080200195 0.02052905596792698 -0.757361888885498 -0.2747129201889038 0.5920425057411194
1736528585.169438 -7.653924942016602 -5.799856185913086 15.119335174560547 0.01892988197505474 -0.7695865631103516 -0.2775970995426178 0.5747330188751221
1736528586.236202 -8.391435623168945 -5.712467670440674 14.88487434387207 0.018276283517479897 -0.7706977725028992 -0.2797389030456543 0.5722212791442871
1736528587.302829 -9.116244316101074 -5.640595436096191 14.657180786132812 0.023308103904128075 -0.7691295146942139 -0.2755398452281952 0.5761721730232239
1736528588.2361 -9.836762428283691 -5.556954860687256 14.417253494262695 0.024659717455506325 -0.770711362361908 -0.27786946296691895 0.5728738903999329
1736528589.169921 -10.623473167419434 -5.479031085968018 14.16186809539795 0.03051048517227173 -0.7765440940856934 -0.2731263041496277 0.5669659972190857
1736528589.836119 -11.169246673583984 -5.437858581542969 13.975135803222656 0.0340445376932621 -0.7814420461654663 -0.26569172739982605 0.5635577440261841
1736528590.902716 -11.908876419067383 -5.366970062255859 13.667682647705078 0.03446368873119354 -0.7997996211051941 -0.2705934941768646 0.5347074866294861
1736528592.102723 -12.442399978637695 -5.239962100982666 13.23188304901123 0.03361682593822479 -0.8524813055992126 -0.28481703996658325 0.43706393241882324
1736528593.836016 -13.373802185058594 -5.025683403015137 12.51184368133545 0.03193055838346481 -0.8607386350631714 -0.29202359914779663 0.41573041677474976
1736528595.835941 -14.235902786254883 -4.752152919769287 11.607454299926758 0.03582848981022835 -0.8920810222625732 -0.2942811846733093 0.3410373032093048
1736528597.502744 -14.90914535522461 -4.528297424316406 10.76842975616455 0.038745053112506866 -0.9020057916641235 -0.29077425599098206 0.31675657629966736
1736528599.302657 -15.610502243041992 -4.254674434661865 9.831987380981445 0.03833457827568054 -0.9076156616210938 -0.29436370730400085 0.29684072732925415
1736528600.902521 -16.199628829956055 -4.0044264793396 8.962186813354492 0.03741053119301796 -0.9121152758598328 -0.29363706707954407 0.2835904657840729
1736528602.302392 -16.706737518310547 -3.790242910385132 8.21942138671875 0.03657836467027664 -0.914055347442627 -0.296379953622818 0.27445197105407715
1736528603.835737 -17.260339736938477 -3.551420211791992 7.392611503601074 0.03795778378844261 -0.9083057045936584 -0.297031968832016 0.2920822203159332
1736528605.435685 -18.00033950805664 -3.3593389987945557 6.664287567138672 0.03552597016096115 -0.8764406442642212 -0.2805567979812622 0.3897148668766022
1736528607.035628 -18.85687255859375 -3.23344087600708 6.098304748535156 0.038030531257390976 -0.8448233008384705 -0.26853203773498535 0.46121352910995483
1736528608.368983 -19.63079071044922 -3.1271142959594727 5.624420166015625 0.035468317568302155 -0.8378446102142334 -0.26477891206741333 0.4760783910751343
1736528609.435525 -20.212135314941406 -3.049440383911133 5.252634048461914 0.03546657785773277 -0.8429688811302185 -0.26669934391975403 0.4658510088920593
1736528611.368785 -20.964710235595703 -2.862910747528076 4.516511917114258 0.03870459645986557 -0.8808053135871887 -0.28580808639526367 0.3754967153072357
1736528613.301926 -21.817293167114258 -2.6305413246154785 3.6086654663085938 0.04975080117583275 -0.8874668478965759 -0.28537052869796753 0.35845670104026794
1736528615.302244 -22.76727294921875 -2.3241186141967773 2.5141124725341797 0.06493408977985382 -0.8904529809951782 -0.3014482259750366 0.334673136472702
1736528617.302014 -23.715059280395508 -2.006441116333008 1.3941478729248047 0.0650814026594162 -0.8975673913955688 -0.3055333197116852 0.3111055791378021
1736528618.635306 -24.373815536499023 -1.7258243560791016 0.41518402099609375 0.05891040340065956 -0.910914957523346 -0.3057374954223633 0.27071794867515564
1736528619.301775 -24.660846710205078 -1.5759611129760742 -0.08572769165039062 0.05490885302424431 -0.9157488346099854 -0.3067593276500702 0.25355055928230286
1736528620.235243 -25.066978454589844 -1.3555116653442383 -0.7925949096679688 0.04290013015270233 -0.9183228611946106 -0.30890747904777527 0.24375998973846436
1736528621.101924 -25.43811798095703 -1.1549572944641113 -1.4561100006103516 0.038458291441202164 -0.9207821488380432 -0.3068057596683502 0.23780561983585358
1736528621.901713 -25.766828536987305 -0.9565229415893555 -2.079557418823242 0.03440720960497856 -0.9213197827339172 -0.3094562590122223 0.2328580617904663
1736528622.835198 -26.130083084106445 -0.7324004173278809 -2.792530059814453 0.032364364713430405 -0.9225842356681824 -0.30947229266166687 0.228074312210083
1736528623.835148 -26.503639221191406 -0.49784278869628906 -3.5403499603271484 0.03246480971574783 -0.9240760207176208 -0.3082413673400879 0.22364437580108643
1736528624.568491 -26.771642684936523 -0.3293905258178711 -4.090803146362305 0.03333129733800888 -0.9251524209976196 -0.30694302916526794 0.22083505988121033
1736528625.568423 -27.151771545410156 -0.09297370910644531 -4.836483001708984 0.03246992453932762 -0.9241125583648682 -0.3060480058193207 0.22648723423480988
1736528626.501713 -27.585880279541016 0.0947418212890625 -5.49140739440918 0.03352057561278343 -0.9096397757530212 -0.29874372482299805 0.2866779565811157
1736528627.768796 -28.219038009643555 0.3461322784423828 -6.319480895996094 0.031959183514118195 -0.8983957767486572 -0.29406440258026123 0.32463812828063965
1736528628.836466 -28.871658325195312 0.4981727600097656 -6.909793853759766 0.03125562146306038 -0.8730420470237732 -0.28011196851730347 0.3979422450065613
1736528630.634791 -29.97931480407715 0.7402133941650391 -7.8415985107421875 0.0295229721814394 -0.865180492401123 -0.27901333570480347 0.41562336683273315
1736528633.635062 -31.658811569213867 1.0493640899658203 -9.113014221191406 0.029112128540873528 -0.8580823540687561 -0.27642378211021423 0.4317835867404938
1736528636.034624 -32.7547721862793 1.273270606994629 -10.013259887695312 0.03143952414393425 -0.8700391054153442 -0.2820342481136322 0.4031131863594055
1736528638.96791 -33.76581573486328 1.5598087310791016 -10.989479064941406 0.032349929213523865 -0.8849020004272461 -0.2913515269756317 0.3619617223739624
1736528641.834469 -34.49844741821289 1.886582374572754 -12.070693969726562 0.03206704556941986 -0.9004519581794739 -0.29645106196403503 0.3166620135307312
1736528643.034636 -34.99909973144531 2.0706310272216797 -12.715641021728516 0.030687382444739342 -0.9039091467857361 -0.2954826354980469 0.3077280819416046
1736528644.367955 -35.56608581542969 2.2706756591796875 -13.397571563720703 0.03039613366127014 -0.8959920406341553 -0.2929600477218628 0.33233848214149475
1736528645.901336 -36.26158142089844 2.4595260620117188 -14.081535339355469 0.030110355466604233 -0.8753844499588013 -0.28360986709594727 0.39033424854278564
1736528648.167768 -37.288917541503906 2.6664915084838867 -14.875537872314453 0.0323098860681057 -0.8597736954689026 -0.27800261974334717 0.42715322971343994
1736528651.301058 -38.275184631347656 2.868246078491211 -15.62109375 0.031003979966044426 -0.8536789417266846 -0.27635252475738525 0.440341055393219
1736528654.900971 -39.72895050048828 3.123594284057617 -16.620471954345703 0.02944359928369522 -0.8489552140235901 -0.27557283639907837 0.44996416568756104
1736528656.967556 -40.60624313354492 3.2639408111572266 -17.1983642578125 0.02863270416855812 -0.8476102352142334 -0.2750760614871979 0.45284682512283325
1736528659.034203 -41.47418975830078 3.3921585083007812 -17.760738372802734 0.02597852610051632 -0.8477820754051208 -0.27348968386650085 0.4536453187465668
1736528662.701947 -42.828636169433594 3.603921890258789 -18.64794158935547 0.02243555709719658 -0.8467085361480713 -0.2696334719657898 0.4581257700920105
1736528666.767276 -44.342350006103516 3.8237171173095703 -19.558948516845703 0.01750027760863304 -0.8452948927879333 -0.26585930585861206 0.46312975883483887
1736528669.233872 -45.635433197021484 4.026763916015625 -20.382217407226562 0.01615312695503235 -0.8438078165054321 -0.2640196681022644 0.4669272005558014
1736528671.367236 -46.795654296875 4.192058563232422 -21.10239028930664 0.013755591586232185 -0.8477808833122253 -0.26607629656791687 0.4585648477077484
1736528673.03382 -47.71498107910156 4.352334976196289 -21.764312744140625 0.013953594490885735 -0.8592378497123718 -0.27289247512817383 0.4324873685836792
1736528674.433773 -48.47745132446289 4.50670051574707 -22.33791732788086 0.013651899062097073 -0.8625153303146362 -0.27357548475265503 0.4254847466945648
1736528676.035271 -49.23478698730469 4.675226211547852 -22.91822052001953 0.005340015050023794 -0.8627446889877319 -0.28255417943000793 0.4192926585674286
1736528677.43915 -49.88550567626953 4.826154708862305 -23.44558334350586 0.008064830675721169 -0.865510880947113 -0.27959761023521423 0.41551312804222107
1736528679.168278 -50.71965026855469 5.017829895019531 -24.117443084716797 0.005776939447969198 -0.8691629767417908 -0.2766225039958954 0.409881055355072
1736528680.566883 -51.38451385498047 5.163139343261719 -24.667865753173828 0.00805713515728712 -0.873040497303009 -0.27171197533607483 0.40485548973083496
1736528682.234609 -52.139739990234375 5.340023040771484 -25.32586669921875 0.01058687549084425 -0.8750532269477844 -0.2712993323802948 0.400707483291626
1736528685.966703 -52.914588928222656 5.5089569091796875 -26.02587127685547 0.014279384166002274 -0.877076268196106 -0.2719123661518097 0.3957233428955078
1736528690.433288 -53.89973831176758 5.750785827636719 -26.9127197265625 0.01658409647643566 -0.8769875764846802 -0.2753845453262329 0.3934224247932434
1736528694.166482 -54.704830169677734 5.9404449462890625 -27.643272399902344 0.01980244740843773 -0.8766487836837769 -0.2777385413646698 0.39237233996391296
1736528748.098154 -55.38861083984375 6.095331192016602 -28.24156951904297 0.01936492882668972 -0.875736653804779 -0.28002363443374634 0.3928067684173584
1736528749.765087 -56.09992218017578 6.291135787963867 -28.91930389404297 0.017668167129158974 -0.8819704055786133 -0.28920212388038635 0.37172338366508484
1736528751.764887 -56.89597702026367 6.566017150878906 -29.83580780029297 0.020573068410158157 -0.8974528312683105 -0.29497653245925903 0.32732871174812317
1736528753.831326 -57.72005844116211 6.9043121337890625 -30.890281677246094 0.014927377924323082 -0.9110425114631653 -0.3068649172782898 0.27497756481170654
1736528755.431615 -58.21005630493164 7.182868957519531 -31.77320098876953 0.020363278687000275 -0.923045814037323 -0.3041313886642456 0.23468253016471863
1736528756.364612 -58.5145378112793 7.358058929443359 -32.331092834472656 0.020312350243330002 -0.9247357845306396 -0.3061443567276001 0.22522611916065216
1736528757.364735 -58.82839584350586 7.548694610595703 -32.930030822753906 0.01723545230925083 -0.9264793395996094 -0.307551771402359 0.21621951460838318
1736528758.698061 -59.22267150878906 7.816621780395508 -33.74308776855469 0.016607342287898064 -0.9285125732421875 -0.3095146715641022 0.20442430675029755
1736528759.697838 -59.50343322753906 8.023466110229492 -34.390296936035156 0.013483802787959576 -0.9313369393348694 -0.31220242381095886 0.18697425723075867
1736528760.831309 -59.82061004638672 8.280746459960938 -35.112762451171875 0.00902791228145361 -0.9321836829185486 -0.3153342604637146 0.17752861976623535
1736528761.964667 -60.118927001953125 8.532665252685547 -35.84405517578125 0.005407723598182201 -0.9327731132507324 -0.316925048828125 0.1716495305299759
1736528763.031265 -60.397377014160156 8.765361785888672 -36.54035949707031 0.00428733741864562 -0.9343080520629883 -0.31605228781700134 0.16480626165866852
1736528764.031236 -60.641056060791016 8.995294570922852 -37.20599365234375 0.0012098196893930435 -0.9357143640518188 -0.3182414174079895 0.1521829217672348
1736528765.297711 -60.87950134277344 9.29621696472168 -38.03237533569336 -0.004163517616689205 -0.9381409287452698 -0.3271944224834442 0.1132168397307396
1736528766.497837 -60.99546432495117 9.591632843017578 -38.83932113647461 -0.001769402762874961 -0.9438947439193726 -0.3253187835216522 0.05680975317955017
1736528767.697928 -60.899620056152344 9.828543663024902 -39.559181213378906 0.003136483719572425 -0.948811411857605 -0.3121030032634735 -0.04836118593811989
1736528768.831071 -60.75617218017578 10.08807373046875 -40.29911804199219 0.005615033209323883 -0.9456080198287964 -0.3123106062412262 -0.09086330235004425
1736528770.097751 -60.49317932128906 10.358539581298828 -41.094966888427734 0.008867902681231499 -0.9362404942512512 -0.31317389011383057 -0.15905097126960754
1736528771.164186 -60.19554138183594 10.581787109375 -41.7333869934082 0.0049010710790753365 -0.924824595451355 -0.3118700087070465 -0.21774426102638245
1736528772.164325 -59.87591552734375 10.799219131469727 -42.338043212890625 0.0010766860796138644 -0.9160609245300293 -0.3149482011795044 -0.24827194213867188
1736528773.297644 -59.48773193359375 11.018719673156738 -42.9702262878418 -0.003007882973179221 -0.9105768799781799 -0.3154033124446869 -0.2671356797218323
1736528775.497567 -59.07929992675781 11.24897575378418 -43.59453582763672 -0.00487710302695632 -0.9054725170135498 -0.3134758472442627 -0.2860572934150696
1736528777.8976 -58.589561462402344 11.531051635742188 -44.28923797607422 -0.004608324728906155 -0.897894561290741 -0.32079094648361206 -0.301425576210022
1736528780.230771 -58.06263732910156 11.799322128295898 -44.97564697265625 -0.008233852684497833 -0.8915988802909851 -0.3237440884113312 -0.3165018856525421
1736528781.964164 -57.61394500732422 12.022367477416992 -45.54358673095703 -0.00940772332251072 -0.8890193700790405 -0.32053038477897644 -0.326827734708786
1736528783.164133 -57.173240661621094 12.232962608337402 -46.086997985839844 -0.008702828548848629 -0.886443555355072 -0.32027992606163025 -0.3340102732181549
1736528784.564001 -56.684051513671875 12.469943046569824 -46.672550201416016 -0.010761710815131664 -0.8822261095046997 -0.32361719012260437 -0.3418087661266327
1736528786.097297 -56.129554748535156 12.718645095825195 -47.3043327331543 -0.017294742166996002 -0.8808707594871521 -0.3227086663246155 -0.3458711504936218
1736528787.630602 -55.625999450683594 12.948874473571777 -47.88770294189453 -0.017782505601644516 -0.8810476660728455 -0.3206945061683655 -0.34726622700691223
1736528789.163898 -55.08857727050781 13.18172550201416 -48.507755279541016 -0.017181862145662308 -0.8805498480796814 -0.3175950050354004 -0.3513832986354828
1736528790.301108 -54.64568328857422 13.376445770263672 -49.01209259033203 -0.015622016973793507 -0.8799294829368591 -0.31773218512535095 -0.352882981300354
1736528791.363621 -54.15419006347656 13.574419975280762 -49.54541015625 -0.01653873920440674 -0.8776623010635376 -0.3158418834209442 -0.3601101040840149
1736528792.497631 -53.561676025390625 13.763954162597656 -50.03335189819336 -0.017172295600175858 -0.8478953242301941 -0.30902472138404846 -0.43044430017471313
1736528793.565103 -52.980003356933594 13.895500183105469 -50.372772216796875 -0.01729234680533409 -0.8221595883369446 -0.3000936210155487 -0.4834236800670624
1736528794.56368 -52.374366760253906 13.985276222229004 -50.61293411254883 -0.018453607335686684 -0.7914167046546936 -0.28731808066368103 -0.539228618144989
1736528795.697002 -51.62330627441406 14.058002471923828 -50.83298873901367 -0.020358925685286522 -0.7571300268173218 -0.27125898003578186 -0.5939344763755798
1736528796.830124 -50.87439727783203 14.08935260772705 -50.91425323486328 -0.014818006195127964 -0.7094513773918152 -0.2577691078186035 -0.655754804611206
1736528797.963603 -50.096885681152344 14.144124031066895 -51.00007629394531 -0.010281425900757313 -0.7091143727302551 -0.2604737877845764 -0.6551371216773987
1736528798.896919 -49.502262115478516 14.237059593200684 -51.23306655883789 -0.006126238964498043 -0.7635895609855652 -0.2735758125782013 -0.5848501324653625
1736528799.763503 -48.760406494140625 14.357714653015137 -51.48824691772461 0.0006381283164955676 -0.7787955403327942 -0.2799723744392395 -0.5613311529159546
1736528800.696852 -48.02915954589844 14.528403282165527 -51.87921905517578 0.006451371591538191 -0.8150941729545593 -0.2937486171722412 -0.49929121136665344
1736528801.430701 -47.4818000793457 14.669610023498535 -52.223812103271484 0.008067997172474861 -0.8317130208015442 -0.29521071910858154 -0.47014790773391724
1736528802.363501 -46.8375244140625 14.869990348815918 -52.71727752685547 0.007420670241117477 -0.8494514226913452 -0.29822129011154175 -0.43524855375289917
1736528803.096647 -46.2730712890625 15.064746856689453 -53.19111251831055 0.007475062273442745 -0.855043888092041 -0.30325162410736084 -0.4205741584300995
1736528803.630099 -45.80028533935547 15.230073928833008 -53.59454345703125 0.008641324937343597 -0.8580887317657471 -0.3044053316116333 -0.41345664858818054
1736528804.296789 -45.25074005126953 15.423760414123535 -54.078712463378906 0.008508183993399143 -0.8623090982437134 -0.3033652603626251 -0.40536436438560486
1736528804.963451 -44.717124938964844 15.628538131713867 -54.579437255859375 0.008644377812743187 -0.8646519184112549 -0.30818700790405273 -0.396639883518219
1736528805.630059 -44.192039489746094 15.836441993713379 -55.084232330322266 0.00928904116153717 -0.8650650978088379 -0.31324291229248047 -0.391733318567276
1736528806.363529 -43.584144592285156 16.068702697753906 -55.654109954833984 0.00807909294962883 -0.8646230101585388 -0.3109256327152252 -0.3945719301700592
1736528806.896731 -43.08610534667969 16.240337371826172 -56.05537414550781 0.005117191467434168 -0.85416179895401 -0.30988839268684387 -0.4175533056259155
1736528807.430154 -42.540931701660156 16.421693801879883 -56.50670623779297 0.005623579025268555 -0.8559296131134033 -0.30966463685035706 -0.41407808661460876
1736528808.030054 -41.9840087890625 16.625564575195312 -56.9976806640625 0.003136724466457963 -0.8571625351905823 -0.31172865629196167 -0.4099850654602051
1736528808.563319 -41.44197082519531 16.819316864013672 -57.463287353515625 0.0019427171209827065 -0.8573102355003357 -0.31238701939582825 -0.4091818332672119
1736528809.296635 -40.80999755859375 17.05387306213379 -58.03606414794922 -0.00016165604756679386 -0.8588846921920776 -0.3122044503688812 -0.4060117304325104
1736528809.697118 -40.412681579589844 17.2064208984375 -58.38597106933594 0.0003946379874832928 -0.8582153916358948 -0.31467464566230774 -0.4055195152759552
1736528810.429926 -39.72014617919922 17.48162269592285 -59.01319885253906 0.0016396322753280401 -0.8573152422904968 -0.3196704089641571 -0.4035080373287201
1736528810.82989 -39.28129577636719 17.65334701538086 -59.41408920288086 -0.0002800073998514563 -0.8577399849891663 -0.3188599646091461 -0.40324974060058594
1736528811.22971 -38.81670379638672 17.841670989990234 -59.828025817871094 -0.0012770839966833591 -0.8563041687011719 -0.32387733459472656 -0.4022998511791229
1736528811.629749 -38.361907958984375 18.018699645996094 -60.238529205322266 -0.0034944142680615187 -0.8573671579360962 -0.3226834833621979 -0.4009797275066376
1736528812.096536 -37.83006286621094 18.211685180664062 -60.70069122314453 -0.0025056982412934303 -0.856312096118927 -0.3189906179904938 -0.40616291761398315
1736528812.563434 -37.25689697265625 18.406280517578125 -61.145015716552734 -0.0002319670165888965 -0.8459606170654297 -0.31407156586647034 -0.43094053864479065
1736528812.896592 -36.811927795410156 18.529296875 -61.43825149536133 0.0013043448561802506 -0.8349223732948303 -0.30674952268600464 -0.4569547772407532
1736528813.430159 -36.098876953125 18.704875946044922 -61.87324905395508 0.0018547497456893325 -0.8261276483535767 -0.2997111976146698 -0.4771612584590912
1736528813.831097 -35.54869079589844 18.854114532470703 -62.20048522949219 0.002792088780552149 -0.8210139870643616 -0.3019469380378723 -0.484516441822052
1736528814.163007 -35.07655334472656 18.961790084838867 -62.466278076171875 0.0033155211713165045 -0.8178293704986572 -0.29611966013908386 -0.49341392517089844
1736528814.629663 -34.395782470703125 19.115154266357422 -62.80914306640625 0.008021434769034386 -0.8074986338615417 -0.291908323764801 -0.5125144720077515
1736528815.096499 -33.69532775878906 19.24976348876953 -63.078895568847656 0.011275780387222767 -0.7771685123443604 -0.28630420565605164 -0.5602783560752869
1736528815.49644 -33.092769622802734 19.33012580871582 -63.223182678222656 0.01143017690628767 -0.738938570022583 -0.27637630701065063 -0.6143738627433777
1736528816.09643 -32.27968978881836 19.407638549804688 -63.31858444213867 0.013444295153021812 -0.7058311700820923 -0.2654770612716675 -0.6566153168678284
1736528817.296223 -31.437908172607422 19.450366973876953 -63.33402633666992 0.014446672052145004 -0.6714515686035156 -0.2482818216085434 -0.6980689764022827
1736528818.429763 -30.659271240234375 19.46665382385254 -63.256675720214844 0.015552222728729248 -0.6322270631790161 -0.2330983281135559 -0.7387234568595886
1736528819.629681 -29.863527297973633 19.45771598815918 -63.101646423339844 0.014771061949431896 -0.58613121509552 -0.2190382033586502 -0.7799066305160522
1736528820.829628 -29.089948654174805 19.385835647583008 -62.84524154663086 0.002631690353155136 -0.5452430248260498 -0.20032545924186707 -0.8139857053756714
1736528822.029607 -28.29796028137207 19.297603607177734 -62.58660125732422 -0.00985173974186182 -0.5298013091087341 -0.19238804280757904 -0.825954258441925
1736528823.229418 -27.49298858642578 19.191579818725586 -62.27500915527344 -0.004339331295341253 -0.5158299803733826 -0.19059284031391144 -0.8352095484733582
1736528824.496201 -26.62802505493164 19.096994400024414 -61.91499328613281 0.00127691391389817 -0.5020785331726074 -0.18938028812408447 -0.843830943107605
1736528825.562639 -25.889720916748047 19.01791000366211 -61.55327224731445 0.010642006993293762 -0.47385528683662415 -0.18715734779834747 -0.8604185581207275
1736528826.829468 -25.100215911865234 18.894424438476562 -61.101402282714844 0.006596859078854322 -0.4479824900627136 -0.17951853573322296 -0.8758089542388916
1736528827.829448 -24.455421447753906 18.79669189453125 -60.68444061279297 0.013664147816598415 -0.4288942813873291 -0.17833927273750305 -0.8854705691337585
1736528829.095903 -23.697494506835938 18.66472625732422 -60.1668701171875 0.0035210137721151114 -0.41068777441978455 -0.17225103080272675 -0.8953506350517273
1736528829.829382 -23.338661193847656 18.56844139099121 -59.8243522644043 0.0010740805882960558 -0.3456595242023468 -0.15322411060333252 -0.9257649779319763
1736528830.962694 -23.016698837280273 18.370153427124023 -59.21705627441406 -0.003588067600503564 -0.22079452872276306 -0.10754033178091049 -0.9693667888641357
1736528832.095816 -22.7199649810791 18.139524459838867 -58.48944091796875 0.0020060320384800434 -0.16267845034599304 -0.0900021344423294 -0.9825636744499207
1736528833.295962 -22.347896575927734 17.903278350830078 -57.70798873901367 0.005162176676094532 -0.167274609208107 -0.0959290862083435 -0.9812187552452087
1736528834.36243 -22.07579803466797 17.700931549072266 -57.063655853271484 0.004134231247007847 -0.16212792694568634 -0.09361133724451065 -0.9823107123374939
1736528835.429219 -21.733234405517578 17.50965118408203 -56.423160552978516 0.006828648038208485 -0.19863776862621307 -0.10361666232347488 -0.9745563268661499
1736528836.562575 -21.351179122924805 17.33577537536621 -55.82320022583008 0.009787268936634064 -0.21751481294631958 -0.1118636354804039 -0.9695762395858765
1736528837.562353 -21.0269775390625 17.178071975708008 -55.26530456542969 0.012723678722977638 -0.21881751716136932 -0.11176252365112305 -0.969260573387146
1736528838.629135 -20.684463500976562 16.996980667114258 -54.7508430480957 -0.008387519977986813 -0.2239370346069336 -0.12065888196229935 -0.9670694470405579
1736528839.562457 -20.208877563476562 16.936111450195312 -54.51663589477539 -0.018051013350486755 -0.3579973876476288 -0.17299972474575043 -0.9173784255981445
1736528840.162251 -19.787002563476562 17.03708267211914 -54.551673889160156 0.022372597828507423 -0.5190339684486389 -0.2211088091135025 -0.8253570199012756
1736528841.295774 -18.98097038269043 17.048152923583984 -54.389808654785156 0.024165024980902672 -0.5685634016990662 -0.22237947583198547 -0.7916433215141296
1736528842.429199 -18.160877227783203 17.03319549560547 -54.159461975097656 0.02097075618803501 -0.5540470480918884 -0.2174248844385147 -0.8033172488212585
1736528843.295498 -17.645771026611328 16.979232788085938 -53.85310363769531 0.021344317123293877 -0.4606173038482666 -0.19237558543682098 -0.8662376999855042
1736528844.362297 -17.07621192932129 16.86594009399414 -53.398681640625 0.01615155301988125 -0.4079326093196869 -0.17208661139011383 -0.8965022563934326
1736528845.695415 -16.38597297668457 16.776805877685547 -52.96415710449219 0.017852693796157837 -0.42070186138153076 -0.17419961094856262 -0.8901380896568298
1736528846.628902 -15.83847713470459 16.683218002319336 -52.56270217895508 0.015332686714828014 -0.4067510664463043 -0.1679520606994629 -0.8978366255760193
1736528847.495609 -15.327659606933594 16.600719451904297 -52.173004150390625 0.019069813191890717 -0.40347132086753845 -0.16747647523880005 -0.8993324637413025
1736528848.428876 -14.737980842590332 16.513484954833984 -51.778076171875 0.018582087010145187 -0.42412474751472473 -0.17261290550231934 -0.8888068795204163
1736528849.49548 -14.017534255981445 16.447420120239258 -51.39533615112305 0.02163982205092907 -0.4661451280117035 -0.18533286452293396 -0.864807665348053
1736528850.428816 -13.325725555419922 16.394989013671875 -51.08366394042969 0.01923653669655323 -0.4912574291229248 -0.1914033591747284 -0.8495063185691833
1736528851.362288 -12.476297378540039 16.335006713867188 -50.703033447265625 0.02168252319097519 -0.49508967995643616 -0.19374404847621918 -0.8466873168945312
1736528852.095254 -11.785840034484863 16.27730941772461 -50.35588836669922 0.02132156863808632 -0.4856208562850952 -0.19073274731636047 -0.8528416156768799
1736528852.828724 -10.998623847961426 16.1965274810791 -49.96006774902344 0.018000982701778412 -0.47092652320861816 -0.1849643737077713 -0.8623759746551514
1736528853.428732 -10.418403625488281 16.083974838256836 -49.500633239746094 0.01452514436095953 -0.3913300037384033 -0.15841102600097656 -0.9063971638679504
1736528854.162053 -9.703083038330078 15.964925765991211 -48.97758102416992 0.01834452711045742 -0.42055752873420715 -0.16927453875541687 -0.8911458849906921
1736528854.762138 -9.029740333557129 15.892766952514648 -48.62603759765625 0.01783830113708973 -0.4683186113834381 -0.18095460534095764 -0.8646472692489624
1736528855.428644 -8.248878479003906 15.836587905883789 -48.33549499511719 0.019956395030021667 -0.5297042727470398 -0.1983327567577362 -0.8244265913963318
1736528855.961996 -7.650520324707031 15.779877662658691 -48.06977844238281 0.0192123930901289 -0.49873799085617065 -0.18656304478645325 -0.8462183475494385
1736528856.495427 -7.10666561126709 15.699817657470703 -47.7080078125 0.02005031332373619 -0.4426971673965454 -0.16788336634635925 -0.8805863857269287
1736528857.095312 -6.535539627075195 15.605216979980469 -47.30323791503906 0.022199315950274467 -0.42393437027931213 -0.1579149216413498 -0.8915435075759888
1736528857.761761 -5.965233325958252 15.49516773223877 -46.893394470214844 0.02001192793250084 -0.4151601493358612 -0.15216410160064697 -0.8967093825340271
1736528858.361895 -5.442933559417725 15.395679473876953 -46.47504425048828 0.02109074778854847 -0.4001101851463318 -0.14563143253326416 -0.9045764803886414
1736528859.028576 -4.89629602432251 15.264646530151367 -46.00598907470703 0.01864943653345108 -0.38484352827072144 -0.13898564875125885 -0.9122667908668518
1736528859.628579 -4.373790264129639 15.14473819732666 -45.55104446411133 0.01943652145564556 -0.3756179213523865 -0.13523417711257935 -0.916648805141449
1736528860.295014 -3.7801895141601562 14.990518569946289 -45.00154113769531 0.019403565675020218 -0.3659294545650482 -0.13087224960327148 -0.9211903214454651
1736528860.961845 -3.232940673828125 14.843364715576172 -44.47060012817383 0.01907511055469513 -0.3540346622467041 -0.12834520637989044 -0.9261874556541443
1736528861.561885 -2.8043148517608643 14.698885917663574 -43.94082260131836 0.0209824088960886 -0.29269635677337646 -0.10959682613611221 -0.9496721029281616
1736528862.095179 -2.5418906211853027 14.537166595458984 -43.379371643066406 0.018738366663455963 -0.20759843289852142 -0.08311901241540909 -0.9744963049888611
1736528862.695149 -2.076390027999878 14.354644775390625 -42.684120178222656 0.025437230244278908 -0.2689509689807892 -0.10662779211997986 -0.9568954706192017
1736528863.294996 -1.5960536003112793 14.208632469177246 -42.139469146728516 0.02293550595641136 -0.3157390058040619 -0.12086883187294006 -0.9408366680145264
1736528864.028408 -1.08805513381958 14.054341316223145 -41.55845260620117 0.025055529549717903 -0.3143676221370697 -0.1192522644996643 -0.941447913646698
1736528864.762784 -0.5914220809936523 13.905470848083496 -40.955780029296875 0.02878671884536743 -0.3090938627719879 -0.11834003031253815 -0.943200945854187
1736528865.628392 -0.05319690704345703 13.734034538269043 -40.31793212890625 0.02384580485522747 -0.3070850074291229 -0.11605995893478394 -0.9442777037620544
1736528866.228378 0.44152021408081055 13.579192161560059 -39.71430969238281 0.025456294417381287 -0.297631174325943 -0.11712050437927246 -0.9471274614334106
1736528866.761694 0.9339461326599121 13.40951919555664 -39.09656524658203 0.023532170802354813 -0.28420934081077576 -0.11547986418008804 -0.9514913558959961
1736528867.295029 1.389467716217041 13.247005462646484 -38.49714279174805 0.020638572052121162 -0.28249597549438477 -0.11505336314439774 -0.9521201848983765
1736528867.894985 1.8738369941711426 13.081185340881348 -37.862918853759766 0.020969849079847336 -0.2783285081386566 -0.11484762281179428 -0.953364372253418
1736528868.561631 2.3677353858947754 12.890504837036133 -37.18751907348633 0.01725117675960064 -0.2740325629711151 -0.11208640784025192 -0.9550105929374695
1736528869.028158 2.7028491497039795 12.741737365722656 -36.64278793334961 0.018754243850708008 -0.2424909621477127 -0.10228920727968216 -0.9645638465881348
1736528869.361434 2.8583831787109375 12.622008323669434 -36.228633880615234 0.0177091546356678 -0.1658843755722046 -0.07761760801076889 -0.9829263687133789
1736528869.961579 3.057821750640869 12.398011207580566 -35.46031188964844 0.01822734996676445 -0.12040017545223236 -0.059259455651044846 -0.9907875657081604
1736528870.56267 3.5040669441223145 12.199337005615234 -34.71113586425781 0.021508963778614998 -0.2534482479095459 -0.09896793961524963 -0.9620326161384583
1736528871.294902 3.9276182651519775 12.025014877319336 -34.05513381958008 0.023286359384655952 -0.23070287704467773 -0.09349773824214935 -0.968241810798645
1736528871.894698 4.027653217315674 11.87727165222168 -33.537254333496094 0.02482989802956581 -0.10577534139156342 -0.05527743324637413 -0.9925419688224792
1736528872.694833 4.279425621032715 11.648270606994629 -32.75606155395508 0.02224823646247387 -0.1411355584859848 -0.06401479989290237 -0.987667977809906
1736528873.294824 4.531467437744141 11.45771312713623 -32.074981689453125 0.023120354861021042 -0.15126240253448486 -0.06743180751800537 -0.9859199523925781
1736528873.894827 4.781981468200684 11.26509952545166 -31.375385284423828 0.022784894332289696 -0.15588633716106415 -0.06837689131498337 -0.9851420521736145
1736528874.494628 5.067261695861816 11.085601806640625 -30.702064514160156 0.024577761068940163 -0.17307567596435547 -0.07363421469926834 -0.9818446040153503
1736528875.161567 5.405306339263916 10.887805938720703 -29.996158599853516 0.022799987345933914 -0.18584510684013367 -0.07780563831329346 -0.9792283177375793
1736528876.961664 5.6107096672058105 10.661213874816895 -29.19608497619629 0.021611472591757774 -0.10371732711791992 -0.0499969981610775 -0.9931142926216125
1736528877.761384 5.801578044891357 10.450740814208984 -28.4541072845459 0.023114968091249466 -0.1009962409734726 -0.04899527132511139 -0.9934107661247253
1736528878.42802 5.952434539794922 10.274246215820312 -27.82418441772461 0.022596197202801704 -0.0971841886639595 -0.04856342822313309 -0.9938240647315979
1736528879.361378 6.120584964752197 10.071643829345703 -27.107650756835938 0.02362908236682415 -0.09392854571342468 -0.04725565016269684 -0.9941760897636414
1736528880.82781 6.23866081237793 9.847895622253418 -26.33528709411621 0.022984372451901436 -0.05080902576446533 -0.03329750895500183 -0.9978885650634766
1736528881.761262 6.3008317947387695 9.607961654663086 -25.516056060791016 0.0193759948015213 -0.030179006978869438 -0.028392113745212555 -0.9989534020423889
1736528882.361257 6.350780487060547 9.40593147277832 -24.855709075927734 0.017777811735868454 -0.02430029585957527 -0.02604457177221775 -0.9992073178291321
1736528883.161068 6.4093427658081055 9.143664360046387 -23.97739028930664 0.019683033227920532 -0.018883302807807922 -0.02498464658856392 -0.9993156790733337
1736528883.827719 6.444095611572266 8.927193641662598 -23.248817443847656 0.020216763019561768 -0.014971193857491016 -0.023559996858239174 -0.9994059205055237
1736528884.427863 6.482992172241211 8.728164672851562 -22.56698989868164 0.019905392080545425 -0.012557363137602806 -0.022570613771677017 -0.999468207359314
1736528885.02784 6.519379138946533 8.527800559997559 -21.888540267944336 0.019253861159086227 -0.007891833782196045 -0.022254064679145813 -0.9995357990264893
1736528885.827815 6.554433345794678 8.2723970413208 -20.986087799072266 0.02199045941233635 -0.005314808338880539 -0.02000599168241024 -0.9995439052581787
1736528886.627679 6.620196342468262 8.036356925964355 -20.134586334228516 0.024597274139523506 -0.023474974557757378 -0.026936223730444908 -0.9990587830543518
1736528887.694565 6.726293563842773 7.797082424163818 -19.293651580810547 0.022374117746949196 -0.04106101021170616 -0.03209167718887329 -0.9983905553817749
1736528888.561091 6.799739360809326 7.61351203918457 -18.661869049072266 0.019199132919311523 -0.04121801257133484 -0.03098759986460209 -0.9984849691390991
1736528889.560869 6.88620662689209 7.4064483642578125 -17.946840286254883 0.020448962226510048 -0.04187419265508652 -0.028927918523550034 -0.9984946846961975
1736528890.561797 6.9826340675354 7.173831462860107 -17.139894485473633 0.020533163100481033 -0.0435820147395134 -0.028387002646923065 -0.998435378074646
1736528891.094356 7.03286075592041 6.9797186851501465 -16.45797348022461 0.020969361066818237 -0.02440403401851654 -0.021787120029330254 -0.9992448091506958
1736528891.62747 6.991100788116455 6.740657806396484 -15.654677391052246 0.016268590465188026 0.035214196890592575 -0.0006636203615926206 -0.999247133731842
1736528892.160807 6.865478038787842 6.505370616912842 -14.875100135803223 0.01668143831193447 0.07388485223054886 0.015018446370959282 -0.9970142245292664
1736528892.694275 6.899795055389404 6.282471179962158 -14.087931632995605 0.018640965223312378 -0.024029605090618134 -0.014108048751950264 -0.9994379281997681
1736528893.094297 7.019492149353027 6.103430271148682 -13.496713638305664 0.01849616877734661 -0.0898609533905983 -0.03603694215416908 -0.9951303005218506
1736528893.694335 7.202805519104004 5.844631671905518 -12.627755165100098 0.016356956213712692 -0.08399899303913116 -0.037773147225379944 -0.9956153631210327
1736528894.294256 7.374019145965576 5.6086931228637695 -11.835043907165527 0.017137015238404274 -0.08313655108213425 -0.0367400124669075 -0.9957132339477539
1736528894.894058 7.5291876792907715 5.376454830169678 -11.061142921447754 0.01665155030786991 -0.08141886442899704 -0.035343609750270844 -0.9959139227867126
1736528895.560864 7.6988654136657715 5.128297805786133 -10.227373123168945 0.015543367713689804 -0.0803912803530693 -0.035701923072338104 -0.9960025548934937
1736528896.160882 7.839654922485352 4.901419639587402 -9.46670150756836 0.01707787625491619 -0.07909536361694336 -0.03465370461344719 -0.9961181879043579
1736528896.760848 7.989767551422119 4.677399635314941 -8.714031219482422 0.0169875156134367 -0.07644478976726532 -0.036414459347724915 -0.996263861656189
1736528897.360638 8.12048053741455 4.465080261230469 -8.02341079711914 0.01395368855446577 -0.07194995880126953 -0.0353408083319664 -0.9966843724250793
1736528897.960761 8.229170799255371 4.264382362365723 -7.336034774780273 0.019438624382019043 -0.05739688128232956 -0.03269629925489426 -0.9976264834403992
1736528899.027438 8.197409629821777 4.012866973876953 -6.5069403648376465 0.017217282205820084 0.013133748434484005 -0.00966243539005518 -0.9997189044952393
1736528899.7609 8.197062492370605 3.8028249740600586 -5.809041976928711 0.015087639912962914 0.011396687477827072 -0.010953035205602646 -0.9997612833976746
1736528900.627265 8.2274808883667 3.570284605026245 -5.033281326293945 0.015252741053700447 -0.0004599892708938569 -0.016072731465101242 -0.9997543692588806
1736528901.894038 8.312434196472168 3.311481237411499 -4.172264575958252 0.01734047569334507 -0.03398389741778374 -0.027310367673635483 -0.9988986849784851
1736528903.227408 8.40079116821289 3.0758535861968994 -3.4060542583465576 0.01494503952562809 -0.03825008496642113 -0.02977229468524456 -0.9987128376960754
1736528903.960469 8.459972381591797 2.8408706188201904 -2.648663282394409 0.012823916040360928 -0.02336854115128517 -0.023822180926799774 -0.9993608593940735
1736528904.560652 8.45788860321045 2.6249680519104004 -1.9128739833831787 0.015970636159181595 0.0048465849831700325 -0.015850098803639412 -0.9997351169586182
1736528905.160606 8.484930038452148 2.385133981704712 -1.1160188913345337 0.013295142911374569 0.00037610920844599605 -0.020247722044587135 -0.9997065663337708
1736528905.760603 8.527395248413086 2.1491754055023193 -0.3237915635108948 0.017531711608171463 -0.010365257039666176 -0.026406602934002876 -0.9994438290596008
1736528906.427073 8.641624450683594 1.939142107963562 0.36253854632377625 0.01628285087645054 -0.05426301807165146 -0.04266646131873131 -0.9974818229675293
1736528907.293884 8.770217895507812 1.6782233715057373 1.2097487449645996 0.010426405817270279 -0.05655106529593468 -0.04538174346089363 -0.9973132610321045
1736528908.027981 8.890889167785645 1.4569097757339478 1.9273813962936401 0.008586274459958076 -0.057438526302576065 -0.04682493954896927 -0.9972134232521057
1736528908.760322 9.01427173614502 1.233506679534912 2.654171943664551 0.006227830424904823 -0.0609172098338604 -0.04905202239751816 -0.9969173669815063
1736528909.693842 9.172511100769043 0.9696869254112244 3.49597430229187 0.010551422834396362 -0.06284753233194351 -0.04996713250875473 -0.9967156648635864
1736528910.693832 9.340906143188477 0.7075487375259399 4.300468444824219 0.00427143694832921 -0.06089063361287117 -0.05324987322092056 -0.9967139363288879
1736528911.693579 9.475625991821289 0.4889216125011444 5.026482105255127 0.013346774503588676 -0.06476981192827225 -0.0555032417178154 -0.9962661266326904
1736528912.626904 9.603203773498535 0.272551566362381 5.754046440124512 0.014638728462159634 -0.0667954757809639 -0.051771800965070724 -0.9963151216506958
1736528913.560369 9.740523338317871 0.05012427642941475 6.4877848625183105 0.012494484893977642 -0.07052727788686752 -0.04789353534579277 -0.9962811470031738
1736528914.493489 9.885054588317871 -0.1709129810333252 7.230974197387695 0.015117509290575981 -0.07121624052524567 -0.0457838773727417 -0.9962949156761169
1736528915.360151 10.017278671264648 -0.38511547446250916 7.908470630645752 0.012381450273096561 -0.07260067015886307 -0.0451459176838398 -0.9962618947029114
1736528916.160307 10.122982025146484 -0.5841017961502075 8.54232120513916 0.011527475900948048 -0.06457705050706863 -0.041400693356990814 -0.9969869256019592
1736528916.493621 10.11400318145752 -0.6396205425262451 8.721738815307617 0.012398432940244675 -0.03380703181028366 -0.030479591339826584 -0.9988865852355957
