1758725107.342632 -0.0 -0.0 -0.0 -0.0 -0.0 -0.0 1.0
1758725109.209224 -0.002268495736643672 -0.04579171538352966 0.09882613271474838 0.005467655602842569 -0.0013474792940542102 -0.0007206612499430776 0.9999839067459106
1758725109.942501 0.0025655690114945173 -0.27286669611930847 0.7801681756973267 0.002363264560699463 -0.0017361644422635436 -0.0016176811186596751 0.9999943971633911
1758725110.542819 0.0030752161983400583 -0.4979090988636017 1.4291003942489624 0.006995672360062599 -0.0018906755140051246 -0.003147806040942669 0.9999688267707825
1758725111.142599 0.005108365323394537 -0.73891681432724 2.082031726837158 0.012141837738454342 -0.0011419164948165417 -0.004119748715311289 0.9999171495437622
1758725111.809162 0.011126655153930187 -0.9995441436767578 2.8061575889587402 0.013364015147089958 -0.0016384449554607272 -0.005935784429311752 0.9998918175697327
1758725112.475769 0.013934114947915077 -1.2515305280685425 3.501713752746582 0.012629371136426926 -0.0016928983386605978 -0.006648235488682985 0.9998967051506042
1758725113.075785 0.01575572043657303 -1.4948468208312988 4.152989864349365 0.016201255843043327 -0.0021861109416931868 -0.00702436501160264 0.9998417496681213
1758725113.742443 0.019223490729928017 -1.750558614730835 4.862838268280029 0.014710169285535812 -0.0029668989591300488 -0.007038556504994631 0.9998626708984375
1758725114.409058 0.02100314013659954 -2.013307809829712 5.564043998718262 0.0167376771569252 -0.0036011755000799894 -0.007288301829248667 0.9998269081115723
1758725115.142402 0.02866041287779808 -2.3044705390930176 6.356618404388428 0.016783736646175385 -0.004504860378801823 -0.007531031966209412 0.9998206496238708
1758725115.809054 0.017386287450790405 -2.577279567718506 7.075244426727295 0.020636457949876785 -0.007210897281765938 -0.010500743053853512 0.999705970287323
1758725116.475691 -0.07905186712741852 -2.8359832763671875 7.777524948120117 0.019294286146759987 -0.05391750484704971 -0.028274767100811005 0.9979584813117981
1758725117.142396 -0.2043241262435913 -3.0867509841918945 8.483331680297852 0.016290633007884026 -0.07420839369297028 -0.03432813659310341 0.996518611907959
1758725117.875684 -0.32249507308006287 -3.382874011993408 9.270617485046387 0.017653025686740875 -0.08163958787918091 -0.03369550779461861 0.9959357380867004
1758725118.542336 -0.49656736850738525 -3.637641191482544 9.963690757751465 0.017819780856370926 -0.11522076278924942 -0.046645570546388626 0.9920840859413147
1758725119.209 -0.680962860584259 -3.899796485900879 10.659831047058105 0.02044885791838169 -0.12243854254484177 -0.04670564457774162 0.9911656379699707
1758725119.875621 -0.8717153668403625 -4.159339904785156 11.359638214111328 0.02048061601817608 -0.13345547020435333 -0.05009341984987259 0.9895761609077454
1758725120.542277 -1.0981740951538086 -4.426607608795166 12.019651412963867 0.02937675453722477 -0.15956659615039825 -0.05416082963347435 0.9852625131607056
1758725121.34225 -1.5227925777435303 -4.673056602478027 12.690910339355469 0.024889670312404633 -0.25789663195610046 -0.08853445947170258 0.9617855548858643
1758725122.008913 -1.978022575378418 -4.82736349105835 13.061418533325195 0.024409115314483643 -0.36092641949653625 -0.12757481634616852 0.9235047698020935
1758725122.808874 -2.6496500968933105 -4.9882001876831055 13.455697059631348 0.0237265657633543 -0.4420553147792816 -0.16087105870246887 0.8821251392364502
1758725123.542386 -3.3524370193481445 -5.11199951171875 13.751079559326172 0.024257700890302658 -0.5166770815849304 -0.18901151418685913 0.8347042202949524
1758725124.142182 -3.991764545440674 -5.205817699432373 13.981181144714355 0.02501547895371914 -0.5314183831214905 -0.19657331705093384 0.8236064910888672
1758725124.808815 -4.719446182250977 -5.307056427001953 14.21027946472168 0.02600649558007717 -0.5446864366531372 -0.20052553713321686 0.813897967338562
1758725125.608846 -5.533207416534424 -5.412332057952881 14.430353164672852 0.02781791053712368 -0.5661700367927551 -0.2048824429512024 0.7979353666305542
1758725126.275471 -6.243183135986328 -5.488090991973877 14.588180541992188 0.02731178142130375 -0.5823343992233276 -0.2113843411207199 0.7845109105110168
1758725126.942107 -6.96932315826416 -5.557674407958984 14.71921443939209 0.030405128374695778 -0.5979571342468262 -0.21528524160385132 0.7714759707450867
1758725127.942096 -8.001218795776367 -5.61726713180542 14.834612846374512 0.02794899232685566 -0.6321064829826355 -0.23031079769134521 0.7393356561660767
1758725129.542072 -8.88322639465332 -5.602327346801758 14.660847663879395 0.033136036247015 -0.731326699256897 -0.2627620995044708 0.6285056471824646
1758725131.342001 -9.621904373168945 -5.433859348297119 14.230011940002441 0.02706334926187992 -0.8169920444488525 -0.3052876591682434 0.48845788836479187
1758725132.475852 -10.139122009277344 -5.3076019287109375 13.838357925415039 0.034768734127283096 -0.8449501991271973 -0.30329230427742004 0.43916305899620056
1758725133.675295 -10.743265151977539 -5.130311965942383 13.301103591918945 0.03492571413516998 -0.8694120049476624 -0.3048076927661896 0.38729220628738403
1758725134.608627 -11.259757995605469 -4.917994499206543 12.683208465576172 0.032171912491321564 -0.8889253735542297 -0.3162786066532135 0.3297642767429352
1758725135.275233 -11.677520751953125 -4.73820686340332 12.136281967163086 0.033262740820646286 -0.9006942510604858 -0.31369414925575256 0.29872965812683105
1758725136.142115 -12.230175018310547 -4.529024124145508 11.481270790100098 0.03671706095337868 -0.8916923999786377 -0.3068605065345764 0.33071616291999817
1758725137.208527 -12.915792465209961 -4.301244258880615 10.706572532653809 0.04145517572760582 -0.8967063426971436 -0.2959533929824829 0.32651326060295105
1758725138.008529 -13.502538681030273 -4.117708206176758 10.007881164550781 0.04216223582625389 -0.8955066204071045 -0.2894400358200073 0.3354322910308838
1758725138.875143 -14.33793830871582 -3.893462896347046 9.198863983154297 0.040003031492233276 -0.8813085556030273 -0.28483155369758606 0.37492138147354126
1758725139.941832 -15.430242538452148 -3.5959722995758057 8.10486888885498 0.03873510658740997 -0.8820319175720215 -0.29236146807670593 0.36748358607292175
1758725141.408423 -16.910053253173828 -3.1845333576202393 6.612359046936035 0.03927190974354744 -0.8838706016540527 -0.2918035387992859 0.36342987418174744
1758725142.341762 -17.895204544067383 -2.8937671184539795 5.657325744628906 0.04221935197710991 -0.8767701983451843 -0.2955949604511261 0.37698179483413696
1758725143.075062 -18.725801467895508 -2.720147132873535 5.020465850830078 0.04203566163778305 -0.8554266691207886 -0.2850964069366455 0.4303467869758606
1758725144.008377 -19.7711181640625 -2.532601833343506 4.289764404296875 0.04179028794169426 -0.8502581715583801 -0.2802843451499939 0.4435710608959198
1758725144.875117 -20.695940017700195 -2.354586601257324 3.6113014221191406 0.04031806066632271 -0.8601686954498291 -0.29146382212638855 0.4165731370449066
1758725145.741754 -21.548810958862305 -2.174189567565918 2.904764175415039 0.044452596455812454 -0.8642812967300415 -0.28682640194892883 0.41081932187080383
1758725146.608344 -22.420263290405273 -1.9939613342285156 2.18731689453125 0.04356163367629051 -0.866088330745697 -0.28376224637031555 0.4092338979244232
1758725147.408288 -23.222103118896484 -1.831247329711914 1.5194072723388672 0.041529279202222824 -0.866436779499054 -0.28441596031188965 0.4082527458667755
1758725148.274952 -24.035280227661133 -1.6560249328613281 0.8289051055908203 0.04217001423239708 -0.8699026703834534 -0.2852537930011749 0.4001515805721283
1758725149.2749 -24.814599990844727 -1.424252986907959 0.05146026611328125 0.04076848179101944 -0.8835790157318115 -0.2947556674480438 0.36158716678619385
1758725150.54157 -25.694704055786133 -1.122511863708496 -0.8859920501708984 0.03515700250864029 -0.8865422010421753 -0.29906293749809265 0.35123810172080994
1758725151.741542 -26.548213958740234 -0.8714714050292969 -1.706624984741211 0.03312434256076813 -0.8742067217826843 -0.2938191592693329 0.38514378666877747
1758725153.608139 -27.85762596130371 -0.4943819046020508 -2.973541259765625 0.03326508402824402 -0.8741354942321777 -0.2919195294380188 0.3867345452308655
1758725155.674747 -29.32698631286621 -0.08692550659179688 -4.421955108642578 0.03256281837821007 -0.8750718235969543 -0.28722500801086426 0.38818904757499695
1758725157.741373 -30.93132209777832 0.3009815216064453 -5.737770080566406 0.03769586980342865 -0.855846643447876 -0.2848774492740631 0.4300585985183716
1758725160.141319 -32.191123962402344 0.5746974945068359 -6.826709747314453 0.0387432686984539 -0.8497750163078308 -0.2835349142551422 0.44270673394203186
1758725163.607937 -33.69780731201172 0.8863697052001953 -8.185462951660156 0.0412873812019825 -0.8747028708457947 -0.2919350266456604 0.38466116786003113
1758725166.141174 -35.05371856689453 1.1748371124267578 -9.373886108398438 0.03854422643780708 -0.8584498763084412 -0.2848355174064636 0.42479050159454346
1758725168.874454 -36.569766998291016 1.5055274963378906 -10.559318542480469 0.03540788218379021 -0.8534009456634521 -0.2846294939517975 0.43524616956710815
1758725171.474409 -37.84441375732422 1.778726577758789 -11.634185791015625 0.033038586378097534 -0.8433097004890442 -0.2777825593948364 0.45888346433639526
1758725173.741047 -39.311466217041016 1.982635498046875 -12.56618881225586 0.03049912303686142 -0.8365965485572815 -0.27109548449516296 0.4750615060329437
1758725176.47427 -40.94793701171875 2.2057056427001953 -13.604602813720703 0.0271329116076231 -0.8290538191795349 -0.2696554362773895 0.4891008734703064
1758725177.607598 -41.923763275146484 2.3375186920166016 -14.13803482055664 0.02578611858189106 -0.8275139331817627 -0.26722395420074463 0.49309954047203064
1758725178.874227 -42.712379455566406 2.4526233673095703 -14.57546615600586 0.02358930930495262 -0.8259432315826416 -0.26717060804367065 0.4958640933036804
1758725180.740845 -43.86414337158203 2.6110000610351562 -15.213520050048828 0.020707210525870323 -0.822913408279419 -0.26697051525115967 0.501110315322876
1758725182.207504 -44.85332107543945 2.758045196533203 -15.726882934570312 0.019294289872050285 -0.8206960558891296 -0.2682480812072754 0.5041118264198303
1758725183.607803 -45.64098358154297 2.9050674438476562 -16.267372131347656 0.022157631814479828 -0.8496395945549011 -0.2747739255428314 0.4495787024497986
1758725184.740755 -46.24418640136719 3.077524185180664 -16.735374450683594 0.01571817323565483 -0.851761519908905 -0.3001364469528198 0.42915433645248413
1758725185.540748 -46.616111755371094 3.154207229614258 -17.049060821533203 0.0321279913187027 -0.8625795245170593 -0.28096872568130493 0.41950079798698425
1758725186.74066 -47.14908981323242 3.294515609741211 -17.51770782470703 0.028801944106817245 -0.8697382807731628 -0.28917285799980164 0.39887961745262146
1758725187.807348 -47.63341522216797 3.4375839233398438 -17.9637451171875 0.030927028506994247 -0.8724692463874817 -0.29799672961235046 0.38605546951293945
1758725188.674014 -48.109230041503906 3.5645008087158203 -18.396881103515625 0.032465044409036636 -0.8713293075561523 -0.28932294249534607 0.3949982523918152
1758725189.540645 -48.6649284362793 3.6526546478271484 -18.82373809814453 0.03883170336484909 -0.8661385178565979 -0.27709928154945374 0.4141404330730438
1758725190.540639 -49.30934143066406 3.7905216217041016 -19.36750030517578 0.04310493916273117 -0.8659831881523132 -0.2778242528438568 0.41355621814727783
1758725191.407409 -49.916133880615234 3.9516963958740234 -19.874217987060547 0.04072597622871399 -0.8603249192237854 -0.29473841190338135 0.41389814019203186
1758725192.140587 -50.45335006713867 4.072013854980469 -20.313880920410156 0.03829963877797127 -0.8631206750869751 -0.2932892143726349 0.40931326150894165
1758725192.807284 -50.952392578125 4.210351943969727 -20.735897064208984 0.039627719670534134 -0.8616852164268494 -0.2971809208393097 0.4094042479991913
1758725193.47387 -51.500118255615234 4.346588134765625 -21.196109771728516 0.0409967340528965 -0.8635061979293823 -0.29691386222839355 0.40560874342918396
1758725194.140556 -52.06573486328125 4.4975738525390625 -21.656055450439453 0.03886956721544266 -0.861535370349884 -0.30454185605049133 0.40435168147087097
1758725194.940537 -52.737491607666016 4.669122695922852 -22.20587921142578 0.03880653902888298 -0.8633564114570618 -0.30432188510894775 0.4006221294403076
1758725195.740696 -53.37313461303711 4.825305938720703 -22.746322631835938 0.03727538511157036 -0.8652727007865906 -0.3010046184062958 0.39913660287857056
1758725196.340508 -53.85572052001953 4.94873046875 -23.153526306152344 0.03443858399987221 -0.8678190112113953 -0.2977025508880615 0.3963298797607422
1758725196.940594 -54.3486442565918 5.065055847167969 -23.57879638671875 0.030829399824142456 -0.8714630603790283 -0.29122525453567505 0.3934329152107239
1758725197.740544 -54.96672058105469 5.230182647705078 -24.11443328857422 0.02215827815234661 -0.8779144287109375 -0.29090896248817444 0.37966740131378174
1758725198.540438 -55.340328216552734 5.421514511108398 -24.73001480102539 0.025363363325595856 -0.9214974045753479 -0.3060506582260132 0.23776526749134064
1758725199.74039 -55.647647857666016 5.725458145141602 -25.669212341308594 0.028144221752882004 -0.9358514547348022 -0.3170092701911926 0.15131106972694397
1758725200.67372 -55.82352066040039 6.026088714599609 -26.52907943725586 0.030410749837756157 -0.9423242807388306 -0.3198869228363037 0.09366143494844437
1758725201.540331 -56.0036506652832 6.325955390930176 -27.406108856201172 0.03046383522450924 -0.9428561329841614 -0.3239046633243561 0.07197274267673492
1758725202.407004 -56.12845230102539 6.665574073791504 -28.339664459228516 0.031241849064826965 -0.9419798851013184 -0.33030807971954346 0.05093575268983841
1758725203.207007 -56.125404357910156 6.97661018371582 -29.187164306640625 0.02742787078022957 -0.9439464211463928 -0.3284958302974701 -0.017419876530766487
1758725203.740293 -56.04179382324219 7.1861796379089355 -29.757408142089844 0.024894775822758675 -0.9420401453971863 -0.3287123739719391 -0.06236019730567932
1758725204.406969 -55.92839813232422 7.450321197509766 -30.46770477294922 0.02434692345559597 -0.9400569796562195 -0.32976701855659485 -0.08338969200849533
1758725204.940305 -55.802955627441406 7.678076267242432 -31.07559585571289 0.02450144663453102 -0.9387264251708984 -0.3297039270401001 -0.09740510582923889
1758725205.406938 -55.66142272949219 7.929177284240723 -31.744937896728516 0.01939639449119568 -0.9362143278121948 -0.33333224058151245 -0.10961868613958359
1758725205.80691 -55.532493591308594 8.129966735839844 -32.28296661376953 0.01693674921989441 -0.9368733167648315 -0.3269895017147064 -0.12271698564291
1758725206.340589 -55.3157958984375 8.414660453796387 -33.052494049072266 0.012473898008465767 -0.9346478581428528 -0.3270377516746521 -0.13901126384735107
1758725206.806895 -55.102928161621094 8.685406684875488 -33.73252868652344 0.0133430240675807 -0.9312686920166016 -0.3316829204559326 -0.15015655755996704
1758725207.140231 -54.92070007324219 8.89076042175293 -34.24736404418945 0.014935589395463467 -0.9269696474075317 -0.3394630253314972 -0.15896251797676086
1758725207.540177 -54.685272216796875 9.154848098754883 -34.8962287902832 0.019181689247488976 -0.925865888595581 -0.3385886549949646 -0.16662009060382843
1758725207.87353 -54.466285705566406 9.359916687011719 -35.447364807128906 0.019545624032616615 -0.9285629987716675 -0.3264203667640686 -0.17560921609401703
1758725208.206851 -54.22472381591797 9.59126091003418 -36.041046142578125 0.027464402839541435 -0.9273771643638611 -0.3260444700717926 -0.18141759932041168
1758725208.540357 -53.962257385253906 9.842300415039062 -36.653724670410156 0.036214429885149 -0.9238036870956421 -0.3316449224948883 -0.1878485530614853
1758725208.873511 -53.710357666015625 10.065999984741211 -37.25153350830078 0.03652878478169441 -0.9242345690727234 -0.3264480531215668 -0.19464807212352753
1758725209.274289 -53.38934326171875 10.328163146972656 -37.94309997558594 0.03342144936323166 -0.9218525290489197 -0.32105425000190735 -0.2144649624824524
1758725209.540545 -53.12578582763672 10.500750541687012 -38.38274383544922 0.029198190197348595 -0.9123396277427673 -0.3187845051288605 -0.2552652657032013
1758725209.873464 -52.72599792480469 10.706489562988281 -38.88825607299805 0.02414996549487114 -0.8909141421318054 -0.31753820180892944 -0.3238183856010437
1758725210.207067 -52.33159637451172 10.903302192687988 -39.369346618652344 0.023349957540631294 -0.8888193368911743 -0.31782710552215576 -0.32930389046669006
1758725210.540177 -51.93763732910156 11.085614204406738 -39.83747863769531 0.02180536463856697 -0.8871145248413086 -0.31294384598731995 -0.33855366706848145
1758725210.87347 -51.50971984863281 11.281394958496094 -40.31572723388672 0.02172865718603134 -0.8833836913108826 -0.3155447840690613 -0.34582170844078064
1758725211.27347 -51.00682830810547 11.499979019165039 -40.85578536987305 0.02224292978644371 -0.8797847032546997 -0.3133218586444855 -0.35681039094924927
1758725211.60682 -50.58069610595703 11.677026748657227 -41.30680847167969 0.01997525431215763 -0.8784412145614624 -0.3101150095462799 -0.3630025088787079
1758725212.007116 -50.045692443847656 11.905269622802734 -41.8447151184082 0.021555108949542046 -0.873694658279419 -0.3139062523841858 -0.37102001905441284
1758725212.340095 -49.60067367553711 12.083904266357422 -42.29007339477539 0.019955867901444435 -0.8723634481430054 -0.3103787302970886 -0.37715908885002136
1758725212.673422 -49.1668815612793 12.261938095092773 -42.70468521118164 0.01776769384741783 -0.8691880106925964 -0.3120115101337433 -0.3832041621208191
1758725213.073424 -48.62242889404297 12.476495742797852 -43.21762466430664 0.015581265091896057 -0.8665457367897034 -0.3117949664592743 -0.38940945267677307
1758725213.473423 -48.079002380371094 12.68351936340332 -43.70887756347656 0.016046253964304924 -0.8636932969093323 -0.31290245056152344 -0.39480188488960266
1758725213.806722 -47.61318588256836 12.85920524597168 -44.12624740600586 0.016972841694951057 -0.8622215986251831 -0.31299087405204773 -0.39789772033691406
1758725214.140071 -47.14910125732422 13.035728454589844 -44.52586364746094 0.016956061124801636 -0.859618604183197 -0.3134688436985016 -0.40311989188194275
1758725214.473372 -46.66667938232422 13.181774139404297 -44.868194580078125 0.01876726746559143 -0.8451157808303833 -0.3068324327468872 -0.4373568594455719
1758725214.806701 -46.1661376953125 13.336254119873047 -45.20640563964844 0.020342547446489334 -0.8403928279876709 -0.30567508935928345 -0.44708913564682007
1758725215.140245 -45.6520881652832 13.496305465698242 -45.54492950439453 0.022728264331817627 -0.8376607894897461 -0.3054010570049286 -0.452258825302124
1758725215.473399 -45.14244842529297 13.651361465454102 -45.87055206298828 0.02304692193865776 -0.8346256017684937 -0.30614182353019714 -0.4573250710964203
1758725215.806707 -44.61528015136719 13.803709030151367 -46.21262741088867 0.023082904517650604 -0.8324335813522339 -0.3038417100906372 -0.46281933784484863
1758725216.139982 -44.089263916015625 13.954602241516113 -46.52804183959961 0.02351325750350952 -0.8293954133987427 -0.30189049243927 -0.4694811701774597
1758725216.608507 -43.42934036254883 14.163921356201172 -46.96126937866211 0.026234997436404228 -0.8386906981468201 -0.3068414628505707 -0.44917482137680054
1758725217.006662 -42.90983581542969 14.337791442871094 -47.374671936035156 0.02574683167040348 -0.8519313335418701 -0.3076087534427643 -0.42299753427505493
1758725217.339983 -42.417152404785156 14.5094633102417 -47.75341796875 0.028229422867298126 -0.8488002419471741 -0.30822518467903137 -0.42864739894866943
1758725217.673317 -41.92150115966797 14.680397033691406 -48.13392639160156 0.029710838571190834 -0.8482758402824402 -0.3067757487297058 -0.43062034249305725
1758725218.006641 -41.40833282470703 14.851882934570312 -48.518985748291016 0.03039957769215107 -0.8468608260154724 -0.307865172624588 -0.43257561326026917
1758725218.339965 -40.892601013183594 15.029292106628418 -48.91244125366211 0.030013753101229668 -0.8466788530349731 -0.30666008591651917 -0.43381306529045105
1758725218.673444 -40.381195068359375 15.1976318359375 -49.29437255859375 0.028019975870847702 -0.8448587656021118 -0.3068946897983551 -0.43731483817100525
1758725219.006598 -39.87078094482422 15.359313011169434 -49.67066192626953 0.027225373312830925 -0.8438817262649536 -0.30637267231941223 -0.43961140513420105
1758725219.33995 -39.34209442138672 15.531352996826172 -50.05624008178711 0.027010275050997734 -0.8430642485618591 -0.30541208386421204 -0.44185587763786316
1758725219.673941 -38.80690002441406 15.710079193115234 -50.43620681762695 0.026845058426260948 -0.8412256836891174 -0.30600062012672424 -0.4449520409107208
1758725220.006603 -38.25883483886719 15.882773399353027 -50.82905960083008 0.025833597406744957 -0.8394955396652222 -0.30711862444877625 -0.4475019574165344
1758725220.339883 -37.740699768066406 16.055259704589844 -51.18914031982422 0.027136974036693573 -0.8365506529808044 -0.30990564823150635 -0.45100459456443787
1758725220.739891 -37.11449432373047 16.241941452026367 -51.60367202758789 0.02330642193555832 -0.8354915380477905 -0.3073394298553467 -0.45492124557495117
1758725221.073233 -36.568565368652344 16.417537689208984 -51.9623908996582 0.024473082274198532 -0.8332391381263733 -0.30816423892974854 -0.45841965079307556
1758725221.406582 -36.03028106689453 16.599172592163086 -52.32078170776367 0.02574465051293373 -0.8314160108566284 -0.3102177381515503 -0.46027129888534546
1758725221.806558 -35.38063049316406 16.805721282958984 -52.755615234375 0.026814451441168785 -0.8300182819366455 -0.30993762612342834 -0.46291396021842957
1758725222.073231 -34.93663024902344 16.940982818603516 -53.042537689208984 0.024251777678728104 -0.8280075788497925 -0.31055939197540283 -0.466227650642395
1758725222.47318 -34.27299499511719 17.150333404541016 -53.45998001098633 0.024929029867053032 -0.8265253901481628 -0.3123994767665863 -0.46759065985679626
1758725222.806523 -33.712364196777344 17.311513900756836 -53.80698013305664 0.024856602773070335 -0.8247377872467041 -0.3104352355003357 -0.47203782200813293
1758725223.206505 -33.003501892089844 17.485328674316406 -54.12730407714844 0.02014199085533619 -0.7877141237258911 -0.2981327474117279 -0.5387185215950012
1758725223.539837 -32.39826965332031 17.57863998413086 -54.30176544189453 0.009710396640002728 -0.7501441836357117 -0.2846114933490753 -0.5968129634857178
1758725224.006993 -31.551254272460938 17.727962493896484 -54.53306198120117 0.008648986928164959 -0.7405722737312317 -0.2951008677482605 -0.6036500334739685
1758725224.339762 -30.951698303222656 17.834585189819336 -54.68596267700195 0.007005342748016119 -0.736868679523468 -0.2958735525608063 -0.6078110933303833
1758725224.73978 -30.233177185058594 17.96227264404297 -54.869651794433594 0.005403496325016022 -0.7319968938827515 -0.2989804446697235 -0.6121780872344971
1758725225.073121 -29.64958953857422 18.030410766601562 -55.018287658691406 -0.0014067963929846883 -0.735550045967102 -0.28699079155921936 -0.6136777997016907
1758725225.406596 -29.06006622314453 18.11614990234375 -55.161556243896484 -0.002664846135303378 -0.7306514978408813 -0.29024559259414673 -0.6179795861244202
1758725225.739789 -28.47848129272461 18.162307739257812 -55.295833587646484 -0.014319261536002159 -0.7331559062004089 -0.27023476362228394 -0.623899519443512
1758725226.139819 -27.768909454345703 18.230010986328125 -55.40769958496094 -0.012693619355559349 -0.7065162658691406 -0.2720782458782196 -0.653182327747345
1758725226.473063 -27.218994140625 18.25217056274414 -55.43222427368164 -0.01472600270062685 -0.6792674660682678 -0.2614569664001465 -0.6855793595314026
1758725227.006648 -26.353578567504883 18.250308990478516 -55.373680114746094 -0.012229233980178833 -0.6289823651313782 -0.24270829558372498 -0.7384608387947083
1758725227.473074 -25.62331771850586 18.218791961669922 -55.22657012939453 -0.009972854517400265 -0.5867410898208618 -0.22702601552009583 -0.7772352695465088
1758725228.006587 -24.86421775817871 18.156227111816406 -54.98355484008789 -0.00875104870647192 -0.5372489094734192 -0.21181824803352356 -0.8163456320762634
1758725228.53997 -24.117084503173828 18.066871643066406 -54.665496826171875 -0.006783662363886833 -0.49545934796333313 -0.2015838325023651 -0.8448894023895264
1758725229.206496 -23.464048385620117 17.950267791748047 -54.323509216308594 -0.013754493556916714 -0.4720766544342041 -0.19076578319072723 -0.8605597019195557
1758725229.873029 -22.79131317138672 17.839725494384766 -53.96416473388672 -0.010183451697230339 -0.45848971605300903 -0.18999044597148895 -0.8680939078330994
1758725230.406383 -22.252038955688477 17.75845718383789 -53.6588134765625 -0.005180942360311747 -0.44727498292922974 -0.18969357013702393 -0.8740335702896118
1758725230.939856 -21.733381271362305 17.651283264160156 -53.344520568847656 -0.010748211294412613 -0.4418095648288727 -0.1812596470117569 -0.8785406947135925
1758725231.539867 -21.143625259399414 17.549745559692383 -52.96543884277344 -0.0020105913281440735 -0.42985719442367554 -0.1821160763502121 -0.8843373656272888
1758725232.073001 -20.621585845947266 17.4583740234375 -52.61790084838867 0.0003101381007581949 -0.4213930368423462 -0.18489311635494232 -0.8878301382064819
1758725232.606307 -20.103618621826172 17.365856170654297 -52.26419448852539 0.0038512868341058493 -0.415165513753891 -0.18197856843471527 -0.8913509845733643
1758725233.206272 -19.530420303344727 17.25303840637207 -51.86485290527344 0.0016663658898323774 -0.4093150794506073 -0.17809754610061646 -0.8948405981063843
1758725233.872946 -18.901016235351562 17.127582550048828 -51.405147552490234 0.003917120397090912 -0.4027031362056732 -0.1739552915096283 -0.8986403346061707
1758725234.406258 -18.419034957885742 17.02298927307129 -51.03190612792969 0.0018044514581561089 -0.39789560437202454 -0.17013491690158844 -0.9015154242515564
1758725234.939557 -17.88227081298828 16.912548065185547 -50.60280990600586 0.005254483316093683 -0.3934831917285919 -0.16786709427833557 -0.9038606286048889
1758725235.539574 -17.2972354888916 16.784626007080078 -50.13325500488281 0.005116165615618229 -0.38738906383514404 -0.16580858826637268 -0.9068688154220581
1758725236.072883 -16.76095962524414 16.666833877563477 -49.69158935546875 0.007708148565143347 -0.3831581175327301 -0.16425326466560364 -0.9089286923408508
1758725236.60622 -16.169729232788086 16.525285720825195 -49.19237518310547 0.006536498665809631 -0.3787611126899719 -0.16077977418899536 -0.9113984704017639
1758725237.139507 -15.55859375 16.384761810302734 -48.68653869628906 0.006370978429913521 -0.37731993198394775 -0.15994976460933685 -0.9121431708335876
1758725237.673431 -14.9381103515625 16.27420425415039 -48.24431610107422 0.007646594662219286 -0.4080088436603546 -0.17239020764827728 -0.8965221643447876
1758725238.206167 -14.294187545776367 16.149507522583008 -47.76337432861328 0.008830676786601543 -0.4023313820362091 -0.1702190637588501 -0.8994870781898499
1758725238.606154 -13.790377616882324 16.053897857666016 -47.39335250854492 0.008207571692764759 -0.4031982123851776 -0.16748002171516418 -0.8996189832687378
1758725238.939428 -13.321948051452637 15.965412139892578 -47.03774642944336 0.009461517445743084 -0.4035223126411438 -0.16695640981197357 -0.8995586037635803
1758725239.272773 -12.807723999023438 15.888291358947754 -46.70024108886719 0.012986353598535061 -0.42622295022010803 -0.17517472803592682 -0.887400209903717
1758725239.672771 -12.20132827758789 15.816518783569336 -46.385826110839844 0.015215563587844372 -0.4703395962715149 -0.18729867041110992 -0.8622461557388306
1758725240.006113 -11.677635192871094 15.748846054077148 -46.11909866333008 0.01296728290617466 -0.4736834466457367 -0.1861824095249176 -0.8606927394866943
1758725240.339437 -11.125420570373535 15.683019638061523 -45.8348503112793 0.012933985330164433 -0.4779569208621979 -0.18468283116817474 -0.8586513996124268
1758725240.672779 -10.54734992980957 15.620953559875488 -45.55263137817383 0.015405179001390934 -0.48158058524131775 -0.18530070781707764 -0.8564499616622925
1758725241.072729 -9.853667259216309 15.561893463134766 -45.214820861816406 0.020750854164361954 -0.48476457595825195 -0.18927274644374847 -0.8536677360534668
1758725241.406107 -9.295419692993164 15.48927116394043 -44.96206283569336 0.008358841761946678 -0.48954862356185913 -0.1835113912820816 -0.8524059653282166
1758725241.739385 -8.74551773071289 15.417264938354492 -44.666343688964844 0.0138591593131423 -0.468258261680603 -0.17898450791835785 -0.8651627898216248
1758725242.006048 -8.314391136169434 15.353876113891602 -44.38352966308594 0.01445635873824358 -0.4503328204154968 -0.17317891120910645 -0.8757857084274292
1758725242.272723 -7.893045425415039 15.287683486938477 -44.13196563720703 0.012603982351720333 -0.4456392824649811 -0.17223690450191498 -0.8783969879150391
1758725242.606044 -7.367903709411621 15.208784103393555 -43.814903259277344 0.008954640477895737 -0.44763681292533875 -0.17408382892608643 -0.8770608901977539
1758725243.006051 -6.774750709533691 15.125804901123047 -43.458045959472656 0.013079270720481873 -0.44591769576072693 -0.17510385811328888 -0.8776816129684448
1758725243.33934 -6.265372276306152 15.052116394042969 -43.14790344238281 0.01363232173025608 -0.44529345631599426 -0.17575564980506897 -0.877859890460968
1758725243.67267 -5.733732223510742 14.96818733215332 -42.81962585449219 0.01135947834700346 -0.4446723461151123 -0.17503923177719116 -0.878350019454956
1758725244.072975 -5.111941337585449 14.870226860046387 -42.45846939086914 0.007484459318220615 -0.4431626498699188 -0.1745108962059021 -0.8792592287063599
1758725244.406005 -4.587050437927246 14.795738220214844 -42.132442474365234 0.010212337598204613 -0.44194406270980835 -0.17695677280426025 -0.8793562650680542
1758725244.806005 -3.971346855163574 14.688240051269531 -41.750579833984375 0.00677808653563261 -0.4339567720890045 -0.17303401231765747 -0.8841350674629211
1758725245.139336 -3.4679336547851562 14.600194931030273 -41.392093658447266 0.009329726919531822 -0.41475898027420044 -0.16738882660865784 -0.8943539261817932
1758725245.405947 -3.0882835388183594 14.512984275817871 -41.09007263183594 0.008222322911024094 -0.3918420672416687 -0.16022054851055145 -0.9059368371963501
1758725245.672634 -2.735898017883301 14.422157287597656 -40.76860809326172 0.006930494215339422 -0.3730083405971527 -0.1504337638616562 -0.9155252575874329
1758725245.872622 -2.459054470062256 14.346649169921875 -40.5246467590332 0.004375806078314781 -0.3691359758377075 -0.1488611102104187 -0.9173656702041626
1758725246.339292 -1.8329229354858398 14.190874099731445 -39.9731559753418 0.00739082507789135 -0.3665827512741089 -0.14895406365394592 -0.9183546304702759
1758725246.739288 -1.2946281433105469 14.05820369720459 -39.475860595703125 0.00817781686782837 -0.36103498935699463 -0.14661380648612976 -0.9209187626838684
1758725247.005948 -0.9344549179077148 13.964296340942383 -39.146141052246094 0.009258328936994076 -0.3577389419078827 -0.14539895951747894 -0.9223862290382385
1758725247.272621 -0.5824122428894043 13.872200965881348 -38.81631088256836 0.005175841506570578 -0.35522517561912537 -0.14348258078098297 -0.9236888289451599
1758725247.672568 -0.0648641586303711 13.734274864196777 -38.327476501464844 0.008213556371629238 -0.35009029507637024 -0.14073285460472107 -0.9260473847389221
1758725248.072584 0.45069122314453125 13.59378433227539 -37.8179931640625 0.009712548926472664 -0.3448614478111267 -0.141319140791893 -0.9279037117958069
1758725248.472572 0.9491877555847168 13.434255599975586 -37.31742858886719 0.0013089388376101851 -0.33745822310447693 -0.13866645097732544 -0.9310702681541443
1758725248.805902 1.3643321990966797 13.32072639465332 -36.89695739746094 0.005843827500939369 -0.33249175548553467 -0.14036887884140015 -0.9325833320617676
1758725249.205926 1.8634600639343262 13.182971954345703 -36.37800979614258 0.012099815532565117 -0.32717499136924744 -0.1416754275560379 -0.934204638004303
1758725249.539256 2.24130916595459 13.058550834655762 -35.945106506347656 0.00813864916563034 -0.30215534567832947 -0.1339402049779892 -0.9437669515609741
1758725249.80585 2.5145649909973145 12.948624610900879 -35.56590270996094 0.006606318522244692 -0.2849518954753876 -0.12570275366306305 -0.9502407908439636
1758725250.139183 2.841548442840576 12.815353393554688 -35.118404388427734 0.008650935254991055 -0.27020713686943054 -0.12004906684160233 -0.9552494287490845
1758725250.405876 3.100888729095459 12.704580307006836 -34.77006149291992 0.005056328605860472 -0.2713046073913574 -0.11801870912313461 -0.9552171230316162
1758725250.872522 3.528867483139038 12.514334678649902 -34.16169738769531 0.0030741840600967407 -0.2649495601654053 -0.11069654673337936 -0.9578823447227478
1758725251.272515 3.9066901206970215 12.352702140808105 -33.60220718383789 0.0062025426886975765 -0.2591969966888428 -0.1082058772444725 -0.959723949432373
1758725251.605806 4.224967956542969 12.215787887573242 -33.13606262207031 0.00810933206230402 -0.2547588646411896 -0.10521221905946732 -0.9612298011779785
1758725251.939131 4.532404899597168 12.083808898925781 -32.67802047729492 0.010915135964751244 -0.2506427764892578 -0.10324812680482864 -0.9624961614608765
1758725252.339142 4.880328178405762 11.928742408752441 -32.1368408203125 0.011094409041106701 -0.24538473784923553 -0.09947460144758224 -0.9642447829246521
1758725252.739132 5.253098011016846 11.754796981811523 -31.54481315612793 0.01028921827673912 -0.23981723189353943 -0.09801845997571945 -0.9658023715019226
1758725253.205785 5.6189985275268555 11.572576522827148 -30.920787811279297 0.010035637766122818 -0.23445649445056915 -0.09380771964788437 -0.9675379395484924
1758725253.672826 6.005623817443848 11.381688117980957 -30.305570602416992 0.006938386242836714 -0.22940772771835327 -0.09081581979990005 -0.9690595865249634
1758725254.139089 6.370385646820068 11.189290046691895 -29.654998779296875 0.008644099347293377 -0.22312933206558228 -0.08724836260080338 -0.9708378911018372
1758725254.539078 6.637789249420166 11.01566219329834 -29.077852249145508 0.010376842692494392 -0.19484466314315796 -0.07723917812108994 -0.9777331352233887
1758725254.939066 6.876177787780762 10.839183807373047 -28.470699310302734 0.013519485481083393 -0.16817176342010498 -0.06884459406137466 -0.9832578301429749
1758725255.339104 7.115813255310059 10.648919105529785 -27.86258316040039 0.010593502782285213 -0.16187919676303864 -0.06670528650283813 -0.9844964742660522
1758725255.739083 7.347020149230957 10.466791152954102 -27.27203369140625 0.009984835051000118 -0.1537690907716751 -0.06345672160387039 -0.986016571521759
1758725256.072368 7.539147853851318 10.31827163696289 -26.775653839111328 0.011946543119847775 -0.14859606325626373 -0.06166042014956474 -0.9869014620780945
1758725256.472381 7.741771697998047 10.133206367492676 -26.164461135864258 0.010397890582680702 -0.14216002821922302 -0.05798451602458954 -0.9880892634391785
1758725256.805689 7.904535293579102 9.976287841796875 -25.674726486206055 0.008402454666793346 -0.13706094026565552 -0.05551665276288986 -0.9889699816703796
1758725257.205757 8.11047077178955 9.785236358642578 -25.060640335083008 0.008246329613029957 -0.1304706633090973 -0.05340998247265816 -0.9899782538414001
1758725257.53904 8.269268989562988 9.628890991210938 -24.55201530456543 0.00977820809930563 -0.12539565563201904 -0.052164629101753235 -0.9906862378120422
1758725257.939011 8.454133987426758 9.44028091430664 -23.941408157348633 0.008834843523800373 -0.11941377818584442 -0.049897171556949615 -0.991550624370575
1758725258.205667 8.57155990600586 9.30431079864502 -23.515605926513672 0.008323482237756252 -0.11596300452947617 -0.04751545935869217 -0.9920814633369446
1758725258.605653 8.74478530883789 9.10472583770752 -22.85871696472168 0.009438480250537395 -0.11073875427246094 -0.045605018734931946 -0.9927577972412109
1758725259.07233 8.92813777923584 8.873103141784668 -22.11008071899414 0.00893369223922491 -0.10445909202098846 -0.043119966983795166 -0.993553876876831
1758725259.405654 9.05909252166748 8.704641342163086 -21.585899353027344 0.006207664497196674 -0.10119006037712097 -0.04138559848070145 -0.9939865469932556
1758725259.872319 9.214295387268066 8.492303848266602 -20.887418746948242 0.007536865305155516 -0.09596964716911316 -0.039284758269786835 -0.9945802092552185
1758725260.205607 9.325156211853027 8.329564094543457 -20.37393569946289 0.007838264107704163 -0.09314145892858505 -0.035838574171066284 -0.994976818561554
1758725260.539088 9.438251495361328 8.16171932220459 -19.850191116333008 0.00670432485640049 -0.09006252139806747 -0.03312467783689499 -0.9953625202178955
1758725260.805667 9.52808952331543 8.025165557861328 -19.421783447265625 0.0063706086948513985 -0.08782527595758438 -0.0308177899569273 -0.9956387281417847
1758725261.272483 9.676534652709961 7.798257350921631 -18.689945220947266 0.010516970418393612 -0.0834367424249649 -0.029109863564372063 -0.9960322976112366
1758725261.605679 9.77116870880127 7.649362564086914 -18.163366317749023 0.015742795541882515 -0.08069825172424316 -0.026791676878929138 -0.9962541460990906
1758725261.938955 9.870877265930176 7.481382369995117 -17.644804000854492 0.010346423834562302 -0.07834690064191818 -0.02365534007549286 -0.9965918064117432
1758725262.338914 9.978755950927734 7.2766642570495605 -17.02710723876953 0.0060364436358213425 -0.07530610263347626 -0.022075112909078598 -0.99689781665802
1758725262.805548 10.101012229919434 7.047384262084961 -16.30171775817871 0.0058179278858006 -0.0713319480419159 -0.020541749894618988 -0.9972241520881653
1758725263.205547 10.200048446655273 6.850667476654053 -15.690593719482422 0.004753673914819956 -0.06764047592878342 -0.01974027045071125 -0.9975031614303589
1758725263.605553 10.299044609069824 6.6626667976379395 -15.06139087677002 0.013742709532380104 -0.06525793671607971 -0.017979536205530167 -0.9976118206977844
1758725264.072238 10.407343864440918 6.425323009490967 -14.384150505065918 0.0009362485143356025 -0.06387501955032349 -0.011269471608102322 -0.9978938698768616
1758725264.605543 10.510929107666016 6.16282320022583 -13.59210205078125 0.0030585848726332188 -0.06030682474374771 -0.008911192417144775 -0.9981354475021362
1758725265.072338 10.605432510375977 5.936464786529541 -12.881706237792969 0.006591083016246557 -0.05765698105096817 -0.006907393224537373 -0.9982908368110657
1758725265.472172 10.684774398803711 5.737882614135742 -12.268524169921875 0.006990307010710239 -0.05498834326863289 -0.0062962002120912075 -0.9984427094459534
1758725265.805499 10.743216514587402 5.567918300628662 -11.76073169708252 0.00510014221072197 -0.052343275398015976 -0.006194881163537502 -0.9985969066619873
1758725266.205508 10.8156156539917 5.3682050704956055 -11.144879341125488 0.0035591500345617533 -0.05070055276155472 -0.004608438350260258 -0.9986969828605652
1758725266.605485 10.880581855773926 5.162613391876221 -10.531682014465332 0.0010876564774662256 -0.048539288341999054 -0.0027853697538375854 -0.9988168478012085
1758725267.005484 10.957489013671875 4.9524312019348145 -9.892304420471191 0.0020278289448469877 -0.045310020446777344 -0.0033582798205316067 -0.998965322971344
1758725267.472105 11.038423538208008 4.710099220275879 -9.169021606445312 0.0010176461655646563 -0.042164262384176254 -0.0034158870112150908 -0.999104380607605
1758725267.938787 11.102612495422363 4.473649024963379 -8.442436218261719 0.006351238116621971 -0.04061935469508171 -0.002642052248120308 -0.9991510510444641
1758725268.405521 11.16300106048584 4.22761869430542 -7.7126641273498535 0.0034662920515984297 -0.036075662821531296 -0.0022909522522240877 -0.9993404746055603
1758725268.93877 11.231513023376465 3.950157880783081 -6.925127983093262 -0.00598389795050025 -0.034700725227594376 -0.0022613401524722576 -0.9993773102760315
1758725269.472056 11.303770065307617 3.680279016494751 -6.111138820648193 0.0008501643897034228 -0.03126996010541916 -0.003202286548912525 -0.9995055198669434
1758725269.938722 11.373204231262207 3.452648162841797 -5.399194240570068 0.008182655088603497 -0.04521636664867401 -0.010225309059023857 -0.9988913536071777
1758725270.472154 11.568199157714844 3.1954169273376465 -4.647694110870361 0.003588674124330282 -0.0979648008942604 -0.029588287696242332 -0.9947435259819031
1758725271.005357 11.747934341430664 2.934654951095581 -3.8621249198913574 0.0036765902768820524 -0.09774383902549744 -0.030228540301322937 -0.994745671749115
1758725271.405367 11.900394439697266 2.736398220062256 -3.2522218227386475 0.004660237114876509 -0.10214169323444366 -0.030290506780147552 -0.9942976832389832
1758725271.805354 12.061583518981934 2.530050754547119 -2.631246328353882 0.004477045964449644 -0.10513897240161896 -0.032638225704431534 -0.9939117431640625
1758725272.272016 12.26015853881836 2.2904181480407715 -1.915481448173523 0.0012256645131856203 -0.10846608877182007 -0.034200575202703476 -0.9935109615325928
1758725272.671969 12.434935569763184 2.0894625186920166 -1.3033602237701416 0.0007751770317554474 -0.11223118752241135 -0.03475267440080643 -0.9930739402770996
1758725273.071971 12.604484558105469 1.8847689628601074 -0.6898922920227051 0.0011745346710085869 -0.11439932882785797 -0.03752393648028374 -0.9927252531051636
1758725273.538635 12.809993743896484 1.6460224390029907 0.029631786048412323 0.0007035727030597627 -0.11621631681919098 -0.04171881824731827 -0.9923471808433533
1758725273.938636 12.989290237426758 1.4583369493484497 0.6216980218887329 0.0038376941811293364 -0.119157575070858 -0.04563688486814499 -0.9918185472488403
1758725274.40537 13.18454360961914 1.254683256149292 1.231086015701294 0.0033948796335607767 -0.1203337013721466 -0.0471002571284771 -0.9916097521781921
1758725275.005669 13.398859977722168 1.0156173706054688 1.946209192276001 -0.00018610616098158062 -0.12247756123542786 -0.04770306125283241 -0.9913241863250732
1758725275.538602 13.604907989501953 0.7900580763816833 2.5987486839294434 -0.0026606759056448936 -0.12447437644004822 -0.04819994792342186 -0.9910479187965393
1758725276.138567 13.82737922668457 0.5517778992652893 3.317976474761963 -0.0010530081344768405 -0.12764787673950195 -0.049749407917261124 -0.9905705451965332
1758725276.871897 14.071528434753418 0.2908822298049927 4.094440937042236 -0.0027646117378026247 -0.12949660420417786 -0.050691742449998856 -0.990279495716095
1758725277.405231 14.263432502746582 0.09713680297136307 4.664401054382324 -0.0023102525155991316 -0.12742573022842407 -0.051197994500398636 -0.9905232191085815
1758725278.138548 14.417359352111816 -0.1488337516784668 5.391031265258789 0.0007782117463648319 -0.08391952514648438 -0.037856750190258026 -0.9957529306411743
1758725279.205164 14.513853073120117 -0.41559645533561707 6.182260513305664 0.0006527691148221493 -0.04875428229570389 -0.026818176731467247 -0.9984505772590637
1758725280.338471 14.585341453552246 -0.6758882403373718 6.93173360824585 -0.0024114816915243864 -0.037316370755434036 -0.023572897538542747 -0.9990225434303284
1758725281.271776 14.663644790649414 -0.9232213497161865 7.647382736206055 -0.0020225036423653364 -0.033036623150110245 -0.020601795986294746 -0.9992397427558899
1758725282.205109 14.721588134765625 -1.1700536012649536 8.372456550598145 -0.0018282742239534855 -0.02558247745037079 -0.01589917205274105 -0.999544620513916
1758725283.271736 14.760438919067383 -1.4238642454147339 9.099306106567383 -0.0058722724206745625 -0.018919412046670914 -0.010234735906124115 -0.9997513890266418
1758725284.53842 14.801412582397461 -1.7021510601043701 9.898017883300781 -0.004155984614044428 -0.01825002208352089 -0.009050789289176464 -0.9997839331626892
1758725286.071668 14.865580558776855 -1.9952070713043213 10.735952377319336 -0.0051612029783427715 -0.029739532619714737 -0.011023669503629208 -0.9994836449623108
1758725287.272183 14.918956756591797 -2.2081472873687744 11.351603507995605 -0.004138961434364319 -0.03285488113760948 -0.009493991732597351 -0.9994065165519714
1758725288.271676 14.957610130310059 -2.3668324947357178 11.801599502563477 -0.007275144103914499 -0.03509118780493736 -0.008890425786376 -0.9993181228637695
1758725288.6716 14.971048355102539 -2.414433717727661 11.94624137878418 -0.004431703593581915 -0.03597252815961838 -0.008681118488311768 -0.9993053078651428
