1755700955.292142 -0.0 -0.0 -0.0 -0.0 -0.0 -0.0 1.0
1755700956.810024 -0.00458140904083848 -0.048630453646183014 0.10144438594579697 0.00695175351575017 0.00038431253051385283 0.00043566172826103866 0.9999757409095764
1755700957.667961 -0.027953967452049255 -0.32409703731536865 0.9204651713371277 0.003222410101443529 -0.013569740578532219 -0.008230465464293957 0.9998688697814941
1755700958.789851 -0.1370658427476883 -0.6019489169120789 1.6947227716445923 0.010440505109727383 -0.05804692581295967 -0.025654464960098267 0.9979296326637268
1755700959.647794 -0.28471463918685913 -0.8603664040565491 2.4005320072174072 0.01299037504941225 -0.08327426761388779 -0.035230595618486404 0.9958189725875854
1755700960.439724 -0.4409002363681793 -1.1091907024383545 3.096123218536377 0.012443747371435165 -0.09891390055418015 -0.04099217802286148 0.9941734671592712
1755700961.165634 -0.6113008856773376 -1.3575522899627686 3.768263816833496 0.014238858595490456 -0.10437625646591187 -0.04172879830002785 0.9935600757598877
1755700961.825611 -0.7569891214370728 -1.5849369764328003 4.399650573730469 0.013697857968509197 -0.10648369044065475 -0.04300219565629959 0.9932897686958313
1755700962.683514 -0.9038311839103699 -1.8586019277572632 5.148190021514893 0.015643129125237465 -0.09508894383907318 -0.03691885992884636 0.9946610331535339
1755700963.607437 -1.0460072755813599 -2.1603426933288574 5.961624622344971 0.01765565387904644 -0.08400444686412811 -0.03249857947230339 0.9957788586616516
1755700964.33339 -1.1574456691741943 -2.4161527156829834 6.634403705596924 0.017492836341261864 -0.0814586877822876 -0.031149834394454956 0.9960362911224365
1755700965.05932 -1.2645130157470703 -2.668600559234619 7.311187744140625 0.018621431663632393 -0.08001422882080078 -0.032085027545690536 0.9961032271385193
1755700965.851285 -1.3771743774414062 -2.943912982940674 8.039655685424805 0.018974674865603447 -0.08093735575675964 -0.0324871763586998 0.9960089325904846
1755700966.643196 -1.4994993209838867 -3.224368095397949 8.77810001373291 0.017812592908740044 -0.08440113812685013 -0.03306211158633232 0.9957239627838135
1755700967.303106 -1.623639702796936 -3.4593851566314697 9.391154289245605 0.017130818217992783 -0.09712184220552444 -0.03618316724896431 0.99446702003479
1755700968.226273 -1.8188226222991943 -3.7353267669677734 10.131061553955078 0.016899103298783302 -0.1290196180343628 -0.046270471066236496 0.9904178380966187
1755700968.746888 -1.9529749155044556 -3.8791985511779785 10.503032684326172 0.019122807309031487 -0.14848214387893677 -0.051476385444402695 0.9873892664909363
1755700969.712186 -2.2556874752044678 -4.145673751831055 11.210531234741211 0.020240530371665955 -0.18758182227611542 -0.0652160570025444 0.9798725247383118
1755700970.603974 -2.6006219387054443 -4.399252891540527 11.857165336608887 0.02427542209625244 -0.23088128864765167 -0.07735484838485718 0.9695982336997986
1755700971.560451 -3.0456578731536865 -4.6583251953125 12.479386329650879 0.03241288289427757 -0.2825165092945099 -0.0927698165178299 0.9542157053947449
1755700972.589931 -3.604275941848755 -4.9004974365234375 13.077496528625488 0.022575141862034798 -0.3458540439605713 -0.116154745221138 0.930797278881073
1755700973.435837 -4.162873268127441 -5.068350791931152 13.502222061157227 0.02190333604812622 -0.40126949548721313 -0.13985802233219147 0.9049545526504517
1755700974.289377 -4.768256664276123 -5.210089683532715 13.852174758911133 0.025273216888308525 -0.45531266927719116 -0.1610536426305771 0.8752790093421936
1755700975.148853 -5.460946083068848 -5.360659599304199 14.18889331817627 0.028422769159078598 -0.4925214946269989 -0.17366760969161987 0.8523229360580444
1755700975.945311 -6.161107063293457 -5.487736225128174 14.478105545043945 0.03005755878984928 -0.5195837020874023 -0.18176069855690002 0.8343215584754944
1755700976.742531 -6.877917289733887 -5.6055450439453125 14.7232666015625 0.03132181987166405 -0.5448360443115234 -0.18949757516384125 0.8162496089935303
1755700977.606288 -7.652026176452637 -5.691896438598633 14.883271217346191 0.029574593529105186 -0.5856707692146301 -0.20866678655147552 0.7826706171035767
1755700978.66835 -8.423507690429688 -5.719607830047607 14.898073196411133 0.03176446259021759 -0.6488123536109924 -0.23092100024223328 0.7243680953979492
1755700979.728624 -9.153992652893066 -5.702123641967773 14.786609649658203 0.03206094726920128 -0.7126126885414124 -0.25741079449653625 0.6518397331237793
1755700980.985669 -9.959151268005371 -5.624267578125 14.474555969238281 0.038569893687963486 -0.7853478789329529 -0.27217015624046326 0.5546751618385315
1755700981.844301 -10.651649475097656 -5.501768589019775 14.14081859588623 0.03503359109163284 -0.8014520406723022 -0.29582148790359497 0.5185912847518921
1755700982.966428 -11.447940826416016 -5.366175651550293 13.646139144897461 0.04215400293469429 -0.8397395610809326 -0.29341572523117065 0.45493707060813904
1755700983.955967 -12.073118209838867 -5.21419095993042 13.123339653015137 0.03995496779680252 -0.8641988635063171 -0.2986052930355072 0.40298739075660706
1755700984.813329 -12.623220443725586 -5.0682454109191895 12.640016555786133 0.03908697888255119 -0.8696670532226562 -0.30109119415283203 0.3892243206501007
1755700986.066246 -13.365177154541016 -4.875949859619141 11.967796325683594 0.0411071702837944 -0.8754651546478271 -0.295649915933609 0.38008177280426025
1755700986.857608 -13.97195816040039 -4.717176914215088 11.388416290283203 0.043015044182538986 -0.8791611790657043 -0.29242241382598877 0.37378397583961487
1755700987.517037 -14.561365127563477 -4.574712753295898 10.828441619873047 0.04605429992079735 -0.8852226734161377 -0.2818041741847992 0.36721429228782654
1755700988.176534 -15.254423141479492 -4.415708065032959 10.1357421875 0.04368191584944725 -0.8870114684104919 -0.2818242013454437 0.3631497025489807
1755700988.836412 -16.07839012145996 -4.20677375793457 9.286235809326172 0.03984793648123741 -0.8911529779434204 -0.28489819169044495 0.3508440852165222
1755700989.363748 -16.682476043701172 -4.033651351928711 8.609878540039062 0.039885081350803375 -0.8944411277770996 -0.28618043661117554 0.341298907995224
1755700989.957407 -17.371490478515625 -3.8237557411193848 7.810934543609619 0.040910571813583374 -0.8976137638092041 -0.28756648302078247 0.33154383301734924
1755700990.551119 -18.034570693969727 -3.618765354156494 7.0200653076171875 0.03818888962268829 -0.9003627896308899 -0.29089707136154175 0.3213525712490082
1755700991.078791 -18.622303009033203 -3.4155468940734863 6.303232192993164 0.038158003240823746 -0.8995664715766907 -0.2918923795223236 0.32268115878105164
1755700991.804331 -19.479461669921875 -3.12994122505188 5.327781677246094 0.03742692247033119 -0.8956878185272217 -0.2953314185142517 0.3303361237049103
1755700992.397957 -20.146183013916016 -2.9101133346557617 4.548744201660156 0.04368085041642189 -0.8953145742416382 -0.2939026951789856 0.3318510353565216
1755700992.925632 -20.7478084564209 -2.700679063796997 3.847627639770508 0.046191152185201645 -0.8928472399711609 -0.29485243558883667 0.33727192878723145
1755700993.453281 -21.375869750976562 -2.5047850608825684 3.1425609588623047 0.04721810296177864 -0.8933667540550232 -0.2961784899234772 0.3345812261104584
1755700994.112803 -22.137168884277344 -2.2643213272094727 2.279552459716797 0.04816863685846329 -0.8939810395240784 -0.29692342877388 0.33213570713996887
1755700994.706395 -22.809581756591797 -2.0481033325195312 1.4928321838378906 0.04986134171485901 -0.8941516280174255 -0.295002818107605 0.33313679695129395
1755700995.234094 -23.396442413330078 -1.8701505661010742 0.8232307434082031 0.050045620650053024 -0.8932747840881348 -0.2931448817253113 0.3370780944824219
1755700995.761629 -23.871660232543945 -1.7344002723693848 0.28232383728027344 0.04852975159883499 -0.8938276767730713 -0.2902701497077942 0.33831986784935
1755700996.553056 -24.489839553833008 -1.5451178550720215 -0.4222602844238281 0.04733637720346451 -0.8928919434547424 -0.29130539298057556 0.34006547927856445
1755700997.410472 -25.134410858154297 -1.3564996719360352 -1.157613754272461 0.04874713346362114 -0.8926990628242493 -0.2912747263908386 0.34039855003356934
1755700998.399749 -25.717510223388672 -1.1882104873657227 -1.803426742553711 0.047417040914297104 -0.8925328850746155 -0.29221242666244507 0.3402186334133148
1755700999.25714 -26.193614959716797 -1.0411109924316406 -2.3299732208251953 0.045759961009025574 -0.8915774822235107 -0.29452890157699585 0.3409522771835327
1755701000.444297 -26.83698081970215 -0.8304433822631836 -3.0575218200683594 0.04008284583687782 -0.8915979862213135 -0.2954970598220825 0.3407755494117737
1755701001.301714 -27.296445846557617 -0.6811094284057617 -3.5957260131835938 0.038715239614248276 -0.8921212553977966 -0.2933851182460785 0.3413884937763214
1755701002.488875 -27.964040756225586 -0.49058055877685547 -4.32951545715332 0.038836151361465454 -0.8927481174468994 -0.29115235805511475 0.34164726734161377
1755701003.544122 -28.54772186279297 -0.2916707992553711 -5.006538391113281 0.03951256349682808 -0.8912544846534729 -0.29410701990127563 0.34293633699417114
1755701004.665721 -29.159164428710938 -0.10620784759521484 -5.704257965087891 0.04163111373782158 -0.8919340968132019 -0.2912999093532562 0.34331443905830383
1755701005.786488 -29.783933639526367 0.09648895263671875 -6.41156005859375 0.041312769055366516 -0.8913905620574951 -0.292025089263916 0.3441475033760071
1755701006.973629 -30.44817543029785 0.30919742584228516 -7.161018371582031 0.03907237574458122 -0.8907055258750916 -0.29287922382354736 0.34545445442199707
1755701007.962925 -31.01315689086914 0.48270416259765625 -7.777061462402344 0.03898150101304054 -0.8907729983329773 -0.2903430461883545 0.347426176071167
1755701008.820329 -31.523305892944336 0.6344537734985352 -8.321434020996094 0.036728668957948685 -0.8882768154144287 -0.29196450114250183 0.3526642620563507
1755701009.54582 -31.9545955657959 0.7613182067871094 -8.773345947265625 0.03889457508921623 -0.8882270455360413 -0.2884165644645691 0.35546576976776123
1755701010.535107 -32.563270568847656 0.9314889907836914 -9.420185089111328 0.03979313001036644 -0.8866950273513794 -0.28794270753860474 0.35955169796943665
1755701011.656289 -33.247066497802734 1.122572898864746 -10.137516021728516 0.04278697073459625 -0.8843495845794678 -0.2881298065185547 0.36479631066322327
1755701012.579836 -33.83015823364258 1.2739343643188477 -10.709148406982422 0.04352858290076256 -0.8811830878257751 -0.287333607673645 0.3729090094566345
1755701013.832761 -34.612030029296875 1.468958854675293 -11.445873260498047 0.045109961181879044 -0.8787524700164795 -0.2862964868545532 0.3792012333869934
1755701015.019892 -35.35890579223633 1.6497087478637695 -12.14212417602539 0.045595210045576096 -0.8755107522010803 -0.28510764241218567 0.38744765520095825
1755701015.94349 -35.96360778808594 1.7952823638916016 -12.701751708984375 0.04515368491411209 -0.8735008835792542 -0.284530371427536 0.39242812991142273
1755701016.734743 -36.6539192199707 1.9513978958129883 -13.321685791015625 0.04682100564241409 -0.8716453313827515 -0.2840704917907715 0.396668940782547
1755701017.592079 -37.42771530151367 2.1311864852905273 -14.014385223388672 0.04716950282454491 -0.8689984083175659 -0.28337788581848145 0.40288177132606506
1755701018.119762 -37.95863723754883 2.2370948791503906 -14.467594146728516 0.046273373067379 -0.868614912033081 -0.28160303831100464 0.4050515294075012
1755701019.043054 -38.821922302246094 2.4159698486328125 -15.20694351196289 0.047480881214141846 -0.8670052289962769 -0.28185132145881653 0.4081757664680481
1755701019.636589 -39.379913330078125 2.527996063232422 -15.683597564697266 0.04690256342291832 -0.8668598532676697 -0.28196173906326294 0.40847495198249817
1755701020.362313 -40.07386016845703 2.6712703704833984 -16.275798797607422 0.04501676559448242 -0.8667868375778198 -0.28105807304382324 0.4094636142253876
1755701021.219461 -40.926422119140625 2.8444671630859375 -16.99578857421875 0.044654782861471176 -0.8666212558746338 -0.28151264786720276 0.4095414876937866
1755701022.07686 -41.907623291015625 3.0573482513427734 -17.83413314819336 0.04238017275929451 -0.8670467138290405 -0.28265342116355896 0.4080943763256073
1755701022.736407 -42.65692901611328 3.2242393493652344 -18.464889526367188 0.041976600885391235 -0.8662992715835571 -0.2849188446998596 0.4081481099128723
1755701023.593769 -43.68495178222656 3.448772430419922 -19.338436126708984 0.04168422147631645 -0.8663776516914368 -0.28377625346183777 0.40880724787712097
1755701024.12142 -44.34780502319336 3.5844783782958984 -19.886280059814453 0.03925477713346481 -0.8663396835327148 -0.28347691893577576 0.40933528542518616
1755701024.781087 -45.14543914794922 3.7599124908447266 -20.56230926513672 0.0386011078953743 -0.867122232913971 -0.28045493364334106 0.4098219573497772
1755701025.506401 -46.0547981262207 3.9421730041503906 -21.318893432617188 0.035762153565883636 -0.8679607510566711 -0.27771052718162537 0.4101732671260834
1755701026.099976 -46.765228271484375 4.082950592041016 -21.913875579833984 0.03634265810251236 -0.8660020232200623 -0.2784784734249115 0.4137263298034668
1755701026.759572 -47.60712432861328 4.235761642456055 -22.5897216796875 0.03490302339196205 -0.8650071024894714 -0.2782377600669861 0.41608700156211853
1755701027.287151 -48.30411911010742 4.376893997192383 -23.159038543701172 0.03630024939775467 -0.8649674654006958 -0.27612754702568054 0.4174532890319824
1755701027.880712 -49.088134765625 4.532402038574219 -23.800216674804688 0.03385230526328087 -0.8646742105484009 -0.2758806049823761 0.41842859983444214
1755701028.342464 -49.71682357788086 4.654541015625 -24.302982330322266 0.03115166909992695 -0.8642739653587341 -0.27633950114250183 0.41916191577911377
1755701028.738093 -50.26448059082031 4.762399673461914 -24.740482330322266 0.03221088647842407 -0.8633232116699219 -0.2763015031814575 0.42106184363365173
1755701029.265842 -50.97831344604492 4.901905059814453 -25.301807403564453 0.029889438301324844 -0.8623191118240356 -0.2756059169769287 0.42373794317245483
1755701029.661428 -51.52751159667969 5.006940841674805 -25.72531509399414 0.028600655496120453 -0.8621141314506531 -0.2738536596298218 0.42537686228752136
1755701029.991218 -51.976531982421875 5.086748123168945 -26.070362091064453 0.02809629775583744 -0.8619164228439331 -0.27190259099006653 0.4270593822002411
1755701030.386931 -52.50995635986328 5.1921234130859375 -26.479530334472656 0.026992758736014366 -0.8611819744110107 -0.2741681933403015 0.42716366052627563
1755701030.848753 -53.10223388671875 5.309335708618164 -26.932533264160156 0.026648277416825294 -0.8601319193840027 -0.2746484875679016 0.42898866534233093
1755701031.244299 -53.62464141845703 5.412919998168945 -27.33202362060547 0.026464005932211876 -0.8594813346862793 -0.2754765748977661 0.42977234721183777
1755701031.64003 -54.140708923339844 5.510120391845703 -27.725799560546875 0.02648845873773098 -0.8589460849761963 -0.27503928542137146 0.43111878633499146
1755701032.101716 -54.75255584716797 5.614864349365234 -28.19769287109375 0.029424918815493584 -0.8594938516616821 -0.27071037888526917 0.4325743317604065
1755701032.629333 -55.496681213378906 5.802011489868164 -28.741485595703125 0.02134222351014614 -0.8492139577865601 -0.2941073477268219 0.43804237246513367
1755701033.15694 -56.1630859375 5.922571182250977 -29.249710083007812 0.037755195051431656 -0.8563326001167297 -0.27454325556755066 0.4357694387435913
1755701033.684552 -56.83686065673828 6.054882049560547 -29.731101989746094 0.029764214530587196 -0.8563552498817444 -0.28246402740478516 0.43125855922698975
1755701034.146218 -57.42278289794922 6.154848098754883 -30.17400360107422 0.0332295298576355 -0.8603594899177551 -0.27348992228507996 0.42881301045417786
1755701034.673917 -58.04252624511719 6.268331527709961 -30.66204071044922 0.03101949580013752 -0.8626525402069092 -0.27219313383102417 0.42518144845962524
1755701035.201471 -58.665809631347656 6.393856048583984 -31.152259826660156 0.020609553903341293 -0.8663246631622314 -0.2771546542644501 0.4150206744670868
1755701035.729091 -59.255088806152344 6.49589729309082 -31.640480041503906 0.022615408524870872 -0.875403642654419 -0.2610563635826111 0.4062100052833557
1755701036.256712 -59.86028289794922 6.625205993652344 -32.168540954589844 0.02003176137804985 -0.8752167820930481 -0.2754361033439636 0.397151380777359
1755701036.916264 -60.51775360107422 6.810785293579102 -32.78096008300781 0.020081698894500732 -0.8742390871047974 -0.2913864850997925 0.38780996203422546
1755701037.773631 -61.04307556152344 6.942234039306641 -33.30864715576172 0.025991113856434822 -0.8858844637870789 -0.2870464324951172 0.36350736021995544
1755701038.763036 -61.62152099609375 7.131620407104492 -33.97312927246094 0.03392919525504112 -0.8943533301353455 -0.2894713282585144 0.3393925428390503
1755701039.686263 -62.16996383666992 7.3395843505859375 -34.64689636230469 0.035652387887239456 -0.8963934183120728 -0.3019602298736572 0.32253357768058777
1755701040.675589 -62.73033905029297 7.573598861694336 -35.37091827392578 0.042256757616996765 -0.8999366760253906 -0.3104925751686096 0.3031875193119049
1755701041.664844 -63.195411682128906 7.803442001342773 -36.06633758544922 0.03978104889392853 -0.9101459383964539 -0.3157571852207184 0.2652345895767212
1755701042.522262 -63.53167724609375 8.024036407470703 -36.715171813964844 0.03846403956413269 -0.9221457242965698 -0.315483033657074 0.2205408662557602
1755701043.51156 -63.84789276123047 8.271430969238281 -37.497962951660156 0.036815084517002106 -0.9334180951118469 -0.3149031400680542 0.1679621934890747
1755701044.434882 -64.08372497558594 8.519525527954102 -38.27409362792969 0.032360997051000595 -0.9405875205993652 -0.31547582149505615 0.1213376447558403
1755701045.29226 -64.23667907714844 8.757648468017578 -38.96759033203125 0.036001868546009064 -0.9431114196777344 -0.3200170695781708 0.0826665386557579
1755701046.215609 -64.33336639404297 9.02847671508789 -39.7626953125 0.039373330771923065 -0.9439430236816406 -0.3233833611011505 0.05333501100540161
1755701046.941116 -64.404052734375 9.254383087158203 -40.43154525756836 0.04012548178434372 -0.9446786642074585 -0.3233208954334259 0.03789236396551132
1755701047.798589 -64.45805358886719 9.528773307800293 -41.20615768432617 0.04052725061774254 -0.9433177709579468 -0.3289799988269806 0.016774794086813927
1755701048.589944 -64.47462463378906 9.790995597839355 -41.944644927978516 0.04031858220696449 -0.9433323740959167 -0.3293854296207428 0.001919137081131339
1755701049.44764 -64.47054290771484 10.07313060760498 -42.74789810180664 0.040199168026447296 -0.9446239471435547 -0.32541823387145996 -0.013140467926859856
1755701050.106839 -64.44821166992188 10.304031372070312 -43.370628356933594 0.03970039635896683 -0.9437134265899658 -0.32724490761756897 -0.027196301147341728
1755701050.832307 -64.38927459716797 10.557258605957031 -44.04493713378906 0.03559693694114685 -0.9426029920578003 -0.32759803533554077 -0.053963419049978256
1755701051.624038 -64.2856216430664 10.82771110534668 -44.76937484741211 0.03315261751413345 -0.9408820271492004 -0.328854501247406 -0.07413950562477112
1755701052.415313 -64.13915252685547 11.108556747436523 -45.49210739135742 0.03157907351851463 -0.9385716915130615 -0.3298312723636627 -0.09642288833856583
1755701053.140664 -63.981346130371094 11.358481407165527 -46.15896224975586 0.03042985126376152 -0.9361523389816284 -0.3298458456993103 -0.11787562072277069
1755701053.99807 -63.709136962890625 11.621809005737305 -46.86279296875 0.025545474141836166 -0.9283856153488159 -0.3272950053215027 -0.1741427481174469
1755701054.855437 -63.366432189941406 11.873443603515625 -47.49222183227539 0.02179420180618763 -0.9160733222961426 -0.32616281509399414 -0.2322770357131958
1755701055.712828 -62.94847869873047 12.134485244750977 -48.083309173583984 0.02183621935546398 -0.8975773453712463 -0.3351534605026245 -0.2855702340602875
1755701056.504262 -62.494110107421875 12.387046813964844 -48.65928649902344 0.027315350249409676 -0.8926061391830444 -0.32815462350845337 -0.30793294310569763
1755701057.163799 -62.051795959472656 12.609138488769531 -49.18043518066406 0.031160466372966766 -0.8890133500099182 -0.322949081659317 -0.3230917751789093
1755701057.625463 -61.61982727050781 12.825212478637695 -49.69580841064453 0.031686414033174515 -0.8860722184181213 -0.32128480076789856 -0.33263808488845825
1755701058.153085 -61.12090301513672 13.07330322265625 -50.277252197265625 0.031629376113414764 -0.8839172720909119 -0.32152289152145386 -0.33810198307037354
1755701058.680736 -60.5999755859375 13.323789596557617 -50.84986877441406 0.03325420990586281 -0.8832224607467651 -0.3189338445663452 -0.34218934178352356
1755701059.142377 -60.147987365722656 13.527044296264648 -51.33361053466797 0.034740857779979706 -0.8801102042198181 -0.31482553482055664 -0.35367220640182495
1755701059.472215 -59.81101989746094 13.686823844909668 -51.68548583984375 0.04053397849202156 -0.8787999153137207 -0.31694406270980835 -0.35442087054252625
1755701059.999779 -59.27599334716797 13.90755844116211 -52.21855926513672 0.04919176176190376 -0.8776003122329712 -0.3095851540565491 -0.3627049922943115
1755701060.527377 -58.7291259765625 14.1273193359375 -52.753997802734375 0.0459316223859787 -0.8763686418533325 -0.30398687720298767 -0.37075644731521606
1755701061.055001 -58.178871154785156 14.352742195129395 -53.28215026855469 0.04153940826654434 -0.8712798357009888 -0.3086130917072296 -0.3793468773365021
1755701061.384764 -57.785621643066406 14.499349594116211 -53.65119171142578 0.04158291965723038 -0.871049165725708 -0.30211418867111206 -0.3850601613521576
1755701061.78048 -57.273841857910156 14.709138870239258 -54.14421844482422 0.0401574932038784 -0.8687743544578552 -0.30576443672180176 -0.38746175169944763
1755701062.110266 -56.833740234375 14.884984016418457 -54.54594039916992 0.04119335114955902 -0.8663615584373474 -0.30827027559280396 -0.39075592160224915
1755701062.505975 -56.28672790527344 15.08953857421875 -55.037715911865234 0.039507001638412476 -0.8665828704833984 -0.30395370721817017 -0.393809050321579
1755701062.901678 -55.71100616455078 15.30164909362793 -55.536865234375 0.03946299850940704 -0.8638411164283752 -0.3056087791919708 -0.39852797985076904
1755701063.297403 -55.16590118408203 15.519102096557617 -56.01933670043945 0.04160141572356224 -0.8620247840881348 -0.3058233857154846 -0.40206289291381836
1755701063.693123 -54.59355926513672 15.73495101928711 -56.50213623046875 0.043827299028635025 -0.8586266040802002 -0.3080957233905792 -0.40732863545417786
1755701063.956926 -54.21305847167969 15.878198623657227 -56.824886322021484 0.04213624447584152 -0.857844352722168 -0.30763575434684753 -0.4094972014427185
1755701064.352643 -53.64336395263672 16.09129524230957 -57.29754638671875 0.04223955422639847 -0.8558059930801392 -0.30805179476737976 -0.4134199917316437
1755701064.748368 -53.07415771484375 16.304018020629883 -57.76305389404297 0.04116874933242798 -0.854107677936554 -0.3089345395565033 -0.41637077927589417
1755701065.078165 -52.59027099609375 16.491527557373047 -58.15901184082031 0.04234682396054268 -0.8519620895385742 -0.3107215464115143 -0.41930830478668213
1755701065.407897 -52.11201477050781 16.663328170776367 -58.550777435302734 0.0401383712887764 -0.8523017168045044 -0.3068513572216034 -0.421678751707077
1755701065.737733 -51.62762451171875 16.836915969848633 -58.93838882446289 0.03781186416745186 -0.8507826328277588 -0.30771809816360474 -0.4243214726448059
1755701066.133383 -51.020484924316406 17.05790138244629 -59.406028747558594 0.03848477452993393 -0.8491068482398987 -0.3095729947090149 -0.4262641370296478
1755701066.463143 -50.538780212402344 17.230201721191406 -59.779754638671875 0.03587327525019646 -0.8477718830108643 -0.3096219301223755 -0.4291039705276489
1755701066.792931 -50.071067810058594 17.399642944335938 -60.143585205078125 0.03648707643151283 -0.8470085263252258 -0.30945196747779846 -0.4306793808937073
1755701067.122662 -49.59447479248047 17.575170516967773 -60.511131286621094 0.036863695830106735 -0.8459282517433167 -0.31025874614715576 -0.4321875274181366
1755701067.452428 -49.09184265136719 17.74747085571289 -60.88142776489258 0.03611629083752632 -0.845827579498291 -0.3076496720314026 -0.4343075454235077
1755701067.782218 -48.61383056640625 17.920734405517578 -61.23820877075195 0.034605443477630615 -0.8445801138877869 -0.30990737676620483 -0.43525201082229614
1755701068.177918 -48.023834228515625 18.137290954589844 -61.67674255371094 0.035989824682474136 -0.8432052731513977 -0.3116344213485718 -0.43657031655311584
1755701068.573629 -47.45073699951172 18.338075637817383 -62.108585357666016 0.03447766229510307 -0.8439779877662659 -0.3093205690383911 -0.4368447959423065
1755701068.969355 -46.89451599121094 18.53653335571289 -62.5229377746582 0.03328394889831543 -0.8434111475944519 -0.3110712170600891 -0.43678900599479675
1755701069.167625 -46.58720397949219 18.638442993164062 -62.745121002197266 0.033157192170619965 -0.8439961671829224 -0.30847856402397156 -0.43750670552253723
1755701069.496991 -46.09153747558594 18.82126235961914 -63.11323547363281 0.032280951738357544 -0.8430992960929871 -0.3101840913295746 -0.4380951225757599
1755701069.82673 -45.59210968017578 19.007009506225586 -63.472511291503906 0.033544231206178665 -0.8416692614555359 -0.3133881986141205 -0.43846961855888367
1755701070.024589 -45.28752899169922 19.106857299804688 -63.699832916259766 0.033603962510824203 -0.8417258262634277 -0.31147345900535583 -0.4397188723087311
1755701070.354353 -44.77659606933594 19.29559326171875 -64.07172393798828 0.03282548114657402 -0.8397793769836426 -0.31444239616394043 -0.4413832426071167
1755701070.684148 -44.25236511230469 19.47954750061035 -64.44949340820312 0.03254486620426178 -0.8398608565330505 -0.31515437364578247 -0.44074058532714844
1755701070.947929 -43.82414245605469 19.62616729736328 -64.75325012207031 0.03399163484573364 -0.8401867747306824 -0.31461963057518005 -0.44039222598075867
1755701071.34366 -43.228050231933594 19.852521896362305 -65.19361877441406 0.033910758793354034 -0.8399505615234375 -0.3167053163051605 -0.43935278058052063
1755701071.674545 -42.71868133544922 20.03759002685547 -65.57882690429688 0.030496954917907715 -0.8391738533973694 -0.31877171993255615 -0.4395928382873535
1755701072.135191 -42.124473571777344 20.265033721923828 -66.01049041748047 0.03302525728940964 -0.8354081511497498 -0.32670485973358154 -0.4407568871974945
1755701072.794609 -41.575225830078125 20.453474044799805 -66.40292358398438 0.030181042850017548 -0.8355978727340698 -0.31862780451774597 -0.4464769959449768
1755701073.652015 -40.89112854003906 20.686092376708984 -66.8661117553711 0.025861378759145737 -0.8309693336486816 -0.3165012300014496 -0.4567802846431732
1755701074.509415 -40.22814178466797 20.902950286865234 -67.29105377197266 0.022806638851761818 -0.8242616653442383 -0.3142855763435364 -0.47042223811149597
1755701075.432738 -39.47077178955078 21.14176368713379 -67.6993637084961 0.028491176664829254 -0.8088078498840332 -0.31183433532714844 -0.49777254462242126
1755701076.487985 -38.72704315185547 21.316131591796875 -67.97734069824219 0.02512393891811371 -0.7691563367843628 -0.30299755930900574 -0.5621030926704407
1755701077.411314 -38.020137786865234 21.422874450683594 -68.08602142333984 0.019654348492622375 -0.7201506495475769 -0.28706228733062744 -0.6313415169715881
1755701078.202932 -37.320796966552734 21.50166130065918 -68.10765075683594 0.019211066886782646 -0.6767489910125732 -0.27217137813568115 -0.683786928653717
1755701079.060207 -36.54342269897461 21.549571990966797 -68.02218627929688 0.026348499581217766 -0.6261851191520691 -0.25535061955451965 -0.7362024784088135
1755701079.78562 -35.93539047241211 21.54469871520996 -67.87197875976562 0.019254647195339203 -0.5754714012145996 -0.2382771223783493 -0.7821035385131836
1755701080.511108 -35.29666519165039 21.5267391204834 -67.7009506225586 0.009459990076720715 -0.5512688159942627 -0.23534376919269562 -0.8003915548324585
1755701081.17063 -34.73014450073242 21.452667236328125 -67.53096008300781 -0.017320679500699043 -0.5426275134086609 -0.21420425176620483 -0.8120172023773193
1755701082.028013 -33.946929931640625 21.387008666992188 -67.27323913574219 -0.011197219602763653 -0.532343327999115 -0.21244755387306213 -0.8193602561950684
1755701082.8854 -33.169166564941406 21.31552505493164 -66.99893188476562 -0.011271133087575436 -0.523588240146637 -0.20925366878509521 -0.8257972598075867
1755701083.544923 -32.563514709472656 21.265872955322266 -66.76095581054688 -0.002323484979569912 -0.513397216796875 -0.21049366891384125 -0.8319316506385803
1755701084.270424 -31.983680725097656 21.18077850341797 -66.46735382080078 -0.007621368393301964 -0.48493239283561707 -0.19572556018829346 -0.8523344397544861
1755701085.061877 -31.280506134033203 21.09600067138672 -66.11065673828125 -0.000708021514583379 -0.4695098400115967 -0.19868342578411102 -0.8602818846702576
1755701085.85328 -30.59772491455078 20.994266510009766 -65.74368286132812 -0.009481407701969147 -0.45842310786247253 -0.19743016362190247 -0.866475522518158
1755701086.710668 -29.878314971923828 20.871688842773438 -65.35310363769531 -0.014916489832103252 -0.45117759704589844 -0.19103796780109406 -0.871619701385498
1755701087.568128 -29.15740203857422 20.766796112060547 -64.90254211425781 0.005009184125810862 -0.43452727794647217 -0.19139541685581207 -0.8800731301307678
1755701088.293555 -28.57128143310547 20.65310287475586 -64.51789093017578 -0.0044253189116716385 -0.428676962852478 -0.1841183453798294 -0.8844869136810303
1755701089.150927 -27.846729278564453 20.55158233642578 -64.0582275390625 0.009105577133595943 -0.42093899846076965 -0.19082248210906982 -0.8867436051368713
1755701089.942357 -27.178421020507812 20.45022964477539 -63.60696792602539 0.009822436608374119 -0.41690555214881897 -0.191984623670578 -0.8883891701698303
1755701090.601891 -26.636756896972656 20.358415603637695 -63.24245834350586 0.007298627402633429 -0.41617345809936523 -0.18725983798503876 -0.889764130115509
1755701091.45928 -25.928760528564453 20.251758575439453 -62.740623474121094 0.010270546190440655 -0.41293084621429443 -0.18734939396381378 -0.8912255167961121
1755701092.250724 -25.292743682861328 20.153377532958984 -62.30894470214844 0.009213964454829693 -0.41638827323913574 -0.18598663806915283 -0.8899129033088684
1755701092.976207 -24.707599639892578 20.07183074951172 -61.92194366455078 0.008373560383915901 -0.4161945879459381 -0.18827137351036072 -0.8895313143730164
1755701093.701756 -24.124021530151367 19.983638763427734 -61.518821716308594 0.008230675011873245 -0.4146710932254791 -0.18756501376628876 -0.8903928995132446
1755701094.295245 -23.484426498413086 19.90426254272461 -61.061927795410156 0.015075643546879292 -0.4128350615501404 -0.19173301756381989 -0.8902687430381775
1755701094.822876 -22.889236450195312 19.794620513916016 -60.643531799316406 0.00597890792414546 -0.41331130266189575 -0.18327826261520386 -0.8919345140457153
1755701095.350498 -22.280588150024414 19.69605827331543 -60.20515441894531 0.009225329384207726 -0.4092678427696228 -0.18427354097366333 -0.8935648202896118
1755701095.878132 -21.683521270751953 19.590656280517578 -59.76409912109375 0.010148972272872925 -0.40357160568237305 -0.18134063482284546 -0.8967399597167969
1755701096.405737 -21.069650650024414 19.484657287597656 -59.303565979003906 0.008885573595762253 -0.396496444940567 -0.1786487102508545 -0.9004423022270203
1755701096.933363 -20.494144439697266 19.36383056640625 -58.82086944580078 0.009980595670640469 -0.3809909522533417 -0.17048868536949158 -0.9086692929267883
1755701097.461008 -19.92403221130371 19.253620147705078 -58.352752685546875 0.01155752781778574 -0.38246840238571167 -0.16971629858016968 -0.9081743955612183
1755701097.988974 -19.3457088470459 19.142742156982422 -57.8848762512207 0.013180241920053959 -0.384692519903183 -0.1661452353000641 -0.9078732132911682
1755701098.582188 -18.730579376220703 19.010475158691406 -57.38831329345703 0.011264445260167122 -0.38391900062561035 -0.16447702050209045 -0.9085299968719482
1755701099.10984 -18.131473541259766 18.893779754638672 -56.90796661376953 0.011616779491305351 -0.38787978887557983 -0.16410860419273376 -0.9069082736968994
1755701099.637444 -17.50076675415039 18.77024269104004 -56.397926330566406 0.01325337402522564 -0.38781940937042236 -0.16667969524860382 -0.9064427018165588
1755701100.165057 -16.87366485595703 18.64895248413086 -55.90779113769531 0.015584993176162243 -0.38693660497665405 -0.16594791412353516 -0.9069170355796814
1755701100.626757 -16.31689453125 18.530433654785156 -55.46831130981445 0.009856216609477997 -0.3883213698863983 -0.16234883666038513 -0.9070569276809692
1755701101.154357 -15.663543701171875 18.404369354248047 -54.94797134399414 0.013188345357775688 -0.38471612334251404 -0.16395367681980133 -0.9082614183425903
1755701101.616081 -15.094707489013672 18.286327362060547 -54.48332595825195 0.01225094310939312 -0.3852875232696533 -0.16178879141807556 -0.9084205031394958
1755701102.011761 -14.61014461517334 18.185956954956055 -54.097625732421875 0.011321871541440487 -0.3839130997657776 -0.16141895949840546 -0.9090800285339355
1755701102.53945 -13.99515151977539 18.061777114868164 -53.601844787597656 0.013692841865122318 -0.3826761543750763 -0.16240662336349487 -0.9093930125236511
1755701103.066978 -13.37695598602295 17.933765411376953 -53.100955963134766 0.011241206899285316 -0.3760780692100525 -0.160423144698143 -0.9125258326530457
1755701103.396778 -12.989945411682129 17.848350524902344 -52.77149963378906 0.011302066966891289 -0.3721305727958679 -0.16047249734401703 -0.9141333103179932
1755701103.72651 -12.565385818481445 17.754213333129883 -52.39300537109375 0.011952283792197704 -0.3685600757598877 -0.157278910279274 -0.9161244630813599
1755701104.188256 -11.969709396362305 17.612524032592773 -51.86798858642578 0.010866357013583183 -0.36636510491371155 -0.15688414871692657 -0.917085587978363
1755701104.517953 -11.529898643493652 17.502532958984375 -51.468101501464844 0.005991680547595024 -0.365562379360199 -0.1529393047094345 -0.9181165099143982
1755701104.91366 -10.960765838623047 17.368478775024414 -50.95711898803711 0.011134837754070759 -0.3635793924331665 -0.15409918129444122 -0.9186617732048035
1755701105.243445 -10.463403701782227 17.244770050048828 -50.501434326171875 0.011258356273174286 -0.3611452281475067 -0.15056012570858002 -0.9202060103416443
1755701105.573193 -9.986212730407715 17.118932723999023 -50.06283187866211 0.007515539415180683 -0.3582507371902466 -0.14898273348808289 -0.9216311573982239
1755701105.903106 -9.503204345703125 16.99630355834961 -49.6187744140625 0.011160722002387047 -0.35391345620155334 -0.14973387122154236 -0.9231470823287964
1755701106.100819 -9.21712589263916 16.922590255737305 -49.34208297729492 0.010692060925066471 -0.35144785046577454 -0.1472560614347458 -0.9244921803474426
1755701106.364637 -8.841395378112793 16.825246810913086 -48.98408508300781 0.013430873863399029 -0.3466190695762634 -0.14768730103969574 -0.9262091517448425
1755701106.760341 -8.284804344177246 16.66705322265625 -48.432777404785156 0.010446202009916306 -0.34090617299079895 -0.1435355395078659 -0.9290163516998291
1755701107.156139 -7.725351333618164 16.5079288482666 -47.884647369384766 0.010059261694550514 -0.33348962664604187 -0.14191168546676636 -0.9319574236869812
1755701107.55179 -7.174624443054199 16.35223388671875 -47.30500793457031 0.014590040780603886 -0.32541483640670776 -0.13964828848838806 -0.935088574886322
1755701107.88155 -6.731444358825684 16.203641891479492 -46.82536315917969 0.004094655625522137 -0.317660391330719 -0.1359691321849823 -0.9383962154388428
1755701108.212084 -6.29594087600708 16.07891082763672 -46.34247589111328 0.012108455412089825 -0.3075813055038452 -0.13977991044521332 -0.9411210417747498
1755701108.541072 -5.858826160430908 15.938720703125 -45.83826446533203 0.013874202035367489 -0.3013218939304352 -0.14067363739013672 -0.9429865479469299
1755701108.936795 -5.349301338195801 15.780204772949219 -45.24932098388672 0.012799364514648914 -0.2924502491950989 -0.13544540107250214 -0.9465535879135132
1755701109.266562 -4.938287734985352 15.63917350769043 -44.73770523071289 0.010052996687591076 -0.2836017608642578 -0.12955492734909058 -0.9500971436500549
1755701109.596339 -4.548076629638672 15.495318412780762 -44.22869873046875 0.011057783849537373 -0.27493226528167725 -0.12642987072467804 -0.9530506134033203
1755701109.992077 -4.10959529876709 15.322765350341797 -43.62847137451172 0.005923933815211058 -0.2650502324104309 -0.11616134643554688 -0.9571937322616577
1755701110.321897 -3.761007308959961 15.164939880371094 -43.11206817626953 0.005327426362782717 -0.2538350820541382 -0.11393668502569199 -0.9604987502098083
1755701110.651561 -3.433659076690674 15.022478103637695 -42.601661682128906 0.007721578702330589 -0.2421938180923462 -0.10947782546281815 -0.9640005826950073
1755701111.047307 -3.0644540786743164 14.840089797973633 -41.99064636230469 0.010424086824059486 -0.2230348140001297 -0.10285045206546783 -0.9693135023117065
1755701111.443012 -2.7336297035217285 14.660582542419434 -41.36424255371094 0.012404859066009521 -0.20549409091472626 -0.09257426857948303 -0.9741911292076111
1755701111.838712 -2.4331111907958984 14.468207359313965 -40.7225456237793 0.011324813589453697 -0.18547485768795013 -0.08517622947692871 -0.9788849949836731
1755701112.234434 -2.1440916061401367 14.27565860748291 -40.08137512207031 0.00887040700763464 -0.17755578458309174 -0.08030274510383606 -0.9807888269424438
1755701112.564206 -1.9074678421020508 14.10838508605957 -39.512027740478516 0.010028025135397911 -0.16813048720359802 -0.07721992582082748 -0.9826844930648804
1755701112.893962 -1.6799261569976807 13.929729461669922 -38.9825325012207 0.006272922269999981 -0.15981800854206085 -0.07388200610876083 -0.9843578338623047
1755701113.223763 -1.4687260389328003 13.759977340698242 -38.4044189453125 0.008184202946722507 -0.14999094605445862 -0.07263372838497162 -0.985981822013855
1755701113.619488 -1.2087352275848389 13.549253463745117 -37.723487854003906 0.008100259117782116 -0.14411485195159912 -0.0703362226486206 -0.9870249032974243
1755701113.949219 -0.9998247623443604 13.3847074508667 -37.159358978271484 0.013043609447777271 -0.13852140307426453 -0.06638887524604797 -0.9880456924438477
1755701114.27898 -0.796310544013977 13.213802337646484 -36.57948303222656 0.011869125999510288 -0.1330346018075943 -0.06470729410648346 -0.9889256358146667
1755701114.60874 -0.6002163290977478 13.031657218933105 -35.99479293823242 0.009134752675890923 -0.12872326374053955 -0.061786945909261703 -0.9897117018699646
1755701115.004475 -0.39002174139022827 12.827486038208008 -35.31730651855469 0.010378838516771793 -0.12293297052383423 -0.059616055339574814 -0.9905684590339661
1755701115.400169 -0.19348227977752686 12.622931480407715 -34.639827728271484 0.010473459959030151 -0.11852893233299255 -0.0558587908744812 -0.9913228750228882
1755701115.729968 -0.026633918285369873 12.445417404174805 -34.07611846923828 0.007419252302497625 -0.11579163372516632 -0.055642399936914444 -0.9916860461235046
1755701116.059714 0.1505727469921112 12.270120620727539 -33.52311706542969 0.009098329581320286 -0.11840716749429703 -0.055936023592948914 -0.9913466572761536
1755701116.389464 0.32670190930366516 12.094561576843262 -32.96220779418945 0.009456945583224297 -0.11319352686405182 -0.055943530052900314 -0.9919517040252686
1755701116.785385 0.5200443267822266 11.879989624023438 -32.27362060546875 0.008266783319413662 -0.10990280658006668 -0.05437353253364563 -0.9924195408821106
1755701117.181196 0.7137216329574585 11.66572093963623 -31.58659553527832 0.009840147569775581 -0.1057647168636322 -0.053367700427770615 -0.99290931224823
1755701117.510669 0.8656513094902039 11.48610782623291 -31.01664161682129 0.008482991717755795 -0.10395094752311707 -0.05030064657330513 -0.9932734370231628
1755701117.840417 1.0181102752685547 11.294811248779297 -30.4249267578125 0.0077251591719686985 -0.10102298110723495 -0.04911286383867264 -0.9936411380767822
1755701118.236141 1.2071340084075928 11.070489883422852 -29.727453231811523 0.0061802645213902 -0.09771069139242172 -0.04902290552854538 -0.9939875602722168
1755701118.433994 1.2927789688110352 10.954667091369629 -29.36539077758789 0.008356254547834396 -0.09590931236743927 -0.048254188150167465 -0.994184672832489
1755701118.76377 1.43705153465271 10.766989707946777 -28.77267074584961 0.008108499459922314 -0.09437821805477142 -0.046534888446331024 -0.9944151639938354
1755701119.093556 1.5888665914535522 10.566798210144043 -28.169992446899414 0.005724938120692968 -0.0932057574391365 -0.04326315596699715 -0.9946900606155396
1755701119.291458 1.6815012693405151 10.456982612609863 -27.80788803100586 0.008076390251517296 -0.09029088169336319 -0.04395364597439766 -0.994912326335907
1755701119.621153 1.8295807838439941 10.26350212097168 -27.195905685424805 0.007595143746584654 -0.08766155689954758 -0.044850606471300125 -0.9951111674308777
1755701119.950941 1.9591666460037231 10.07546615600586 -26.582523345947266 0.011917734518647194 -0.08245725184679031 -0.04033665731549263 -0.9957066774368286
1755701120.280684 2.0812251567840576 9.88500690460205 -25.991018295288086 0.008726721629500389 -0.07487812638282776 -0.03478749841451645 -0.996547520160675
1755701120.610462 2.161634922027588 9.6939058303833 -25.40041732788086 0.007296188734471798 -0.054856739938259125 -0.026024259626865387 -0.998128354549408
1755701120.940236 2.227369785308838 9.501265525817871 -24.809900283813477 0.0056589627638459206 -0.04313642159104347 -0.023661863058805466 -0.9987729787826538
1755701121.26998 2.2824063301086426 9.302053451538086 -24.21330451965332 0.002645847387611866 -0.03173721209168434 -0.02038164623081684 -0.9992849826812744
1755701121.467846 2.3180735111236572 9.183096885681152 -23.839656829833984 0.004168733023107052 -0.029999734833836555 -0.017726927995681763 -0.9993840456008911
1755701121.797617 2.361746072769165 8.983192443847656 -23.2365665435791 0.005278274416923523 -0.025252675637602806 -0.016799787059426308 -0.9995260238647461
1755701122.12737 2.4047677516937256 8.782892227172852 -22.629579544067383 0.00033335399348288774 -0.020145924761891365 -0.012389082461595535 -0.9997202754020691
1755701122.457135 2.4438817501068115 8.575638771057129 -22.021102905273438 -0.00026631809305399656 -0.01717456802725792 -0.00975009799003601 -0.9998049736022949
1755701122.852865 2.4953951835632324 8.333396911621094 -21.28633689880371 0.0030535038094967604 -0.012581992894411087 -0.008189365267753601 -0.999882698059082
1755701123.116652 2.5254366397857666 8.178413391113281 -20.795339584350586 0.005551990587264299 -0.009406247176229954 -0.006212531588971615 -0.9999210238456726
1755701123.512391 2.546689987182617 7.9261155128479 -20.062753677368164 0.0045575243420898914 -0.00584703404456377 -0.004678488243371248 -0.9999616146087646
1755701123.842366 2.577796220779419 7.717013835906982 -19.429780960083008 0.0045236204750835896 -0.004771880339831114 -0.003343501128256321 -0.9999728202819824
1755701124.171999 2.595109462738037 7.510750770568848 -18.820886611938477 0.0015178117901086807 -0.0027478248812258244 -0.005508107598870993 -0.9999799728393555
1755701124.501707 2.624993324279785 7.309114933013916 -18.208370208740234 0.0030202451162040234 -0.004365174565464258 -0.005522784776985645 -0.9999706745147705
1755701124.897411 2.672919273376465 7.059561729431152 -17.46914291381836 0.0014737594174221158 -0.006185190752148628 -0.006867072079330683 -0.9999562501907349
1755701125.293128 2.7002179622650146 6.806728839874268 -16.724985122680664 -0.0006544772768393159 -0.00358835281804204 -0.004751808475703001 -0.9999820590019226
1755701125.622864 2.7151215076446533 6.6153340339660645 -16.089208602905273 0.00831394549459219 -0.002598236547783017 -0.00576366251334548 -0.9999454617500305
1755701125.952641 2.7585926055908203 6.40828275680542 -15.479330062866211 0.003236076096072793 -0.0060995216481387615 -0.006754355039447546 -0.9999533891677856
1755701126.34834 2.7942559719085693 6.149516582489014 -14.740232467651367 -0.0036044290754944086 -0.005291796289384365 -0.009723462164402008 -0.9999322891235352
1755701126.744089 2.8407304286956787 5.906456470489502 -13.985846519470215 0.0024150090757757425 -0.00981342513114214 -0.011238697916269302 -0.9998857975006104
1755701127.073842 2.8853912353515625 5.705593109130859 -13.360882759094238 0.004619468003511429 -0.012558589689433575 -0.014337433502078056 -0.9998077154159546
1755701127.404125 2.9296693801879883 5.505964279174805 -12.737139701843262 0.006161409430205822 -0.018456680700182915 -0.015501825138926506 -0.9996905326843262
1755701127.73335 2.9803028106689453 5.28809928894043 -12.130716323852539 0.00134174688719213 -0.022212382405996323 -0.01719973236322403 -0.9996044635772705
1755701128.129106 3.0555260181427 5.043280601501465 -11.368791580200195 0.002354444470256567 -0.02466370351612568 -0.016286661848425865 -0.9995604157447815
1755701128.459029 3.109217882156372 4.850475788116455 -10.754074096679688 0.006158316973596811 -0.026647087186574936 -0.01715659722685814 -0.9994786977767944
1755701129.118391 3.1895906925201416 4.59103536605835 -9.95158863067627 0.0052484371699392796 -0.0293994452804327 -0.02072710171341896 -0.9993390440940857
1755701129.975762 3.2994840145111084 4.33793306350708 -9.203393936157227 0.0009454284445382655 -0.03739327937364578 -0.026455219835042953 -0.9989500045776367
1755701130.767213 3.4077746868133545 4.117013931274414 -8.485159873962402 0.003168514696881175 -0.045424431562423706 -0.02897520922124386 -0.9985424280166626
1755701131.558669 3.5295162200927734 3.885688066482544 -7.767348766326904 0.003667991841211915 -0.051873963326215744 -0.03517087176442146 -0.9980274438858032
1755701132.284141 3.6677398681640625 3.668518304824829 -7.115855693817139 0.0017833521123975515 -0.06171511486172676 -0.03846242278814316 -0.997350811958313
1755701133.075567 3.8079028129577637 3.4359183311462402 -6.3789448738098145 0.0002002734545385465 -0.06683937460184097 -0.041037943214178085 -0.9969194531440735
1755701133.866974 3.960648536682129 3.199399471282959 -5.654048442840576 -0.00181940000038594 -0.07264699786901474 -0.04016652703285217 -0.9965469241142273
1755701134.592466 4.1000657081604 2.9816434383392334 -5.001738548278809 -0.0038688539061695337 -0.07068077474832535 -0.04060443863272667 -0.9966647028923035
1755701135.779605 4.139333724975586 2.732598304748535 -4.259614944458008 -0.0023217250127345324 -0.018211767077445984 -0.01968545652925968 -0.9996376633644104
1755701136.966843 4.114055156707764 2.4592506885528564 -3.506196975708008 -0.007861098274588585 0.030492426827549934 -0.004695119336247444 -0.9994931221008301
1755701137.824152 4.069485664367676 2.1917972564697266 -2.7219626903533936 -0.00549415685236454 0.040228698402643204 -0.0014251056127250195 -0.9991744756698608
1755701138.549641 4.013911247253418 1.9483221769332886 -2.0527658462524414 -0.007524645887315273 0.05366760864853859 0.0005968492478132248 -0.9985303282737732
1755701139.341062 3.943155527114868 1.685030460357666 -1.2901387214660645 -0.004733501002192497 0.05697770044207573 0.0012654598103836179 -0.9983634352684021
1755701140.198449 3.896005392074585 1.409010648727417 -0.5324335694313049 -0.008894308470189571 0.04989035427570343 -0.002684564795345068 -0.9987115263938904
1755701141.055864 3.8874549865722656 1.1616636514663696 0.18000149726867676 -0.0037893217522650957 0.025159163400530815 -0.008749491535127163 -0.9996380805969238
1755701141.913236 3.8904969692230225 0.8871864080429077 0.9183056950569153 -0.008622943423688412 0.012560938484966755 -0.011869077570736408 -0.9998134970664978
1755701142.572759 3.8933212757110596 0.6568324565887451 1.554768681526184 -0.010305827483534813 0.009200094267725945 -0.009225062094628811 -0.9998620748519897
1755701143.496108 3.8511085510253906 0.39546358585357666 2.277229070663452 -0.01130368746817112 0.029897985979914665 0.000309316732455045 -0.9994890689849854
1755701144.28778 3.7895619869232178 0.13016974925994873 3.0233068466186523 -0.010708681307733059 0.04123156517744064 0.00921371579170227 -0.9990497827529907
1755701144.881123 3.7352561950683594 -0.07585179060697556 3.596893787384033 -0.009567719884216785 0.04608708247542381 0.01204752642661333 -0.9988189935684204
1755701145.540636 3.6969661712646484 -0.3125998079776764 4.236254692077637 -0.01268676109611988 0.03773122280836105 0.010119076818227768 -0.9991561770439148
1755701146.266114 3.6720383167266846 -0.5391017198562622 4.8958024978637695 -0.0016247493913397193 0.030144410207867622 0.007945450022816658 -0.9995126724243164
1755701146.529924 3.659119129180908 -0.5825988054275513 4.990809917449951 -0.0053053670562803745 0.031310878694057465 0.009525836445391178 -0.9994502663612366
