1750948304.149872 -0.0 -0.0 -0.0 -0.0 -0.0 -0.0 1.0
1750948305.949816 -0.008921029046177864 -0.04951959103345871 0.10406678169965744 0.00946597196161747 -0.007589907851070166 -0.0031731324270367622 0.9999213814735413
1750948306.349826 -0.03369941562414169 -0.1947925090789795 0.5539814233779907 3.0621358746429905e-05 -0.023126885294914246 -0.0088011110201478 0.9996938109397888
1750948307.016625 -0.10574176162481308 -0.43817463517189026 1.2303898334503174 0.00653564278036356 -0.04550473392009735 -0.019218452274799347 0.9987578392028809
1750948307.749767 -0.20765729248523712 -0.6934667229652405 1.9449092149734497 0.005314977373927832 -0.05698408931493759 -0.023909155279397964 0.9980746507644653
1750948308.41664 -0.27314603328704834 -0.9557115435600281 2.651200532913208 0.011755459941923618 -0.047048039734363556 -0.021347451955080032 0.9985953569412231
1750948308.949782 -0.32354679703712463 -1.2199214696884155 3.3892393112182617 0.010868091136217117 -0.036227863281965256 -0.019792655482888222 0.99908846616745
1750948309.416565 -0.3552573621273041 -1.4536207914352417 4.012357234954834 0.015347727574408054 -0.030942151322960854 -0.01737428456544876 0.9992523193359375
1750948310.016397 -0.3925723731517792 -1.746994137763977 4.824742317199707 0.013682324439287186 -0.025325562804937363 -0.015216822735965252 0.9994698166847229
1750948310.616399 -0.4266941249370575 -2.052499771118164 5.634326934814453 0.01742257922887802 -0.024135150015354156 -0.014200754463672638 0.9994560480117798
1750948311.216516 -0.4623644948005676 -2.3576972484588623 6.433064937591553 0.016310838982462883 -0.023783061653375626 -0.01532399095594883 0.9994666576385498
1750948311.749847 -0.49224311113357544 -2.625603199005127 7.137596130371094 0.018877709284424782 -0.028568672016263008 -0.017824765294790268 0.9992546439170837
1750948312.34966 -0.5515797734260559 -2.92636775970459 7.922320365905762 0.01896660588681698 -0.03813955932855606 -0.022671714425086975 0.9988351464271545
1750948312.949676 -0.6285497546195984 -3.2100589275360107 8.700709342956543 0.01665797457098961 -0.055312782526016235 -0.026982061564922333 0.9979654550552368
1750948313.54981 -0.7564886212348938 -3.489201784133911 9.452892303466797 0.016061237081885338 -0.0824575200676918 -0.035062890499830246 0.9958481192588806
1750948314.016302 -0.9109667539596558 -3.7013304233551025 10.03685474395752 0.01589883863925934 -0.11361588537693024 -0.04463854059576988 0.9923941493034363
1750948314.616281 -1.167884349822998 -3.9590306282043457 10.742846488952637 0.017829492688179016 -0.1587255597114563 -0.06105242669582367 0.9852720499038696
1750948315.216282 -1.500953197479248 -4.201502323150635 11.41211986541748 0.019422203302383423 -0.20305834710597992 -0.07575606554746628 0.9760385155677795
1750948315.816444 -1.9075751304626465 -4.440079689025879 12.025196075439453 0.02339632250368595 -0.25350043177604675 -0.0920911654829979 0.9626575112342834
1750948316.416237 -2.3702259063720703 -4.67393159866333 12.588171005249023 0.030264707282185555 -0.31050175428390503 -0.10696535557508469 0.9440504312515259
1750948317.016654 -2.9318387508392334 -4.8712639808654785 13.099380493164062 0.022539358586072922 -0.371141254901886 -0.12888038158416748 0.9193128347396851
1750948317.616232 -3.55963134765625 -5.036710739135742 13.522299766540527 0.02336863800883293 -0.43049874901771545 -0.1532393991947174 0.8891807794570923
1750948318.216372 -4.252376079559326 -5.18050479888916 13.893768310546875 0.02362709678709507 -0.4735002815723419 -0.1717330515384674 0.863566517829895
1750948318.816186 -4.991382122039795 -5.296043395996094 14.181473731994629 0.024214506149291992 -0.5226214528083801 -0.19144870340824127 0.8304383158683777
1750948319.349522 -5.663079261779785 -5.3825883865356445 14.383039474487305 0.027730174362659454 -0.5500953197479248 -0.19910584390163422 0.8105449676513672
1750948319.949658 -6.43831729888916 -5.459789276123047 14.551153182983398 0.02836514450609684 -0.5853241086006165 -0.20998993515968323 0.7826208472251892
1750948320.416311 -7.051839351654053 -5.502574920654297 14.633896827697754 0.02898862399160862 -0.6106361746788025 -0.21942216157913208 0.7603532671928406
1750948321.016151 -7.839587211608887 -5.5387163162231445 14.689154624938965 0.028716204687952995 -0.6407870054244995 -0.23098251223564148 0.7315835356712341
1750948321.616124 -8.619752883911133 -5.55452823638916 14.671448707580566 0.029781751334667206 -0.6690085530281067 -0.24201945960521698 0.7021162509918213
1750948322.216271 -9.39526081085205 -5.532624244689941 14.569671630859375 0.03236796706914902 -0.7129611968994141 -0.2543898820877075 0.6526289582252502
1750948322.816083 -10.141718864440918 -5.467924118041992 14.341972351074219 0.03261139988899231 -0.7557228803634644 -0.27046382427215576 0.5955408215522766
1750948323.416079 -10.824638366699219 -5.376873970031738 14.062887191772461 0.03262103348970413 -0.7918723821640015 -0.2887333929538727 0.5371283888816833
1750948324.016076 -11.455368041992188 -5.25731086730957 13.652384757995605 0.0375150665640831 -0.8303661942481995 -0.2905980944633484 0.4739592671394348
1750948324.616193 -12.036870956420898 -5.112305641174316 13.192142486572266 0.036779433488845825 -0.8579860925674438 -0.29877886176109314 0.4162190854549408
1750948325.216026 -12.561216354370117 -4.932765483856201 12.66838264465332 0.03558436781167984 -0.8769189715385437 -0.30831432342529297 0.3670003414154053
1750948325.749373 -13.01710319519043 -4.772356033325195 12.1655855178833 0.0378352515399456 -0.8893999457359314 -0.3078193962574005 0.33583250641822815
1750948326.34952 -13.48443603515625 -4.5755615234375 11.554405212402344 0.04061538726091385 -0.8999108672142029 -0.3078351616859436 0.30618342757225037
1750948326.949304 -13.9464111328125 -4.386924743652344 10.947687149047852 0.03986432030797005 -0.9023098349571228 -0.30750977993011475 0.2994755804538727
1750948327.415978 -14.291709899902344 -4.256479740142822 10.470873832702637 0.042048849165439606 -0.9065179824829102 -0.2967890501022339 0.29727646708488464
1750948328.016261 -14.730022430419922 -4.119352340698242 9.910775184631348 0.04342053458094597 -0.9025450348854065 -0.2887825667858124 0.3164359927177429
1750948328.616145 -15.234375 -3.9664254188537598 9.34823989868164 0.0386357344686985 -0.8999947905540466 -0.2932601571083069 0.32017990946769714
1750948329.216142 -15.708255767822266 -3.8056082725524902 8.75275707244873 0.0391026996076107 -0.9003806114196777 -0.29280856251716614 0.3194510042667389
1750948329.815949 -16.179380416870117 -3.6484920978546143 8.17680549621582 0.03899559751152992 -0.9020076394081116 -0.2905768156051636 0.31690192222595215
1750948330.415942 -16.653789520263672 -3.499020576477051 7.624813556671143 0.03713187947869301 -0.8960230350494385 -0.29397544264793396 0.33066973090171814
1750948331.016038 -17.148277282714844 -3.349806547164917 7.056647300720215 0.03740668669342995 -0.8952677845954895 -0.2906867563724518 0.33555564284324646
1750948331.616069 -17.65552520751953 -3.1960978507995605 6.486675262451172 0.03699414059519768 -0.892724871635437 -0.2900766134262085 0.3428255319595337
1750948332.215941 -18.18487548828125 -3.0421226024627686 5.93427848815918 0.035948432981967926 -0.8883315920829773 -0.29210883378982544 0.35248690843582153
1750948332.749276 -18.671510696411133 -2.9115710258483887 5.447979927062988 0.037194132804870605 -0.8845711946487427 -0.2910473048686981 0.36254915595054626
1750948333.34935 -19.226490020751953 -2.7562081813812256 4.922479629516602 0.03641688451170921 -0.8805002570152283 -0.293489933013916 0.37048178911209106
1750948333.949668 -19.779067993164062 -2.6122732162475586 4.410429000854492 0.03914899379014969 -0.8799281120300293 -0.288658082485199 0.3753271996974945
1750948334.549168 -20.333721160888672 -2.459209442138672 3.877370834350586 0.039625778794288635 -0.8772497177124023 -0.29186010360717773 0.379052072763443
1750948335.149318 -20.87748908996582 -2.3105902671813965 3.3520965576171875 0.03992252051830292 -0.8765790462493896 -0.2910149097442627 0.3812161386013031
1750948335.74911 -21.418787002563477 -2.1640639305114746 2.830831527709961 0.04257067292928696 -0.877324104309082 -0.29156309366226196 0.37878912687301636
1750948336.349111 -21.968708038330078 -2.020416736602783 2.321758270263672 0.042394958436489105 -0.8772933483123779 -0.2953903079032898 0.3759039044380188
1750948336.949114 -22.500198364257812 -1.882420539855957 1.8085479736328125 0.04519898444414139 -0.8813998103141785 -0.2942844033241272 0.3667263686656952
1750948337.415887 -22.886598587036133 -1.758786678314209 1.3843441009521484 0.04575289785861969 -0.8854227066040039 -0.29678624868392944 0.354755163192749
1750948337.94907 -23.336925506591797 -1.6228947639465332 0.8705406188964844 0.047842949628829956 -0.891711413860321 -0.29531043767929077 0.33963748812675476
1750948338.549064 -23.808086395263672 -1.4489097595214844 0.2832145690917969 0.04503718018531799 -0.8980735540390015 -0.2976830303668976 0.3206562399864197
1750948339.149059 -24.275026321411133 -1.2814154624938965 -0.30705833435058594 0.044372860342264175 -0.8989500403404236 -0.2959256172180176 0.31991851329803467
1750948339.749198 -24.79104232788086 -1.102121353149414 -0.9106960296630859 0.0427122563123703 -0.8953896164894104 -0.2982713282108307 0.32785266637802124
1750948340.349031 -25.29336166381836 -0.9492688179016113 -1.4768180847167969 0.04545164480805397 -0.8917003273963928 -0.2915482521057129 0.34322643280029297
1750948340.949044 -25.807376861572266 -0.8056354522705078 -2.0214195251464844 0.04382726550102234 -0.8860705494880676 -0.29434001445770264 0.35541829466819763
1750948341.549 -26.325056076049805 -0.6658048629760742 -2.5468082427978516 0.043482258915901184 -0.8812697529792786 -0.29167884588241577 0.36931896209716797
1750948342.149108 -26.867055892944336 -0.5135955810546875 -3.0616455078125 0.04086335003376007 -0.8757659792900085 -0.29296091198921204 0.3814946115016937
1750948342.749175 -27.39849853515625 -0.3753519058227539 -3.5539283752441406 0.037082489579916 -0.8743099570274353 -0.29185736179351807 0.3860393464565277
1750948343.348983 -27.965181350708008 -0.23341846466064453 -4.0626220703125 0.03495986387133598 -0.8730977773666382 -0.2903044521808624 0.39013004302978516
1750948343.949097 -28.529983520507812 -0.10002803802490234 -4.563899993896484 0.03465726971626282 -0.8731923699378967 -0.28744518756866455 0.39205774664878845
1750948344.41557 -28.963701248168945 0.009497642517089844 -4.961692810058594 0.035065118223428726 -0.874480664730072 -0.28928783535957336 0.3877711892127991
1750948344.948952 -29.47208023071289 0.14463520050048828 -5.427284240722656 0.033938292413949966 -0.8764663338661194 -0.2921014130115509 0.3812241852283478
1750948345.548937 -30.01048469543457 0.30179786682128906 -5.986980438232422 0.03683538734912872 -0.880820095539093 -0.292510449886322 0.370454877614975
1750948346.149027 -30.536449432373047 0.4589576721191406 -6.536590576171875 0.03743188455700874 -0.8830395340919495 -0.29150745272636414 0.36587369441986084
1750948346.74889 -31.06548500061035 0.6094341278076172 -7.0684661865234375 0.036163393408060074 -0.8830599784851074 -0.2936939001083374 0.36419934034347534
1750948347.282224 -31.537511825561523 0.7457447052001953 -7.539806365966797 0.03384464234113693 -0.883741021156311 -0.29399538040161133 0.3625231683254242
1750948347.882186 -32.05408477783203 0.8961696624755859 -8.074142456054688 0.03317521512508392 -0.8850122690200806 -0.292380690574646 0.36078551411628723
1750948348.282296 -32.398658752441406 0.9989347457885742 -8.430732727050781 0.031027618795633316 -0.8849899768829346 -0.29256442189216614 0.3608824610710144
1750948348.882132 -32.92851257324219 1.1565475463867188 -8.972034454345703 0.03093021549284458 -0.8825674653053284 -0.29403260350227356 0.36559927463531494
1750948349.482144 -33.47956085205078 1.3037586212158203 -9.494941711425781 0.033413756638765335 -0.8791202902793884 -0.2885822653770447 0.377824604511261
1750948350.08214 -33.989410400390625 1.4400749206542969 -10.007099151611328 0.03402945026755333 -0.8793778419494629 -0.2880641520023346 0.3775655925273895
1750948350.54895 -34.420684814453125 1.5544261932373047 -10.411483764648438 0.033910591155290604 -0.8783200979232788 -0.28958046436309814 0.3788759708404541
1750948351.148752 -34.97758483886719 1.7050704956054688 -10.947013854980469 0.03544454649090767 -0.8774333596229553 -0.28939828276634216 0.38092392683029175
1750948351.748814 -35.51080322265625 1.8549766540527344 -11.466556549072266 0.03589443489909172 -0.8766233921051025 -0.28975623846054077 0.38247159123420715
1750948352.348751 -36.07051467895508 1.997274398803711 -11.984138488769531 0.03586350753903389 -0.8762509822845459 -0.28922876715660095 0.3837248384952545
1750948352.88206 -36.573875427246094 2.124997138977051 -12.455730438232422 0.03697351738810539 -0.8745059967041016 -0.289690226316452 0.387236088514328
1750948353.482065 -37.11853790283203 2.261341094970703 -12.953258514404297 0.03732286021113396 -0.8727583289146423 -0.2883507311344147 0.39211443066596985
1750948354.082049 -37.680946350097656 2.4054737091064453 -13.4691162109375 0.0382399782538414 -0.8699496984481812 -0.2893639802932739 0.3974844515323639
1750948354.682173 -38.24665069580078 2.5412120819091797 -13.966815948486328 0.03846638649702072 -0.8682185411453247 -0.2874608635902405 0.4025956988334656
1750948355.281992 -38.799232482910156 2.669464111328125 -14.436588287353516 0.03907182067632675 -0.8659919500350952 -0.2867591679096222 0.407799631357193
1750948355.882163 -39.390724182128906 2.800130844116211 -14.91891860961914 0.038139570504426956 -0.8640375733375549 -0.28472447395324707 0.4134204387664795
1750948356.348666 -39.83536148071289 2.899280548095703 -15.28012466430664 0.0389290489256382 -0.861839771270752 -0.28479939699172974 0.4178588092327118
1750948356.948772 -40.43378448486328 3.023744583129883 -15.746097564697266 0.0385260283946991 -0.8599101901054382 -0.28289586305618286 0.42313137650489807
1750948357.548691 -40.986114501953125 3.1371517181396484 -16.191726684570312 0.037990227341651917 -0.8601818084716797 -0.2836315333843231 0.4221341907978058
1750948358.148773 -41.577659606933594 3.268798828125 -16.689727783203125 0.03770850971341133 -0.863441526889801 -0.2847438454627991 0.4146900177001953
1750948358.748615 -42.15426254272461 3.4025497436523438 -17.196063995361328 0.03697315603494644 -0.86832594871521 -0.2873067259788513 0.40261387825012207
1750948359.348702 -42.731170654296875 3.5431289672851562 -17.70171356201172 0.037101950496435165 -0.8686834573745728 -0.288457989692688 0.401004433631897
1750948359.948768 -43.313812255859375 3.6813106536865234 -18.199542999267578 0.0355338454246521 -0.8678918480873108 -0.2880263328552246 0.40316498279571533
1750948360.549024 -43.902801513671875 3.828756332397461 -18.706466674804688 0.036118000745773315 -0.8651688098907471 -0.28842633962631226 0.40864259004592896
1750948361.148576 -44.50000762939453 3.965496063232422 -19.18698501586914 0.03503669053316116 -0.8625553846359253 -0.28776445984840393 0.4146834909915924
1750948361.74852 -45.09747314453125 4.096561431884766 -19.668476104736328 0.0357123464345932 -0.8616704940795898 -0.28619351983070374 0.4175427556037903
1750948362.348539 -45.68825912475586 4.220762252807617 -20.13971710205078 0.034206781536340714 -0.8610750436782837 -0.28607919812202454 0.4189731180667877
1750948362.948518 -46.28284454345703 4.344398498535156 -20.607128143310547 0.03426951915025711 -0.8614779710769653 -0.283324271440506 0.42001044750213623
1750948363.54862 -46.876617431640625 4.479579925537109 -21.089492797851562 0.0325833261013031 -0.8607751131057739 -0.2824300229549408 0.4221820831298828
1750948364.081906 -47.44126510620117 4.588474273681641 -21.51471710205078 0.030576055869460106 -0.861099898815155 -0.2813776731491089 0.4223726987838745
1750948364.681941 -48.042537689208984 4.716775894165039 -21.977291107177734 0.029733045026659966 -0.858651340007782 -0.2804257869720459 0.4280132055282593
1750948365.281957 -48.66300964355469 4.83369255065918 -22.435306549072266 0.028985178098082542 -0.8567706942558289 -0.27735158801078796 0.4337972104549408
1750948365.881894 -49.27050018310547 4.952472686767578 -22.87295913696289 0.02931622788310051 -0.8535782098770142 -0.2774803936481476 0.4399425983428955
1750948366.481753 -49.904396057128906 5.062091827392578 -23.311302185058594 0.02922780066728592 -0.8525814414024353 -0.2750929594039917 0.44336727261543274
1750948367.081882 -50.546112060546875 5.177831649780273 -23.770416259765625 0.027946291491389275 -0.852241039276123 -0.2747744619846344 0.44430088996887207
1750948367.681763 -51.19769287109375 5.297197341918945 -24.224929809570312 0.025642627850174904 -0.8531896471977234 -0.27464866638183594 0.4426940679550171
1750948368.281721 -51.85370635986328 5.425638198852539 -24.714290618896484 0.02516612783074379 -0.8541437387466431 -0.27524667978286743 0.44050469994544983
1750948368.881835 -52.520904541015625 5.544647216796875 -25.188201904296875 0.024660764262080193 -0.8548546433448792 -0.27377083897590637 0.44007375836372375
1750948369.481699 -53.16770935058594 5.6632080078125 -25.66864013671875 0.02249426580965519 -0.8563029170036316 -0.27354690432548523 0.4375060796737671
1750948370.081813 -53.80640411376953 5.794435501098633 -26.150726318359375 0.022420356050133705 -0.8586767911911011 -0.27332958579063416 0.43296945095062256
1750948370.681653 -54.440032958984375 5.920297622680664 -26.62432861328125 0.020299188792705536 -0.8581900000572205 -0.275625079870224 0.43258389830589294
1750948371.214981 -55.02555847167969 6.040178298950195 -27.050552368164062 0.020248666405677795 -0.8560981154441833 -0.2773844003677368 0.4355960488319397
1750948371.681664 -55.525901794433594 6.13145637512207 -27.411346435546875 0.01891990192234516 -0.8551841378211975 -0.2751435339450836 0.438860148191452
1750948372.215076 -56.099403381347656 6.235651016235352 -27.8145751953125 0.01919441483914852 -0.8532003164291382 -0.27288946509361267 0.4440858066082001
1750948372.814946 -56.76856994628906 6.368478775024414 -28.25470733642578 0.015185992233455181 -0.8492013216018677 -0.2749929428100586 0.45056116580963135
1750948373.414953 -57.44914245605469 6.506856918334961 -28.71306610107422 0.019252698868513107 -0.8465823531150818 -0.2739153504371643 0.45595842599868774
1750948374.014934 -58.088741302490234 6.626432418823242 -29.158798217773438 0.028067320585250854 -0.8447878360748291 -0.2763707637786865 0.4573456346988678
1750948374.614938 -58.74344253540039 6.765621185302734 -29.638961791992188 0.028984250500798225 -0.8509438633918762 -0.2814622223377228 0.44253090023994446
1750948375.214878 -59.35203552246094 6.899417877197266 -30.131500244140625 0.02870299480855465 -0.8621898293495178 -0.2786727249622345 0.42207399010658264
1750948375.815283 -59.96897888183594 7.018831253051758 -30.624282836914062 0.02993365377187729 -0.8651250004768372 -0.2759528160095215 0.41774722933769226
1750948376.41504 -60.57482147216797 7.164484024047852 -31.113136291503906 0.026387300342321396 -0.865501880645752 -0.28149858117103577 0.4134836196899414
1750948377.014894 -61.19526672363281 7.266290664672852 -31.61345672607422 0.028425447642803192 -0.8669148683547974 -0.269060343503952 0.4186372756958008
1750948377.614998 -61.83282470703125 7.39442253112793 -32.097023010253906 0.02539842016994953 -0.8612493872642517 -0.27515047788619995 0.4264935255050659
1750948378.214825 -62.495887756347656 7.545875549316406 -32.60371398925781 0.02590206079185009 -0.8586012721061707 -0.28095516562461853 0.42801541090011597
1750948378.814954 -63.14043045043945 7.681516647338867 -33.10673522949219 0.03148554265499115 -0.8585380911827087 -0.28269463777542114 0.4266202449798584
1750948379.414783 -63.76040267944336 7.838518142700195 -33.62786102294922 0.028679560869932175 -0.8692712783813477 -0.28682202100753784 0.4015944004058838
1750948380.014777 -64.34229278564453 8.012468338012695 -34.191749572753906 0.03294390067458153 -0.8807286024093628 -0.2936110496520996 0.3701682984828949
1750948380.614953 -64.9028091430664 8.195026397705078 -34.79047393798828 0.03276023268699646 -0.8858261704444885 -0.3029025197029114 0.34998399019241333
1750948381.214721 -65.41104125976562 8.398094177246094 -35.41975402832031 0.03155190870165825 -0.8960524201393127 -0.3072352707386017 0.3189060091972351
1750948381.814724 -65.88002014160156 8.627052307128906 -36.075233459472656 0.03093142993748188 -0.9044837951660156 -0.3144564926624298 0.28647783398628235
1750948382.214728 -66.16603088378906 8.756832122802734 -36.52299499511719 0.03591470420360565 -0.9137800931930542 -0.30563491582870483 0.2651481330394745
1750948382.814724 -66.57425689697266 8.96017074584961 -37.20570373535156 0.028544818982481956 -0.9216734766960144 -0.3009917736053467 0.24311964213848114
1750948383.414819 -66.94317626953125 9.185407638549805 -37.89849853515625 0.026498546823859215 -0.9259504079818726 -0.30619046092033386 0.2194562703371048
1750948384.014667 -67.25569152832031 9.415521621704102 -38.623191833496094 0.03126513585448265 -0.9315499663352966 -0.30926191806793213 0.188664510846138
1750948384.614741 -67.49901580810547 9.659866333007812 -39.354270935058594 0.030898939818143845 -0.9374530911445618 -0.31354010105133057 0.1480531394481659
1750948385.214675 -67.68193054199219 9.903350830078125 -40.10011291503906 0.03105572611093521 -0.9405078887939453 -0.31965383887290955 0.11091410368680954
1750948385.814621 -67.81378173828125 10.156993865966797 -40.86064147949219 0.034335412085056305 -0.9449664950370789 -0.3174625635147095 0.07125313580036163
1750948386.41462 -67.88888549804688 10.433036804199219 -41.62663650512695 0.034552767872810364 -0.9433742165565491 -0.3268906772136688 0.044650495052337646
1750948387.014626 -67.9300537109375 10.71094036102295 -42.410884857177734 0.031916648149490356 -0.9447070360183716 -0.32571545243263245 0.020479267463088036
1750948387.614758 -67.93034362792969 10.990859031677246 -43.191165924072266 0.024008799344301224 -0.9458285570144653 -0.3236194849014282 -0.010120686143636703
1750948388.214583 -67.87355041503906 11.274495124816895 -43.97779083251953 0.025261923670768738 -0.9442206621170044 -0.32588937878608704 -0.04006662592291832
1750948388.814588 -67.76837158203125 11.561628341674805 -44.7511100769043 0.02558463253080845 -0.9407874345779419 -0.3303745985031128 -0.07153405249118805
1750948389.414733 -67.60612487792969 11.849472999572754 -45.526885986328125 0.02062710002064705 -0.9367647171020508 -0.3328371047973633 -0.10614124685525894
1750948389.814657 -67.46580505371094 12.039050102233887 -46.037193298339844 0.018609926104545593 -0.9352126121520996 -0.3297831118106842 -0.1275704950094223
1750948390.41451 -67.22714233398438 12.318479537963867 -46.790061950683594 0.012090723030269146 -0.933744490146637 -0.3241077661514282 -0.15142382681369781
1750948391.014521 -66.9686279296875 12.605591773986816 -47.554229736328125 0.014164477586746216 -0.9302206635475159 -0.32872799038887024 -0.16256311535835266
1750948391.614513 -66.67076873779297 12.890336990356445 -48.294700622558594 0.02077125571668148 -0.9258716702461243 -0.3281165659427643 -0.18619811534881592
1750948392.214411 -66.31317138671875 13.165651321411133 -49.0145263671875 0.02652018889784813 -0.9226430058479309 -0.3208923041820526 -0.21226096153259277
1750948392.814473 -65.9319839477539 13.420975685119629 -49.721885681152344 0.031342774629592896 -0.9190758466720581 -0.31564465165138245 -0.23384983837604523
1750948393.41455 -65.54757690429688 13.701536178588867 -50.41480255126953 0.03644691780209541 -0.9126153588294983 -0.32421156764030457 -0.24635687470436096
1750948394.014625 -65.14786529541016 13.974963188171387 -51.09191131591797 0.03553043678402901 -0.908562421798706 -0.32595816254615784 -0.25885000824928284
1750948394.41544 -64.86954498291016 14.146245956420898 -51.54548645019531 0.03330196067690849 -0.9084244966506958 -0.3196452260017395 -0.26736289262771606
1750948395.014454 -64.43649291992188 14.402469635009766 -52.20085144042969 0.03448757529258728 -0.906295657157898 -0.317063570022583 -0.2773255705833435
1750948395.614488 -63.93919372558594 14.652912139892578 -52.83940887451172 0.032618001103401184 -0.892952024936676 -0.31476569175720215 -0.3201490342617035
1750948396.214414 -63.39653778076172 14.889608383178711 -53.43230056762695 0.030056240037083626 -0.8832466006278992 -0.31132176518440247 -0.349357932806015
1750948396.814359 -62.81364440917969 15.127973556518555 -53.99531936645508 0.030268153175711632 -0.8729915618896484 -0.3095775842666626 -0.3756743371486664
1750948397.41436 -62.206947326660156 15.344221115112305 -54.529579162597656 0.026954689994454384 -0.8663392066955566 -0.30277642607688904 -0.39630332589149475
1750948398.014443 -61.603485107421875 15.554840087890625 -55.03440856933594 0.02623279020190239 -0.8583166003227234 -0.3054868280887604 -0.41143935918807983
1750948398.61446 -60.967811584472656 15.758401870727539 -55.53924560546875 0.02373209036886692 -0.853590726852417 -0.3022177815437317 -0.4236557185649872
1750948399.214408 -60.33629608154297 15.963947296142578 -56.01890182495117 0.023341985419392586 -0.8490729928016663 -0.30073362588882446 -0.4336928725242615
1750948399.814312 -59.69647979736328 16.16946792602539 -56.50248718261719 0.01995769701898098 -0.8450483679771423 -0.30454254150390625 -0.43903160095214844
1750948400.41431 -59.066749572753906 16.38292121887207 -56.98371505737305 0.02133803628385067 -0.8478647470474243 -0.3057652711868286 -0.43264031410217285
1750948401.014243 -58.4149169921875 16.60232162475586 -57.48042678833008 0.022100476548075676 -0.8456990122795105 -0.30890363454818726 -0.43460720777511597
1750948401.614361 -57.75379180908203 16.810375213623047 -57.957496643066406 0.02239963784813881 -0.846990704536438 -0.3031834363937378 -0.4361017048358917
1750948402.214262 -57.114662170410156 17.02017593383789 -58.422119140625 0.026428639888763428 -0.845447301864624 -0.30441662669181824 -0.4380078613758087
1750948402.814276 -56.46641540527344 17.229663848876953 -58.88642883300781 0.030386583879590034 -0.8446393609046936 -0.3018220365047455 -0.44109469652175903
1750948403.414709 -55.802520751953125 17.44178009033203 -59.356727600097656 0.034147344529628754 -0.843738853931427 -0.3002066910266876 -0.4436378479003906
1750948404.014223 -55.14909362792969 17.648456573486328 -59.81366729736328 0.03594469279050827 -0.841718316078186 -0.3017071783542633 -0.44630828499794006
1750948404.614207 -54.484771728515625 17.86170768737793 -60.271583557128906 0.036498285830020905 -0.8408639430999756 -0.30095532536506653 -0.44837671518325806
1750948405.014236 -54.02849578857422 18.009605407714844 -60.590755462646484 0.036654479801654816 -0.8403544425964355 -0.3035597801208496 -0.4475627839565277
1750948405.614357 -53.379112243652344 18.222787857055664 -61.07606887817383 0.034104395657777786 -0.8448376059532166 -0.3032454550266266 -0.4394640028476715
1750948406.214174 -52.76313018798828 18.43635368347168 -61.56016540527344 0.03235156461596489 -0.8500909209251404 -0.30442678928375244 -0.42851272225379944
1750948406.814161 -52.13451385498047 18.65445327758789 -62.05223083496094 0.033361081033945084 -0.8509684801101685 -0.3051553964614868 -0.42616885900497437
1750948407.214223 -51.70447540283203 18.802169799804688 -62.39593505859375 0.03211794048547745 -0.8531700372695923 -0.3055036962032318 -0.4215884208679199
1750948407.814256 -51.059326171875 19.045326232910156 -62.91939163208008 0.0338667668402195 -0.8542213439941406 -0.31134945154190063 -0.4149945080280304
1750948408.414178 -50.45796203613281 19.268177032470703 -63.43174362182617 0.03140296787023544 -0.858167290687561 -0.30883321166038513 -0.4088822901248932
1750948409.014104 -49.84367370605469 19.49789810180664 -63.95553207397461 0.03224413841962814 -0.859562337398529 -0.3085424602031708 -0.4060966670513153
1750948409.614191 -49.2452392578125 19.723875045776367 -64.45992279052734 0.030908659100532532 -0.8559256792068481 -0.3097953498363495 -0.41287124156951904
1750948410.214049 -48.599525451660156 19.967121124267578 -64.97026062011719 0.031691934913396835 -0.8512148261070251 -0.31090396642684937 -0.42162489891052246
1750948410.814118 -47.94306182861328 20.188138961791992 -65.40941619873047 0.03206779435276985 -0.8368182182312012 -0.30840542912483215 -0.4512128233909607
1750948411.414049 -47.24903106689453 20.389320373535156 -65.81390380859375 0.03310352563858032 -0.823418378829956 -0.3043760061264038 -0.4777463674545288
1750948412.013991 -46.534690856933594 20.587963104248047 -66.19416046142578 0.030551288276910782 -0.8134905099868774 -0.3027341961860657 -0.49563276767730713
1750948412.414081 -46.03594207763672 20.72844886779785 -66.45599365234375 0.0289144366979599 -0.8085825443267822 -0.30462542176246643 -0.5025550723075867
1750948413.014078 -45.28788757324219 20.9193172454834 -66.8243179321289 0.025446180254220963 -0.7990541458129883 -0.30232638120651245 -0.5190989971160889
1750948413.614011 -44.508750915527344 21.098419189453125 -67.13426208496094 0.02258443459868431 -0.7814432382583618 -0.2984144687652588 -0.547526478767395
1750948414.213947 -43.7156982421875 21.259750366210938 -67.3878173828125 0.022497814148664474 -0.7635440826416016 -0.2936627268791199 -0.5746795535087585
1750948414.813951 -42.91692352294922 21.394874572753906 -67.60585021972656 0.017972812056541443 -0.7495050430297852 -0.28678399324417114 -0.5963842272758484
1750948415.413954 -42.10820388793945 21.52291488647461 -67.82293701171875 0.010525048710405827 -0.7382890582084656 -0.2864888906478882 -0.6105265617370605
1750948415.947272 -41.36414337158203 21.64903450012207 -67.96875 0.014757262542843819 -0.7226187586784363 -0.29068535566329956 -0.6269819736480713
1750948416.413956 -40.734188079833984 21.728837966918945 -68.08306884765625 0.009998206049203873 -0.7166673541069031 -0.28152939677238464 -0.6379883289337158
1750948417.013914 -39.939186096191406 21.822046279907227 -68.1870346069336 0.011867346242070198 -0.6986526250839233 -0.27575036883354187 -0.660079836845398
1750948417.613886 -39.126556396484375 21.864253997802734 -68.22471618652344 0.0013359065633267164 -0.672904908657074 -0.26111504435539246 -0.6921099424362183
1750948418.213902 -38.33103942871094 21.865182876586914 -68.20851135253906 -0.016986362636089325 -0.6517788767814636 -0.2434515357017517 -0.7180718779563904
1750948418.747327 -37.599151611328125 21.859153747558594 -68.14389038085938 -0.014058992266654968 -0.627338171005249 -0.2415614128112793 -0.740200936794281
1750948419.347314 -36.80595397949219 21.842857360839844 -68.01954650878906 -0.009069863706827164 -0.5998010039329529 -0.23405489325523376 -0.765097975730896
1750948419.947272 -35.98115539550781 21.82072639465332 -67.84991455078125 -0.0048210821114480495 -0.5838377475738525 -0.22915665805339813 -0.7788437604904175
1750948420.547271 -35.17987823486328 21.783767700195312 -67.66146850585938 -0.00629368145018816 -0.5647969245910645 -0.22442060708999634 -0.7941033840179443
1750948421.147244 -34.40464401245117 21.73786163330078 -67.450927734375 -0.005831222515553236 -0.5491506457328796 -0.21954931318759918 -0.8063483834266663
1750948421.747217 -33.640892028808594 21.67696762084961 -67.19766235351562 -0.004472179338335991 -0.5291666984558105 -0.21112874150276184 -0.8218194842338562
1750948422.347348 -32.89448165893555 21.606054306030273 -66.88796997070312 0.001007971353828907 -0.5035644769668579 -0.2059580534696579 -0.8390489816665649
1750948422.947202 -32.162776947021484 21.520206451416016 -66.53519439697266 0.0047656768001616 -0.48094233870506287 -0.1977296620607376 -0.8541514873504639
1750948423.547205 -31.466167449951172 21.427364349365234 -66.1561279296875 0.006124802399426699 -0.4608891010284424 -0.1920057237148285 -0.8664165735244751
1750948424.14717 -30.77642822265625 21.337358474731445 -65.75460052490234 0.009194178506731987 -0.44097352027893066 -0.19291360676288605 -0.876494288444519
1750948424.747201 -30.128562927246094 21.231670379638672 -65.34027862548828 0.0064257290214300156 -0.42482760548591614 -0.18509280681610107 -0.8861268758773804
1750948425.347139 -29.491315841674805 21.12258529663086 -64.89393615722656 0.00884933490306139 -0.41068151593208313 -0.179621621966362 -0.8938671350479126
1750948425.947146 -28.844249725341797 21.004039764404297 -64.43984985351562 0.006878198590129614 -0.4046272337436676 -0.17614716291427612 -0.8973303437232971
1750948426.547326 -28.17694854736328 20.891223907470703 -63.97435760498047 0.008103148080408573 -0.4102909564971924 -0.17771951854228973 -0.8944336771965027
1750948427.147279 -27.520587921142578 20.789325714111328 -63.51251220703125 0.010043901391327381 -0.41104423999786377 -0.17898058891296387 -0.893816351890564
1750948427.747107 -26.88404083251953 20.669551849365234 -63.05720520019531 0.00951510202139616 -0.406283438205719 -0.1757124662399292 -0.8966429233551025
1750948428.347102 -26.23365020751953 20.568227767944336 -62.62335968017578 0.01130900252610445 -0.4169732928276062 -0.17975685000419617 -0.8908944725990295
1750948428.947068 -25.54794692993164 20.469097137451172 -62.17295837402344 0.010665373876690865 -0.4229417145252228 -0.1803811639547348 -0.8879579305648804
1750948429.54708 -24.89596176147461 20.36343002319336 -61.729400634765625 0.011185609735548496 -0.419297456741333 -0.18014611303806305 -0.8897257447242737
1750948430.147007 -24.234434127807617 20.250581741333008 -61.26812744140625 0.009488560259342194 -0.4130440056324005 -0.17495274543762207 -0.8936980366706848
1750948430.747026 -23.600072860717773 20.137760162353516 -60.80445861816406 0.011916916817426682 -0.4066726565361023 -0.1717901974916458 -0.8971976041793823
1750948431.347012 -22.965003967285156 20.024173736572266 -60.32774353027344 0.012059075757861137 -0.402566522359848 -0.16947565972805023 -0.8994847536087036
1750948431.946959 -22.314781188964844 19.906219482421875 -59.84515380859375 0.01163255050778389 -0.39935216307640076 -0.1682543158531189 -0.9011510014533997
1750948432.546957 -21.67321014404297 19.79547882080078 -59.375587463378906 0.011041654273867607 -0.4026346206665039 -0.1666036695241928 -0.9000037312507629
1750948433.147061 -21.044523239135742 19.68634796142578 -58.940650939941406 0.012344884686172009 -0.409959614276886 -0.167642742395401 -0.8964802026748657
1750948433.74699 -20.399892807006836 19.577287673950195 -58.48601150512695 0.014416649006307125 -0.4153757095336914 -0.16587874293327332 -0.8942815661430359
1750948434.346911 -19.762895584106445 19.465625762939453 -58.03196716308594 0.014991708099842072 -0.41644638776779175 -0.1648327261209488 -0.8939674496650696
1750948434.74692 -19.32143211364746 19.38970947265625 -57.71900177001953 0.013200072571635246 -0.41543707251548767 -0.1652524471282959 -0.8943877816200256
1750948435.346914 -18.671018600463867 19.266944885253906 -57.26805114746094 0.013303961604833603 -0.41264134645462036 -0.165760338306427 -0.8955856561660767
1750948435.946916 -18.025022506713867 19.152524948120117 -56.81678771972656 0.011403623037040234 -0.41320720314979553 -0.16551192104816437 -0.895396888256073
1750948436.546852 -17.38373374938965 19.036964416503906 -56.377967834472656 0.01306514348834753 -0.413053959608078 -0.1674966812133789 -0.895075798034668
1750948437.14685 -16.765703201293945 18.922019958496094 -55.949073791503906 0.009005594998598099 -0.41178861260414124 -0.16703645884990692 -0.8957945704460144
1750948437.746901 -16.132394790649414 18.802284240722656 -55.500755310058594 0.007246022112667561 -0.4103981554508209 -0.16927902400493622 -0.8960276246070862
1750948438.346856 -15.467785835266113 18.681598663330078 -55.02780532836914 0.007956244982779026 -0.4102230966091156 -0.17209559679031372 -0.8955651521682739
1750948438.94683 -14.80795669555664 18.561384201049805 -54.560447692871094 0.009004895575344563 -0.4111570417881012 -0.17172351479530334 -0.8951981663703918
1750948439.546828 -14.158783912658691 18.447444915771484 -54.093170166015625 0.006820143200457096 -0.4124450981616974 -0.16981257498264313 -0.8949894905090332
1750948440.147026 -13.51479434967041 18.316898345947266 -53.60820770263672 0.00656310748308897 -0.3985573351383209 -0.16270744800567627 -0.9025714993476868
1750948440.746625 -12.895370483398438 18.180824279785156 -53.102561950683594 0.008613179437816143 -0.3803054094314575 -0.1579218953847885 -0.9112378358840942
1750948441.346777 -12.308721542358398 18.04010772705078 -52.573665618896484 0.008842862211167812 -0.36106425523757935 -0.15367092192173004 -0.9197497367858887
1750948441.946763 -11.708606719970703 17.890260696411133 -52.04671859741211 0.007443144451826811 -0.36132726073265076 -0.15413972735404968 -0.9195804595947266
1750948442.546742 -11.130475044250488 17.735515594482422 -51.491817474365234 0.007494037039577961 -0.3484991192817688 -0.1488366574048996 -0.9253863096237183
1750948443.146753 -10.591620445251465 17.57984161376953 -50.92045211791992 0.011143929325044155 -0.3339688777923584 -0.1456659436225891 -0.9311938881874084
1750948443.746727 -10.073938369750977 17.40284538269043 -50.3704833984375 -0.003354156157001853 -0.31872057914733887 -0.14053741097450256 -0.9373660683631897
1750948444.346817 -9.536995887756348 17.238988876342773 -49.77468490600586 0.008453333750367165 -0.3081199824810028 -0.14398230612277985 -0.9403508305549622
1750948444.946693 -9.030069351196289 17.06719970703125 -49.165348052978516 0.006359992548823357 -0.29285556077957153 -0.13951651751995087 -0.9459018707275391
1750948445.546694 -8.544526100158691 16.885557174682617 -48.53868865966797 0.005792120937258005 -0.27921774983406067 -0.13430695235729218 -0.9507710337638855
1750948446.146697 -8.097929000854492 16.707782745361328 -47.94401168823242 0.003720755223184824 -0.26524239778518677 -0.127394437789917 -0.955721378326416
1750948446.746678 -7.694209098815918 16.50843048095703 -47.3099250793457 0.002227184595540166 -0.2531506419181824 -0.11779139190912247 -0.9602265357971191
1750948447.346457 -7.299431800842285 16.326139450073242 -46.70842742919922 0.005207944195717573 -0.2377575784921646 -0.11180134862661362 -0.9648547172546387
1750948447.94662 -6.931211471557617 16.119091033935547 -46.024417877197266 0.0068299476988613605 -0.22218625247478485 -0.10370656847953796 -0.9694491028785706
1750948448.546606 -6.59543514251709 15.925594329833984 -45.383934020996094 0.009424923919141293 -0.20659464597702026 -0.0965813472867012 -0.9736025333404541
1750948449.146607 -6.274958610534668 15.729551315307617 -44.75864028930664 0.006982361897826195 -0.1955205202102661 -0.09243368357419968 -0.9763088822364807
1750948449.746592 -5.935856342315674 15.515266418457031 -44.06076431274414 0.00753217376768589 -0.1913582682609558 -0.09102410823106766 -0.977261483669281
1750948450.346568 -5.603670120239258 15.308633804321289 -43.40179443359375 0.005771762225776911 -0.19088977575302124 -0.09042084217071533 -0.9774210453033447
1750948450.946569 -5.272879600524902 15.095213890075684 -42.71603775024414 0.004007508046925068 -0.1920076459646225 -0.08710657060146332 -0.9775118827819824
1750948451.546577 -4.948404312133789 14.892017364501953 -42.046749114990234 0.008587973192334175 -0.19112075865268707 -0.08599928766489029 -0.9777541756629944
1750948452.146522 -4.620009422302246 14.685824394226074 -41.34725570678711 0.01114694308489561 -0.1872953325510025 -0.086527019739151 -0.9784218668937683
1750948452.746522 -4.285577774047852 14.479609489440918 -40.66298294067383 0.007491993717849255 -0.18338073790073395 -0.08605088293552399 -0.979239821434021
1750948453.213319 -4.036677837371826 14.312379837036133 -40.12282943725586 0.007953004911541939 -0.1806735396385193 -0.084492988884449 -0.9798749089241028
1750948453.813165 -3.7311744689941406 14.108084678649902 -39.441627502441406 0.007697463501244783 -0.17774879932403564 -0.08330217003822327 -0.9805135726928711
1750948454.413114 -3.4199612140655518 13.889171600341797 -38.75637435913086 0.005988222546875477 -0.1743541955947876 -0.08226076513528824 -0.9812226891517639
1750948454.879799 -3.1832025051116943 13.722448348999023 -38.2291259765625 0.00433753989636898 -0.1716381162405014 -0.08229675889015198 -0.9817070960998535
1750948455.413112 -2.9183735847473145 13.529610633850098 -37.60714340209961 0.006219067610800266 -0.16504371166229248 -0.0803346186876297 -0.9829894304275513
1750948455.946456 -2.701887845993042 13.333052635192871 -36.97978210449219 0.0042045507580041885 -0.1392049342393875 -0.07228396087884903 -0.9876129627227783
1750948456.546406 -2.4763882160186768 13.11233139038086 -36.2801628112793 0.004971921443939209 -0.12507955729961395 -0.06767304986715317 -0.9898236393928528
1750948457.146419 -2.2899394035339355 12.890181541442871 -35.5806770324707 0.004370211623609066 -0.10862832516431808 -0.06142539530992508 -0.9921731948852539
1750948457.746697 -2.1385560035705566 12.65351390838623 -34.871707916259766 0.002927393652498722 -0.08589713275432587 -0.05359328165650368 -0.9948572516441345
1750948458.346421 -1.987937092781067 12.425064086914062 -34.177677154541016 0.001751245348714292 -0.07659755647182465 -0.05136328563094139 -0.9957367181777954
1750948458.946315 -1.8513139486312866 12.17916488647461 -33.432640075683594 0.003751501441001892 -0.07061991840600967 -0.04632222652435303 -0.99642014503479
1750948459.47969 -1.7384051084518433 11.959814071655273 -32.771331787109375 0.0019991849549114704 -0.06661731749773026 -0.042744752019643784 -0.9968606233596802
1750948460.079653 -1.6191768646240234 11.715348243713379 -32.01641082763672 0.0018757303478196263 -0.0610220842063427 -0.039316609501838684 -0.9973600506782532
1750948460.679473 -1.5091720819473267 11.47365665435791 -31.244213104248047 0.010545802302658558 -0.058569248765707016 -0.03754394128918648 -0.9975214004516602
1750948461.079657 -1.4178764820098877 11.305728912353516 -30.725122451782227 0.007527454756200314 -0.06875302642583847 -0.03869577497243881 -0.9968545436859131
1750948461.546278 -1.3024379014968872 11.10714054107666 -30.148359298706055 0.0016817089635878801 -0.07221187651157379 -0.04023819416761398 -0.9965759515762329
1750948462.146305 -1.1633937358856201 10.860105514526367 -29.410457611083984 0.0005659537273459136 -0.07590506225824356 -0.041037458926439285 -0.9962700605392456
1750948462.746303 -1.0254814624786377 10.614542007446289 -28.663793563842773 2.1398261651484063e-06 -0.07806161791086197 -0.04170304164290428 -0.9960759282112122
1750948463.346267 -0.8680535554885864 10.363587379455566 -27.904813766479492 0.003411227837204933 -0.0799587219953537 -0.03784210979938507 -0.9960737824440002
1750948463.946231 -0.7215213775634766 10.110759735107422 -27.166479110717773 -0.003636077279224992 -0.07967941462993622 -0.03517186641693115 -0.9961932301521301
1750948464.546214 -0.5623463988304138 9.854094505310059 -26.421064376831055 -0.0044121877290308475 -0.07988831400871277 -0.03320543095469475 -0.9962408542633057
1750948465.146055 -0.3971901535987854 9.591523170471191 -25.643632888793945 0.000652200193144381 -0.08392638713121414 -0.03487680107355118 -0.9958612322807312
1750948465.746209 -0.2403060495853424 9.329106330871582 -24.885406494140625 -0.0009410229395143688 -0.08623088896274567 -0.036861103028059006 -0.9955926537513733
1750948466.346187 -0.06490509957075119 9.07155704498291 -24.111618041992188 -0.0006477381684817374 -0.08869422227144241 -0.039203040301799774 -0.9952869415283203
1750948466.879527 0.08925097435712814 8.835851669311523 -23.434158325195312 -0.0039012152701616287 -0.08840453624725342 -0.041566960513591766 -0.9952093362808228
1750948467.479502 0.25836098194122314 8.576887130737305 -22.683292388916016 -0.0019965253304690123 -0.09037081152200699 -0.042092517018318176 -0.9950162768363953
1750948468.079504 0.4144839942455292 8.309252738952637 -21.92548179626465 -0.0037980794440954924 -0.09045471251010895 -0.043674007058143616 -0.9949352741241455
1750948468.679506 0.5971531271934509 8.067329406738281 -21.166555404663086 0.0024341100361198187 -0.09175653010606766 -0.04378679394721985 -0.9948153495788574
1750948469.146107 0.7346234917640686 7.867926597595215 -20.577863693237305 -0.0003460617735981941 -0.09164886176586151 -0.0446915440261364 -0.9947879314422607
1750948469.745927 0.9140093326568604 7.600379943847656 -19.822473526000977 -0.006662723608314991 -0.09200569242238998 -0.046045877039432526 -0.9946709871292114
1750948470.346072 1.0823320150375366 7.347692489624023 -19.0782470703125 -0.0021966767963021994 -0.07849542051553726 -0.04477416351437569 -0.9959061145782471
1750948470.879445 1.2268850803375244 7.119382381439209 -18.39860725402832 -0.0003191062714904547 -0.07886984199285507 -0.04526976868510246 -0.995856523513794
1750948471.479419 1.3862887620925903 6.864052772521973 -17.631486892700195 -0.0006543073686771095 -0.07829714566469193 -0.04437059909105301 -0.9959419965744019
1750948472.079413 1.5499248504638672 6.610496997833252 -16.881818771362305 -0.0026123416610062122 -0.07658024877309799 -0.04407449811697006 -0.9960854053497314
1750948472.679379 1.7162995338439941 6.3644208908081055 -16.12529945373535 -0.0020474481862038374 -0.07392740249633789 -0.04219503328204155 -0.9963685274124146
1750948473.279394 1.8560872077941895 6.114452838897705 -15.359294891357422 0.002452380955219269 -0.06694044172763824 -0.041260045021772385 -0.9969005584716797
1750948473.879398 1.9805794954299927 5.853270530700684 -14.61840534210205 -0.003681880421936512 -0.05914415046572685 -0.041662655770778656 -0.9973728656768799
1750948474.479324 2.103989839553833 5.5971550941467285 -13.867233276367188 -0.0015889949863776565 -0.05038785934448242 -0.04148038476705551 -0.9978667497634888
1750948475.079311 2.2243247032165527 5.352636337280273 -13.116491317749023 0.0006902955356054008 -0.05413741618394852 -0.0438476987183094 -0.9975701570510864
1750948475.545981 2.312835931777954 5.151607513427734 -12.546408653259277 -0.0034664799459278584 -0.05141311511397362 -0.04562323912978172 -0.9976288080215454
1750948476.145985 2.4223544597625732 4.902381896972656 -11.804885864257812 -0.0025833749677985907 -0.04997444525361061 -0.04402117058634758 -0.9977765679359436
1750948476.745972 2.534203052520752 4.649068355560303 -11.080598831176758 -0.005315684713423252 -0.04856988042593002 -0.04340368136763573 -0.9978621602058411
1750948477.345945 2.613420248031616 4.39086389541626 -10.367676734924316 -0.008245187811553478 -0.03433617949485779 -0.0370769277215004 -0.9986883401870728
1750948477.945942 2.6871743202209473 4.134450912475586 -9.63989543914795 -0.006050698924809694 -0.028773494064807892 -0.036620866507291794 -0.9988966584205627
1750948478.545772 2.761038064956665 3.871203899383545 -8.888127326965332 -0.006387373432517052 -0.02349158748984337 -0.03641330450773239 -0.9990403056144714
1750948479.145906 2.822164535522461 3.605029582977295 -8.135865211486816 -0.006973724812269211 -0.018793916329741478 -0.03742050752043724 -0.9990985989570618
1750948479.679223 2.88716197013855 3.3624188899993896 -7.465907573699951 -0.008646299131214619 -0.015689536929130554 -0.037692271173000336 -0.9991288185119629
1750948480.279216 2.9372477531433105 3.0941274166107178 -6.69667911529541 -0.004470442421734333 -0.012203697115182877 -0.038280460983514786 -0.9991825222969055
1750948480.879038 3.002046585083008 2.819338798522949 -5.915222644805908 -0.00846049003303051 -0.018664248287677765 -0.03979770094156265 -0.9989976286888123
1750948481.479147 3.081906795501709 2.5410947799682617 -5.126670837402344 -0.005633716471493244 -0.02681904286146164 -0.03964404761791229 -0.9988380074501038
1750948482.079166 3.126500368118286 2.267315626144409 -4.345796585083008 -0.008559796027839184 -0.006219514645636082 -0.030600855126976967 -0.9994757175445557
1750948482.679287 3.149121046066284 1.989408016204834 -3.5741870403289795 -0.01045842282474041 -0.0015415642410516739 -0.025276722386479378 -0.9996246695518494
1750948483.27897 3.1724069118499756 1.7031948566436768 -2.764503240585327 -0.010579892434179783 0.0019257129170000553 -0.022470124065876007 -0.9996896982192993
1750948483.679108 3.188643217086792 1.512389063835144 -2.231935501098633 -0.008976277895271778 0.0013609323650598526 -0.019813574850559235 -0.9997625350952148
1750948484.079101 3.202465534210205 1.3219106197357178 -1.7053744792938232 -0.010994711890816689 0.003984801936894655 -0.019345728680491447 -0.9997444748878479
1750948484.545833 3.2101972103118896 1.0990314483642578 -1.08962881565094 -0.012191621586680412 0.004001598805189133 -0.016990555450320244 -0.9997733235359192
1750948485.079125 3.210566282272339 0.9063748717308044 -0.5253599286079407 -0.0017530381446704268 0.007660112343728542 -0.013435020111501217 -0.9998788833618164
1750948485.545561 3.215038776397705 0.8917338252067566 -0.5264217853546143 -0.012667300179600716 0.005233459174633026 -0.014242097735404968 -0.9998046159744263
