1762212615.033313 -0.0 -0.0 -0.0 -0.0 -0.0 -0.0 1.0
1762212617.166618 -0.04358956962823868 -0.04774783179163933 0.09334966540336609 0.008989619091153145 -0.0331612154841423 -0.010408543981611729 0.9993553757667542
1762212619.366625 -0.4554949104785919 -0.503320038318634 1.1423031091690063 0.008692544884979725 -0.03215896710753441 -0.011260907165706158 0.9993815422058105
1762212622.56659 -0.6082521080970764 -1.140252709388733 2.9433538913726807 0.013317132368683815 0.004681001883000135 -0.003082669572904706 0.9998956322669983
1762212625.30035 -0.9332166910171509 -1.6764026880264282 4.417784214019775 0.012545197270810604 -0.0795278325676918 -0.04030361399054527 0.9959385991096497
1762212627.033193 -1.2599540948867798 -2.07244610786438 5.311265468597412 0.014938152395188808 -0.1453203707933426 -0.05436725541949272 0.9877768158912659
1762212628.367252 -0.5852572917938232 -2.3525094985961914 7.14240837097168 0.043581273406744 -0.45338520407676697 -0.15282094478607178 0.8770338296890259
1762212686.36598 -0.6435756683349609 -2.3218977451324463 7.1584954261779785 0.04373641684651375 -0.4483676254749298 -0.16765286028385162 0.8768957853317261
1762212686.965993 -0.8980075120925903 -2.4072511196136475 7.1814727783203125 0.044533368200063705 -0.4482240080833435 -0.16214869916439056 0.8779634833335876
1762212687.565968 -1.0848811864852905 -2.4640698432922363 7.263585090637207 0.04227297380566597 -0.44709157943725586 -0.17007100582122803 0.8771533966064453
1762212688.299258 -1.0716270208358765 -2.455930709838867 7.243307113647461 0.04295103996992111 -0.4465637803077698 -0.1747673749923706 0.876465916633606
1762212689.099277 -1.035878300666809 -2.4533276557922363 7.187814712524414 0.043656665831804276 -0.44609227776527405 -0.169877290725708 0.8776317238807678
1762212689.699273 -1.0806710720062256 -2.5381813049316406 7.246341705322266 0.03186298906803131 -0.4469546973705292 -0.16678257286548615 0.8782937526702881
1762212802.164855 -1.8765027523040771 -2.4682817459106445 8.495904922485352 -0.18232443928718567 -0.4101909101009369 -0.053374674171209335 0.8919934630393982
1762212803.298165 -2.4582910537719727 -2.4251744747161865 9.133397102355957 -0.18060770630836487 -0.40745851397514343 -0.05479641631245613 0.8935075998306274
1762212804.564811 -2.8124213218688965 -2.3863587379455566 9.52824592590332 -0.1781243234872818 -0.40581080317497253 -0.05284133180975914 0.8948727250099182
