1738249093.948088 -0.0 -0.0 -0.0 -0.0 -0.0 -0.0 1.0
1738249099.817097 -0.04369526356458664 -0.03590507060289383 0.10243184864521027 0.001435787184163928 -0.03139730542898178 -0.01287085097283125 0.9994231462478638
1738249114.693031 -0.12214092910289764 -0.23105129599571228 0.711713433265686 -0.001119783497415483 -0.04620550572872162 -0.023724958300590515 0.9986495971679688
1738249115.556715 -0.22374452650547028 -0.40264788269996643 1.2729068994522095 -0.009091034531593323 -0.07591083645820618 -0.03021378256380558 0.9966153502464294
1738249116.623977 -0.3315471410751343 -0.6527519822120667 1.9628562927246094 0.007233211770653725 -0.0823260173201561 -0.02545306459069252 0.9962542057037354
1738249117.7576 -0.468300998210907 -0.9157552719116211 2.7135908603668213 0.0072783250361680984 -0.08791208267211914 -0.02972450852394104 0.9956580996513367
1738249118.691503 -0.5958370566368103 -1.1330252885818481 3.333634376525879 0.009010575711727142 -0.09119360893964767 -0.03422500938177109 0.9952041506767273
1738249119.82803 -0.7569254636764526 -1.407289743423462 4.101717948913574 0.010634681209921837 -0.09936393797397614 -0.038886167109012604 0.9942342042922974
1738249121.025762 -0.9352094531059265 -1.6937389373779297 4.8861517906188965 0.01187892910093069 -0.10636727511882782 -0.03846316784620285 0.9935117363929749
1738249122.026316 -1.0588443279266357 -1.9313751459121704 5.543660640716553 0.012447957880795002 -0.0982712134718895 -0.030094586312770844 0.9946266412734985
1738249123.093589 -1.1873481273651123 -2.1755905151367188 6.215459823608398 0.012623819522559643 -0.09596161544322968 -0.028071358799934387 0.9949091076850891
1738249124.161318 -1.312044620513916 -2.4155020713806152 6.8852763175964355 0.01456237118691206 -0.09277734905481339 -0.02768538147211075 0.9951953887939453
1738249125.494065 -1.463822603225708 -2.7316694259643555 7.74522590637207 0.018107876181602478 -0.09697441756725311 -0.0221110749989748 0.9948765635490417
1738249126.361105 -1.573525309562683 -2.9495742321014404 8.346184730529785 0.010668684728443623 -0.1033894419670105 -0.01746823824942112 0.994430422782898
1738249127.228201 -1.692265510559082 -3.165724039077759 8.940399169921875 0.010835149325430393 -0.10610787570476532 -0.01450793445110321 0.9941897988319397
1738249128.495238 -1.8509814739227295 -3.478050470352173 9.784351348876953 0.012033176608383656 -0.10873302817344666 -0.009969357401132584 0.993948221206665
1738249129.695882 -2.010695457458496 -3.762824773788452 10.588672637939453 0.00858588982373476 -0.1105460599064827 -0.010765427723526955 0.9937756657600403
1738249130.762807 -2.1848628520965576 -4.00718355178833 11.315869331359863 0.0044208006002008915 -0.11961477994918823 -0.017463717609643936 0.992656946182251
1738249131.8968 -2.412126302719116 -4.268851280212402 12.03385066986084 0.011829440481960773 -0.15484121441841125 -0.03499087691307068 0.9872486591339111
1738249132.897007 -2.743062973022461 -4.47722053527832 12.59970760345459 0.011628986336290836 -0.24315625429153442 -0.06984665244817734 0.9673992395401001
1738249133.897593 -3.190598964691162 -4.668022155761719 13.108236312866211 0.011293819174170494 -0.3122894763946533 -0.09689388424158096 0.9449653029441833
1738249134.564487 -3.5521135330200195 -4.780529022216797 13.392778396606445 0.015588521026074886 -0.37631815671920776 -0.12267119437456131 0.918201208114624
1738249135.698116 -4.206755638122559 -4.960707187652588 13.803089141845703 0.024099145084619522 -0.44643133878707886 -0.1466437727212906 0.8823910355567932
1738249136.765241 -4.865747451782227 -5.1033854484558105 14.10888671875 0.02781684137880802 -0.4867457151412964 -0.16369390487670898 0.8576183915138245
1738249137.965833 -5.660630702972412 -5.249598503112793 14.421860694885254 0.027819866314530373 -0.5207642912864685 -0.18129883706569672 0.8337634205818176
1738249138.832905 -6.261331558227539 -5.341418266296387 14.607298851013184 0.03105214424431324 -0.5448071360588074 -0.19029895961284637 0.8160927295684814
1738249140.03336 -7.108543395996094 -5.454214096069336 14.851997375488281 0.028617043048143387 -0.5616124272346497 -0.20067335665225983 0.8021863102912903
1738249141.100306 -7.8751678466796875 -5.526751518249512 15.029611587524414 0.023180050775408745 -0.5868980288505554 -0.21007059514522552 0.7815905213356018
1738249142.167577 -8.625115394592285 -5.536676406860352 15.024972915649414 0.025137564167380333 -0.6636760234832764 -0.2356739193201065 0.7094787955284119
1738249143.367873 -9.428994178771973 -5.470737457275391 14.794092178344727 0.02239563874900341 -0.7533285617828369 -0.2669980823993683 0.6005885601043701
1738249144.568374 -10.209734916687012 -5.3689284324646 14.461270332336426 0.024324271827936172 -0.7954468131065369 -0.2807011008262634 0.5365442633628845
1738249145.768857 -10.905723571777344 -5.22006893157959 13.991410255432129 0.026621850207448006 -0.8413975238800049 -0.29269373416900635 0.4535105526447296
1738249146.969521 -11.488990783691406 -5.008742809295654 13.391429901123047 0.022051088511943817 -0.8798701167106628 -0.3116820454597473 0.3580456078052521
1738249147.503014 -11.738853454589844 -4.897721767425537 13.088594436645508 0.022252041846513748 -0.8864682912826538 -0.3146306276321411 0.3386539816856384
1738249148.103143 -11.992216110229492 -4.820619583129883 12.78808307647705 0.01884019933640957 -0.8973332047462463 -0.2985895574092865 0.32447266578674316
1738249148.903606 -12.295158386230469 -4.80745267868042 12.445023536682129 0.0012636545579880476 -0.9196693897247314 -0.24024052917957306 0.31063032150268555
1738249151.03796 -12.839859008789062 -4.806943416595459 12.248952865600586 -0.0115243811160326 -0.8815357685089111 -0.19278356432914734 0.4308089315891266
1738249152.771834 -13.761785507202148 -4.666733741760254 12.120271682739258 0.0035662308800965548 -0.7744974493980408 -0.2548540532588959 0.5789564251899719
1738249154.039026 -14.451125144958496 -4.577403545379639 11.715656280517578 0.030726127326488495 -0.8189652562141418 -0.26525405049324036 0.5079291462898254
1738249155.372866 -15.198640823364258 -4.457156658172607 11.240300178527832 0.029202399775385857 -0.8387252688407898 -0.27096444368362427 0.4714502990245819
1738249156.639924 -15.855927467346191 -4.348867893218994 10.745283126831055 0.031166300177574158 -0.8603940606117249 -0.2707321047782898 0.4306447207927704
1738249157.907217 -16.432750701904297 -4.217136383056641 10.196489334106445 0.03178536519408226 -0.8832073211669922 -0.27407440543174744 0.3792332112789154
1738249159.240951 -16.951683044433594 -4.087306022644043 9.624828338623047 0.032601188868284225 -0.898124635219574 -0.2730763852596283 0.3431307077407837
1738249159.97466 -17.213136672973633 -3.9754858016967773 9.195820808410645 0.031673867255449295 -0.9128329753875732 -0.2819369435310364 0.2936739921569824
1738249161.30851 -17.71782875061035 -3.7772839069366455 8.43449592590332 0.029040491208434105 -0.9160547256469727 -0.2895871698856354 0.2759341597557068
1738249163.309373 -18.4221248626709 -3.4322781562805176 7.264853000640869 0.03140044957399368 -0.9213101863861084 -0.2951503098011017 0.2511731684207916
1738249165.310099 -19.08894920349121 -3.1284875869750977 6.153253078460693 0.03563951700925827 -0.9205475449562073 -0.2908022403717041 0.25837239623069763
1738249166.110796 -19.383405685424805 -2.996447801589966 5.657510280609131 0.03514677286148071 -0.9206598997116089 -0.2923777401447296 0.2562522292137146
1738249167.044109 -19.77985382080078 -2.828557014465332 5.056718826293945 0.035013262182474136 -0.915896475315094 -0.29072853922843933 0.2745627760887146
1738249167.377573 -19.997446060180664 -2.76149845123291 4.783468246459961 0.03331021964550018 -0.9075197577476501 -0.2884761095046997 0.30344653129577637
1738249167.84446 -20.362045288085938 -2.6454179286956787 4.317085266113281 0.03352672979235649 -0.9061307311058044 -0.2829786539077759 0.3126120865345001
1738249168.311393 -20.815750122070312 -2.4917118549346924 3.7442245483398438 0.03450232371687889 -0.9049529433250427 -0.2854575514793396 0.3136619031429291
1738249168.57805 -21.101627349853516 -2.3900344371795654 3.380491256713867 0.03516479209065437 -0.9031246900558472 -0.2900834381580353 0.31461217999458313
1738249169.044895 -21.56056022644043 -2.2333827018737793 2.7847213745117188 0.03796904906630516 -0.9048951864242554 -0.2886689305305481 0.3104727864265442
1738249169.511756 -22.00899887084961 -2.080476760864258 2.194833755493164 0.03652997314929962 -0.9055067896842957 -0.2886500358581543 0.3088757395744324
1738249170.04538 -22.522951126098633 -1.895359992980957 1.5322685241699219 0.03652878850698471 -0.9054965972900391 -0.28929445147514343 0.3083021938800812
1738249170.512191 -22.9549560546875 -1.7380084991455078 0.9731006622314453 0.03780587762594223 -0.9047740697860718 -0.2915200889110565 0.3081730008125305
1738249171.179135 -23.54391098022461 -1.519360065460205 0.18824195861816406 0.038823287934064865 -0.904966413974762 -0.2912026047706604 0.3077819049358368
1738249172.046114 -24.252399444580078 -1.2571187019348145 -0.7732391357421875 0.041235048323869705 -0.9056709408760071 -0.28825879096984863 0.30816659331321716
1738249173.046767 -25.095552444458008 -0.9563083648681641 -1.889394760131836 0.033150073140859604 -0.9063558578491211 -0.28781774640083313 0.30754053592681885
1738249174.047064 -25.934772491455078 -0.6752796173095703 -2.972677230834961 0.032958608120679855 -0.9070705771446228 -0.28689900040626526 0.30630967020988464
1738249175.047431 -26.74160385131836 -0.3688335418701172 -4.0527191162109375 0.03488192707300186 -0.9066079258918762 -0.28945592045783997 0.30505841970443726
1738249176.253087 -27.684877395629883 0.009710311889648438 -5.3739471435546875 0.030577387660741806 -0.9039127826690674 -0.291472852230072 0.3115290701389313
1738249177.381665 -28.515295028686523 0.2937641143798828 -6.386493682861328 0.026871168985962868 -0.9000182151794434 -0.28669384121894836 0.3271878659725189
1738249178.648889 -29.375701904296875 0.573451042175293 -7.41912841796875 0.02856171503663063 -0.8975576162338257 -0.2799775302410126 0.33939239382743835
1738249179.916051 -30.544353485107422 0.9586029052734375 -8.807476043701172 0.028416864573955536 -0.896498441696167 -0.28275805711746216 0.3398984670639038
1738249181.449943 -31.875446319580078 1.3197193145751953 -10.266883850097656 0.02675962634384632 -0.8945202231407166 -0.28170526027679443 0.34606310725212097
1738249182.183604 -32.528038024902344 1.507411003112793 -10.999313354492188 0.026231644675135612 -0.8942154049873352 -0.28102928400039673 0.34743842482566833
1738249183.317349 -33.53650665283203 1.7683305740356445 -12.035114288330078 0.027931280434131622 -0.8823584914207458 -0.2763269543647766 0.3798774480819702
1738249183.984415 -34.21261978149414 1.910496711730957 -12.6124267578125 0.0289770420640707 -0.8745330572128296 -0.27554336190223694 0.3980303406715393
1738249184.718018 -34.95591354370117 2.075819969177246 -13.255504608154297 0.030673174187541008 -0.8731592297554016 -0.27702251076698303 0.3998883366584778
1738249185.384829 -35.46006393432617 2.203216552734375 -13.772541046142578 0.03302440792322159 -0.8911070227622986 -0.2820982038974762 0.3539186716079712
1738249186.252017 -35.663238525390625 2.27347469329834 -14.058158874511719 0.030772438272833824 -0.8854271769523621 -0.2795948088169098 0.36999812722206116
1738249187.253542 -35.95340347290039 2.3427553176879883 -14.32473373413086 0.03324570506811142 -0.8755812048912048 -0.2730018198490143 0.3971426486968994
1738249188.386221 -36.274925231933594 2.420107841491699 -14.668163299560547 0.0340677909553051 -0.8730834126472473 -0.27497825026512146 0.401187926530838
1738249189.786611 -36.56493377685547 2.501194953918457 -14.967948913574219 0.03170791268348694 -0.871735692024231 -0.27467644214630127 0.40450507402420044
1738249191.387268 -37.09819793701172 2.630084991455078 -15.466850280761719 0.028458749875426292 -0.8710370063781738 -0.2759173810482025 0.4054063558578491
1738249193.655006 -37.681190490722656 2.7601375579833984 -16.000431060791016 0.025239408016204834 -0.8669343590736389 -0.26992958784103394 0.41824138164520264
1738249196.989479 -38.14634704589844 2.823122024536133 -16.349437713623047 0.022251252084970474 -0.8599056601524353 -0.26546862721443176 0.43542352318763733
1738249199.657237 -39.018157958984375 2.891115188598633 -16.76349639892578 0.018123872578144073 -0.8628204464912415 -0.2645423710346222 0.43038326501846313
1738249201.057817 -39.3636474609375 2.948579788208008 -17.106842041015625 0.014526276849210262 -0.8697092533111572 -0.2725735306739807 0.4112159311771393
1738249201.991627 -39.82393264770508 3.0481414794921875 -17.50299835205078 0.014479505829513073 -0.8730248808860779 -0.271552175283432 0.4048177897930145
1738249203.325795 -40.38136291503906 3.180572509765625 -17.98027801513672 0.008922562934458256 -0.8725570440292358 -0.27765268087387085 0.40183770656585693
1738249204.459333 -40.85002136230469 3.296957015991211 -18.386215209960938 0.00792277604341507 -0.8738740086555481 -0.2783687114715576 0.3984876275062561
1738249205.659778 -41.3475341796875 3.4215927124023438 -18.81939697265625 0.008362950757145882 -0.8739310503005981 -0.27722424268722534 0.3991507887840271
1738249206.326745 -41.639427185058594 3.4886741638183594 -19.067649841308594 0.00687858322635293 -0.8732815384864807 -0.27463868260383606 0.402375191450119
1738249207.32709 -42.066307067871094 3.5890159606933594 -19.435333251953125 0.008756846189498901 -0.8716155290603638 -0.26905080676078796 0.40966007113456726
1738249208.127483 -42.42486572265625 3.6587467193603516 -19.72759246826172 0.011265121400356293 -0.8703433871269226 -0.2660996913909912 0.41420599818229675
1738249209.261327 -42.9068603515625 3.753856658935547 -20.11014175415039 0.012584684416651726 -0.8683697581291199 -0.26298409700393677 0.4202558398246765
1738249210.395298 -43.421653747558594 3.8311233520507812 -20.467674255371094 0.011661974713206291 -0.8536869883537292 -0.256616473197937 0.453023761510849
1738249211.595652 -43.995994567871094 3.9101696014404297 -20.835018157958984 0.013172146864235401 -0.8483320474624634 -0.25465115904808044 0.4640173614025116
1738249212.929411 -44.67085647583008 4.002574920654297 -21.24347686767578 0.01321420632302761 -0.8441519737243652 -0.2562665641307831 0.47070175409317017
1738249214.332171 -45.33793640136719 4.105249404907227 -21.71398162841797 0.01886410266160965 -0.8563087582588196 -0.2595811188220978 0.44609105587005615
1738249215.397081 -45.840858459472656 4.186349868774414 -22.07660675048828 0.02018892578780651 -0.8571234941482544 -0.261301189661026 0.4434562921524048
1738249216.597528 -46.40364074707031 4.286968231201172 -22.508411407470703 0.0210541021078825 -0.864020824432373 -0.2674410045146942 0.4260283410549164
1738249217.664631 -46.85761260986328 4.403846740722656 -22.93780517578125 0.021153833717107773 -0.8811861872673035 -0.2796269953250885 0.38062089681625366
1738249218.998706 -47.421058654785156 4.566276550292969 -23.529544830322266 0.019392510876059532 -0.8893445730209351 -0.2840699851512909 0.3577631711959839
1738249220.065436 -47.876197814941406 4.702953338623047 -24.016265869140625 0.018260736018419266 -0.8923975825309753 -0.28628307580947876 0.3483319878578186
1738249220.999339 -48.25676727294922 4.823249816894531 -24.438812255859375 0.01636764034628868 -0.8968809843063354 -0.2835119068622589 0.33905404806137085
1738249221.939732 -48.642059326171875 4.946510314941406 -24.87352752685547 0.008795198984444141 -0.8997043967247009 -0.284488320350647 0.33093953132629395
1738249223.266875 -49.18099594116211 5.15069580078125 -25.531875610351562 0.008906085044145584 -0.8997021913528442 -0.2950591742992401 0.3215537369251251
1738249224.46824 -49.651710510253906 5.3199310302734375 -26.120494842529297 0.01720283180475235 -0.9045465588569641 -0.2923298478126526 0.30990779399871826
1738249225.467946 -50.030513763427734 5.475263595581055 -26.629100799560547 0.015797292813658714 -0.9091693758964539 -0.29534274339675903 0.2931455671787262
1738249226.402176 -50.38018798828125 5.618022918701172 -27.101051330566406 0.014749594032764435 -0.9117001295089722 -0.29462164640426636 0.2859781086444855
1738249227.668491 -50.851097106933594 5.830854415893555 -27.742660522460938 0.015359951183199883 -0.9118203520774841 -0.29874277114868164 0.2812482416629791
1738249228.669069 -51.2166862487793 5.985721588134766 -28.26199722290039 0.011875265277922153 -0.9160208702087402 -0.29309770464897156 0.2736029624938965
1738249229.736481 -51.60338592529297 6.164953231811523 -28.82940673828125 0.005719983484596014 -0.9153454303741455 -0.30105018615722656 0.267355352640152
1738249230.870137 -51.970340728759766 6.367103576660156 -29.442974090576172 0.013245226815342903 -0.9180055260658264 -0.30938971042633057 0.24772673845291138
1738249231.870396 -52.19508361816406 6.560617446899414 -30.027488708496094 0.013394767418503761 -0.9323434233665466 -0.31321480870246887 0.1801469922065735
1738249232.870591 -52.391624450683594 6.75859260559082 -30.626056671142578 0.00383609626442194 -0.939559817314148 -0.3144806921482086 0.13533155620098114
1738249233.87124 -52.50645446777344 7.009269714355469 -31.293739318847656 -8.197354327421635e-05 -0.9415701627731323 -0.3267025053501129 0.08192199468612671
1738249235.338261 -52.58966827392578 7.373069763183594 -32.250877380371094 0.023283742368221283 -0.943855345249176 -0.325820654630661 0.04935506731271744
1738249236.805688 -52.6636848449707 7.687199592590332 -33.19969177246094 0.011343584395945072 -0.948860228061676 -0.3145158290863037 0.024809515103697777
1738249238.606402 -52.46696472167969 8.038335800170898 -34.27424621582031 0.01695219986140728 -0.9408611059188843 -0.31578388810157776 -0.12154701352119446
1738249239.873944 -52.09453582763672 8.288195610046387 -34.97557830810547 0.015862977132201195 -0.921471357345581 -0.31536629796028137 -0.22623687982559204
1738249241.20745 -51.622371673583984 8.53918743133545 -35.64469909667969 0.006032302509993315 -0.8918782472610474 -0.31530579924583435 -0.3241899311542511
1738249242.474684 -51.0700569152832 8.744217872619629 -36.20159149169922 -0.0009102145559154451 -0.8697885870933533 -0.3077801764011383 -0.3856661319732666
1738249243.40843 -50.574462890625 8.888672828674316 -36.56574249267578 -0.002326115034520626 -0.8507469296455383 -0.3042711317539215 -0.4285362660884857
1738249244.475457 -49.99563980102539 9.039588928222656 -36.96678924560547 -0.003706607734784484 -0.8414515256881714 -0.29700005054473877 -0.4513718783855438
1738249245.60906 -49.36052703857422 9.189139366149902 -37.37782287597656 -0.005659869872033596 -0.8332590460777283 -0.29457494616508484 -0.46783867478370667
1738249246.876408 -48.63407516479492 9.380769729614258 -37.818580627441406 -0.0012443669838830829 -0.828026533126831 -0.2996525466442108 -0.47389763593673706
1738249248.076926 -48.072906494140625 9.593546867370605 -38.352943420410156 0.0018131647957488894 -0.8635264039039612 -0.311029851436615 -0.39696258306503296
1738249249.410868 -47.623756408691406 9.881702423095703 -39.04839324951172 0.005532935727387667 -0.8974673748016357 -0.3287319242954254 -0.2940358817577362
1738249250.477946 -47.262115478515625 10.129219055175781 -39.648887634277344 0.0032073683105409145 -0.9017426371574402 -0.33184412121772766 -0.27700066566467285
1738249251.545045 -46.88903045654297 10.368274688720703 -40.23402404785156 0.00021223277144599706 -0.8998987078666687 -0.328084796667099 -0.28730228543281555
1738249252.745522 -46.41378402709961 10.607760429382324 -40.820289611816406 -0.00804856140166521 -0.8775526285171509 -0.3259434998035431 -0.35156431794166565
1738249253.879228 -45.90963363647461 10.815993309020996 -41.300289154052734 -0.008525504730641842 -0.8630383610725403 -0.32354113459587097 -0.3878316283226013
1738249254.612884 -45.39283752441406 11.006205558776855 -41.7888298034668 -0.009253566153347492 -0.8638092279434204 -0.3167650103569031 -0.3916732370853424
1738249255.080891 -44.836917877197266 11.211512565612793 -42.291725158691406 -0.008221859112381935 -0.8606417179107666 -0.3150416314601898 -0.3999713957309723
1738249255.550037 -44.27140426635742 11.386248588562012 -42.72928237915039 -0.008286677300930023 -0.8447437882423401 -0.30850496888160706 -0.4372231066226959
1738249256.080018 -43.616050720214844 11.543214797973633 -43.117740631103516 -0.007978767156600952 -0.8167108297348022 -0.2977564036846161 -0.4942276179790497
1738249256.546977 -42.955299377441406 11.683995246887207 -43.448944091796875 -0.004279680550098419 -0.8058816194534302 -0.29504868388175964 -0.5133056640625
1738249257.080693 -42.22528839111328 11.834574699401855 -43.779823303222656 -0.00019854606944136322 -0.802085816860199 -0.2936590313911438 -0.5200218558311462
1738249257.547648 -41.55294418334961 11.956665992736816 -44.075313568115234 0.0005910869804210961 -0.7981870770454407 -0.28879302740097046 -0.5286735892295837
1738249258.014281 -40.90177536010742 12.081096649169922 -44.36112976074219 0.00011458950757514685 -0.7984437346458435 -0.2924255430698395 -0.5262840986251831
1738249258.480927 -40.28702163696289 12.230785369873047 -44.69305419921875 0.003837990341708064 -0.8148797154426575 -0.30408158898353577 -0.4934479296207428
1738249259.014638 -39.67491149902344 12.422056198120117 -45.13947296142578 0.00479646772146225 -0.8385568857192993 -0.3079645335674286 -0.4493964612483978
1738249259.348127 -39.25234603881836 12.555660247802734 -45.43578338623047 0.004149691201746464 -0.840623140335083 -0.3102230727672577 -0.4439563453197479
1738249259.948377 -38.485294342041016 12.792811393737793 -45.97901916503906 0.00290406565181911 -0.8414803743362427 -0.30817434191703796 -0.44376906752586365
1738249260.415262 -37.92283630371094 12.968240737915039 -46.40867614746094 0.005095707252621651 -0.849937915802002 -0.3077862858772278 -0.42760637402534485
1738249260.948824 -37.37909698486328 13.18050765991211 -46.903648376464844 0.00573226111009717 -0.8654021620750427 -0.3164701759815216 -0.3884493112564087
1738249262.282751 -36.98004150390625 13.480390548706055 -47.63835144042969 0.011648866347968578 -0.9109582901000977 -0.33349162340164185 -0.24249248206615448
1738249263.283069 -36.76460266113281 13.719381332397461 -48.25029754638672 0.011289803311228752 -0.9254699349403381 -0.32956475019454956 -0.18645378947257996
1738249264.350159 -36.54364013671875 13.988296508789062 -48.91290283203125 0.010567441582679749 -0.9265821576118469 -0.34061333537101746 -0.1591111421585083
1738249265.483984 -36.32133865356445 14.284930229187012 -49.626155853271484 0.006353661417961121 -0.9269673228263855 -0.3406754732131958 -0.15694421529769897
1738249266.217378 -36.07252502441406 14.480157852172852 -50.081871032714844 0.0031563593074679375 -0.9096798300743103 -0.341043621301651 -0.2369852513074875
1738249266.817849 -35.76826477050781 14.602823257446289 -50.35031509399414 -0.0023002009838819504 -0.874072253704071 -0.3350430428981781 -0.35176506638526917
1738249293.361999 -35.11681365966797 14.813679695129395 -50.81947708129883 -0.011511188000440598 -0.8343293070793152 -0.322674036026001 -0.44681498408317566
1738249294.095596 -34.699180603027344 14.883447647094727 -50.94757843017578 -0.023027213290333748 -0.7691733241081238 -0.3065361976623535 -0.5602480173110962
1738249295.429337 -33.93891906738281 14.989969253540039 -51.15955352783203 -0.027465011924505234 -0.752151608467102 -0.29655319452285767 -0.587851881980896
1738249296.896623 -33.15714645385742 15.09239387512207 -51.3790283203125 -0.019945377483963966 -0.7609174847602844 -0.2998635470867157 -0.5750554203987122
1738249297.897009 -32.5670280456543 15.172426223754883 -51.562843322753906 -0.015065761283040047 -0.7693885564804077 -0.29294925928115845 -0.5674461722373962
1738249298.897567 -31.98345947265625 15.268697738647461 -51.77971649169922 -0.00728921452537179 -0.7814264893531799 -0.2910964787006378 -0.5518898367881775
1738249300.031032 -31.304096221923828 15.394208908081055 -52.00917434692383 -0.0019265201408416033 -0.7798896431922913 -0.2959718406200409 -0.5515153408050537
1738249300.964908 -30.541126251220703 15.553608894348145 -52.30173110961914 0.0007968316203914583 -0.7766158580780029 -0.3024578094482422 -0.5526178479194641
1738249301.765276 -29.949153900146484 15.665063858032227 -52.535118103027344 -0.0026104047428816557 -0.7789627313613892 -0.29709964990615845 -0.5522156357765198
1738249302.36532 -29.409366607666016 15.780316352844238 -52.733612060546875 0.0003137101302854717 -0.778420090675354 -0.2993731200695038 -0.5517588257789612
1738249303.099145 -28.755428314208984 15.913019180297852 -52.98164367675781 0.0012418817495927215 -0.7772541046142578 -0.30026334524154663 -0.5529162883758545
1738249303.766068 -28.153236389160156 16.03421974182129 -53.20451354980469 0.003087789984419942 -0.7779732942581177 -0.30077263712882996 -0.5516194105148315
1738249304.433066 -27.539764404296875 16.167627334594727 -53.43074035644531 0.005993281956762075 -0.7777182459831238 -0.3018200099468231 -0.5513829588890076
1738249305.033467 -26.99795150756836 16.274417877197266 -53.63950729370117 0.005449868272989988 -0.7797330021858215 -0.29729029536247253 -0.5510038733482361
1738249305.566602 -26.306602478027344 16.421764373779297 -53.899784088134766 0.011854180134832859 -0.7811347246170044 -0.2976321876049042 -0.5487287044525146
1738249305.966945 -25.671592712402344 16.538297653198242 -54.14579391479492 0.011329109780490398 -0.7845988273620605 -0.28450530767440796 -0.5507569313049316
1738249306.300398 -25.11931610107422 16.648542404174805 -54.35740280151367 0.017654871568083763 -0.782454252243042 -0.2894187867641449 -0.5510811805725098
1738249306.700646 -24.455360412597656 16.791688919067383 -54.61441421508789 0.019549358636140823 -0.7814756035804749 -0.2903536260128021 -0.5519135594367981
1738249307.034041 -23.904743194580078 16.912263870239258 -54.83504104614258 0.020024355500936508 -0.7799230813980103 -0.2909347414970398 -0.5537834167480469
1738249307.434044 -23.283355712890625 17.035573959350586 -55.0680046081543 0.020979132503271103 -0.780144214630127 -0.286771297454834 -0.5556052923202515
1738249307.900881 -22.57965087890625 17.180356979370117 -55.34221649169922 0.018927739933133125 -0.7808235883712769 -0.2847627103328705 -0.5557575821876526
1738249308.834792 -21.778533935546875 17.339677810668945 -55.64936065673828 0.01783538982272148 -0.7783747315406799 -0.28539037704467773 -0.5588980317115784
1738249310.10179 -20.976348876953125 17.469104766845703 -55.86427307128906 0.010328392498195171 -0.7439931631088257 -0.27572327852249146 -0.6085591912269592
1738249311.169052 -20.264678955078125 17.560571670532227 -56.04792022705078 0.005158097483217716 -0.7390176057815552 -0.2761048972606659 -0.6144856214523315
1738249312.102783 -19.628150939941406 17.625722885131836 -56.199607849121094 -0.00042767717968672514 -0.7382909059524536 -0.2663774788379669 -0.6196526885032654
1738249313.236554 -18.82394027709961 17.728473663330078 -56.35950469970703 0.0019194665364921093 -0.7241419553756714 -0.27142131328582764 -0.6339914798736572
1738249314.437124 -18.09471893310547 17.717025756835938 -56.31842041015625 -0.014674191363155842 -0.626331090927124 -0.23748521506786346 -0.742357611656189
1738249315.370561 -17.6252384185791 17.655221939086914 -56.10984802246094 -0.012397530488669872 -0.5172221064567566 -0.19683927297592163 -0.8328157067298889
1738249316.304425 -17.228727340698242 17.553852081298828 -55.74042510986328 0.0003326995938550681 -0.3759705126285553 -0.16224412620067596 -0.9123173952102661
1738249317.638338 -16.66822624206543 17.363176345825195 -55.16875457763672 -0.009493998251855373 -0.31365856528282166 -0.14397677779197693 -0.9385088682174683
1738249318.905543 -16.231597900390625 17.152626037597656 -54.53358459472656 -0.009585646912455559 -0.2557186186313629 -0.12622080743312836 -0.958428144454956
1738249319.972616 -15.864616394042969 16.967716217041016 -53.9530143737793 -0.0061132898554205894 -0.23649337887763977 -0.11958315968513489 -0.9642269015312195
1738249321.173132 -15.452994346618652 16.739810943603516 -53.23948669433594 -0.004904591478407383 -0.21585975587368011 -0.1143084391951561 -0.9696980118751526
1738249322.106825 -15.156917572021484 16.55091667175293 -52.69371795654297 -0.01057812012732029 -0.20541928708553314 -0.10591535270214081 -0.9728684425354004
1738249323.373819 -14.638903617858887 16.344135284423828 -52.050987243652344 -0.004288624972105026 -0.292630672454834 -0.13272596895694733 -0.9469597339630127
1738249324.241074 -14.117371559143066 16.221282958984375 -51.634864807128906 -0.002206126693636179 -0.3591281771659851 -0.1534287929534912 -0.9205877184867859
1738249324.774557 -13.45604133605957 16.077896118164062 -51.082096099853516 0.009854139760136604 -0.37451040744781494 -0.16239884495735168 -0.912837028503418
1738249325.17471 -12.92071533203125 15.963309288024902 -50.633758544921875 0.01245130505412817 -0.37559568881988525 -0.16415390372276306 -0.9120452404022217
1738249325.441291 -12.547723770141602 15.885854721069336 -50.339683532714844 0.012274703942239285 -0.38471198081970215 -0.16579650342464447 -0.9079414010047913
1738249325.908148 -11.889103889465332 15.761701583862305 -49.835655212402344 0.013157193548977375 -0.3996923267841339 -0.16883595287799835 -0.9008703827857971
1738249326.44189 -11.154764175415039 15.636185646057129 -49.30323028564453 0.014936783351004124 -0.4099309742450714 -0.17084647715091705 -0.89584881067276
1738249326.842035 -10.586409568786621 15.540775299072266 -48.889984130859375 0.015896283090114594 -0.4127098321914673 -0.1708163172006607 -0.8945611715316772
1738249327.308942 -9.930211067199707 15.430990219116211 -48.42371368408203 0.016851959750056267 -0.4166548550128937 -0.17071793973445892 -0.8927318453788757
1738249327.709135 -9.347471237182617 15.341132164001465 -48.01835632324219 0.01815909706056118 -0.419325590133667 -0.17217116057872772 -0.8911753296852112
1738249328.17572 -8.662676811218262 15.23886489868164 -47.546104431152344 0.019869817420840263 -0.42105478048324585 -0.17356501519680023 -0.8900524377822876
1738249328.575899 -8.081154823303223 15.146862030029297 -47.14649200439453 0.0176481232047081 -0.42124882340431213 -0.1714262217283249 -0.8904218673706055
1738249328.910453 -7.608150482177734 15.065608978271484 -46.80510330200195 0.018443120643496513 -0.41452884674072266 -0.16761720180511475 -0.8942763209342957
1738249329.44319 -6.927456855773926 14.930008888244629 -46.259647369384766 0.017276765778660774 -0.3843681514263153 -0.15435750782489777 -0.9100200533866882
1738249329.976761 -6.3302435874938965 14.781359672546387 -45.671875 0.020338114351034164 -0.3491414785385132 -0.1449737399816513 -0.9255643486976624
1738249330.510015 -5.727487564086914 14.65236759185791 -45.17501449584961 0.017172954976558685 -0.3827032446861267 -0.15434075891971588 -0.9107262492179871
1738249331.043553 -5.0521769523620605 14.538355827331543 -44.67164993286133 0.018999798223376274 -0.39715850353240967 -0.15981575846672058 -0.9035282135009766
1738249331.443778 -4.4878315925598145 14.424981117248535 -44.239131927490234 0.01629522629082203 -0.3982454240322113 -0.15980969369411469 -0.9031034708023071
1738249331.844034 -3.9137725830078125 14.32091236114502 -43.7912483215332 0.020504778251051903 -0.3981577455997467 -0.16176913678646088 -0.9027074575424194
1738249332.244201 -3.352065086364746 14.212800979614258 -43.36299133300781 0.016189415007829666 -0.39783012866973877 -0.1603817641735077 -0.903187096118927
1738249332.644457 -2.778545379638672 14.104087829589844 -42.92711639404297 0.01677814871072769 -0.3982284367084503 -0.1609695553779602 -0.9028961658477783
1738249333.113027 -2.1222352981567383 13.976335525512695 -42.426334381103516 0.01437610574066639 -0.39910343289375305 -0.15988123416900635 -0.9027446508407593
1738249333.444528 -1.637864112854004 13.884895324707031 -42.06494903564453 0.014851815067231655 -0.3984052538871765 -0.16225437819957733 -0.902621865272522
1738249333.844689 -1.063899040222168 13.776296615600586 -41.6339111328125 0.014308204874396324 -0.3979773223400116 -0.1618715524673462 -0.9028881788253784
1738249334.178173 -0.5839738845825195 13.687999725341797 -41.26546859741211 0.015824370086193085 -0.39826881885528564 -0.16200029850006104 -0.9027112126350403
1738249334.645207 0.07712841033935547 13.566402435302734 -40.76392364501953 0.014743292704224586 -0.4000328481197357 -0.1610291749238968 -0.9021230936050415
1738249335.045376 0.6555652618408203 13.463037490844727 -40.3276252746582 0.016962427645921707 -0.39994511008262634 -0.16234761476516724 -0.9018865823745728
1738249335.578905 1.4059953689575195 13.316654205322266 -39.75918960571289 0.01413235068321228 -0.4023335874080658 -0.15891820192337036 -0.9014837741851807
1738249335.978882 1.9637470245361328 13.217765808105469 -39.32408142089844 0.01788768172264099 -0.3939608633518219 -0.1598341017961502 -0.9049463868141174
1738249336.445781 2.539961814880371 13.089937210083008 -38.80849075317383 0.01666208915412426 -0.3584197163581848 -0.1483275443315506 -0.9215512275695801
1738249336.846046 2.8954215049743652 12.951836585998535 -38.36899185180664 0.006084510590881109 -0.29203134775161743 -0.122369684278965 -0.948528528213501
1738249337.446468 3.4630165100097656 12.735583305358887 -37.63777542114258 0.010785122402012348 -0.28370633721351624 -0.1212221011519432 -0.9511570334434509
1738249337.779821 3.7665700912475586 12.637298583984375 -37.264747619628906 0.014568488113582134 -0.29506251215934753 -0.12571145594120026 -0.9470598697662354
1738249338.513413 4.296157360076904 12.469260215759277 -36.65550994873047 0.015493755228817463 -0.30898794531822205 -0.13170236349105835 -0.941775381565094
1738249339.04696 4.733179569244385 12.33071231842041 -36.16802978515625 0.009148924611508846 -0.314284086227417 -0.13087217509746552 -0.9402203559875488
1738249339.51382 5.294186592102051 12.162473678588867 -35.52891159057617 0.016654783859848976 -0.3130961060523987 -0.1294945776462555 -0.940704345703125
1738249339.848505 5.691159248352051 12.041743278503418 -35.06085968017578 0.01827196218073368 -0.3130322992801666 -0.1301315575838089 -0.9406076669692993
1738249340.247464 6.163894176483154 11.896187782287598 -34.524723052978516 0.01771826297044754 -0.31285208463668823 -0.12872342765331268 -0.9408718943595886
1738249340.714113 6.715888023376465 11.732086181640625 -33.90869140625 0.017207954078912735 -0.31300032138824463 -0.12973371148109436 -0.9406932592391968
1738249341.047591 7.11540412902832 11.609213829040527 -33.45893859863281 0.016716213896870613 -0.3131629228591919 -0.1300172507762909 -0.9406089186668396
1738249341.514929 7.68051815032959 11.435467720031738 -32.831565856933594 0.01606792025268078 -0.3100337088108063 -0.1324276179075241 -0.9413203001022339
1738249341.847924 8.084427833557129 11.32076358795166 -32.380043029785156 0.017089636996388435 -0.3086295425891876 -0.13527880609035492 -0.9413583278656006
1738249342.249215 8.558353424072266 11.169819831848145 -31.84506607055664 0.0134807787835598 -0.3094760775566101 -0.13323548436164856 -0.941430389881134
1738249342.582105 8.940826416015625 11.048731803894043 -31.405094146728516 0.010229009203612804 -0.3065401613712311 -0.13270039856433868 -0.9425068497657776
1738249342.98188 9.391630172729492 10.91690444946289 -30.89634895324707 0.016609352082014084 -0.3026382625102997 -0.1377056986093521 -0.9429588913917542
1738249344.11556 9.946402549743652 10.761405944824219 -30.30486488342285 0.018618298694491386 -0.3460879623889923 -0.14847539365291595 -0.9261919856071472
1738249345.516256 10.69624137878418 10.625059127807617 -29.76417350769043 0.019428027793765068 -0.3938833177089691 -0.15699365735054016 -0.9054454565048218
1738249346.583351 11.280844688415527 10.509450912475586 -29.262245178222656 0.020458262413740158 -0.3811522126197815 -0.1511232703924179 -0.911847710609436
1738249347.718533 11.783193588256836 10.344813346862793 -28.661235809326172 0.016596117988228798 -0.3183307349681854 -0.13142029941082 -0.9386793375015259
1738249348.650666 12.221665382385254 10.20544147491455 -28.151639938354492 0.016635654494166374 -0.3102914094924927 -0.1288607269525528 -0.9417204856872559
1738249349.717963 12.622753143310547 10.025460243225098 -27.51274299621582 0.01713009737432003 -0.24237723648548126 -0.10608453303575516 -0.9642126560211182
1738249365.524159 12.836872100830078 9.879210472106934 -26.992313385009766 0.014325602911412716 -0.17383983731269836 -0.08585381507873535 -0.9809198379516602
1738249366.657923 12.94307804107666 9.689759254455566 -26.369333267211914 0.013814739882946014 -0.10758037865161896 -0.06509748846292496 -0.991966724395752
1738249367.258208 13.126166343688965 9.48820686340332 -25.673263549804688 0.012583526782691479 -0.10335946828126907 -0.06243662163615227 -0.9926027059555054
1738249367.591818 13.267561912536621 9.317934036254883 -25.092239379882812 0.014664145186543465 -0.09961255639791489 -0.06048676371574402 -0.9930778741836548
1738249367.991828 13.442461967468262 9.111063957214355 -24.391910552978516 0.016673432663083076 -0.09613233804702759 -0.058723483234643936 -0.9934949278831482
1738249368.392125 13.608914375305176 8.9009428024292 -23.67899513244629 0.015125700272619724 -0.09388711303472519 -0.05620802566409111 -0.9938798546791077
1738249368.85911 13.800922393798828 8.649653434753418 -22.844879150390625 0.01442698948085308 -0.08984682708978653 -0.05474621802568436 -0.9943451881408691
1738249369.258998 13.961004257202148 8.445627212524414 -22.135562896728516 0.015229746699333191 -0.08572670817375183 -0.053070083260536194 -0.9947876930236816
1738249369.659149 14.113847732543945 8.237712860107422 -21.4288330078125 0.013899976387619972 -0.08308642357587814 -0.05135885998606682 -0.9951210021972656
1738249369.992621 14.234421730041504 8.060354232788086 -20.839059829711914 0.012602482922375202 -0.07979676872491837 -0.05109060928225517 -0.9954212307929993
1738249370.392786 14.388811111450195 7.848668098449707 -20.138347625732422 0.01446389127522707 -0.0838875100016594 -0.054361920803785324 -0.9948862195014954
1738249370.794141 14.542549133300781 7.644549369812012 -19.450551986694336 0.015603812411427498 -0.08732379972934723 -0.05615144222974777 -0.9944738149642944
1738249371.126562 14.675355911254883 7.469482421875 -18.875207901000977 0.01384766586124897 -0.08818450570106506 -0.0554630272090435 -0.9944625496864319
1738249371.526874 14.83080005645752 7.260599136352539 -18.180828094482422 0.01217569038271904 -0.08652081340551376 -0.05423055216670036 -0.9946984052658081
1738249371.860186 14.959152221679688 7.087875843048096 -17.59381675720215 0.012345225550234318 -0.08489669114351273 -0.05343286320567131 -0.994879424571991
1738249372.260202 15.112686157226562 6.878386497497559 -16.90056610107422 0.011827166192233562 -0.08383357524871826 -0.05216602608561516 -0.9950430989265442
1738249372.593686 15.234006881713867 6.705402851104736 -16.31539535522461 0.013743029907345772 -0.08357540518045425 -0.051427293568849564 -0.9950786828994751
1738249372.993861 15.376856803894043 6.508131504058838 -15.644485473632812 0.01689225621521473 -0.08059526979923248 -0.050205059349536896 -0.9953384399414062
1738249373.861062 15.513873100280762 6.298431873321533 -14.95418930053711 0.015272622928023338 -0.07934436947107315 -0.04893327131867409 -0.9955283999443054
1738249374.861431 15.655537605285645 6.087806701660156 -14.241706848144531 0.014169060625135899 -0.07741982489824295 -0.047374095767736435 -0.9957716464996338
1738249375.995199 15.819450378417969 5.8372344970703125 -13.390936851501465 0.01395266130566597 -0.07352250814437866 -0.04861951991915703 -0.9960100054740906
1738249376.995457 15.960816383361816 5.624205112457275 -12.698451042175293 0.010005873627960682 -0.07119172066450119 -0.04894697666168213 -0.9962107539176941
1738249377.996082 16.089088439941406 5.416954517364502 -12.015233039855957 0.009873111732304096 -0.0702071264386177 -0.04626988619565964 -0.9964098930358887
1738249379.063102 16.264812469482422 5.194114685058594 -11.277587890625 0.008000331930816174 -0.08184690028429031 -0.046865835785865784 -0.9955103397369385
1738249380.063548 16.417068481445312 4.986032962799072 -10.601383209228516 0.0101496996358037 -0.08502162247896194 -0.047606054693460464 -0.9951894283294678
1738249381.197178 16.596906661987305 4.7569756507873535 -9.841134071350098 0.007517428603023291 -0.0857737734913826 -0.04704375937581062 -0.9951750040054321
1738249382.264228 16.792659759521484 4.489614486694336 -8.986955642700195 0.005969008430838585 -0.08774059265851974 -0.045490849763154984 -0.9950861930847168
1738249382.667864 16.9426326751709 4.280932426452637 -8.322408676147461 0.005564355757087469 -0.08926695585250854 -0.0433809868991375 -0.9950470328330994
1738249383.064567 17.100744247436523 4.066147804260254 -7.625273704528809 0.007801600731909275 -0.08916100114583969 -0.0427844263613224 -0.9950673580169678
1738249383.464741 17.263715744018555 3.8491899967193604 -6.930968284606934 0.007373039610683918 -0.08967780321836472 -0.0439964197576046 -0.9949713349342346
1738249383.865035 17.42890167236328 3.624830722808838 -6.232333660125732 0.005337946116924286 -0.09053200483322144 -0.04493135213851929 -0.9948651790618896
1738249384.198506 17.564167022705078 3.437927484512329 -5.659574031829834 0.003225644351914525 -0.08988939225673676 -0.04601419344544411 -0.9948830008506775
1738249384.598671 17.731351852416992 3.223597764968872 -4.962539196014404 0.007366058882325888 -0.08796519041061401 -0.048272471874952316 -0.9949259757995605
1738249384.932003 17.866411209106445 3.047109842300415 -4.382526874542236 0.011481652036309242 -0.08790300041437149 -0.04930717498064041 -0.9948417544364929
1738249385.332388 18.01760482788086 2.8302605152130127 -3.6938836574554443 0.00828107725828886 -0.08764418959617615 -0.04747993126511574 -0.9949852824211121
1738249385.732333 18.14058494567871 2.6211745738983154 -3.0101022720336914 0.011051775887608528 -0.06734421849250793 -0.041442371904850006 -0.9968075156211853
1738249386.266047 18.130414962768555 2.3719875812530518 -2.2437357902526855 0.005409949459135532 0.019606826826930046 -0.01271769218146801 -0.9997122287750244
1738249386.799624 18.13064193725586 2.0964713096618652 -1.3876208066940308 0.004761329386383295 0.006253480911254883 -0.017473546788096428 -0.9998164772987366
1738249387.39981 18.31301498413086 1.8237740993499756 -0.5299688577651978 0.010251021012663841 -0.11094582825899124 -0.05643830448389053 -0.9921697378158569
1738249387.799832 18.505847930908203 1.6529810428619385 0.010659858584403992 0.005510534625500441 -0.13995616137981415 -0.06575314700603485 -0.987956702709198
1738249388.19999 18.659730911254883 1.468902826309204 0.6144211888313293 0.009164209477603436 -0.09897391498088837 -0.052795831114053726 -0.9936462044715881
1738249388.733545 18.679561614990234 1.2389039993286133 1.3351986408233643 0.004719221964478493 -0.004081904888153076 -0.021152997389435768 -0.9997568130493164
1738249389.267262 18.678691864013672 0.9653800129890442 2.135922431945801 -0.0026096089277416468 0.007892768830060959 -0.013584255240857601 -0.9998732209205627
1738249389.66738 18.666854858398438 0.7459412217140198 2.7859854698181152 0.0004750155785586685 0.009241129271686077 -0.007197996135801077 -0.999931275844574
1738249390.067368 18.664743423461914 0.5356206893920898 3.4517223834991455 0.005507249850779772 0.008923497051000595 -0.007981899194419384 -0.9999131560325623
1738249390.600963 18.724552154541016 0.2787022292613983 4.312500953674316 0.016579966992139816 -0.013976535759866238 -0.025414004921913147 -0.9994418025016785
1738249391.067826 18.79781150817871 0.062228601425886154 5.015166282653809 0.011513382196426392 -0.02545587345957756 -0.03355197608470917 -0.9990464448928833
1738249391.53467 18.873794555664062 -0.1829277127981186 5.755741119384766 0.004701921250671148 -0.023876622319221497 -0.03467216342687607 -0.9991024732589722
1738249391.934973 18.93745231628418 -0.41156378388404846 6.439483642578125 0.0036884506698697805 -0.023253485560417175 -0.03461463376879692 -0.9991233944892883
1738249392.401849 19.01734733581543 -0.6690316200256348 7.235324382781982 0.0056874738074839115 -0.023534925654530525 -0.03429317846894264 -0.9991185665130615
1738249392.802053 19.08043670654297 -0.893598198890686 7.905925750732422 -0.0001875636662589386 -0.021430019289255142 -0.03715069964528084 -0.9990798830986023
1738249393.535472 19.14811134338379 -1.1527589559555054 8.667893409729004 -0.001763998414389789 -0.0162186361849308 -0.03900719806551933 -0.9991057515144348
1738249394.936222 19.227514266967773 -1.436364769935608 9.478857040405273 -0.006401029881089926 -0.010896208696067333 -0.04422035440802574 -0.9989418983459473
1738249396.403316 19.267236709594727 -1.696273922920227 10.241890907287598 -0.00557014811784029 0.006048142444342375 -0.03860708326101303 -0.9992206692695618
1738249398.003933 19.213260650634766 -1.9592018127441406 11.001741409301758 -0.007775976322591305 0.0408257395029068 -0.02121356502175331 -0.9989108443260193
1738249399.738104 19.099395751953125 -2.231367588043213 11.788492202758789 -0.005352561362087727 0.07541444897651672 -0.005361603572964668 -0.9971235394477844
1738249403.006064 18.999874114990234 -2.5058434009552 12.605649948120117 -0.002050224458798766 0.06415082514286041 -0.008125550113618374 -0.9979050159454346
1738249404.940316 19.10171127319336 -2.777524948120117 13.416528701782227 -0.00126560777425766 -0.01865755021572113 -0.03573116660118103 -0.9991864562034607
1738249406.341026 19.175983428955078 -3.0256125926971436 14.140043258666992 -0.006626871880143881 -0.029692387208342552 -0.03503093495965004 -0.998923122882843
1738249407.741353 19.19521713256836 -3.2922048568725586 14.886256217956543 -0.011057578958570957 -0.015825673937797546 -0.022960301488637924 -0.9995499849319458
1738249408.875164 19.246463775634766 -3.520918607711792 15.598578453063965 0.0005843407707288861 -0.017208291217684746 -0.02567911334335804 -0.9995220303535461
1738249409.275389 19.2635440826416 -3.598984956741333 15.824600219726562 -0.0017868116265162826 -0.015137107111513615 -0.026276955381035805 -0.9995384812355042
1738249410.075627 19.277494430541992 -3.6591358184814453 15.992199897766113 -0.005702230613678694 -0.015497060492634773 -0.027990225702524185 -0.9994717836380005
