1750948304.149872 -0.0 -0.0 -0.0 -0.0 -0.0 -0.0 1.0
1750948305.949816 -0.00964816939085722 -0.04970991984009743 0.10302014648914337 0.009479941800236702 -0.007612805347889662 -0.0031172737944871187 0.9999212622642517
1750948306.349826 -0.035978130996227264 -0.19426928460597992 0.5530158877372742 0.00010033778380602598 -0.023081673309206963 -0.008731863461434841 0.9996954798698425
1750948307.016625 -0.10948039591312408 -0.4372103810310364 1.226364016532898 0.006580814253538847 -0.045399345457553864 -0.019117973744869232 0.9987642765045166
1750948307.749767 -0.21055926382541656 -0.6928045153617859 1.9399536848068237 0.005361746996641159 -0.05692226439714432 -0.023837847635149956 0.9980796575546265
1750948308.41664 -0.27609649300575256 -0.9551113843917847 2.6460976600646973 0.011801089160144329 -0.046963419765233994 -0.021270977333188057 0.998600423336029
1750948308.949782 -0.3266555964946747 -1.2194701433181763 3.3841941356658936 0.010914841666817665 -0.036119431257247925 -0.019713323563337326 0.9990934729576111
1750948309.416565 -0.35837334394454956 -1.4532862901687622 4.007376194000244 0.015390714630484581 -0.030827783048152924 -0.017286673188209534 0.9992567300796509
1750948310.016397 -0.3952656090259552 -1.747122049331665 4.820544242858887 0.013722710311412811 -0.02520495466887951 -0.015125486999750137 0.9994736909866333
1750948310.616399 -0.42869195342063904 -2.053192138671875 5.631008625030518 0.017457466572523117 -0.02401423640549183 -0.014105608686804771 0.9994596838951111
1750948311.216516 -0.46441811323165894 -2.3589844703674316 6.4308342933654785 0.016340410336852074 -0.023646101355552673 -0.015217756852507591 0.9994710683822632
1750948311.749847 -0.4941706657409668 -2.6272284984588623 7.136355400085449 0.01890963315963745 -0.02842051349580288 -0.01771494932472706 0.9992602467536926
1750948312.34966 -0.5533925890922546 -2.928377151489258 7.921876430511475 0.018996845930814743 -0.03797828406095505 -0.02255355380475521 0.9988434314727783
1750948312.949676 -0.6302430033683777 -3.2125158309936523 8.70119571685791 0.01668495498597622 -0.055141631513834 -0.026854954659938812 0.9979778528213501
1750948313.54981 -0.7583154439926147 -3.4920101165771484 9.454357147216797 0.016091173514723778 -0.08227171748876572 -0.03492926433682442 0.9958676695823669
1750948314.016302 -0.9129329919815063 -3.704334020614624 10.038966178894043 0.01593298651278019 -0.11341588944196701 -0.04449593648314476 0.992422878742218
1750948314.616281 -1.1702362298965454 -3.9621834754943848 10.745492935180664 0.017867444083094597 -0.15850414335727692 -0.06089635565876961 0.9853166341781616
1750948315.216282 -1.5029430389404297 -4.205607891082764 11.415328025817871 0.019425030797719955 -0.20285306870937347 -0.0755910649895668 0.9760939478874207
1750948315.816444 -1.9094138145446777 -4.444485664367676 12.029010772705078 0.023397237062454224 -0.2533027231693268 -0.09191002696752548 0.9627268314361572
1750948316.416237 -2.371886730194092 -4.678274154663086 12.591962814331055 0.03026876412332058 -0.31030353903770447 -0.10677467286586761 0.9441370368003845
1750948317.016654 -2.9333057403564453 -4.875612258911133 13.103193283081055 0.022548003122210503 -0.3709489703178406 -0.12867526710033417 0.9194189310073853
1750948317.616232 -3.5604496002197266 -5.041153430938721 13.52608585357666 0.0233788900077343 -0.4303193688392639 -0.15302924811840057 0.8893035650253296
1750948318.216372 -4.252220153808594 -5.185063362121582 13.897492408752441 0.023639611899852753 -0.47332963347435 -0.17151829600334167 0.8637023568153381
1750948318.816186 -4.989638328552246 -5.300663471221924 14.185111045837402 0.02423236519098282 -0.5224602222442627 -0.19123323261737823 0.8305889368057251
1750948319.349522 -5.659845352172852 -5.38726282119751 14.386590957641602 0.027754513546824455 -0.5499361157417297 -0.19888971745967865 0.8107051849365234
1750948319.949658 -6.432778358459473 -5.464835166931152 14.55525016784668 0.028388027101755142 -0.5851841568946838 -0.2097746580839157 0.7827824354171753
1750948320.416311 -7.045374393463135 -5.507725715637207 14.638004302978516 0.02901878021657467 -0.6104997992515564 -0.21920639276504517 0.7605238556861877
1750948321.016151 -7.83154296875 -5.544013023376465 14.693387031555176 0.028752369806170464 -0.6406575441360474 -0.23076379299163818 0.731764554977417
1750948321.616124 -8.610179901123047 -5.560016632080078 14.675853729248047 0.02982470393180847 -0.668884813785553 -0.24179892241954803 0.7023082971572876
1750948322.216271 -9.384171485900879 -5.538707733154297 14.574798583984375 0.03241899237036705 -0.7128490805625916 -0.2541767656803131 0.6528318524360657
1750948322.816083 -10.129979133605957 -5.474376678466797 14.347755432128906 0.03267926722764969 -0.7556277513504028 -0.27025049924850464 0.5957545638084412
1750948323.416079 -10.812880516052246 -5.383742332458496 14.068992614746094 0.03270645812153816 -0.7917832136154175 -0.28853094577789307 0.5373634696006775
1750948324.016076 -11.443685531616211 -5.264775276184082 13.659185409545898 0.037626344710588455 -0.8302881717681885 -0.29041391611099243 0.4742000699043274
1750948324.616193 -12.025674819946289 -5.12009859085083 13.198960304260254 0.036908671259880066 -0.8579192757606506 -0.29860764741897583 0.4164682924747467
1750948325.216026 -12.55014419555664 -4.940832138061523 12.675836563110352 0.035711657255887985 -0.8768690824508667 -0.30813848972320557 0.36725470423698425
1750948325.749373 -13.008041381835938 -4.783878326416016 12.174935340881348 0.037951353937387466 -0.8893546462059021 -0.3077459931373596 0.33600670099258423
1750948326.34952 -13.476848602294922 -4.5858893394470215 11.561476707458496 0.04076089337468147 -0.8998587727546692 -0.30775919556617737 0.30639365315437317
1750948326.949304 -13.942018508911133 -4.396327972412109 10.952082633972168 0.040013354271650314 -0.9022603631019592 -0.30741018056869507 0.2997071146965027
1750948327.415978 -14.288833618164062 -4.26541805267334 10.473282814025879 0.04218954220414162 -0.9064688682556152 -0.29666444659233093 0.2975306212902069
1750948328.016261 -14.728425979614258 -4.1279401779174805 9.911884307861328 0.04356834664940834 -0.9024908542633057 -0.28864213824272156 0.31669822335243225
1750948328.616145 -15.234710693359375 -3.9748597145080566 9.348017692565918 0.038784150034189224 -0.8999437689781189 -0.2931094467639923 0.32044345140457153
1750948329.216142 -15.710380554199219 -3.81396484375 8.751220703125 0.03926469013094902 -0.9003274440765381 -0.2926635444164276 0.31971368193626404
1750948329.815949 -16.183116912841797 -3.6561028957366943 8.172582626342773 0.03916775435209274 -0.9019415974617004 -0.2904174029827118 0.3172144889831543
1750948330.415942 -16.659086227416992 -3.5072836875915527 7.622463226318359 0.03729966655373573 -0.895976185798645 -0.29381611943244934 0.3309191167354584
1750948331.016038 -17.15625 -3.357478141784668 7.051523208618164 0.03758916258811951 -0.8952178359031677 -0.29051557183265686 0.3358168303966522
1750948331.616069 -17.665830612182617 -3.2034053802490234 6.479373931884766 0.03718878701329231 -0.8926697373390198 -0.28990238904953003 0.3430953025817871
1750948332.215941 -18.197242736816406 -3.0485501289367676 5.923194885253906 0.03614070266485214 -0.8882574439048767 -0.29191872477531433 0.3528116047382355
1750948332.749276 -18.685699462890625 -2.9175209999084473 5.435423851013184 0.03740014508366585 -0.8844966888427734 -0.29085639119148254 0.36286282539367676
1750948333.34935 -19.243377685546875 -2.7617437839508057 4.9071855545043945 0.03662074729800224 -0.8804238438606262 -0.2933138906955719 0.3707825839519501
1750948333.949668 -19.800052642822266 -2.6172609329223633 4.392101287841797 0.03932701796293259 -0.8798615336418152 -0.28847289085388184 0.3756069242954254
1750948334.549168 -20.356796264648438 -2.463995933532715 3.8570556640625 0.03978751599788666 -0.8771795630455017 -0.2916613221168518 0.3793503940105438
1750948335.215974 -20.978870391845703 -2.290722370147705 3.2611732482910156 0.040508538484573364 -0.8761337995529175 -0.29128363728523254 0.38197192549705505
1750948335.816088 -21.522724151611328 -2.1514110565185547 2.7470245361328125 0.04296654462814331 -0.8771305084228516 -0.29186639189720154 0.3789590001106262
1750948336.415849 -22.081310272216797 -1.999803066253662 2.216876983642578 0.04262864962220192 -0.8772435784339905 -0.29527172446250916 0.37608659267425537
1750948337.015785 -22.629718780517578 -1.8488421440124512 1.6723766326904297 0.0461861789226532 -0.8817777037620544 -0.29366323351860046 0.36619243025779724
1750948337.615905 -23.150558471679688 -1.6854372024536133 1.1130428314208984 0.04558354988694191 -0.8874413371086121 -0.2974102795124054 0.3491663634777069
1750948338.215749 -23.61817169189453 -1.5366978645324707 0.5298633575439453 0.04713605344295502 -0.8952672481536865 -0.29431700706481934 0.3311378061771393
1750948338.81577 -24.10887908935547 -1.3478875160217285 -0.090179443359375 0.04553281515836716 -0.8993288278579712 -0.29904329776763916 0.3157651722431183
1750948339.349062 -24.53542709350586 -1.2051520347595215 -0.6092987060546875 0.043998539447784424 -0.8975253701210022 -0.29561442136764526 0.3242291212081909
1750948339.949011 -25.039287567138672 -1.036313533782959 -1.200693130493164 0.04459738731384277 -0.8945974111557007 -0.2960297465324402 0.3317723870277405
1750948340.549 -25.544322967529297 -0.881779670715332 -1.7678947448730469 0.04478546977043152 -0.8904556035995483 -0.29199519753456116 0.3461529314517975
1750948341.149008 -26.078048706054688 -0.7269611358642578 -2.3186988830566406 0.043931636959314346 -0.8843724131584167 -0.29389384388923645 0.3599748909473419
1750948341.749142 -26.617202758789062 -0.5823144912719727 -2.849935531616211 0.042666319757699966 -0.8796342015266418 -0.2907819151878357 0.3739910125732422
1750948342.349384 -27.170183181762695 -0.43631935119628906 -3.347818374633789 0.040123291313648224 -0.8745880126953125 -0.29244521260261536 0.38465791940689087
1750948342.81565 -27.59714698791504 -0.32605457305908203 -3.739330291748047 0.036827027797698975 -0.8742954134941101 -0.2915445864200592 0.3863329589366913
1750948343.41562 -28.174636840820312 -0.18888187408447266 -4.247615814208984 0.0346277691423893 -0.8734549880027771 -0.2894107401371002 0.3900240361690521
1750948343.949097 -28.675006866455078 -0.06627464294433594 -4.698947906494141 0.03459237515926361 -0.8733863830566406 -0.2871476411819458 0.39184942841529846
1750948344.54891 -29.23482322692871 0.07083415985107422 -5.194988250732422 0.03318045660853386 -0.8748817443847656 -0.2910439968109131 0.3857128918170929
1750948345.148917 -29.77422332763672 0.22617721557617188 -5.731960296630859 0.03444577753543854 -0.8776711225509644 -0.29219794273376465 0.3783218264579773
1750948345.748939 -30.308774948120117 0.38369178771972656 -6.288238525390625 0.036610472947359085 -0.8828015327453613 -0.29221904277801514 0.3659634292125702
1750948346.349054 -30.82988166809082 0.531590461730957 -6.832191467285156 0.037089280784130096 -0.8833328485488892 -0.29144221544265747 0.3652518093585968
1750948346.948857 -31.351234436035156 0.6791000366210938 -7.3447265625 0.03448264300823212 -0.8836041688919067 -0.29419025778770447 0.3626384437084198
1750948347.548853 -31.862342834472656 0.8300971984863281 -7.873603820800781 0.03313178941607475 -0.8849404454231262 -0.29293292760849 0.3605177402496338
1750948348.149022 -32.370567321777344 0.9774560928344727 -8.398162841796875 0.030594561249017715 -0.8859362006187439 -0.2923647165298462 0.3587533235549927
1750948348.748867 -32.892120361328125 1.1330461502075195 -8.94131088256836 0.030043523758649826 -0.8841334581375122 -0.29465973377227783 0.3613601326942444
1750948349.148803 -33.258399963378906 1.2314834594726562 -9.299365997314453 0.030112382024526596 -0.8818615674972534 -0.29137128591537476 0.36948099732398987
1750948349.748798 -33.789249420166016 1.3814640045166016 -9.826374053955078 0.03395218774676323 -0.880212664604187 -0.28815606236457825 0.37555164098739624
1750948350.348934 -34.33099365234375 1.5297164916992188 -10.352100372314453 0.03376993536949158 -0.8793801069259644 -0.2889470160007477 0.37690839171409607
1750948350.948978 -34.893898010253906 1.6798639297485352 -10.896923065185547 0.03488118201494217 -0.8786105513572693 -0.2890101969242096 0.37854987382888794
1750948351.548756 -35.465843200683594 1.8313007354736328 -11.430126190185547 0.03454643115401268 -0.8775029182434082 -0.2897365689277649 0.38058894872665405
1750948352.082085 -35.982261657714844 1.9653024673461914 -11.91177749633789 0.03518648445606232 -0.8770161867141724 -0.28941574692726135 0.3818941116333008
1750948352.682206 -36.52252197265625 2.1146936416625977 -12.427902221679688 0.035701751708984375 -0.8755843043327332 -0.28990811109542847 0.38474777340888977
1750948353.282232 -37.07672882080078 2.260287284851074 -12.940174102783203 0.03733047842979431 -0.8744577765464783 -0.28825005888938904 0.3883838355541229
1750948353.748694 -37.520565032958984 2.3804264068603516 -13.345230102539062 0.0366913340985775 -0.8720579147338867 -0.2893039286136627 0.393029123544693
1750948354.348876 -38.092918395996094 2.516416549682617 -13.862018585205078 0.03848831355571747 -0.8706332445144653 -0.28738266229629517 0.3974011540412903
1750948354.948847 -38.66531753540039 2.6591758728027344 -14.351455688476562 0.038353584706783295 -0.8679330945014954 -0.2877448797225952 0.4030187129974365
1750948355.548972 -39.24171829223633 2.7878894805908203 -14.850418090820312 0.037979062646627426 -0.8662542104721069 -0.28561681509017944 0.40814733505249023
1750948356.148666 -39.843753814697266 2.9170894622802734 -15.330276489257812 0.03852284699678421 -0.863923192024231 -0.2851520776748657 0.4133291244506836
1750948356.748747 -40.45069122314453 3.0503101348876953 -15.825634002685547 0.03852991387248039 -0.8612533211708069 -0.283487468957901 0.41999152302742004
1750948357.282132 -40.967918395996094 3.160123825073242 -16.240978240966797 0.038826242089271545 -0.8599889874458313 -0.28304773569107056 0.42284223437309265
1750948357.882114 -41.541629791259766 3.2826976776123047 -16.7213134765625 0.037160880863666534 -0.8633432388305664 -0.2844155728816986 0.41516900062561035
1750948358.48195 -42.143436431884766 3.426799774169922 -17.238555908203125 0.03726193308830261 -0.8674989938735962 -0.2861635088920593 0.4051758944988251
1750948358.948624 -42.59114074707031 3.536701202392578 -17.64087677001953 0.03614530339837074 -0.8703656792640686 -0.2880174517631531 0.3977475166320801
1750948359.548636 -43.172183990478516 3.6802520751953125 -18.153156280517578 0.036567289382219315 -0.8697230815887451 -0.2886101007461548 0.39868399500846863
1750948360.148724 -43.765830993652344 3.825174331665039 -18.666107177734375 0.035360343754291534 -0.8683913350105286 -0.28785640001296997 0.40222498774528503
1750948360.682066 -44.30513000488281 3.9544734954833984 -19.117328643798828 0.03572872653603554 -0.8657196760177612 -0.2880428433418274 0.40777963399887085
1750948361.281996 -44.904762268066406 4.095111846923828 -19.60159683227539 0.03430068865418434 -0.8632427453994751 -0.28737202286720276 0.41358521580696106
1750948361.881991 -45.49043273925781 4.225521087646484 -20.082401275634766 0.0346076637506485 -0.8627827167510986 -0.28574705123901367 0.4156404137611389
1750948362.481938 -46.10514831542969 4.354541778564453 -20.562938690185547 0.033636800944805145 -0.8620634078979492 -0.2861969769001007 0.4169011116027832
1750948363.081856 -46.70146942138672 4.479551315307617 -21.045780181884766 0.033539120107889175 -0.8626195192337036 -0.2826578915119171 0.41817131638526917
1750948363.681954 -47.30135726928711 4.613641738891602 -21.52002716064453 0.030341221019625664 -0.8611965179443359 -0.2852514684200287 0.4195849597454071
1750948364.281812 -47.892601013183594 4.728246688842773 -21.98260498046875 0.03106817975640297 -0.8630298972129822 -0.27856573462486267 0.42025628685951233
1750948364.881886 -48.51905059814453 4.8551025390625 -22.46417236328125 0.029675384983420372 -0.8589738011360168 -0.2798851430416107 0.42772403359413147
1750948365.481817 -49.13908004760742 4.971170425415039 -22.91946029663086 0.02900518849492073 -0.8569144606590271 -0.27728942036628723 0.433551549911499
1750948365.94854 -49.62528991699219 5.062643051147461 -23.271732330322266 0.028930746018886566 -0.8544294238090515 -0.27759140729904175 0.4382423162460327
1750948366.481753 -50.168487548828125 5.164911270141602 -23.66469955444336 0.028850672766566277 -0.853656530380249 -0.2753331959247589 0.44116881489753723
1750948367.081882 -50.80388641357422 5.280559539794922 -24.12624740600586 0.02754891663789749 -0.8532882332801819 -0.2750563621520996 0.4421360194683075
1750948367.681763 -51.45246124267578 5.401483535766602 -24.584579467773438 0.02525041624903679 -0.8541806936264038 -0.2749582529067993 0.44060853123664856
1750948368.281721 -52.106224060058594 5.531608581542969 -25.077392578125 0.02479727938771248 -0.8551164865493774 -0.27556121349334717 0.43843701481819153
1750948368.881835 -52.770751953125 5.652000427246094 -25.55459213256836 0.02429651841521263 -0.8558084964752197 -0.2740913927555084 0.4380359351634979
1750948369.481699 -53.41504669189453 5.771753311157227 -26.037635803222656 0.02214343287050724 -0.8572393655776978 -0.27387723326683044 0.4354785978794098
1750948370.081813 -54.051612854003906 5.904247283935547 -26.5225830078125 0.022078409790992737 -0.8595930933952332 -0.27365821599960327 0.43095654249191284
1750948370.681653 -54.68336486816406 6.0313568115234375 -26.998977661132812 0.019972823560237885 -0.8590960502624512 -0.2759603261947632 0.4305820167064667
1750948371.214981 -55.26726531982422 6.1524505615234375 -27.427894592285156 0.019938383251428604 -0.857004702091217 -0.2777261734008789 0.433605432510376
1750948371.681664 -55.76625442504883 6.244726181030273 -27.79090118408203 0.018610844388604164 -0.8560901284217834 -0.2754938006401062 0.4368826746940613
1750948372.215076 -56.33800506591797 6.350093841552734 -28.196678161621094 0.018893830478191376 -0.8541122078895569 -0.2732459008693695 0.44212234020233154
1750948372.814946 -57.005523681640625 6.484338760375977 -28.639732360839844 0.014900513924658298 -0.8501165509223938 -0.2753649950027466 0.44861340522766113
1750948373.414953 -57.684146881103516 6.624053955078125 -29.10076141357422 0.01897408813238144 -0.84750896692276 -0.2742827832698822 0.4540237486362457
1750948374.014934 -58.32205581665039 6.744726181030273 -29.54901885986328 0.02779821865260601 -0.8457223176956177 -0.27672427892684937 0.4554171562194824
1750948374.614938 -58.97343444824219 6.885042190551758 -30.03137969970703 0.0287284255027771 -0.851844310760498 -0.2818015217781067 0.4405948221683502
1750948375.214878 -59.57975387573242 7.019924163818359 -30.526222229003906 0.028436966240406036 -0.8630471229553223 -0.27899405360221863 0.4201231002807617
1750948375.815283 -60.194488525390625 7.140478134155273 -31.021469116210938 0.029665296897292137 -0.8659725785255432 -0.27626803517341614 0.4157973527908325
1750948376.41504 -60.798126220703125 7.287178039550781 -31.512741088867188 0.026131456717848778 -0.8663352727890015 -0.2818170189857483 0.4115331172943115
1750948377.014894 -61.41613006591797 7.390106201171875 -32.015602111816406 0.028149375692009926 -0.8677568435668945 -0.26938071846961975 0.41670095920562744
1750948377.614998 -62.051353454589844 7.519378662109375 -32.50184631347656 0.025145214051008224 -0.862099826335907 -0.2754872143268585 0.42456865310668945
1750948378.214825 -62.71195602416992 7.672014236450195 -33.01106262207031 0.025668352842330933 -0.8594517707824707 -0.281293123960495 0.42609623074531555
1750948378.814954 -63.35413360595703 7.80879020690918 -33.51647186279297 0.03125892952084541 -0.8593874573707581 -0.28302231431007385 0.4247052073478699
1750948379.414783 -63.971588134765625 7.966775894165039 -34.039794921875 0.028458062559366226 -0.8700665235519409 -0.28713610768318176 0.39965909719467163
1750948380.014777 -64.55070495605469 8.141630172729492 -34.60565948486328 0.0327325239777565 -0.8814636468887329 -0.2938918471336365 0.36820927262306213
1750948380.614953 -65.10823059082031 8.3250732421875 -35.206268310546875 0.03257022425532341 -0.8865185976028442 -0.3031684458255768 0.3480129539966583
1750948381.214721 -65.61334991455078 8.528892517089844 -35.83710479736328 0.03136720135807991 -0.8966805934906006 -0.307479590177536 0.31691691279411316
1750948381.814724 -66.07918548583984 8.75853157043457 -36.494049072265625 0.030761269852519035 -0.9050459861755371 -0.3146769404411316 0.2844712734222412
1750948382.214728 -66.3631820678711 8.888795852661133 -36.942771911621094 0.03572378307580948 -0.9143040180206299 -0.3058297336101532 0.2631353735923767
1750948382.814724 -66.76823425292969 9.092716217041016 -37.626708984375 0.028344135731458664 -0.9221464991569519 -0.30118513107299805 0.24110147356987
1750948383.414819 -67.13388061523438 9.318523406982422 -38.320640563964844 0.026311570778489113 -0.9263731241226196 -0.3063722848892212 0.21743184328079224
1750948384.014667 -67.44297790527344 9.549062728881836 -39.046226501464844 0.03108648583292961 -0.9319143891334534 -0.3094143867492676 0.18663328886032104
1750948384.614741 -67.68299102783203 9.79368782043457 -39.77784729003906 0.0307296309620142 -0.9377368688583374 -0.31366536021232605 0.14601153135299683
1750948385.214675 -67.86253356933594 10.037399291992188 -40.52397155761719 0.030901318415999413 -0.9407185912132263 -0.31975260376930237 0.10886725038290024
1750948385.814621 -67.99093627929688 10.291284561157227 -41.284629821777344 0.03417668119072914 -0.9451035261154175 -0.31752467155456543 0.06920526921749115
1750948386.41462 -68.06256866455078 10.567434310913086 -42.050506591796875 0.034418389201164246 -0.9434595108032227 -0.3269318640232086 0.042603641748428345
1750948387.014626 -68.10020446777344 10.845416069030762 -42.83460235595703 0.03178449720144272 -0.9447436332702637 -0.32574427127838135 0.018437465652823448
1750948387.614758 -68.09709930419922 11.125256538391113 -43.61442947387695 0.023877380415797234 -0.9458004236221313 -0.3236413598060608 -0.01215560082346201
1750948388.214583 -68.036865234375 11.408764839172363 -44.40032196044922 0.02513725310564041 -0.9441368579864502 -0.3258861005306244 -0.04209551960229874
1750948388.814588 -67.92839050292969 11.695693016052246 -45.172752380371094 0.025473812595009804 -0.9406442642211914 -0.33034685254096985 -0.07355614006519318
1750948389.414733 -67.76289367675781 11.983230590820312 -45.94742965698242 0.020524701103568077 -0.9365518093109131 -0.33279335498809814 -0.10815726220607758
1750948389.814657 -67.62041473388672 12.172613143920898 -46.456993103027344 0.01850391924381256 -0.9349583387374878 -0.3297269940376282 -0.12957926094532013
1750948390.41451 -67.37860870361328 12.45164680480957 -47.20857620239258 0.011976332403719425 -0.9334407448768616 -0.32404670119285583 -0.15342329442501068
1750948391.014521 -67.11692810058594 12.738335609436035 -47.971412658691406 0.014066101051867008 -0.9298964142799377 -0.3286566436290741 -0.16455939412117004
1750948391.614513 -66.81592559814453 13.022574424743652 -48.71037673950195 0.020676951855421066 -0.9255074858665466 -0.3280171751976013 -0.18818360567092896
1750948392.214411 -66.45532989501953 13.297324180603027 -49.42854690551758 0.026415983214974403 -0.9222341179847717 -0.32076555490493774 -0.21423335373401642
1750948392.814473 -66.07124328613281 13.552046775817871 -50.1341438293457 0.031232794746756554 -0.9186298847198486 -0.3154955506324768 -0.23580974340438843
1750948393.41455 -65.68399810791016 13.831982612609863 -50.82530212402344 0.03635814040899277 -0.9121488332748413 -0.32404521107673645 -0.2483091652393341
1750948394.014625 -65.28147888183594 14.104767799377441 -51.50056076049805 0.03544865548610687 -0.9080708622932434 -0.3257862627506256 -0.2607949674129486
1750948394.41544 -65.00127410888672 14.275647163391113 -51.952903747558594 0.03321041911840439 -0.9079156517982483 -0.31947317719459534 -0.269301176071167
1750948395.014454 -64.56559753417969 14.531262397766113 -52.60641098022461 0.03439466655254364 -0.9057688117027283 -0.31688392162323 -0.2792571485042572
1750948395.614488 -64.0656509399414 14.78099250793457 -53.24287796020508 0.03252790495753288 -0.8923428058624268 -0.31456008553504944 -0.32205331325531006
1750948396.214414 -63.520545959472656 15.01698112487793 -53.83359146118164 0.029965495690703392 -0.8825807571411133 -0.31110021471977234 -0.35124069452285767
1750948396.814359 -62.935523986816406 15.254495620727539 -54.39418029785156 0.030180368572473526 -0.8722752332687378 -0.30933690071105957 -0.37753885984420776
1750948397.41436 -62.32672119140625 15.4698486328125 -54.925926208496094 0.02685863897204399 -0.8655810356140137 -0.3025287687778473 -0.3981512486934662
1750948398.014443 -61.72124481201172 15.679624557495117 -55.428367614746094 0.026148200035095215 -0.857528030872345 -0.30523043870925903 -0.4132753014564514
1750948398.61446 -61.08361053466797 15.88232135772705 -55.930606842041016 0.023642899468541145 -0.8527764081954956 -0.3019581139087677 -0.42548176646232605
1750948399.214408 -60.450294494628906 16.0870361328125 -56.407894134521484 0.023252755403518677 -0.8482373356819153 -0.3004702031612396 -0.4355117380619049
1750948399.814312 -59.808685302734375 16.291608810424805 -56.88886260986328 0.019878746941685677 -0.8441968560218811 -0.3042837083339691 -0.4408489763736725
1750948400.41431 -59.177032470703125 16.504188537597656 -57.36747360229492 0.021262338384985924 -0.8470256328582764 -0.305510550737381 -0.4344637989997864
1750948401.014243 -58.523155212402344 16.722671508789062 -57.86151885986328 0.022032078355550766 -0.8448548316955566 -0.30864882469177246 -0.43642961978912354
1750948401.614361 -57.860130310058594 16.929880142211914 -58.33604049682617 0.02231987565755844 -0.8461436629295349 -0.30292919278144836 -0.4379231333732605
1750948402.214262 -57.219032287597656 17.13890266418457 -58.79814910888672 0.02635233849287033 -0.8445988893508911 -0.3041549324989319 -0.4398272931575775
1750948402.814276 -56.56874084472656 17.347631454467773 -59.260257720947266 0.03030562773346901 -0.8437878489494324 -0.30155149102211 -0.4429112374782562
1750948403.414709 -55.90294647216797 17.55889892578125 -59.728187561035156 0.03406323865056038 -0.8428840637207031 -0.29992952942848206 -0.44545313715934753
1750948404.014223 -55.247291564941406 17.764812469482422 -60.182762145996094 0.03586457669734955 -0.8408592343330383 -0.30142492055892944 -0.44812124967575073
1750948404.614207 -54.58088684082031 17.977230072021484 -60.6381721496582 0.03641827404499054 -0.8400005102157593 -0.30067208409309387 -0.4501879811286926
1750948405.014236 -54.12310791015625 18.12457847595215 -60.955665588378906 0.03658143803477287 -0.8394914865493774 -0.3032781779766083 -0.4493754804134369
1750948405.614357 -53.471229553222656 18.33690071105957 -61.438560485839844 0.03402898460626602 -0.8439874649047852 -0.3029768168926239 -0.4412846863269806
1750948406.214174 -52.85344696044922 18.549531936645508 -61.9199104309082 0.032277051359415054 -0.8492588996887207 -0.3041716516017914 -0.43034520745277405
1750948406.814161 -52.22264099121094 18.76688003540039 -62.40956497192383 0.03328844532370567 -0.8501409292221069 -0.3049001097679138 -0.4280049204826355
1750948407.214223 -51.79113006591797 18.91404151916504 -62.751564025878906 0.03204597532749176 -0.8523489832878113 -0.3052557110786438 -0.4234304130077362
1750948407.814256 -51.1436767578125 19.15638542175293 -63.27250671386719 0.03380588814616203 -0.8534122705459595 -0.31110307574272156 -0.41684478521347046
1750948408.414178 -50.539955139160156 19.378433227539062 -63.782501220703125 0.03133778274059296 -0.8573669195175171 -0.3085978627204895 -0.4107400178909302
1750948409.014104 -49.92323303222656 19.607398986816406 -64.3038558959961 0.03217989206314087 -0.8587663769721985 -0.30830830335617065 -0.4079592525959015
1750948409.614191 -49.32246398925781 19.832698822021484 -64.80604553222656 0.03084895759820938 -0.8551145195960999 -0.30956020951271057 -0.41472887992858887
1750948410.214049 -48.674461364746094 20.075151443481445 -65.31391143798828 0.031637486070394516 -0.8503856062889099 -0.3106614649295807 -0.4234772026538849
1750948410.814118 -48.01593017578125 20.295339584350586 -65.75048828125 0.032014451920986176 -0.835930585861206 -0.30814117193222046 -0.4530388414859772
1750948411.414049 -47.319984436035156 20.495651245117188 -66.1522445678711 0.03304855525493622 -0.8224791884422302 -0.30408990383148193 -0.47954675555229187
1750948412.013991 -46.603736877441406 20.693464279174805 -66.52978515625 0.030497422441840172 -0.8125140070915222 -0.3024398386478424 -0.4974144995212555
1750948412.414081 -46.10377502441406 20.83332061767578 -66.78966522216797 0.02886662632226944 -0.8075894117355347 -0.30432939529418945 -0.5043309926986694
1750948413.014078 -45.35401916503906 21.02326011657715 -67.15510559082031 0.025398051366209984 -0.7980244159698486 -0.3020249605178833 -0.5208579897880554
1750948413.614011 -44.57337951660156 21.201372146606445 -67.46202850341797 0.02253613993525505 -0.7803539633750916 -0.2980979084968567 -0.5492517352104187
1750948414.213947 -43.779083251953125 21.361679077148438 -67.71251678466797 0.02244710549712181 -0.7623987793922424 -0.29332664608955383 -0.5763712525367737
1750948414.813951 -42.97919845581055 21.495769500732422 -67.9275131225586 0.01791406236588955 -0.7483112215995789 -0.28644055128097534 -0.5980478525161743
1750948415.413954 -42.16930389404297 21.62276268005371 -68.14144897460938 0.010469788685441017 -0.7370580434799194 -0.28614917397499084 -0.6121719479560852
1750948415.947272 -41.424400329589844 21.747934341430664 -68.28438568115234 0.014714991673827171 -0.7213534712791443 -0.2903251647949219 -0.6286047697067261
1750948416.413956 -40.7938117980957 21.82691192626953 -68.3962173461914 0.00993941817432642 -0.7153756618499756 -0.2811703681945801 -0.6395952701568604
1750948417.013914 -39.99801254272461 21.919055938720703 -68.49713897705078 0.011803659610450268 -0.697314977645874 -0.2753698527812958 -0.6616525053977966
1750948417.613886 -39.18503189086914 21.96014404296875 -68.53163146972656 0.0012530327076092362 -0.6714939475059509 -0.2607300281524658 -0.6936240196228027
1750948418.213902 -38.389400482177734 21.95995330810547 -68.51231384277344 -0.017095044255256653 -0.650302529335022 -0.24308182299137115 -0.7195315361022949
1750948418.747327 -37.657623291015625 21.952882766723633 -68.44478607177734 -0.014162220992147923 -0.6258173584938049 -0.2411702275276184 -0.741612434387207
1750948419.347314 -36.86472702026367 21.935462951660156 -68.31731414794922 -0.009176326915621758 -0.5982311367988586 -0.23363351821899414 -0.7664533853530884
1750948419.947272 -36.04021072387695 21.912181854248047 -68.14436340332031 -0.004941239487379789 -0.5822416543960571 -0.22871610522270203 -0.7801662087440491
1750948420.547271 -35.238853454589844 21.87398910522461 -67.95244598388672 -0.006411795504391193 -0.5631747841835022 -0.2239677757024765 -0.7953813076019287
1750948421.147244 -34.46331787109375 21.82677459716797 -67.73841857910156 -0.005933783017098904 -0.5475186109542847 -0.21908816695213318 -0.8075819611549377
1750948421.747217 -33.69920349121094 21.764596939086914 -67.4818344116211 -0.004571473691612482 -0.5275068879127502 -0.2106562703847885 -0.8230064511299133
1750948422.347348 -32.9528923034668 21.692546844482422 -67.16900634765625 0.0009134782012552023 -0.5018618702888489 -0.20544585585594177 -0.8401939272880554
1750948422.947202 -32.22159194946289 21.60546875 -66.81307983398438 0.004668744746595621 -0.4792092740535736 -0.19719412922859192 -0.8552492260932922
1750948423.547205 -31.52527618408203 21.511302947998047 -66.43037414550781 0.006035027094185352 -0.4591536819934845 -0.19146151840686798 -0.8674584031105042
1750948424.14717 -30.836101531982422 21.42011260986328 -66.02545928955078 0.00912423711270094 -0.4392227530479431 -0.1923326998949051 -0.8775011897087097
1750948424.747201 -30.18939208984375 21.313159942626953 -65.60818481445312 0.006341359578073025 -0.4230448603630066 -0.18454210460186005 -0.8870947360992432
1750948425.347139 -29.553142547607422 21.202720642089844 -65.158447265625 0.00874959584325552 -0.4089088439941406 -0.17908276617527008 -0.8947884440422058
1750948425.947146 -28.907304763793945 21.0831298828125 -64.70155334472656 0.0067622908391058445 -0.40283340215682983 -0.175621896982193 -0.8982408046722412
1750948426.547326 -28.241302490234375 20.969154357910156 -64.23259735107422 0.007996766828000546 -0.40851515531539917 -0.17717784643173218 -0.8953543901443481
1750948427.147279 -27.585081100463867 20.86606788635254 -63.767799377441406 0.009951289743185043 -0.4092581272125244 -0.17844441533088684 -0.8947437405586243
1750948427.747107 -26.94939422607422 20.74504852294922 -63.30880355834961 0.009396718814969063 -0.40450090169906616 -0.17519743740558624 -0.8975504040718079
1750948428.347102 -26.300207138061523 20.643226623535156 -62.87089538574219 0.011213505640625954 -0.41522154211997986 -0.1791837215423584 -0.8918287754058838
1750948428.947068 -25.614669799804688 20.542930603027344 -62.41614532470703 0.010563602671027184 -0.4212004244327545 -0.179805725812912 -0.8889030814170837
1750948429.54708 -24.96369171142578 20.43636703491211 -61.969482421875 0.011098679155111313 -0.41755715012550354 -0.17953965067863464 -0.8906673789024353
1750948430.147007 -24.303550720214844 20.322277069091797 -61.50559997558594 0.009384933859109879 -0.41128984093666077 -0.1743679940700531 -0.8946219682693481
1750948430.747026 -23.670236587524414 20.208385467529297 -61.03916549682617 0.011807511560618877 -0.40491414070129395 -0.17120185494422913 -0.8981063961982727
1750948431.347012 -23.037574768066406 20.094030380249023 -60.56062698364258 0.011938240379095078 -0.40078023076057434 -0.16888347268104553 -0.9003949761390686
1750948431.946959 -22.39017677307129 19.975202560424805 -60.07637405395508 0.011510174721479416 -0.39754819869995117 -0.16766494512557983 -0.9020596146583557
1750948432.546957 -21.750930786132812 19.863513946533203 -59.60474395751953 0.010902250185608864 -0.4008176028728485 -0.16602538526058197 -0.9009228348731995
1750948433.147061 -21.124513626098633 19.753524780273438 -59.167972564697266 0.012198264710605145 -0.4081307351589203 -0.1670636087656021 -0.8974242806434631
1750948433.74699 -20.482133865356445 19.643428802490234 -58.71076965332031 0.014249904081225395 -0.4135458469390869 -0.1653026044368744 -0.8952383995056152
1750948434.346911 -19.84709358215332 19.530838012695312 -58.25440979003906 0.014821546152234077 -0.4146069288253784 -0.16425007581710815 -0.8949320316314697
1750948434.74692 -19.407039642333984 19.454193115234375 -57.93980407714844 0.013026573695242405 -0.4135895073413849 -0.16467873752117157 -0.8953518867492676
1750948435.346914 -18.758098602294922 19.33023452758789 -57.48606872558594 0.013131399638950825 -0.41078540682792664 -0.16518659889698029 -0.8965469598770142
1750948435.946916 -18.114164352416992 19.21466827392578 -57.03266143798828 0.011229218915104866 -0.4113311469554901 -0.16494761407375336 -0.8963664174079895
1750948436.546852 -17.474626541137695 19.097965240478516 -56.591644287109375 0.01288995984941721 -0.41116100549697876 -0.1669309139251709 -0.8960550427436829
1750948437.14685 -16.858280181884766 18.981922149658203 -56.160491943359375 0.008830947801470757 -0.4098701477050781 -0.1664845049381256 -0.896778404712677
1750948437.746901 -16.226909637451172 18.86113739013672 -55.70979309082031 0.007068916689604521 -0.40846338868141174 -0.16873137652873993 -0.8970158696174622
1750948438.346856 -15.564441680908203 18.73943328857422 -55.23473358154297 0.007782122120261192 -0.4082678556442261 -0.17154939472675323 -0.8965643644332886
1750948438.94683 -14.906678199768066 18.618093490600586 -54.7652587890625 0.008821981027722359 -0.40917494893074036 -0.1711760014295578 -0.8962125182151794
1750948439.546828 -14.259087562561035 18.50274085998535 -54.295196533203125 0.006624459754675627 -0.41044026613235474 -0.16927175223827362 -0.8960145115852356
1750948440.147026 -13.617621421813965 18.370960235595703 -53.80711364746094 0.006354161072522402 -0.39653193950653076 -0.1621633619070053 -0.9035624861717224
1750948440.746625 -13.000435829162598 18.233797073364258 -53.29936981201172 0.008403328247368336 -0.3782244324684143 -0.1573609858751297 -0.9122024178504944
1750948441.346777 -12.415918350219727 18.091869354248047 -52.767738342285156 0.008631373755633831 -0.3589385449886322 -0.15309497714042664 -0.9206794500350952
1750948441.946763 -11.817667007446289 17.940837860107422 -52.238338470458984 0.007232979871332645 -0.35916566848754883 -0.15356029570102692 -0.9205254316329956
1750948442.546742 -11.241500854492188 17.7847900390625 -51.680519104003906 0.0072759599424898624 -0.34630218148231506 -0.1482396274805069 -0.926308274269104
1750948443.146753 -10.704258918762207 17.627708435058594 -51.10599136352539 0.010926206596195698 -0.33174148201942444 -0.14506371319293976 -0.9320862293243408
1750948443.746727 -10.188394546508789 17.44919204711914 -50.55295181274414 -0.003578395117074251 -0.3164541721343994 -0.13996052742004395 -0.9382191300392151
1750948444.346817 -9.653531074523926 17.283702850341797 -49.953529357910156 0.008239729329943657 -0.30584755539894104 -0.14337226748466492 -0.9411874413490295
1750948444.946693 -9.148853302001953 17.11033058166504 -49.340667724609375 0.00614292873069644 -0.2905736267566681 -0.1389061063528061 -0.9466965794563293
1750948445.546694 -8.665802001953125 16.927474975585938 -48.71141815185547 0.0055684600956737995 -0.27691009640693665 -0.13369382917881012 -0.9515333771705627
1750948446.146697 -8.221675872802734 16.748699188232422 -48.11481475830078 0.003480402287095785 -0.2629135549068451 -0.12676353752613068 -0.9564493894577026
1750948446.746678 -7.821169853210449 16.54813003540039 -47.47931671142578 0.0019781184382736683 -0.2508053481578827 -0.11717351526021957 -0.9609178900718689
1750948447.346457 -7.429997444152832 16.36562156677246 -46.87615203857422 0.004919917322695255 -0.23547451198101044 -0.11114238947629929 -0.9654921293258667
1750948447.94662 -7.062122344970703 16.15789031982422 -46.19544219970703 0.006528441794216633 -0.21992488205432892 -0.10300653427839279 -0.9700412750244141
1750948448.613489 -6.702920913696289 15.94660758972168 -45.49559783935547 0.008829331956803799 -0.20312821865081787 -0.09499337524175644 -0.9744933843612671
1750948449.213295 -6.398250102996826 15.754039764404297 -44.86391830444336 0.006438746117055416 -0.19265015423297882 -0.09166982769966125 -0.976954996585846
1750948449.746592 -6.106597423553467 15.565499305725098 -44.26490020751953 0.007131383754312992 -0.1892617791891098 -0.09018414467573166 -0.9777504801750183
1750948450.213235 -5.855446815490723 15.40993881225586 -43.75922775268555 0.005253899842500687 -0.18918901681900024 -0.08934180438518524 -0.9778538346290588
1750948450.746531 -5.5811004638671875 15.22236442565918 -43.172691345214844 0.004003104753792286 -0.18993937969207764 -0.08682192862033844 -0.9779412150382996
1750948451.146648 -5.356965065002441 15.080269813537598 -42.7217903137207 0.0057633486576378345 -0.19087356328964233 -0.08473237603902817 -0.9779338240623474
1750948451.746394 -5.022817611694336 14.878652572631836 -42.03923416137695 0.01057081762701273 -0.1888304352760315 -0.08509077876806259 -0.9782591462135315
1750948452.346523 -4.718940734863281 14.67494010925293 -41.365020751953125 0.008491560816764832 -0.18427181243896484 -0.08532675355672836 -0.9791277647018433
1750948452.946522 -4.393439292907715 14.467695236206055 -40.68293762207031 0.007644083816558123 -0.1800091415643692 -0.08442118763923645 -0.9800058007240295
1750948453.546499 -4.0840044021606445 14.258265495300293 -40.00420379638672 0.007911477237939835 -0.17702701687812805 -0.0828581377863884 -0.9806801080703735
1750948454.146303 -3.7862389087677 14.046417236328125 -39.330265045166016 0.006765857804566622 -0.17385612428188324 -0.08217925578355789 -0.9813128113746643
1750948454.746441 -3.46295166015625 13.8212890625 -38.62150573730469 0.0032425622921437025 -0.1703142374753952 -0.0817410871386528 -0.981988251209259
1750948455.279817 -3.1912083625793457 13.626592636108398 -37.999732971191406 0.004685882478952408 -0.1661621630191803 -0.08029977232217789 -0.9828124046325684
1750948455.879782 -2.9235680103302 13.39879322052002 -37.28358840942383 0.004458194598555565 -0.13981662690639496 -0.07274330407381058 -0.9874917268753052
1750948456.346413 -2.752983331680298 13.228113174438477 -36.7487678527832 0.004419280216097832 -0.12719760835170746 -0.06811749190092087 -0.9895257949829102
1750948456.946478 -2.5444538593292236 12.990038871765137 -36.00602340698242 0.00423201359808445 -0.11319224536418915 -0.06300870329141617 -0.9915642142295837
1750948457.413156 -2.4106457233428955 12.812976837158203 -35.44926071166992 0.0034628717694431543 -0.09559229016304016 -0.056559376418590546 -0.9938063621520996
1750948457.946389 -2.29414701461792 12.612229347229004 -34.853759765625 0.001329295919276774 -0.07859557121992111 -0.05054058879613876 -0.995623767375946
1750948458.546207 -2.1444051265716553 12.383599281311035 -34.16971206665039 0.0032870976720005274 -0.07257691770792007 -0.04987705498933792 -0.9961095452308655
1750948459.079884 -2.0367164611816406 12.170388221740723 -33.527610778808594 0.0016386634670197964 -0.06745228916406631 -0.044032022356987 -0.9967491030693054
1750948459.679725 -1.9123811721801758 11.92514419555664 -32.79369354248047 0.0019318100530654192 -0.06387210637331009 -0.0403866320848465 -0.9971387386322021
1750948460.279706 -1.796553373336792 11.678747177124023 -32.053443908691406 0.0030098939314484596 -0.057111214846372604 -0.03843013569712639 -0.9976233839988708
1750948460.746145 -1.709196925163269 11.496137619018555 -31.436782836914062 0.010015188716351986 -0.05741839110851288 -0.03656493127346039 -0.9976301193237305
1750948461.346265 -1.5737934112548828 11.244794845581055 -30.71031379699707 0.0011487584561109543 -0.0686253160238266 -0.037571605294942856 -0.996934175491333
1750948461.946285 -1.4343284368515015 11.004716873168945 -29.975101470947266 0.0011205660412088037 -0.07335161417722702 -0.041296541690826416 -0.9964501857757568
1750948462.546285 -1.2806971073150635 10.754340171813965 -29.245880126953125 -0.0017406176775693893 -0.07452639192342758 -0.04266088828444481 -0.9963045716285706
1750948463.146153 -1.1364288330078125 10.517526626586914 -28.509702682495117 0.006073276977986097 -0.07670809328556061 -0.04089856147766113 -0.996195912361145
1750948463.746235 -0.9969158172607422 10.269771575927734 -27.794891357421875 -0.0017264753114432096 -0.07771837711334229 -0.03621852397918701 -0.9963157773017883
1750948464.346233 -0.8543099164962769 10.02255916595459 -27.068740844726562 -0.004180273972451687 -0.07807666808366776 -0.03294416889548302 -0.996394157409668
1750948464.94621 -0.7171949744224548 9.768815040588379 -26.32872772216797 0.00010793616820592433 -0.07989965379238129 -0.03295884281396866 -0.9962579011917114
1750948465.54621 -0.5728201270103455 9.514886856079102 -25.56974220275879 0.0012780032120645046 -0.08511651307344437 -0.03472444415092468 -0.9957649111747742
1750948466.146205 -0.40337157249450684 9.256539344787598 -24.81260108947754 -0.0001102085952879861 -0.0863291472196579 -0.03660881519317627 -0.9955938458442688
1750948466.746196 -0.24118752777576447 8.98914623260498 -24.056119918823242 -0.003340366994962096 -0.0866030752658844 -0.03991105780005455 -0.9954375624656677
1750948467.345989 -0.0738634392619133 8.73593807220459 -23.305797576904297 -0.0026925040874630213 -0.08714377135038376 -0.04168025776743889 -0.9953198432922363
1750948467.946174 0.0846824049949646 8.469215393066406 -22.553186416625977 -0.0035602988209575415 -0.08784043043851852 -0.04286113381385803 -0.9952056407928467
1750948468.546104 0.2638967037200928 8.222926139831543 -21.803775787353516 -0.00010213447967544198 -0.08811124414205551 -0.04418805241584778 -0.9951300621032715
1750948469.146107 0.44419097900390625 7.971005916595459 -21.0430965423584 -2.712185596465133e-05 -0.0890144631266594 -0.04402227699756622 -0.9950570464134216
1750948469.745927 0.6158267855644226 7.703552722930908 -20.287906646728516 -0.006302220281213522 -0.08949707448482513 -0.045431818813085556 -0.9949304461479187
1750948470.346072 0.7858274579048157 7.447897911071777 -19.53287124633789 -0.001882906653918326 -0.07595004886388779 -0.04409703239798546 -0.996134340763092
1750948470.879445 0.9277268648147583 7.219691276550293 -18.850723266601562 -5.7256447689724155e-06 -0.07628018409013748 -0.044564664363861084 -0.9960900545120239
1750948471.479419 1.084256887435913 6.9634108543396 -18.07944679260254 -0.0003451717202551663 -0.07568009197711945 -0.04366285353899002 -0.9961757063865662
1750948472.079413 1.2448474168777466 6.70915412902832 -17.325536727905273 -0.002307241316884756 -0.0739406868815422 -0.04336514696478844 -0.99631667137146
1750948472.679379 1.4072496891021729 6.462343692779541 -16.564838409423828 -0.0017512757331132889 -0.07127947360277176 -0.04148242250084877 -0.9965919256210327
1750948473.279394 1.5436294078826904 6.211366653442383 -15.794194221496582 0.0027493878733366728 -0.06427479535341263 -0.04053037241101265 -0.9971051216125488
1750948473.879398 1.6643624305725098 5.949028491973877 -15.048698425292969 -0.0033839785028249025 -0.05645636469125748 -0.040947720408439636 -0.9975593090057373
1750948474.479324 1.7842978239059448 5.6918416023254395 -14.292647361755371 -0.00129193183965981 -0.04766976833343506 -0.04075280576944351 -0.9980307221412659
1750948475.079311 1.9008948802947998 5.445796489715576 -13.536020278930664 0.0009895149851217866 -0.05141352489590645 -0.043111737817525864 -0.9977459907531738
1750948475.545981 1.9867662191390991 5.243598461151123 -12.96124267578125 -0.003173129865899682 -0.048662398010492325 -0.044893234968185425 -0.997800886631012
1750948476.145985 2.092860221862793 4.992385387420654 -12.21249771118164 -0.0022948540281504393 -0.04720650240778923 -0.04328503832221031 -0.9979442358016968
1750948476.745972 2.202214479446411 4.736738681793213 -11.480330467224121 -0.0050445906817913055 -0.045749157667160034 -0.04265999421477318 -0.9980289936065674
1750948477.345945 2.279191493988037 4.475616931915283 -10.756974220275879 -0.007995253428816795 -0.03153655305504799 -0.03635742887854576 -0.9988091588020325
1750948477.945942 2.3478846549987793 4.215728282928467 -10.019285202026367 -0.0057858494110405445 -0.02600378356873989 -0.03586624935269356 -0.9990015029907227
1750948478.479054 2.4030158519744873 3.982351064682007 -9.355790138244629 -0.006766675040125847 -0.021002786234021187 -0.03540021553635597 -0.9991296529769897
1750948479.079228 2.466540813446045 3.713583469390869 -8.588644981384277 -0.006730205379426479 -0.016342399641871452 -0.03675400838255882 -0.9991680979728699
1750948479.679223 2.5240635871887207 3.4426567554473877 -7.839591026306152 -0.008471169508993626 -0.013200185261666775 -0.03674278035759926 -0.9992017149925232
1750948480.279216 2.5730855464935303 3.1714725494384766 -7.064389705657959 -0.004294476006180048 -0.00964317750185728 -0.03741992637515068 -0.9992438554763794
1750948480.879038 2.6315791606903076 2.8961260318756104 -6.282131671905518 -0.008251476101577282 -0.016273630782961845 -0.038865748792886734 -0.9990779161453247
1750948481.479147 2.7060954570770264 2.6175007820129395 -5.490183353424072 -0.0054679675959050655 -0.024514667689800262 -0.038674455136060715 -0.9989361763000488
1750948481.879272 2.749532699584961 2.432046890258789 -4.954771995544434 -0.008671225979924202 -0.022138388827443123 -0.03695761412382126 -0.9990339875221252
1750948482.479162 2.757227897644043 2.149449110031128 -4.1785125732421875 -0.009858434088528156 -0.00034145708195865154 -0.02555377595126629 -0.9996247887611389
1750948483.078946 2.7756428718566895 1.860020637512207 -3.3744029998779297 -0.010414432734251022 0.003352452302351594 -0.021494105458259583 -0.9997091293334961
1750948483.479122 2.79080867767334 1.6661441326141357 -2.8321056365966797 -0.009971698746085167 0.0024940520524978638 -0.020918741822242737 -0.9997283220291138
1750948483.879116 2.800196647644043 1.4785358905792236 -2.3021185398101807 -0.009195041842758656 0.004249554127454758 -0.01780175045132637 -0.9997902512550354
1750948484.279105 2.8020520210266113 1.2810661792755127 -1.7790446281433105 -0.01364902313798666 0.004172768909484148 -0.017679108306765556 -0.9997418522834778
1750948484.879105 2.8048434257507324 1.0193216800689697 -1.0052084922790527 -0.00022768889903090894 0.010004939511418343 -0.013585659675300121 -0.9998576641082764
1750948485.079125 2.8025214672088623 0.9679915308952332 -0.8711713552474976 -0.001604015240445733 0.009711911901831627 -0.012426754459738731 -0.9998744130134583
1750948485.545561 2.8065574169158936 0.9537932872772217 -0.8711346983909607 -0.012574844993650913 0.007170795928686857 -0.013312725350260735 -0.9998066425323486
