1732804200.043661 -0.0 -0.0 -0.0 -0.0 -0.0 -0.0 1.0
1732804202.577015 0.0155818285420537 -0.06542345136404037 0.17281606793403625 0.006852808874100447 0.006760941352695227 0.003834503935649991 0.9999463558197021
1732804203.177027 0.04715651273727417 -0.2858857214450836 0.7856166958808899 0.013314870186150074 0.013878040947020054 0.0027878060936927795 0.9998111724853516
1732804203.776717 0.08772140741348267 -0.527901828289032 1.4747072458267212 0.012824010103940964 0.0206262469291687 0.0010753325186669827 0.9997044801712036
1732804204.176877 0.1151396706700325 -0.7223549485206604 2.027804136276245 0.010690703988075256 0.017279665917158127 0.0031283427961170673 0.9997886419296265
1732804204.710227 0.08787158131599426 -0.950946569442749 2.6305816173553467 0.01553751714527607 -0.010005896911025047 -0.011492417193949223 0.9997632503509521
1732804205.243655 0.04235773906111717 -1.1773978471755981 3.22135853767395 0.022434774786233902 -0.025808822363615036 -0.01769976317882538 0.9992583990097046
1732804205.776853 -0.001776458928361535 -1.4155620336532593 3.8744585514068604 0.01995231583714485 -0.03026399202644825 -0.019664905965328217 0.9991493225097656
1732804206.17684 -0.04485471919178963 -1.6109250783920288 4.383986473083496 0.023309869691729546 -0.03814753517508507 -0.022159622982144356 0.9987544417381287
1732804206.776896 -0.20223547518253326 -1.8962801694869995 5.160245418548584 0.021056775003671646 -0.0870332270860672 -0.04252193123102188 0.9950747489929199
1732804207.376773 -0.3514117896556854 -2.167116403579712 5.889084339141846 0.02036070078611374 -0.09482666850090027 -0.040888648480176926 0.9944453239440918
1732804207.97684 -0.5012128353118896 -2.4144084453582764 6.536999702453613 0.02185157872736454 -0.10095436125993729 -0.0431903637945652 0.9937129020690918
1732804208.576807 -0.6544911861419678 -2.659284830093384 7.176832675933838 0.02603749930858612 -0.10523635149002075 -0.045206911861896515 0.9930779337882996
1732804209.176767 -0.8101937770843506 -2.913628339767456 7.830543041229248 0.0254651065915823 -0.1099638044834137 -0.046857934445142746 0.992503821849823
1732804209.776755 -0.9406715631484985 -3.166447639465332 8.486715316772461 0.02431900054216385 -0.09508900344371796 -0.03992634266614914 0.9943704605102539
1732804210.376745 -1.0807079076766968 -3.4172849655151367 9.132598876953125 0.025657204911112785 -0.10070732980966568 -0.03935706242918968 0.9938061833381653
1732804210.97728 -1.225976586341858 -3.674240827560425 9.799259185791016 0.02635820396244526 -0.10310141742229462 -0.03837599232792854 0.9935807585716248
1732804211.576741 -1.369691252708435 -3.932115077972412 10.46509838104248 0.027407517656683922 -0.10756565630435944 -0.03527011349797249 0.9931941032409668
1732804212.17668 -1.533192753791809 -4.184902667999268 11.116450309753418 0.02817498706281185 -0.11905872076749802 -0.03935505449771881 0.9917067885398865
1732804212.776882 -1.779148817062378 -4.415464878082275 11.749542236328125 0.02243204228579998 -0.17323169112205505 -0.062057700008153915 0.9826680421829224
1732804213.176656 -2.0165700912475586 -4.565271377563477 12.078925132751465 0.03217548877000809 -0.25873857736587524 -0.09249037504196167 0.9609706997871399
1732804213.776623 -2.432279586791992 -4.757264137268066 12.519489288330078 0.03496911749243736 -0.3503277003765106 -0.11176557093858719 0.929277241230011
1732804214.376638 -2.921194076538086 -4.942047595977783 12.960927963256836 0.02776387892663479 -0.3890778422355652 -0.1177210807800293 0.9132302403450012
1732804214.976715 -3.534482717514038 -5.057093620300293 13.244453430175781 0.019402164965867996 -0.5042252540588379 -0.17095014452934265 0.8462603688240051
1732804215.576542 -4.2035369873046875 -5.153080940246582 13.4703950881958 0.025757087394595146 -0.5335738062858582 -0.18593429028987885 0.8246599435806274
1732804216.176562 -4.849196910858154 -5.2841973304748535 13.850683212280273 0.02393352799117565 -0.43582430481910706 -0.16091208159923553 0.8852071762084961
1732804216.576668 -5.0620222091674805 -5.4224724769592285 14.15790843963623 0.033558189868927 -0.2737860083580017 -0.0943768247961998 0.9565606117248535
1732804217.376511 -5.418982982635498 -5.474264144897461 14.315690040588379 0.026945600286126137 -0.4347904324531555 -0.15863248705863953 0.8860400915145874
1732804218.176493 -6.1513166427612305 -5.5294294357299805 14.45001220703125 0.021724725142121315 -0.5333330035209656 -0.19522367417812347 0.8227829337120056
1732804218.776419 -6.780930519104004 -5.6182966232299805 14.648646354675293 0.027600493282079697 -0.5502027869224548 -0.19896890223026276 0.8105100393295288
1732804219.376458 -7.237967014312744 -5.6326727867126465 14.666292190551758 0.026605667546391487 -0.6504040360450745 -0.23278604447841644 0.7225492596626282
1732804220.24319 -7.896843910217285 -5.630975723266602 14.62833023071289 0.03125574812293053 -0.6735700368881226 -0.24271312355995178 0.6974359750747681
1732804220.976385 -8.604887962341309 -5.620279312133789 14.59398078918457 0.027925141155719757 -0.6785286664962769 -0.2545132637023926 0.6885071992874146
1732804221.77639 -9.291641235351562 -5.622548580169678 14.531930923461914 0.04022134467959404 -0.6943445801734924 -0.25387611985206604 0.6721716523170471
1732804222.376563 -9.6137113571167 -5.545661449432373 14.322751998901367 0.03949468582868576 -0.7613233923912048 -0.2781583368778229 0.5843414068222046
1732804223.043057 -9.930477142333984 -5.3867363929748535 13.953235626220703 0.036052290350198746 -0.822137713432312 -0.3102581799030304 0.4759514331817627
1732804223.709607 -10.508377075195312 -5.232171535491943 13.59272575378418 0.03543994948267937 -0.8231117129325867 -0.3228531777858734 0.46582940220832825
1732804224.509643 -10.968732833862305 -5.134099960327148 13.244612693786621 0.04356210678815842 -0.8515469431877136 -0.3062005937099457 0.4233335256576538
1732804225.709597 -11.46327018737793 -5.016637325286865 12.72836685180664 0.02520960569381714 -0.8966264128684998 -0.2800394594669342 0.34205788373947144
1732804226.976394 -12.180753707885742 -4.9038543701171875 12.400223731994629 0.004753978922963142 -0.8238188028335571 -0.2685292065143585 0.49919143319129944
1732804227.709537 -12.88327693939209 -4.755100250244141 12.01352310180664 0.015671802684664726 -0.8178327679634094 -0.2851087152957916 0.4996168613433838
1732804228.509678 -13.536321640014648 -4.648271560668945 11.620824813842773 0.03704412281513214 -0.825249969959259 -0.27729055285453796 0.4906120300292969
1732804229.509481 -14.137617111206055 -4.517505645751953 11.196149826049805 0.036100078374147415 -0.8514008522033691 -0.2920323610305786 0.43420109152793884
1732804230.309437 -14.694845199584961 -4.391345977783203 10.732720375061035 0.04018520936369896 -0.8599233627319336 -0.28765925765037537 0.41972512006759644
1732804230.909403 -15.172025680541992 -4.306863784790039 10.339010238647461 0.04487716034054756 -0.8664515018463135 -0.27541646361351013 0.41399723291397095
1732804231.576101 -15.693284034729004 -4.194569110870361 9.901016235351562 0.04296237975358963 -0.868452250957489 -0.2771529257297516 0.4088168144226074
1732804232.175898 -16.16907501220703 -4.0899786949157715 9.511982917785645 0.035752635449171066 -0.8694350123405457 -0.28126856684684753 0.40458932518959045
1732804232.77625 -16.59933853149414 -3.9906859397888184 9.144076347351074 0.035261984914541245 -0.8702987432479858 -0.2831229865550995 0.40146997570991516
1732804233.376019 -17.01036834716797 -3.8928818702697754 8.786690711975098 0.03556958585977554 -0.8716425895690918 -0.28257182240486145 0.3989073634147644
1732804234.309344 -17.639278411865234 -3.744683027267456 8.241156578063965 0.034524597227573395 -0.87269127368927 -0.28474661707878113 0.39514222741127014
1732804235.175831 -18.197845458984375 -3.607600450515747 7.730862617492676 0.03665727749466896 -0.873745322227478 -0.2830084562301636 0.3938676118850708
1732804236.109269 -18.7899169921875 -3.4615774154663086 7.200760841369629 0.034837592393159866 -0.8757449388504028 -0.2859077453613281 0.3874454200267792
1732804236.975971 -19.274410247802734 -3.3095006942749023 6.676455497741699 0.03402804210782051 -0.8858370780944824 -0.2910999655723572 0.35971617698669434
1732804237.909046 -19.795984268188477 -3.1456964015960693 6.114426612854004 0.0343669094145298 -0.8905845284461975 -0.292702853679657 0.34641480445861816
1732804238.57586 -20.18490982055664 -3.015310525894165 5.680046081542969 0.03220883384346962 -0.8931787610054016 -0.2949521839618683 0.33793115615844727
1732804239.309201 -20.622074127197266 -2.8542861938476562 5.170645713806152 0.03255986049771309 -0.8940479755401611 -0.30013203620910645 0.330966591835022
1732804240.176481 -21.144330978393555 -2.66911244392395 4.542807579040527 0.036813367158174515 -0.8966435194015503 -0.29928985238075256 0.3241925835609436
1732804240.776048 -21.536483764648438 -2.532582998275757 4.060031890869141 0.03930753841996193 -0.8999565839767456 -0.2952499985694885 0.31837183237075806
1732804241.309121 -22.030563354492188 -2.3293519020080566 3.445444107055664 0.03830667957663536 -0.8998331427574158 -0.30194491147994995 0.3125094771385193
1732804241.709219 -22.427841186523438 -2.1707215309143066 2.934011459350586 0.04255717992782593 -0.9017176032066345 -0.3002978563308716 0.3080834448337555
1732804242.109144 -22.828712463378906 -2.0055251121520996 2.4190330505371094 0.04224776849150658 -0.900791347026825 -0.3079375624656677 0.30325672030448914
1732804242.5091 -23.219058990478516 -1.8292250633239746 1.9001445770263672 0.04313949868083 -0.9010305404663086 -0.31123822927474976 0.299021452665329
1732804242.909091 -23.6053524017334 -1.664194107055664 1.3737831115722656 0.04712555930018425 -0.9035455584526062 -0.30806317925453186 0.29407769441604614
1732804243.309164 -24.000045776367188 -1.4923219680786133 0.839874267578125 0.046153608709573746 -0.9046515822410583 -0.3081064522266388 0.2907676100730896
1732804243.709057 -24.37474250793457 -1.3301429748535156 0.3103599548339844 0.04926491528749466 -0.9068734049797058 -0.30426114797592163 0.28736528754234314
1732804244.10914 -24.773048400878906 -1.1663565635681152 -0.2216358184814453 0.045071545988321304 -0.9045849442481995 -0.3043958842754364 0.2950219511985779
1732804244.442356 -25.123661041259766 -1.0379133224487305 -0.6621379852294922 0.045558758080005646 -0.9024667143821716 -0.29834359884262085 0.3073587417602539
1732804244.909044 -25.635990142822266 -0.8665332794189453 -1.2328376770019531 0.04140192270278931 -0.8913295865058899 -0.2984304130077362 0.33875778317451477
1732804245.384233 -26.146120071411133 -0.7014484405517578 -1.8017616271972656 0.03994237259030342 -0.8917115926742554 -0.2955411374568939 0.3404562771320343
1732804245.842408 -26.642845153808594 -0.5480556488037109 -2.3498153686523438 0.037326473742723465 -0.8916237950325012 -0.29431116580963135 0.3420449495315552
1732804246.309003 -27.151628494262695 -0.3866004943847656 -2.883453369140625 0.03810708969831467 -0.8859630823135376 -0.2968389689922333 0.35426533222198486
1732804246.842272 -27.72412872314453 -0.22406864166259766 -3.4650230407714844 0.03708454594016075 -0.8860067129135132 -0.29265478253364563 0.35772913694381714
1732804247.242308 -28.14537239074707 -0.0933523178100586 -3.891937255859375 0.03699564188718796 -0.8843882083892822 -0.29465240240097046 0.3600955009460449
1732804247.642266 -28.560546875 0.029213905334472656 -4.312450408935547 0.03554559126496315 -0.883014976978302 -0.29609712958335876 0.36241909861564636
1732804248.042261 -28.974578857421875 0.1587066650390625 -4.7321929931640625 0.03825598210096359 -0.8832004070281982 -0.29370030760765076 0.3636394143104553
1732804248.442276 -29.401565551757812 0.2956962585449219 -5.155082702636719 0.035022493451833725 -0.8818954825401306 -0.29724010825157166 0.36425548791885376
1732804248.842254 -29.82291030883789 0.4123382568359375 -5.567111968994141 0.03290047124028206 -0.8834055662155151 -0.29219159483909607 0.3648783564567566
1732804249.442048 -30.441633224487305 0.5996971130371094 -6.185844421386719 0.027126969769597054 -0.8830384016036987 -0.29335489869117737 0.3653084933757782
1732804249.842289 -30.878433227539062 0.7237520217895508 -6.593029022216797 0.0261667612940073 -0.8794021010398865 -0.2919021248817444 0.37518060207366943
1732804250.242198 -31.310056686401367 0.8514366149902344 -7.0103759765625 0.0285791102796793 -0.8790541887283325 -0.2909191846847534 0.3765808641910553
1732804250.642194 -31.7326602935791 0.9649057388305664 -7.414424896240234 0.02885998785495758 -0.879763662815094 -0.28712114691734314 0.37781551480293274
1732804251.042245 -32.156166076660156 1.085418701171875 -7.819610595703125 0.03141237050294876 -0.8787078857421875 -0.2888337969779968 0.3787621855735779
1732804251.442149 -32.5836181640625 1.2059125900268555 -8.220085144042969 0.03326282650232315 -0.877318263053894 -0.2914554476737976 0.37981581687927246
1732804251.842356 -33.009666442871094 1.3282852172851562 -8.620582580566406 0.03319001942873001 -0.8762943148612976 -0.29291558265686035 0.38106077909469604
1732804252.24196 -33.441688537597656 1.4364395141601562 -9.000778198242188 0.03492763265967369 -0.8719494938850403 -0.28874915838241577 0.39383774995803833
1732804252.642107 -33.881595611572266 1.5423822402954102 -9.379322052001953 0.03282599523663521 -0.8703383803367615 -0.2894813120365143 0.3970317840576172
1732804253.04231 -34.31037521362305 1.652872085571289 -9.757644653320312 0.033137135207653046 -0.8700585961341858 -0.28862860798835754 0.39823809266090393
1732804253.442132 -34.74054718017578 1.7611064910888672 -10.12481689453125 0.031639620661735535 -0.869781494140625 -0.28804415464401245 0.3993867039680481
1732804253.842093 -35.17970275878906 1.8710994720458984 -10.496173858642578 0.03200830519199371 -0.8693749308586121 -0.2864292562007904 0.4013989269733429
1732804254.242205 -35.61668395996094 1.9800491333007812 -10.876777648925781 0.036099471151828766 -0.8683991432189941 -0.28438887000083923 0.4046018719673157
1732804254.642134 -36.138248443603516 2.1019439697265625 -11.312313079833984 0.03593570366501808 -0.8668667674064636 -0.2843586802482605 0.40791037678718567
1732804255.042104 -36.68194580078125 2.2294139862060547 -11.766651153564453 0.035998277366161346 -0.8657416105270386 -0.2857123613357544 0.409345805644989
1732804255.442066 -37.22071075439453 2.3585901260375977 -12.216175079345703 0.03483344241976738 -0.8637887835502625 -0.2877976894378662 0.4121020436286926
1732804255.842084 -37.745269775390625 2.480557441711426 -12.646064758300781 0.03719507157802582 -0.8626325130462646 -0.2881098985671997 0.4140947163105011
1732804256.242026 -38.252525329589844 2.594226837158203 -13.05499267578125 0.03762137517333031 -0.8622242212295532 -0.2867297828197479 0.415860652923584
1732804256.642715 -38.748435974121094 2.706624984741211 -13.445606231689453 0.035170916467905045 -0.8612317442893982 -0.2875954508781433 0.41753071546554565
1732804257.04203 -39.24987030029297 2.8159961700439453 -13.838722229003906 0.03561572730541229 -0.861078143119812 -0.2856704890727997 0.4191280007362366
1732804257.442004 -39.74480056762695 2.9244613647460938 -14.225112915039062 0.03575609251856804 -0.8598234057426453 -0.28783515095710754 0.42020970582962036
1732804257.842041 -40.24631118774414 3.033946990966797 -14.617481231689453 0.037792425602674484 -0.8587517738342285 -0.2886951267719269 0.4216304123401642
1732804258.241994 -40.75425338745117 3.1343460083007812 -15.008602142333984 0.038383692502975464 -0.8597956895828247 -0.2844752073287964 0.4223173260688782
1732804258.642174 -41.24583435058594 3.245800018310547 -15.395172119140625 0.03846754878759384 -0.8602660298347473 -0.28600266575813293 0.42031559348106384
1732804259.041935 -41.72283935546875 3.352663040161133 -15.76919174194336 0.037690937519073486 -0.8616946935653687 -0.28695324063301086 0.4167967438697815
1732804259.441941 -42.197906494140625 3.471221923828125 -16.161590576171875 0.03691018745303154 -0.864123523235321 -0.2895721197128296 0.4099709093570709
1732804259.841926 -42.64305114746094 3.5795421600341797 -16.552631378173828 0.03774043172597885 -0.8689138889312744 -0.288244366645813 0.40059894323349
1732804260.242024 -43.08477020263672 3.6925907135009766 -16.945438385009766 0.03799167275428772 -0.8727687001228333 -0.2893756628036499 0.3912712633609772
1732804260.642025 -43.49909973144531 3.8146018981933594 -17.343868255615234 0.03725431114435196 -0.8762081861495972 -0.29440048336982727 0.37973636388778687
1732804261.041945 -43.91543197631836 3.923419952392578 -17.73944854736328 0.037808824330568314 -0.8768134117126465 -0.2923573851585388 0.37986305356025696
1732804261.441956 -44.33367156982422 4.038766860961914 -18.138778686523438 0.03724830225110054 -0.8785518407821655 -0.2901238799095154 0.3776074945926666
1732804261.841847 -44.748680114746094 4.149478912353516 -18.529857635498047 0.03578240051865578 -0.8802483081817627 -0.28897038102149963 0.37467148900032043
1732804262.242104 -45.175376892089844 4.266109466552734 -18.932594299316406 0.03280798718333244 -0.8810288906097412 -0.28929403424263 0.3728548586368561
1732804262.641836 -45.60578918457031 4.397329330444336 -19.34967803955078 0.033403974026441574 -0.878253698348999 -0.2948199510574341 0.37501439452171326
1732804263.041833 -46.05006790161133 4.517087936401367 -19.751846313476562 0.03352654352784157 -0.8743457794189453 -0.2936796247959137 0.38489967584609985
1732804263.442206 -46.50722885131836 4.625036239624023 -20.139537811279297 0.03498806804418564 -0.8707181215286255 -0.2898782789707184 0.39572253823280334
1732804263.841623 -46.969635009765625 4.736673355102539 -20.508270263671875 0.033930350095033646 -0.8663407564163208 -0.2884727120399475 0.40630775690078735
1732804264.241744 -47.43286895751953 4.852163314819336 -20.892105102539062 0.033425599336624146 -0.8652004599571228 -0.29048073291778564 0.4073473811149597
1732804264.641761 -47.89614486694336 4.96562385559082 -21.27139663696289 0.03399033099412918 -0.8648083209991455 -0.29044076800346375 0.40816107392311096
1732804265.04177 -48.351318359375 5.071260452270508 -21.648395538330078 0.03400605916976929 -0.8651703596115112 -0.2871406376361847 0.4097244441509247
1732804265.441777 -48.801727294921875 5.183139801025391 -22.018768310546875 0.03320689499378204 -0.8645665049552917 -0.289372980594635 0.4094941020011902
1732804265.841763 -49.25865936279297 5.287149429321289 -22.391796112060547 0.03347623720765114 -0.8642774224281311 -0.28839612007141113 0.4107694923877716
1732804266.241743 -49.75890350341797 5.400554656982422 -22.800148010253906 0.03259580209851265 -0.8639286160469055 -0.285816490650177 0.4133688807487488
1732804266.574907 -50.21538543701172 5.507255554199219 -23.174346923828125 0.03089052438735962 -0.8636038899421692 -0.28689149022102356 0.41343358159065247
1732804266.841874 -50.58814239501953 5.5888519287109375 -23.47491455078125 0.029499664902687073 -0.8647668957710266 -0.28289860486984253 0.4138553738594055
1732804267.108376 -50.944847106933594 5.67449951171875 -23.768104553222656 0.029866328462958336 -0.8639264106750488 -0.284847617149353 0.41424769163131714
1732804267.57501 -51.537681579589844 5.817935943603516 -24.250957489013672 0.026944633573293686 -0.8642481565475464 -0.2855095863342285 0.4133201241493225
1732804267.975019 -52.037750244140625 5.92805290222168 -24.65743637084961 0.027481945231556892 -0.8656508326530457 -0.2797882556915283 0.41426071524620056
1732804268.375005 -52.54240036010742 6.041440963745117 -25.063140869140625 0.02384777180850506 -0.8649275302886963 -0.2820255756378174 0.41447967290878296
1732804268.841649 -53.069435119628906 6.160486221313477 -25.495849609375 0.023862354457378387 -0.8650264739990234 -0.280925989151001 0.41501855850219727
1732804269.241682 -53.53800964355469 6.264493942260742 -25.869491577148438 0.022252026945352554 -0.8654089570045471 -0.2796020209789276 0.4152047038078308
1732804269.641616 -53.98064422607422 6.371616363525391 -26.22327423095703 0.01888417638838291 -0.8647977709770203 -0.28157147765159607 0.41531404852867126
1732804270.174992 -54.45885467529297 6.480356216430664 -26.60413360595703 0.019910473376512527 -0.8639811873435974 -0.279905766248703 0.41808247566223145
1732804270.641603 -54.90278625488281 6.562648773193359 -26.90735626220703 0.018374470993876457 -0.8563023805618286 -0.2782823443412781 0.4347040355205536
1732804271.374897 -55.574859619140625 6.687288284301758 -27.35663604736328 0.02084224298596382 -0.8505550622940063 -0.2747730016708374 0.447907954454422
1732804271.841581 -56.010154724121094 6.7682647705078125 -27.651809692382812 0.019799597561359406 -0.8492575287818909 -0.27554211020469666 0.4499402940273285
1732804272.57485 -56.66702651977539 6.880365371704102 -28.09168243408203 0.022271128371357918 -0.8484483361244202 -0.27334997057914734 0.45267999172210693
1732804273.174843 -57.22848892211914 6.976940155029297 -28.458938598632812 0.01858377642929554 -0.8468643426895142 -0.27408647537231445 0.45535939931869507
1732804273.774954 -57.79435729980469 7.081142425537109 -28.83447265625 0.019235830754041672 -0.8456336259841919 -0.2730450928211212 0.4582359194755554
1732804274.374841 -58.36668395996094 7.176876068115234 -29.197784423828125 0.015350252389907837 -0.8441804051399231 -0.2745363414287567 0.46016693115234375
1732804274.974939 -58.94475555419922 7.278646469116211 -29.561439514160156 0.016491467133164406 -0.8430176377296448 -0.2729303538799286 0.46320435404777527
1732804275.374882 -59.34046936035156 7.343963623046875 -29.808685302734375 0.01639155112206936 -0.8435050845146179 -0.26954516768455505 0.46430161595344543
1732804276.041681 -59.990089416503906 7.484029769897461 -30.22918701171875 0.010031815618276596 -0.843536376953125 -0.2820907533168793 0.4569142758846283
1732804276.574731 -60.523834228515625 7.592561721801758 -30.586929321289062 0.012159526348114014 -0.8453168272972107 -0.28350532054901123 0.45267683267593384
1732804277.174733 -61.094581604003906 7.700935363769531 -30.968795776367188 0.014565042220056057 -0.8493240475654602 -0.27528560161590576 0.4501715302467346
1732804277.774842 -61.659210205078125 7.819425582885742 -31.346534729003906 0.009671729058027267 -0.8497405648231506 -0.27832868695259094 0.44763898849487305
1732804278.441346 -62.3070068359375 7.956010818481445 -31.784400939941406 0.008409548550844193 -0.8494120240211487 -0.2791898846626282 0.4477517306804657
1732804279.04134 -62.87012481689453 8.057689666748047 -32.173309326171875 0.011447165161371231 -0.8528209328651428 -0.2717341482639313 0.4457870125770569
1732804279.641342 -63.438446044921875 8.178726196289062 -32.560577392578125 0.010157202370464802 -0.8519124984741211 -0.2765830159187317 0.4445714056491852
1732804280.174673 -63.931007385253906 8.2799072265625 -32.913909912109375 0.014844155870378017 -0.8543081283569336 -0.27294671535491943 0.4420830011367798
1732804280.774693 -64.47737884521484 8.37752914428711 -33.30677795410156 0.01490743737667799 -0.8610361814498901 -0.2668159008026123 0.4326704740524292
1732804281.374648 -64.99826049804688 8.487546920776367 -33.72718048095703 0.015040643513202667 -0.8700295686721802 -0.27228569984436035 0.41071030497550964
1732804281.974641 -65.4592056274414 8.63702392578125 -34.204193115234375 0.015086662024259567 -0.8860406875610352 -0.2895740866661072 0.36173346638679504
1732804282.574581 -65.8906478881836 8.782320022583008 -34.712005615234375 0.020419089123606682 -0.8944836258888245 -0.28910502791404724 0.3404415547847748
1732804283.041288 -66.23587799072266 8.901811599731445 -35.12628936767578 0.022549260407686234 -0.8981139063835144 -0.29117780923843384 0.32878318428993225
1732804283.641242 -66.68165588378906 9.093549728393555 -35.67864990234375 0.01983889378607273 -0.898118793964386 -0.30655643343925476 0.3146621584892273
1732804284.241183 -67.09037780761719 9.27291488647461 -36.2357177734375 0.02563541941344738 -0.9032003879547119 -0.3061811327934265 0.2997083067893982
1732804284.974544 -67.55828857421875 9.516380310058594 -36.910484313964844 0.02831280417740345 -0.9050742983818054 -0.31701186299324036 0.2820327579975128
1732804285.574543 -67.925537109375 9.729522705078125 -37.49163818359375 0.03188641369342804 -0.9082008004188538 -0.3227837085723877 0.2645096480846405
1732804286.041297 -68.19054412841797 9.882816314697266 -37.93565368652344 0.032423339784145355 -0.9134812951087952 -0.3186660408973694 0.25090357661247253
1732804286.57431 -68.464599609375 10.061532974243164 -38.450897216796875 0.031594231724739075 -0.920148491859436 -0.3189626932144165 0.224925234913826
1732804287.174445 -68.71819305419922 10.268791198730469 -39.04823303222656 0.026317793875932693 -0.9286325573921204 -0.31953272223472595 0.18667566776275635
1732804287.774846 -68.9205551147461 10.469045639038086 -39.65826416015625 0.02524581365287304 -0.9349866509437561 -0.31969934701919556 0.1515091359615326
1732804288.441117 -69.08203125 10.69038200378418 -40.30796813964844 0.027542928233742714 -0.9401871562004089 -0.31987640261650085 0.11388026177883148
1732804289.041072 -69.1837158203125 10.887962341308594 -40.89505386352539 0.030283169820904732 -0.943183958530426 -0.3202918767929077 0.08306658267974854
1732804289.640879 -69.22596740722656 11.096145629882812 -41.491668701171875 0.027179550379514694 -0.9459494948387146 -0.32104185223579407 0.03705449029803276
1732804290.241034 -69.2272720336914 11.325433731079102 -42.08868408203125 0.025360679253935814 -0.9426038861274719 -0.3329389989376068 0.0025468026287853718
1732804291.041002 -69.19775390625 11.557761192321777 -42.735862731933594 0.02866554632782936 -0.9443989992141724 -0.3269469439983368 -0.01986238732933998
1732804291.574353 -69.17707824707031 11.707915306091309 -43.1485595703125 0.025637930259108543 -0.9435171484947205 -0.328991174697876 -0.029712529852986336
1732804292.174396 -69.14599609375 11.880753517150879 -43.60369873046875 0.025042733177542686 -0.9415947198867798 -0.3333817720413208 -0.040359776467084885
1732804292.641252 -69.11206817626953 12.005231857299805 -43.954689025878906 0.025589700788259506 -0.9423397183418274 -0.32999542355537415 -0.04943822696805
1732804293.574368 -69.02542877197266 12.24869441986084 -44.612396240234375 0.027251651510596275 -0.9395111799240112 -0.3344309628009796 -0.06878995895385742
1732804294.640998 -68.91060638427734 12.516498565673828 -45.365360260009766 0.02448333241045475 -0.9399653077125549 -0.3292073905467987 -0.08653547614812851
1732804295.574209 -68.78536987304688 12.7724609375 -46.0368537902832 0.023771341890096664 -0.9368637204170227 -0.3336884081363678 -0.10184989124536514
1732804296.307508 -68.61207580566406 12.917593955993652 -46.41414260864258 0.023296378552913666 -0.9270220994949341 -0.32963791489601135 -0.177274689078331
1732804297.307578 -68.33963775634766 13.140128135681152 -47.026649475097656 0.02066320739686489 -0.9236634373664856 -0.32484403252601624 -0.202225923538208
1732804297.907499 -68.12552642822266 13.296195983886719 -47.449100494384766 0.019867731258273125 -0.9213335514068604 -0.3210669159889221 -0.21832500398159027
1732804298.173973 -68.00028991699219 13.385690689086914 -47.65907669067383 0.023118440061807632 -0.9175217151641846 -0.3245386779308319 -0.22867916524410248
1732804298.70742 -67.75901794433594 13.550406455993652 -48.06275939941406 0.026426680386066437 -0.9115878343582153 -0.32652753591537476 -0.24837277829647064
1732804299.107404 -67.55582427978516 13.678181648254395 -48.36912536621094 0.029729245230555534 -0.9072203636169434 -0.3271593153476715 -0.2627434730529785
1732804299.707396 -67.28858184814453 13.891986846923828 -48.842124938964844 0.03575323894619942 -0.9121882915496826 -0.33503028750419617 -0.2332145869731903
1732804300.707397 -67.16921997070312 14.117508888244629 -49.47294616699219 0.025221841409802437 -0.9341430068016052 -0.3335661292076111 -0.12439581006765366
1732804301.307337 -67.02877044677734 14.36056137084961 -50.0745964050293 0.031985681504011154 -0.9317536354064941 -0.34099066257476807 -0.12057170271873474
1732804301.907417 -66.893310546875 14.576579093933105 -50.66181945800781 0.03454633429646492 -0.9372362494468689 -0.32509559392929077 -0.12127488851547241
1732804302.707325 -66.73787689208984 14.895971298217773 -51.44954299926758 0.030489623546600342 -0.9336035847663879 -0.3355647027492523 -0.12186527997255325
1732804303.173956 -66.64305114746094 15.063261985778809 -51.904945373535156 0.019396677613258362 -0.9338836073875427 -0.3343783915042877 -0.12520506978034973
1732804303.773791 -66.517822265625 15.300898551940918 -52.47773361206055 0.018884146586060524 -0.9321237206459045 -0.33871638774871826 -0.12672820687294006
1732804304.374115 -66.39783477783203 15.511693000793457 -53.04554748535156 0.016511935740709305 -0.9351332783699036 -0.33058619499206543 -0.12635663151741028
1732804305.107248 -66.22924041748047 15.79885482788086 -53.76075744628906 0.018703553825616837 -0.9335359334945679 -0.3349936008453369 -0.12625454366207123
1732804305.907289 -66.06050109863281 16.085983276367188 -54.51611328125 0.018807774409651756 -0.933840274810791 -0.3341008126735687 -0.12635411322116852
1732804306.707057 -65.88985443115234 16.379192352294922 -55.27476119995117 0.012147827073931694 -0.9333418011665344 -0.3353024125099182 -0.12766346335411072
1732804307.707214 -65.67415618896484 16.722484588623047 -56.06745529174805 -0.0047159516252577305 -0.9201324582099915 -0.34864071011543274 -0.17827989161014557
1732804308.773843 -65.31331634521484 16.991436004638672 -56.69267654418945 -0.012803534977138042 -0.897878885269165 -0.3462962806224823 -0.27153006196022034
1732804309.773634 -64.8343734741211 17.221899032592773 -57.207096099853516 -0.026124294847249985 -0.8491787314414978 -0.33373886346817017 -0.40845000743865967
1732804310.773752 -64.17192840576172 17.40981674194336 -57.63597869873047 -0.03160439059138298 -0.8202571272850037 -0.32179775834083557 -0.47183215618133545
1732804311.573751 -63.49700164794922 17.5841121673584 -58.043113708496094 -0.030625808984041214 -0.8163872361183167 -0.32071736454963684 -0.4792853593826294
1732804312.307317 -63.010704040527344 17.716745376586914 -58.33069610595703 -0.029399901628494263 -0.8119956851005554 -0.3212597668170929 -0.48640602827072144
1732804313.173669 -62.509613037109375 17.84197235107422 -58.62289047241211 -0.02994922362267971 -0.8099408149719238 -0.31833794713020325 -0.491690993309021
1732804314.173736 -61.921417236328125 17.990718841552734 -58.9455680847168 -0.02642020769417286 -0.8057999610900879 -0.31982558965682983 -0.49769482016563416
1732804315.106976 -61.341064453125 18.132802963256836 -59.26533126831055 -0.02546556293964386 -0.8047551512718201 -0.31577789783477783 -0.5020011067390442
1732804315.973559 -60.776309967041016 18.263137817382812 -59.5684814453125 -0.024366559460759163 -0.8040471076965332 -0.31156203150749207 -0.5058099627494812
1732804316.706905 -60.27309036254883 18.38338851928711 -59.827762603759766 -0.021085243672132492 -0.8016601204872131 -0.3122301697731018 -0.5093218684196472
1732804317.506931 -59.678611755371094 18.519886016845703 -60.13444519042969 -0.02249278500676155 -0.8003783822059631 -0.3107774257659912 -0.512158215045929
1732804318.106927 -59.10020446777344 18.65060043334961 -60.420658111572266 -0.019502175971865654 -0.7989288568496704 -0.30949386954307556 -0.515311598777771
1732804318.773783 -58.43596267700195 18.79620361328125 -60.729148864746094 -0.014473339542746544 -0.7962595820426941 -0.3100384473800659 -0.5192662477493286
1732804319.306818 -57.89955139160156 18.910839080810547 -60.9770393371582 -0.010797691531479359 -0.7964344620704651 -0.30565598607063293 -0.5216799974441528
1732804319.906804 -57.29570007324219 19.05248260498047 -61.25788879394531 -0.00864055659621954 -0.7941805124282837 -0.30824899673461914 -0.5236270427703857
1732804320.506817 -56.7120361328125 19.19662094116211 -61.53851318359375 -0.0023551422636955976 -0.7965730428695679 -0.3125581443309784 -0.5174682140350342
1732804320.973475 -56.2525634765625 19.315704345703125 -61.78870391845703 -0.0028378868009895086 -0.8046327829360962 -0.31153303384780884 -0.5054752826690674
1732804321.707017 -55.58506774902344 19.516429901123047 -62.20743179321289 0.00047033632290549576 -0.822160005569458 -0.31685101985931396 -0.47292518615722656
1732804321.973412 -55.32061004638672 19.593172073364258 -62.36787414550781 -0.00035641572321765125 -0.8206858038902283 -0.3157559633255005 -0.4762066900730133
1732804322.706802 -54.67029571533203 19.78629493713379 -62.776432037353516 -0.0007254048250615597 -0.8226059675216675 -0.3151547908782959 -0.4732826054096222
1732804323.306768 -54.12693786621094 19.951156616210938 -63.11930847167969 -0.0012958680745214224 -0.8232664465904236 -0.3170824348926544 -0.4708390533924103
1732804324.106514 -53.40447998046875 20.168285369873047 -63.579010009765625 -0.002443311270326376 -0.8236494660377502 -0.31954023241996765 -0.46849727630615234
1732804324.773511 -52.78807830810547 20.352081298828125 -63.96519088745117 -0.003024958074092865 -0.8223397731781006 -0.31790691614151 -0.47189339995384216
1732804325.373374 -52.219398498535156 20.524572372436523 -64.30579376220703 -0.0008514001965522766 -0.8182752132415771 -0.3206019103527069 -0.47711583971977234
1732804325.906627 -51.71104431152344 20.662006378173828 -64.6086196899414 -0.004141537938266993 -0.8175637125968933 -0.315341055393219 -0.48180127143859863
1732804326.57338 -51.065391540527344 20.852642059326172 -64.96727752685547 0.0010355899576097727 -0.8112369179725647 -0.3209662139415741 -0.488747775554657
1732804326.906784 -50.727996826171875 20.935340881347656 -65.14319610595703 0.0023908670991659164 -0.812219500541687 -0.3130928575992584 -0.492205947637558
1732804327.373216 -50.26885986328125 21.063472747802734 -65.39722442626953 0.0026549650356173515 -0.8091857433319092 -0.31540536880493164 -0.49571260809898376
1732804328.106588 -49.53041076660156 21.263322830200195 -65.7887954711914 0.0038590971380472183 -0.8050128817558289 -0.3147841691970825 -0.502842366695404
1732804328.773299 -48.836280822753906 21.45633316040039 -66.14871978759766 0.007238520309329033 -0.8025949597358704 -0.3161437511444092 -0.5058083534240723
1732804329.439897 -48.149688720703125 21.646121978759766 -66.5048828125 0.00817187875509262 -0.8054063320159912 -0.31239840388298035 -0.5036478042602539
1732804330.106501 -47.48229217529297 21.85710906982422 -66.89945983886719 0.008947179652750492 -0.8134534358978271 -0.319921612739563 -0.4856579899787903
1732804330.706494 -46.92451477050781 22.061784744262695 -67.2989501953125 0.0077666002325713634 -0.8319681286811829 -0.32644835114479065 -0.44855356216430664
1732804331.306496 -46.406494140625 22.264209747314453 -67.71105194091797 0.007978576235473156 -0.8379284739494324 -0.32856839895248413 -0.4357236921787262
1732804331.906454 -45.87892150878906 22.47460174560547 -68.12726593017578 0.008908427320420742 -0.8386297225952148 -0.330549031496048 -0.43284907937049866
1732804332.439836 -45.410362243652344 22.660497665405273 -68.5003433227539 0.008217443712055683 -0.8404460549354553 -0.33031561970710754 -0.429504930973053
1732804333.039755 -44.871307373046875 22.871877670288086 -68.91859436035156 0.00647105323150754 -0.842506468296051 -0.32674747705459595 -0.4282255470752716
1732804333.706719 -44.288230895996094 23.101436614990234 -69.38104248046875 0.004277605563402176 -0.8428475856781006 -0.33053210377693176 -0.4246624708175659
1732804334.439729 -43.671653747558594 23.329511642456055 -69.88484191894531 0.00392059376463294 -0.8461322784423828 -0.3254297077655792 -0.4220668375492096
1732804335.039775 -43.13623809814453 23.55318260192871 -70.3064956665039 0.007684669457376003 -0.8438235521316528 -0.33342844247817993 -0.42039060592651367
1732804335.639523 -42.60847473144531 23.75625228881836 -70.72974395751953 0.007587077561765909 -0.8454572558403015 -0.32847514748573303 -0.4210089147090912
1732804336.239742 -42.041656494140625 23.93241310119629 -71.07341766357422 0.006589466705918312 -0.8184133768081665 -0.32155662775039673 -0.47619056701660156
1732804336.839663 -41.43412780761719 24.089094161987305 -71.3463363647461 0.0039075505919754505 -0.7919568419456482 -0.3140183091163635 -0.5236236453056335
1732804337.506263 -40.740074157714844 24.227062225341797 -71.57640075683594 -0.001852432731539011 -0.7569845914840698 -0.30604276061058044 -0.5773290395736694
1732804338.239643 -39.96902847290039 24.31163787841797 -71.68821716308594 -0.005977923516184092 -0.701049268245697 -0.281554251909256 -0.6551499962806702
1732804338.839697 -39.339500427246094 24.31366729736328 -71.65658569335938 -0.007555417716503143 -0.6190173029899597 -0.24818287789821625 -0.7450945377349854
1732804339.43962 -38.70534896850586 24.274600982666016 -71.47677612304688 -0.012973892502486706 -0.5334752798080444 -0.22396348416805267 -0.8155220746994019
1732804340.039556 -38.08070373535156 24.192733764648438 -71.23976135253906 -0.02356136590242386 -0.5055363774299622 -0.21424031257629395 -0.8354513645172119
1732804340.639622 -37.457515716552734 24.08456802368164 -70.99159240722656 -0.03967306762933731 -0.5004123449325562 -0.20628058910369873 -0.8399177193641663
1732804341.239538 -36.81874465942383 23.9752140045166 -70.68767547607422 -0.02559541165828705 -0.4889073967933655 -0.19511038064956665 -0.8498507738113403
1732804341.839515 -36.22010040283203 23.868362426757812 -70.36328125 -0.021518133580684662 -0.44908517599105835 -0.18841367959976196 -0.8731321096420288
1732804342.43948 -35.7454719543457 23.694944381713867 -69.96770477294922 -0.04470282420516014 -0.33060765266418457 -0.14985276758670807 -0.9307225346565247
1732804343.106141 -35.281009674072266 23.48633575439453 -69.40196990966797 -0.03536524996161461 -0.27738210558891296 -0.13575923442840576 -0.9504619836807251
1732804343.706136 -34.884544372558594 23.278120040893555 -68.8975830078125 -0.03768518567085266 -0.26861560344696045 -0.13191668689250946 -0.953427255153656
1732804344.43939 -34.45612716674805 23.075708389282227 -68.31415557861328 -0.025485683232545853 -0.25359880924224854 -0.13538549840450287 -0.9574491381645203
1732804345.506078 -34.029666900634766 22.829702377319336 -67.73735046386719 -0.04470363259315491 -0.25543713569641113 -0.12733331322669983 -0.9573608040809631
1732804346.239486 -33.72168731689453 22.655757904052734 -67.28778076171875 -0.037544019520282745 -0.25781410932540894 -0.12325365841388702 -0.9575651288032532
1732804347.239335 -33.34618377685547 22.42577362060547 -66.65989685058594 -0.026293927803635597 -0.1918494701385498 -0.10319080948829651 -0.9756301045417786
1732804348.239343 -33.15072250366211 22.153955459594727 -66.02743530273438 -0.04122346267104149 -0.11313330382108688 -0.07404680550098419 -0.9899589419364929
1732804349.239299 -33.03532028198242 21.848678588867188 -65.2996597290039 -0.037232015281915665 -0.03910360112786293 -0.05128878727555275 -0.9972232580184937
1732804349.839093 -32.97223663330078 21.614431381225586 -64.70206451416016 -0.030484363436698914 -0.034130509942770004 -0.048774734139442444 -0.9977609515190125
1732804350.439254 -32.920326232910156 21.37298583984375 -64.0836410522461 -0.0279928520321846 -0.02951018139719963 -0.04333123564720154 -0.9982324838638306
1732804351.039227 -32.745479583740234 21.147462844848633 -63.4535026550293 -0.018874799832701683 -0.10295088589191437 -0.07084132730960846 -0.991981029510498
1732804351.439274 -32.51601028442383 21.050546646118164 -63.14789581298828 -0.010535714216530323 -0.23876410722732544 -0.11401393264532089 -0.964303731918335
1732804352.639215 -31.80650520324707 20.858070373535156 -62.55934143066406 -0.007914179936051369 -0.37567853927612305 -0.15818825364112854 -0.9131153225898743
1732804353.439187 -31.26291275024414 20.7109375 -62.09820556640625 -0.007937077432870865 -0.37307310104370117 -0.16066864132881165 -0.9137500524520874
1732804354.039149 -30.840356826782227 20.589447021484375 -61.7208366394043 -0.007119982037693262 -0.3724232017993927 -0.15844154357910156 -0.9144105315208435
1732804354.839147 -30.224777221679688 20.423362731933594 -61.164825439453125 0.0005400115624070168 -0.36692628264427185 -0.15696096420288086 -0.9169121980667114
1732804355.439141 -29.744892120361328 20.282772064208984 -60.71190643310547 -0.002782553667202592 -0.3580678403377533 -0.14671285450458527 -0.9220927357673645
1732804355.905712 -29.37802505493164 20.167171478271484 -60.353363037109375 -0.00124758027959615 -0.35296544432640076 -0.14105404913425446 -0.9249419569969177
1732804356.505866 -28.954105377197266 20.01287841796875 -59.89714813232422 -0.009136541746556759 -0.3349393308162689 -0.13092586398124695 -0.9330544471740723
1732804357.039068 -28.575672149658203 19.879932403564453 -59.44955825805664 -0.0016856221482157707 -0.3145725131034851 -0.12944485247135162 -0.9403644800186157
1732804357.706149 -28.11272430419922 19.700634002685547 -58.88216018676758 -0.0038313292898237705 -0.30296558141708374 -0.11973769962787628 -0.9454417824745178
1732804358.239497 -27.672664642333984 19.594173431396484 -58.52254867553711 -0.0013196335639804602 -0.38168296217918396 -0.13984403014183044 -0.9136520624160767
1732804358.639389 -27.337337493896484 19.511150360107422 -58.2489013671875 -0.0019150507869198918 -0.38293829560279846 -0.14244802296161652 -0.9127228856086731
1732804359.105717 -26.931812286376953 19.40605926513672 -57.898216247558594 0.0015836256789043546 -0.378129780292511 -0.1413196623325348 -0.9149011373519897
1732804359.572352 -26.531761169433594 19.301801681518555 -57.558570861816406 -0.0003087921068072319 -0.3752163350582123 -0.13954433798789978 -0.9163733124732971
1732804360.239368 -25.958106994628906 19.164085388183594 -57.07762145996094 0.0028456137515604496 -0.3928501605987549 -0.1416425257921219 -0.9086242318153381
1732804360.572335 -25.658935546875 19.10271644592285 -56.88652801513672 0.0031695282086730003 -0.4228159189224243 -0.15099479258060455 -0.8935419917106628
1732804361.372119 -24.9909610748291 18.953861236572266 -56.39116668701172 0.0015907165361568332 -0.41432106494903564 -0.14675171673297882 -0.8982202410697937
1732804362.038926 -24.3969669342041 18.834178924560547 -55.95050048828125 0.006087013054639101 -0.40867435932159424 -0.1489483118057251 -0.9004236459732056
1732804362.438888 -24.0286865234375 18.74100112915039 -55.66656494140625 -0.0002744737721513957 -0.4069790542125702 -0.14477571845054626 -0.9018913507461548
1732804363.772258 -22.788551330566406 18.457904815673828 -54.68349075317383 0.0012852767249569297 -0.39385783672332764 -0.14077359437942505 -0.9083265662193298
1732804364.772952 -21.79983139038086 18.244953155517578 -54.02781677246094 0.0002218135487055406 -0.45934194326400757 -0.16219373047351837 -0.8733259439468384
1732804365.438809 -21.091020584106445 18.115060806274414 -53.63108825683594 -0.008573625236749649 -0.4509236514568329 -0.16567625105381012 -0.8770095705986023
1732804365.972162 -20.48969078063965 18.017332077026367 -53.28556442260742 -0.007536291144788265 -0.4472922384738922 -0.17180070281028748 -0.8777000308036804
1732804366.438803 -19.936473846435547 17.928133010864258 -52.96888732910156 -0.0031018583104014397 -0.4511392414569855 -0.17539486289024353 -0.8750430941581726
1732804366.838842 -19.441829681396484 17.852293014526367 -52.6895751953125 -0.0012789437314495444 -0.45413878560066223 -0.17683155834674835 -0.8732050657272339
1732804367.371928 -18.817630767822266 17.747018814086914 -52.344482421875 -0.0069403694942593575 -0.45395973324775696 -0.17493391036987305 -0.8736535906791687
1732804367.972059 -18.14544105529785 17.636734008789062 -51.946048736572266 -0.00010841331095434725 -0.4484516680240631 -0.17304487526416779 -0.8768959641456604
1732804368.572049 -17.575382232666016 17.479427337646484 -51.499107360839844 -0.007768488023430109 -0.38216307759284973 -0.14404995739459991 -0.9127654433250427
1732804369.172033 -17.11536407470703 17.318279266357422 -50.99644088745117 -0.005847841966897249 -0.3368632197380066 -0.12608535587787628 -0.9330549240112305
1732804369.772036 -16.693893432617188 17.153446197509766 -50.48964309692383 -0.006038407329469919 -0.31032633781433105 -0.1168677881360054 -0.9433997273445129
1732804370.438663 -16.225948333740234 16.964736938476562 -49.92646026611328 -0.005007301922887564 -0.30503472685813904 -0.11358624696731567 -0.9455299377441406
1732804370.771979 -15.983675003051758 16.868511199951172 -49.63117218017578 -0.004813157953321934 -0.3043988049030304 -0.11222918331623077 -0.9458979368209839
1732804371.438701 -15.47611141204834 16.682039260864258 -49.09345245361328 -0.00301225739531219 -0.33201178908348083 -0.12089183926582336 -0.9354915022850037
1732804371.972004 -15.029247283935547 16.5469970703125 -48.67174530029297 -0.004138392861932516 -0.3430704176425934 -0.12697671353816986 -0.9306785464286804
1732804372.572127 -14.534523010253906 16.39426040649414 -48.18238067626953 -0.0005853180191479623 -0.3415772318840027 -0.12815077602863312 -0.9310757517814636
1732804373.038443 -14.149848937988281 16.259889602661133 -47.80290603637695 -0.006502545438706875 -0.34390193223953247 -0.12463582307100296 -0.9306745529174805
1732804373.638706 -13.642877578735352 16.10871124267578 -47.332786560058594 -0.005900196265429258 -0.345318078994751 -0.13304711878299713 -0.9289882779121399
1732804374.238605 -13.126537322998047 15.955570220947266 -46.854248046875 -0.0042067887261509895 -0.3453035056591034 -0.13544178009033203 -0.9286567568778992
1732804374.838553 -12.626126289367676 15.809696197509766 -46.38376235961914 -0.0033637748565524817 -0.34660232067108154 -0.13852161169052124 -0.9277215600013733
1732804375.438564 -12.117422103881836 15.670822143554688 -45.91134262084961 -0.001090689329430461 -0.3499864935874939 -0.13758964836597443 -0.9265945553779602
1732804376.038327 -11.620152473449707 15.511019706726074 -45.44148635864258 -0.005852426402270794 -0.3555773198604584 -0.1306276023387909 -0.9254550337791443
1732804376.638651 -11.121916770935059 15.356389999389648 -44.967063903808594 -0.006143118720501661 -0.35736438632011414 -0.12603424489498138 -0.9254017472267151
1732804377.238477 -10.629470825195312 15.20328140258789 -44.52499008178711 -0.005516392644494772 -0.3569946885108948 -0.12662751972675323 -0.9254674315452576
1732804377.838493 -10.142742156982422 15.047314643859863 -44.05876922607422 -0.0030316761694848537 -0.3519483506679535 -0.1235559806227684 -0.9278239011764526
1732804378.43845 -9.658222198486328 14.89755916595459 -43.568443298339844 0.0017610815120860934 -0.3400317430496216 -0.12195614725351334 -0.9324709177017212
1732804378.97174 -9.272995948791504 14.746171951293945 -43.114471435546875 0.00045077374670654535 -0.3075029253959656 -0.10965623706579208 -0.9452075958251953
1732804379.571708 -8.970646858215332 14.56491756439209 -42.554542541503906 0.0008451695321127772 -0.20876765251159668 -0.08122242987155914 -0.9745861887931824
1732804380.171701 -8.706426620483398 14.361496925354004 -41.96335220336914 -0.0023240437731146812 -0.18251895904541016 -0.0724329799413681 -0.9805278778076172
1732804380.771685 -8.443137168884277 14.153220176696777 -41.34928512573242 -0.0009803222492337227 -0.1782153844833374 -0.06567719578742981 -0.9817967414855957
1732804381.371758 -8.20064926147461 13.949675559997559 -40.75919723510742 -0.0058829826302826405 -0.1701556295156479 -0.06399089843034744 -0.9833197593688965
1732804381.971666 -7.9886016845703125 13.741663932800293 -40.145511627197266 -0.0030558807775378227 -0.14561890065670013 -0.05451928824186325 -0.9878327250480652
1732804382.571648 -7.820311069488525 13.53786563873291 -39.523223876953125 -8.320267079398036e-05 -0.12401320785284042 -0.04659163951873779 -0.9911861419677734
1732804383.171643 -7.648576736450195 13.323871612548828 -38.897151947021484 0.0007847586530260742 -0.1198696568608284 -0.03990890458226204 -0.991986870765686
1732804383.771618 -7.4852705001831055 13.1133394241333 -38.26953125 -0.0005182979512028396 -0.11363869905471802 -0.03629268705844879 -0.9928589463233948
1732804384.371434 -7.337325096130371 12.905891418457031 -37.65573501586914 0.0006439986173063517 -0.10786302387714386 -0.03293037787079811 -0.9936200976371765
1732804384.971621 -7.198095798492432 12.697267532348633 -37.02143096923828 0.003236006014049053 -0.10340449213981628 -0.0290541835129261 -0.9942097067832947
1732804385.571743 -7.055448532104492 12.494937896728516 -36.40249252319336 0.0035518500953912735 -0.09969512373209 -0.026266472414135933 -0.9946649670600891
1732804386.171537 -6.92061710357666 12.285761833190918 -35.79612350463867 -0.0002789449063129723 -0.09523507952690125 -0.02457832358777523 -0.9951513409614563
1732804386.838222 -6.783654689788818 12.056668281555176 -35.10844039916992 -0.0001889326813397929 -0.09150133281946182 -0.02308075502514839 -0.9955374002456665
1732804387.571349 -6.6316399574279785 11.815496444702148 -34.37118148803711 0.0030104112811386585 -0.08632678538560867 -0.024622101336717606 -0.9959580898284912
1732804388.171553 -6.518611907958984 11.61812973022461 -33.75980758666992 0.006522107403725386 -0.08185961097478867 -0.02518860250711441 -0.9963042140007019
1732804388.771471 -6.40842866897583 11.415156364440918 -33.14399337768555 0.0013332742964848876 -0.0780501738190651 -0.026772091165184975 -0.9965890049934387
1732804389.371579 -6.301228046417236 11.21240520477295 -32.538795471191406 0.0024730381555855274 -0.07457758486270905 -0.025832010433077812 -0.9968775510787964
1732804389.971587 -6.16309928894043 11.007369041442871 -31.925018310546875 0.0010608821175992489 -0.09872432053089142 -0.03264584392309189 -0.9945786595344543
1732804390.571402 -5.962837219238281 10.799959182739258 -31.29431915283203 0.00284361420199275 -0.13543106615543365 -0.04252154007554054 -0.9898698329925537
1732804391.104722 -5.749005317687988 10.622640609741211 -30.764883041381836 -0.0020742109045386314 -0.16008801758289337 -0.04905565828084946 -0.9858808517456055
1732804391.771462 -5.493035316467285 10.40478229522705 -30.10512924194336 0.0009234384051524103 -0.16531862318515778 -0.048449400812387466 -0.9850490093231201
1732804392.504725 -5.2134222984313965 10.16023063659668 -29.39675521850586 0.00126556190662086 -0.1709502786397934 -0.04521356150507927 -0.9842408895492554
1732804393.171167 -4.9397053718566895 9.93631362915039 -28.728879928588867 0.003192633157595992 -0.1740954965353012 -0.044241439551115036 -0.9837293028831482
1732804393.771315 -4.705880165100098 9.735772132873535 -28.118080139160156 0.004471572116017342 -0.16270439326763153 -0.0414075031876564 -0.9857954978942871
1732804394.371288 -4.4963250160217285 9.523283958435059 -27.508575439453125 -0.0004151277826167643 -0.14774157106876373 -0.03562437742948532 -0.9883841872215271
1732804394.971294 -4.318670272827148 9.317137718200684 -26.893218994140625 -0.001030389335937798 -0.1257210075855255 -0.029462367296218872 -0.99162757396698
1732804395.571321 -4.1826090812683105 9.104331970214844 -26.268077850341797 -0.00031456173746846616 -0.10189973562955856 -0.02099279873073101 -0.9945731163024902
1732804396.171086 -4.06999397277832 8.887908935546875 -25.629112243652344 0.0006526631186716259 -0.08235722780227661 -0.014244924299418926 -0.9965009093284607
1732804396.77123 -3.9768593311309814 8.665175437927246 -24.990095138549805 -0.0008734111324883997 -0.06799806654453278 -0.007711928337812424 -0.9976552724838257
1732804397.371205 -3.9120309352874756 8.440767288208008 -24.353958129882812 -0.004843370523303747 -0.05469760671257973 0.0011652576504275203 -0.998490571975708
1732804397.771201 -3.870889663696289 8.292848587036133 -23.91602897644043 -0.0033663285430520773 -0.04634610936045647 0.005271129310131073 -0.9989058971405029
1732804398.304525 -3.822753429412842 8.095797538757324 -23.342947006225586 -0.0014984322478994727 -0.03945053368806839 0.005996662192046642 -0.9992024302482605
1732804398.90434 -3.773310422897339 7.875463485717773 -22.699146270751953 -0.001122268964536488 -0.03239000216126442 0.007301748730242252 -0.9994480609893799
1732804399.504475 -3.7129781246185303 7.653843879699707 -22.036741256713867 -0.0009569175308570266 -0.03804225102066994 0.004351375624537468 -0.9992662072181702
1732804400.104452 -3.6608874797821045 7.440934181213379 -21.389101028442383 0.004891133867204189 -0.03996783122420311 0.006415924988687038 -0.9991683959960938
1732804400.70652 -3.6151440143585205 7.219594478607178 -20.760440826416016 -0.0011291024275124073 -0.037487078458070755 0.010849818587303162 -0.999237596988678
1732804401.304463 -3.5659101009368896 7.003897666931152 -20.118362426757812 6.450219370890409e-05 -0.03349875658750534 0.012023169547319412 -0.9993664622306824
1732804401.904251 -3.52054762840271 6.7882080078125 -19.493139266967773 -0.002251196885481477 -0.02915821224451065 0.010600500740110874 -0.9995160698890686
1732804402.571284 -3.4758501052856445 6.551280498504639 -18.791833877563477 0.00345564354211092 -0.024960653856396675 0.010344414040446281 -0.999629020690918
1732804403.171062 -3.4352712631225586 6.3388519287109375 -18.137306213378906 0.004102697595953941 -0.026297029107809067 0.009158949367702007 -0.999603807926178
1732804403.771027 -3.4044158458709717 6.117863178253174 -17.520755767822266 -0.006072020623832941 -0.022113032639026642 0.011941543780267239 -0.9996657371520996
1732804404.371035 -3.3662030696868896 5.899672985076904 -16.887451171875 -0.004064218606799841 -0.019010985270142555 0.010184144601225853 -0.9997591376304626
1732804404.9042 -3.3429129123687744 5.713048458099365 -16.305938720703125 0.0014270828105509281 -0.01743260771036148 0.009527183137834072 -0.9998016357421875
1732804405.504268 -3.278115749359131 5.488936424255371 -15.65982723236084 3.179169652867131e-05 -0.03232758492231369 0.002251139609143138 -0.999474823474884
1732804406.104282 -3.196819305419922 5.275618076324463 -15.026926040649414 -0.001908693346194923 -0.05698218569159508 -0.009205740876495838 -0.9983309507369995
1732804406.704262 -3.0980191230773926 5.060556888580322 -14.40388298034668 0.0012422353029251099 -0.06407349556684494 -0.012945607304573059 -0.9978604912757874
1732804407.304321 -3.003718137741089 4.845183849334717 -13.777091979980469 -0.00011125033051939681 -0.06699509918689728 -0.010866781696677208 -0.9976941347122192
1732804407.904236 -2.8258349895477295 4.623502731323242 -13.149614334106445 0.0008715740405023098 -0.12480438500642776 -0.03225676715373993 -0.991656482219696
1732804408.504271 -2.6383070945739746 4.41178560256958 -12.534097671508789 -0.0016142107779160142 -0.12719511985778809 -0.03110627643764019 -0.9913885593414307
1732804409.104213 -2.4419991970062256 4.198749542236328 -11.93545150756836 -0.00534927798435092 -0.1300814151763916 -0.03398125246167183 -0.9909064173698425
1732804409.704217 -2.2389285564422607 3.9909815788269043 -11.32204532623291 -0.0003362869319971651 -0.1330016851425171 -0.0376146174967289 -0.9904017448425293
1732804410.3042 -2.0316693782806396 3.784256935119629 -10.733128547668457 -0.0038864556699991226 -0.1345328837633133 -0.040664054453372955 -0.9900668263435364
1732804410.904155 -1.819165587425232 3.577249050140381 -10.145401954650879 -0.004157135263085365 -0.13460378348827362 -0.04511648416519165 -0.9898632168769836
1732804411.504161 -1.6039245128631592 3.373883008956909 -9.551665306091309 -0.0012586398515850306 -0.13669560849666595 -0.04629290848970413 -0.989530086517334
1732804412.104123 -1.389142632484436 3.1757802963256836 -8.956341743469238 0.0015253765741363168 -0.13908150792121887 -0.04402584955096245 -0.9893006086349487
1732804412.704215 -1.1748175621032715 2.969475030899048 -8.397991180419922 -0.0065487041138112545 -0.13776913285255432 -0.042097240686416626 -0.9895477294921875
1732804413.303903 -0.9750286340713501 2.7601563930511475 -7.826414108276367 -0.0073382314294576645 -0.13059167563915253 -0.04015891253948212 -0.9905954003334045
1732804413.90404 -0.8043727278709412 2.5553042888641357 -7.255820274353027 -0.003878271672874689 -0.11301600933074951 -0.03553880751132965 -0.9929498434066772
1732804414.638419 -0.6004495024681091 2.310854434967041 -6.618056774139404 -0.003897265996783972 -0.0864417552947998 -0.027835527434945107 -0.9958603382110596
1732804415.23736 -0.4813649356365204 2.107481002807617 -6.05247688293457 -0.006588175427168608 -0.06583964824676514 -0.021376263350248337 -0.9975795149803162
1732804415.837327 -0.3776608407497406 1.9049928188323975 -5.463700294494629 -0.0022319022100418806 -0.05560543015599251 -0.020686820149421692 -0.9982360005378723
1732804416.437148 -0.2845226526260376 1.6929175853729248 -4.880788803100586 -0.0034611858427524567 -0.04652542993426323 -0.018809836357831955 -0.9987339973449707
1732804417.037338 -0.1990029513835907 1.4860013723373413 -4.294083595275879 -0.004365552216768265 -0.040015313774347305 -0.017739849165081978 -0.9990320801734924
1732804417.637285 -0.12824730575084686 1.2850687503814697 -3.689863443374634 1.5199610061245039e-05 -0.03199760988354683 -0.017679523676633835 -0.9993315935134888
1732804418.237309 -0.05844678729772568 1.0763336420059204 -3.089745283126831 -0.0035418930929154158 -0.028141850605607033 -0.01747649721801281 -0.9994449019432068
1732804418.837269 0.004434820264577866 0.8605030179023743 -2.508378267288208 -0.011369914747774601 -0.021592222154140472 -0.016201144084334373 -0.999570906162262
1732804419.437214 0.047200657427310944 0.6459207534790039 -1.9147570133209229 -0.013349405489861965 -0.02211540751159191 -0.010972888208925724 -0.9996060729026794
1732804420.03732 0.082242451608181 0.4433642327785492 -1.2800880670547485 -0.00022727665782440454 -0.01799115166068077 -0.00888869259506464 -0.999798595905304
1732804420.637187 0.11540829390287399 0.22533535957336426 -0.6750652194023132 -0.008069351315498352 -0.01364594791084528 -0.009229877032339573 -0.9998317956924438
1732804421.237294 0.13946890830993652 0.009388905018568039 -0.050552431493997574 -0.008257566019892693 -0.013049268163740635 -0.004203382413834333 -0.9998720288276672
1732804421.83718 0.16968590021133423 -0.21841278672218323 0.5880546569824219 -0.0078497976064682 -0.013167661614716053 -0.003759046783670783 -0.9998754858970642
1732804422.036984 0.18260930478572845 -0.2874917685985565 0.8129478096961975 -0.004485332872718573 -0.015787595883011818 -0.004463318269699812 -0.9998553991317749
