1738249093.948088 -0.0 -0.0 -0.0 -0.0 -0.0 -0.0 1.0
1738249099.817097 -0.0438215546309948 -0.03627239912748337 0.10233651846647263 0.00141325150616467 -0.031539835035800934 -0.01280868798494339 0.9994193911552429
1738249114.693031 -0.1250195950269699 -0.23380278050899506 0.709309458732605 -0.00134312454611063 -0.046087078750133514 -0.02372080460190773 0.9986549019813538
1738249115.556715 -0.2272585928440094 -0.40579473972320557 1.2682379484176636 -0.00938832014799118 -0.0757056176662445 -0.030173664912581444 0.9966293573379517
1738249116.623977 -0.33527836203575134 -0.6553035378456116 1.9583709239959717 0.006953353062272072 -0.08210168033838272 -0.02544572576880455 0.9962748289108276
1738249117.7576 -0.4723232388496399 -0.91826993227005 2.7099030017852783 0.006989327259361744 -0.08762549608945847 -0.029716046527028084 0.9956856966018677
1738249118.691503 -0.6000324487686157 -1.1355407238006592 3.331047773361206 0.00872733909636736 -0.09086184948682785 -0.034219205379486084 0.9952372312545776
1738249119.82803 -0.7610786557197571 -1.4098718166351318 4.100896835327148 0.010354713536798954 -0.09900376200675964 -0.03886566683650017 0.9942739009857178
1738249121.025762 -0.9395807385444641 -1.696489930152893 4.887534141540527 0.01160900667309761 -0.10596904158592224 -0.03843599185347557 0.9935585856437683
1738249122.026316 -1.0631822347640991 -1.934340000152588 5.54677677154541 0.012185931205749512 -0.0978434756398201 -0.03006434440612793 0.9946730136871338
1738249123.093589 -1.1914563179016113 -2.1787185668945312 6.220136642456055 0.012365172617137432 -0.095518097281456 -0.028029151260852814 0.9949561357498169
1738249124.161318 -1.3159377574920654 -2.4186460971832275 6.891082286834717 0.014301973395049572 -0.09231362491846085 -0.027642959728837013 0.9952434301376343
1738249125.494065 -1.4677565097808838 -2.7350640296936035 7.753286361694336 0.017855916172266006 -0.09647979587316513 -0.022056302055716515 0.9949303269386292
1738249126.361105 -1.5771657228469849 -2.953019142150879 8.355473518371582 0.010423273779451847 -0.10288058966398239 -0.017399828881025314 0.994486927986145
1738249127.228201 -1.6954751014709473 -3.1692702770233154 8.95076847076416 0.010583488270640373 -0.10558702796697617 -0.014445116743445396 0.9942488074302673
1738249128.495238 -1.8540964126586914 -3.4819769859313965 9.797062873840332 0.011790037155151367 -0.10818635672330856 -0.009884289465844631 0.9940115809440613
1738249129.695882 -2.0135529041290283 -3.767104148864746 10.60351848602295 0.00834371242672205 -0.10998117178678513 -0.010665347799658775 0.9938415288925171
1738249130.762807 -2.1875436305999756 -4.011610984802246 11.332462310791016 0.004179328214377165 -0.11902648210525513 -0.01733599230647087 0.992730975151062
1738249131.8968 -2.414562463760376 -4.273346900939941 12.05210018157959 0.011585986241698265 -0.1542380452156067 -0.03485557436943054 0.9873508214950562
1738249132.897007 -2.7453269958496094 -4.4817352294921875 12.619144439697266 0.011379987001419067 -0.2425605058670044 -0.06968022137880325 0.967563807964325
1738249133.897593 -3.192627191543579 -4.672610282897949 13.128850936889648 0.01103629358112812 -0.31171730160713196 -0.09670120477676392 0.945176899433136
1738249134.564487 -3.5539708137512207 -4.785182476043701 13.414112091064453 0.015326431952416897 -0.37577441334724426 -0.12246429175138474 0.9184558987617493
1738249135.698116 -4.208475112915039 -4.965503215789795 13.82568073272705 0.023839080706238747 -0.4459177553653717 -0.14642822742462158 0.8826935291290283
1738249136.765241 -4.866959095001221 -5.108098030090332 14.132341384887695 0.027566418051719666 -0.486253023147583 -0.1634720414876938 0.8579481840133667
1738249137.965833 -5.660982131958008 -5.2542572021484375 14.446295738220215 0.027579952031373978 -0.5202900767326355 -0.1810750961303711 0.8341159820556641
1738249138.832905 -6.260990142822266 -5.346115589141846 14.63241958618164 0.030815953388810158 -0.5443451404571533 -0.19007371366024017 0.8164622783660889
1738249140.03336 -7.107192039489746 -5.458965301513672 14.878284454345703 0.028388479724526405 -0.5611624717712402 -0.20044751465320587 0.8025656938552856
1738249141.100306 -7.872743129730225 -5.53162956237793 15.056788444519043 0.02295859530568123 -0.5864627361297607 -0.20984125137329102 0.781985342502594
1738249142.167577 -8.621617317199707 -5.541815757751465 15.053135871887207 0.024932052940130234 -0.6632892489433289 -0.23544204235076904 0.709924578666687
1738249143.367873 -9.42456340789795 -5.476373672485352 14.823601722717285 0.02220871113240719 -0.7530128359794617 -0.26675844192504883 0.601097583770752
1738249144.568374 -10.20475959777832 -5.375077724456787 14.49215030670166 0.024166742339730263 -0.7951703071594238 -0.2804710268974304 0.5370811223983765
1738249145.768857 -10.90008544921875 -5.227210998535156 14.024231910705566 0.026482757180929184 -0.8411710262298584 -0.29247909784317017 0.45407700538635254
1738249146.969521 -11.48328971862793 -5.016912460327148 13.426233291625977 0.021936096251010895 -0.879709005355835 -0.31148582696914673 0.35861876606941223
1738249147.503014 -11.733434677124023 -4.906217575073242 13.124027252197266 0.022142190486192703 -0.8863224387168884 -0.31443628668785095 0.33922284841537476
1738249148.103143 -11.987030029296875 -4.829488277435303 12.824189186096191 0.018748871982097626 -0.8971881866455078 -0.2984079420566559 0.3250453472137451
1738249148.903606 -12.289997100830078 -4.81658935546875 12.482353210449219 0.00120927847456187 -0.9195305109024048 -0.24003654718399048 0.3111988306045532
1738249151.03796 -12.833623886108398 -4.816305160522461 12.287809371948242 -0.011561281979084015 -0.8813279271125793 -0.19257116317749023 0.43132802844047546
1738249152.771834 -13.75292682647705 -4.676824569702148 12.1604642868042 0.003429044270887971 -0.7742371559143066 -0.25461292266845703 0.5794110894203186
1738249154.039026 -14.44087028503418 -4.588176727294922 11.758185386657715 0.030612844973802567 -0.8187532424926758 -0.26503607630729675 0.5083914995193481
1738249155.372866 -15.187982559204102 -4.469083309173584 11.285783767700195 0.02908550575375557 -0.8385632634162903 -0.2707481384277344 0.47186988592147827
1738249156.639924 -15.844735145568848 -4.361733913421631 10.793192863464355 0.031056806445121765 -0.8602704405784607 -0.2705223560333252 0.43103131651878357
1738249157.907217 -16.420881271362305 -4.230993747711182 10.246868133544922 0.03170378878712654 -0.8831096291542053 -0.27387601137161255 0.3796108067035675
1738249159.240951 -16.938425064086914 -4.1018524169921875 9.677327156066895 0.032525934278964996 -0.8980398774147034 -0.2728879451751709 0.3435094356536865
1738249159.97466 -17.19913673400879 -3.9904325008392334 9.250157356262207 0.03158644586801529 -0.9127731919288635 -0.28174614906311035 0.2940519452095032
1738249161.30851 -17.70404815673828 -3.792724847793579 8.493005752563477 0.02893468551337719 -0.9160333275794983 -0.2893786132335663 0.27623501420021057
1738249163.309373 -18.409137725830078 -3.4496724605560303 7.331570625305176 0.031353749334812164 -0.9213434457778931 -0.2949073314666748 0.2513423264026642
1738249165.310099 -19.075111389160156 -3.150484561920166 6.2234206199646 0.03552272915840149 -0.920555591583252 -0.2906615436077118 0.258517861366272
1738249166.110796 -19.369274139404297 -3.0188841819763184 5.729123592376709 0.03502240031957626 -0.9206779599189758 -0.29222729802131653 0.2563765048980713
1738249167.044109 -19.765470504760742 -2.851783275604248 5.130331993103027 0.03488866984844208 -0.9159210324287415 -0.2905842661857605 0.27464941143989563
1738249167.377573 -19.98268699645996 -2.785090923309326 4.857741355895996 0.033174823969602585 -0.907534658908844 -0.28834858536720276 0.3035382032394409
1738249167.84446 -20.34599494934082 -2.6691336631774902 4.39268684387207 0.03340767323970795 -0.9061408042907715 -0.2828420102596283 0.31271907687187195
1738249168.311393 -20.798503875732422 -2.5159518718719482 3.8208799362182617 0.03437313064932823 -0.904954731464386 -0.28533169627189636 0.3137855529785156
1738249168.57805 -21.084205627441406 -2.415006160736084 3.4581050872802734 0.035020679235458374 -0.9031239151954651 -0.2899883985519409 0.31471818685531616
1738249169.044895 -21.54231834411621 -2.259194850921631 2.863719940185547 0.037793178111314774 -0.9048881530761719 -0.28859391808509827 0.3105846643447876
1738249169.511756 -21.990234375 -2.106156826019287 2.2744102478027344 0.03643812984228134 -0.905491292476654 -0.28855952620506287 0.3090166449546814
1738249170.04538 -22.50592803955078 -1.9220752716064453 1.6128978729248047 0.0364532507956028 -0.9054738283157349 -0.2892191708087921 0.30844876170158386
1738249170.512191 -22.936687469482422 -1.7649049758911133 1.0550251007080078 0.037728045135736465 -0.9047337770462036 -0.2914580702781677 0.30835962295532227
1738249171.179135 -23.52358055114746 -1.5484318733215332 0.2759838104248047 0.03863997012376785 -0.9049282670021057 -0.29118362069129944 0.30793505907058716
1738249172.046114 -24.23085594177246 -1.2873244285583496 -0.6823348999023438 0.04110121354460716 -0.9055940508842468 -0.28823500871658325 0.3084326386451721
1738249173.046767 -25.07286834716797 -0.986457347869873 -1.796224594116211 0.03311166539788246 -0.9062861800193787 -0.2877544164657593 0.3078092336654663
1738249174.047064 -25.911222457885742 -0.7039422988891602 -2.8806610107421875 0.03301366791129112 -0.9069393873214722 -0.2867898643016815 0.30679404735565186
1738249175.514367 -27.043376922607422 -0.25766563415527344 -4.429235458374023 0.03279421851038933 -0.9061005711555481 -0.2913223206996918 0.3050207793712616
1738249176.581366 -27.885257720947266 0.06295490264892578 -5.557350158691406 0.02887239307165146 -0.9025776982307434 -0.2882668972015381 0.318468302488327
1738249178.11532 -28.889928817749023 0.40509033203125 -6.774421691894531 0.02689443901181221 -0.8976801037788391 -0.28370413184165955 0.3360939919948578
1738249179.582649 -30.172466278076172 0.8090715408325195 -8.306297302246094 0.028705453500151634 -0.8959007859230042 -0.2839078903198242 0.3404912054538727
1738249180.716329 -31.280548095703125 1.1059246063232422 -9.52957534790039 0.025880277156829834 -0.8939253687858582 -0.2835467457771301 0.34616318345069885
1738249181.783438 -32.23888397216797 1.3753490447998047 -10.582988739013672 0.025603527203202248 -0.8945351243019104 -0.2813309133052826 0.3464164137840271
1738249182.783788 -33.176856994628906 1.6413745880126953 -11.614669799804688 0.024554453790187836 -0.8925157785415649 -0.2823234498500824 0.3508650064468384
1738249183.651191 -34.029541015625 1.842442512512207 -12.414413452148438 0.02829081378877163 -0.8760010600090027 -0.27383044362068176 0.396028608083725
1738249184.317799 -34.775360107421875 2.009152412414551 -13.067527770996094 0.030062034726142883 -0.8737232685089111 -0.2746385335922241 0.4003467559814453
1738249184.917981 -35.29780578613281 2.11826229095459 -13.513397216796875 0.03002934902906418 -0.87620609998703 -0.27816447615623474 0.3924099802970886
1738249185.384829 -35.61068344116211 2.215888023376465 -13.881370544433594 0.03271510452032089 -0.8906112313270569 -0.282047301530838 0.3552333414554596
1738249185.985642 -36.01139450073242 2.3295936584472656 -14.323127746582031 0.032249342650175095 -0.892080545425415 -0.28280460834503174 0.3509613573551178
1738249187.253542 -36.6609992980957 2.502094268798828 -14.984066009521484 0.03385597839951515 -0.8752142190933228 -0.2727925777435303 0.3980427384376526
1738249188.786356 -37.04890060424805 2.580458641052246 -15.349990844726562 0.03515732288360596 -0.872186541557312 -0.2752995491027832 0.40282121300697327
1738249190.253607 -37.50776672363281 2.6902294158935547 -15.79388427734375 0.031189456582069397 -0.8719090819358826 -0.27450570464134216 0.4042876362800598
1738249192.321115 -38.16694259643555 2.844013214111328 -16.405418395996094 0.02875223197042942 -0.871753990650177 -0.2743431329727173 0.40491241216659546
1738249194.055008 -38.574527740478516 2.9413604736328125 -16.776546478271484 0.02492290735244751 -0.8665615916252136 -0.26938024163246155 0.4193854331970215
1738249197.322966 -39.062171936035156 2.995349884033203 -17.125930786132812 0.022219154983758926 -0.855076789855957 -0.26246777176856995 0.4466102421283722
1738249199.657237 -39.890846252441406 3.0831146240234375 -17.570533752441406 0.017922762781381607 -0.8624774813652039 -0.26405614614486694 0.4313766360282898
1738249201.057817 -40.25067901611328 3.145862579345703 -17.924152374267578 0.013800843618810177 -0.8697593808174133 -0.2717954218387604 0.4116497337818146
1738249201.991627 -40.709327697753906 3.2442665100097656 -18.317420959472656 0.013850330375134945 -0.873071014881134 -0.2707631289958954 0.40526852011680603
1738249203.325795 -41.266666412353516 3.374866485595703 -18.79275894165039 0.008273015730082989 -0.8725950717926025 -0.2768813967704773 0.402301162481308
1738249204.459333 -41.73578643798828 3.4903392791748047 -19.197792053222656 0.00726661691442132 -0.8739173412322998 -0.2775731682777405 0.3989596664905548
1738249205.659778 -42.23345947265625 3.6143665313720703 -19.631072998046875 0.007709108758717775 -0.8739654421806335 -0.2764313817024231 0.399638295173645
1738249206.326745 -42.52566909790039 3.680723190307617 -19.87813949584961 0.006237528286874294 -0.8733133673667908 -0.27385231852531433 0.4028521180152893
1738249207.32709 -42.95243835449219 3.780538558959961 -20.245445251464844 0.008115708827972412 -0.8716353178024292 -0.2682664096355438 0.4101453721523285
1738249208.127483 -43.31148910522461 3.8496837615966797 -20.53736114501953 0.010614564642310143 -0.8703650236129761 -0.26531296968460083 0.414682000875473
1738249209.261327 -43.792457580566406 3.943937301635742 -20.917930603027344 0.011938095092773438 -0.8683951497077942 -0.2621919810771942 0.42071694135665894
1738249210.395298 -44.30689239501953 4.020389556884766 -21.27472686767578 0.010960470885038376 -0.853682816028595 -0.2558748126029968 0.4534685015678406
1738249211.595652 -44.881690979003906 4.099691390991211 -21.64129638671875 0.01248918753117323 -0.8483449220657349 -0.2538700997829437 0.4644404649734497
1738249212.929411 -45.55583572387695 4.190755844116211 -22.04897689819336 0.012500033713877201 -0.8441681861877441 -0.2555246651172638 0.47109559178352356
1738249214.332171 -46.2224235534668 4.291893005371094 -22.51909637451172 0.01816614344716072 -0.8563417792320251 -0.25886377692222595 0.446473091840744
1738249215.397081 -46.728267669677734 4.371997833251953 -22.881446838378906 0.01950116641819477 -0.8571850657463074 -0.26059412956237793 0.4437839984893799
1738249216.597528 -47.288597106933594 4.471641540527344 -23.31258773803711 0.020358452573418617 -0.864088237285614 -0.26674455404281616 0.42636173963546753
1738249217.664631 -47.74135971069336 4.586772918701172 -23.738624572753906 0.020500781014561653 -0.8813050985336304 -0.27890580892562866 0.38091036677360535
1738249218.998706 -48.303565979003906 4.747337341308594 -24.328441619873047 0.018740320578217506 -0.8894771933555603 -0.28336068987846375 0.3580304980278015
1738249220.065436 -48.758087158203125 4.882526397705078 -24.813583374023438 0.017599498853087425 -0.8925487399101257 -0.2855777144432068 0.34855738282203674
1738249220.999339 -49.13700866699219 5.002695083618164 -25.23443603515625 0.015729382634162903 -0.8970454931259155 -0.2827707529067993 0.3392679989337921
1738249221.939732 -49.521976470947266 5.124080657958984 -25.66582489013672 0.008144049905240536 -0.8998780846595764 -0.28376615047454834 0.331104040145874
1738249223.266875 -50.059783935546875 5.32655143737793 -26.320964813232422 0.008255453780293465 -0.8999036550521851 -0.294332891702652 0.32167306542396545
1738249224.46824 -50.528865814208984 5.49412727355957 -26.90654754638672 0.01656041480600834 -0.9047626256942749 -0.29159677028656006 0.31000253558158875
1738249225.467946 -50.90607452392578 5.647764205932617 -27.41204071044922 0.01515983883291483 -0.9093984365463257 -0.2946079969406128 0.2932078242301941
1738249226.402176 -51.25501251220703 5.789060592651367 -27.882286071777344 0.014116672798991203 -0.9119336009025574 -0.29389289021492004 0.28601548075675964
1738249227.668491 -51.724700927734375 6.000082015991211 -28.52094268798828 0.014720520935952663 -0.9120758175849915 -0.2980111539363861 0.28123021125793457
1738249228.669069 -52.08913803100586 6.152559280395508 -29.03685760498047 0.011224424466490746 -0.9162740707397461 -0.2923867702484131 0.2735431492328644
1738249229.736481 -52.47568130493164 6.329608917236328 -29.60190200805664 0.005059209652245045 -0.9156154990196228 -0.3003590703010559 0.2672213613986969
1738249230.870137 -52.842041015625 6.52972412109375 -30.213001251220703 0.012608899734914303 -0.9182949662208557 -0.3086974620819092 0.24755050241947174
1738249231.870396 -53.0665397644043 6.721220016479492 -30.79570770263672 0.012814268469810486 -0.9326356053352356 -0.31249281764030457 0.17993032932281494
1738249232.870591 -53.26319122314453 6.9171295166015625 -31.39224624633789 0.0032815001904964447 -0.9398457407951355 -0.31374695897102356 0.1350633203983307
1738249233.87124 -53.377540588378906 7.167064666748047 -32.06005859375 -0.0005808078567497432 -0.9418683648109436 -0.3259170949459076 0.08161899447441101
1738249235.338261 -53.46198654174805 7.527292251586914 -33.01457595825195 0.022791491821408272 -0.9441546201705933 -0.32504281401634216 0.04898877441883087
1738249236.805688 -53.536231994628906 7.838655471801758 -33.96012496948242 0.01087389886379242 -0.9491362571716309 -0.3137320578098297 0.024380220100283623
1738249238.606402 -53.34093475341797 8.186443328857422 -35.03076171875 0.01663384586572647 -0.9410949945449829 -0.3149142861366272 -0.12203504890203476
1738249239.873944 -52.96931457519531 8.43369197845459 -35.730369567871094 0.01565718837082386 -0.9216617345809937 -0.3144591748714447 -0.2267378270626068
1738249241.20745 -52.498199462890625 8.682220458984375 -36.398014068603516 0.00593823054805398 -0.8920196890830994 -0.3143726587295532 -0.32470837235450745
1738249242.474684 -51.946319580078125 8.885293960571289 -36.95378875732422 -0.0009345737635158002 -0.8698936700820923 -0.30683213472366333 -0.38618412613868713
1738249243.40843 -51.45096206665039 9.028349876403809 -37.31730651855469 -0.0023007714189589024 -0.8508278727531433 -0.30331480503082275 -0.42905330657958984
1738249244.475457 -50.872379302978516 9.177736282348633 -37.71760559082031 -0.003655683482065797 -0.8415111303329468 -0.2960394620895386 -0.4518919885158539
1738249245.60906 -50.23762130737305 9.325722694396973 -38.127784729003906 -0.0055894069373607635 -0.83330237865448 -0.29360923171043396 -0.4683689773082733
1738249246.876408 -49.51148223876953 9.515663146972656 -38.5677604675293 -0.001159240840934217 -0.8280641436576843 -0.29868069291114807 -0.47444528341293335
1738249248.076926 -48.950069427490234 9.72690200805664 -39.10176467895508 0.0018257353221997619 -0.8636056184768677 -0.31006452441215515 -0.3975450098514557
1738249249.410868 -48.50031280517578 10.013275146484375 -39.796905517578125 0.005457606166601181 -0.897610604763031 -0.32778868079185486 -0.29465246200561523
1738249250.477946 -48.138221740722656 10.259321212768555 -40.397212982177734 0.0031219811644405127 -0.9018925428390503 -0.3309025764465332 -0.277639240026474
1738249251.545045 -47.76469421386719 10.496845245361328 -40.982112884521484 0.00013494053564500064 -0.9000342488288879 -0.32714027166366577 -0.2879543900489807
1738249252.745522 -47.28900909423828 10.734648704528809 -41.568050384521484 -0.008052517659962177 -0.8776417374610901 -0.32498350739479065 -0.3522298038005829
1738249253.879228 -46.78399658203125 10.941542625427246 -42.04799270629883 -0.00848675798624754 -0.8631023168563843 -0.3225725293159485 -0.3884962797164917
1738249254.612884 -46.266361236572266 11.13039493560791 -42.53644943237305 -0.009211079217493534 -0.8638595342636108 -0.3157905042171478 -0.39234963059425354
1738249255.080891 -45.70926284790039 11.334368705749512 -43.03923797607422 -0.00816870667040348 -0.8606858849525452 -0.31406086683273315 -0.4006481170654297
1738249255.550037 -45.14297103881836 11.507745742797852 -43.47664260864258 -0.008192282170057297 -0.8447520136833191 -0.3075186610221863 -0.43790334463119507
1738249256.080018 -44.486900329589844 11.663379669189453 -43.864723205566406 -0.007824491709470749 -0.8166673183441162 -0.2967616319656372 -0.49489977955818176
1738249256.546977 -43.82530212402344 11.802966117858887 -44.19562911987305 -0.004103205166757107 -0.8058160543441772 -0.2940484285354614 -0.5139837265014648
1738249257.080693 -43.094154357910156 11.952289581298828 -44.52583694458008 -1.4133775039226748e-05 -0.8020089864730835 -0.2926504909992218 -0.5207085609436035
1738249257.547648 -42.42073440551758 12.073275566101074 -44.82099914550781 0.0007872207788750529 -0.7980924844741821 -0.28777778148651123 -0.5293691754341125
1738249258.014281 -41.76865768432617 12.19660472869873 -45.1064453125 0.0003074907581321895 -0.7983442544937134 -0.2914094924926758 -0.526997983455658
1738249258.480927 -41.153011322021484 12.345022201538086 -45.438026428222656 0.0040005408227443695 -0.8148077726364136 -0.3030681014060974 -0.49418824911117554
1738249259.014638 -40.5396728515625 12.53499984741211 -45.88437271118164 0.0049067046493291855 -0.8385154008865356 -0.3069528639316559 -0.45016422867774963
1738249259.348127 -40.11628341674805 12.667581558227539 -46.18049240112305 0.004255983978509903 -0.8405832648277283 -0.3092145323753357 -0.44473376870155334
1738249259.948377 -39.34759521484375 12.902984619140625 -46.72249221801758 0.0030241578351706266 -0.8414429426193237 -0.30715277791023254 -0.44454675912857056
1738249260.415262 -38.783668518066406 13.076980590820312 -47.15224075317383 0.005193172488361597 -0.8499098420143127 -0.3067775070667267 -0.42838504910469055
1738249260.948824 -38.238746643066406 13.287643432617188 -47.64664077758789 0.005788270849734545 -0.8654105067253113 -0.3154662549495697 -0.3892456889152527
1738249262.282751 -37.838172912597656 13.586810111999512 -48.382205963134766 0.011600181460380554 -0.9111013412475586 -0.3324810266494751 -0.24334348738193512
1738249263.283069 -37.62176513671875 13.824743270874023 -48.994808197021484 0.011179940775036812 -0.9256497621536255 -0.32855722308158875 -0.18734392523765564
1738249264.350159 -37.39966583251953 14.092491149902344 -49.65794372558594 0.010456169955432415 -0.9267951250076294 -0.339598685503006 -0.16004472970962524
1738249265.483984 -37.17615509033203 14.387874603271484 -50.371665954589844 0.006265589036047459 -0.9271844029426575 -0.3396301865577698 -0.15792791545391083
1738249266.217378 -36.9263916015625 14.581916809082031 -50.827308654785156 0.0031728267204016447 -0.9098277688026428 -0.3399595022201538 -0.23797263205051422
1738249266.817849 -36.621490478515625 14.703701972961426 -51.09542465209961 -0.002134911483153701 -0.874113142490387 -0.33392763137817383 -0.35272377729415894
1738249293.361999 -35.96897888183594 14.912773132324219 -51.56389236450195 -0.01121174730360508 -0.8342733979225159 -0.3215365409851074 -0.44774603843688965
1738249294.095596 -35.55105972290039 14.981796264648438 -51.69139862060547 -0.022585483267903328 -0.7689883708953857 -0.3054187297821045 -0.5611293911933899
1738249295.429337 -34.78961944580078 15.08724594116211 -51.9024658203125 -0.02699068933725357 -0.7519199252128601 -0.295438677072525 -0.5887308120727539
1738249296.896623 -34.006473541259766 15.188573837280273 -52.121070861816406 -0.01948627643287182 -0.7606974244117737 -0.2987377345561981 -0.5759474635124207
1738249297.897009 -33.41524887084961 15.267827987670898 -52.30439376831055 -0.014623141847550869 -0.7691642642021179 -0.2918073534965515 -0.568349301815033
1738249298.897567 -32.830772399902344 15.36320972442627 -52.520606994628906 -0.006868494208902121 -0.7812106013298035 -0.2899373769760132 -0.5528102517127991
1738249300.031032 -32.14945602416992 15.487883567810059 -52.749794006347656 -0.0015029599890112877 -0.7796776294708252 -0.2948058247566223 -0.5524400472640991
1738249300.964908 -31.384410858154297 15.64619255065918 -53.041934967041016 0.0012264145771041512 -0.7764030694961548 -0.301287978887558 -0.5535542368888855
1738249301.765276 -30.790802001953125 15.756743431091309 -53.27500915527344 -0.002188547281548381 -0.7787361741065979 -0.2959275543689728 -0.55316561460495
1738249302.36532 -30.24966812133789 15.871175765991211 -53.473045349121094 0.0007364365737885237 -0.7781935334205627 -0.2981965243816376 -0.5527144074440002
1738249303.099145 -29.594329833984375 16.002763748168945 -53.7203483581543 0.001666096388362348 -0.7770212888717651 -0.29908278584480286 -0.5538814067840576
1738249303.766068 -28.990962982177734 16.122928619384766 -53.94254684448242 0.003507904941216111 -0.7777368426322937 -0.29958751797676086 -0.5525943636894226
1738249304.433066 -28.37636947631836 16.255281448364258 -54.16802215576172 0.006413265597075224 -0.7774780988693237 -0.3006301522254944 -0.5523660778999329
1738249305.033467 -27.833568572998047 16.361120223999023 -54.37613296508789 0.005862048827111721 -0.7794831395149231 -0.29609575867652893 -0.5519954562187195
1738249305.566602 -27.140899658203125 16.507265090942383 -54.63557815551758 0.012261839583516121 -0.780884861946106 -0.2964271008968353 -0.5497267842292786
1738249305.966945 -26.504783630371094 16.62261390686035 -54.88067626953125 0.011719715781509876 -0.7843261957168579 -0.28329238295555115 -0.5517613887786865
1738249306.300398 -25.951557159423828 16.73179054260254 -55.091522216796875 0.018051233142614365 -0.7821850776672363 -0.2881976068019867 -0.552089512348175
1738249306.700646 -25.286460876464844 16.873655319213867 -55.34763717651367 0.0199463851749897 -0.7812002301216125 -0.28912845253944397 -0.5529314279556274
1738249307.034041 -24.734928131103516 16.993154525756836 -55.56743240356445 0.020421763882040977 -0.7796416282653809 -0.2897065579891205 -0.5548081398010254
1738249307.434044 -24.112552642822266 17.11529541015625 -55.79939651489258 0.021371686831116676 -0.7798499464988708 -0.285536527633667 -0.5566383600234985
1738249307.900881 -23.40758514404297 17.25875473022461 -56.07251739501953 0.019315142184495926 -0.7805196642875671 -0.2835240364074707 -0.5568035840988159
1738249308.834792 -22.60480499267578 17.416624069213867 -56.378509521484375 0.01822453923523426 -0.7780603170394897 -0.2841460406780243 -0.5599563717842102
1738249310.10179 -21.80118179321289 17.544654846191406 -56.592044830322266 0.010782266035676003 -0.7435978651046753 -0.27448493242263794 -0.609593391418457
1738249311.169052 -21.088397979736328 17.634937286376953 -56.774410247802734 0.005620197393000126 -0.7386047840118408 -0.2748676836490631 -0.6155316829681396
1738249312.102783 -20.45105743408203 17.698993682861328 -56.92488479614258 2.7028258045902476e-05 -0.7378501892089844 -0.2651382088661194 -0.6207083463668823
1738249313.236554 -19.645736694335938 17.800445556640625 -57.08333206176758 0.00240320828743279 -0.7236828207969666 -0.27017849683761597 -0.6350441575050354
1738249314.437124 -18.915470123291016 17.788158416748047 -57.04026794433594 -0.014022096991539001 -0.625702440738678 -0.23626114428043365 -0.743290364742279
1738249315.370561 -18.446182250976562 17.726150512695312 -56.830322265625 -0.011603069491684437 -0.5164405107498169 -0.19564425945281982 -0.8335934281349182
1738249316.304425 -18.050537109375 17.625 -56.459495544433594 0.0012892482336610556 -0.37506604194641113 -0.16110697388648987 -0.9128901958465576
1738249317.638338 -17.49114227294922 17.434534072875977 -55.88557815551758 -0.008461618795990944 -0.31269192695617676 -0.1428770273923874 -0.9390092492103577
1738249318.905543 -17.055917739868164 17.2244815826416 -55.24822235107422 -0.00849231332540512 -0.254703164100647 -0.12514473497867584 -0.9588498473167419
1738249319.972616 -16.690048217773438 17.04022216796875 -54.665794372558594 -0.0050027454271912575 -0.23544463515281677 -0.1185191422700882 -0.9646211862564087
1738249321.173132 -16.280250549316406 16.8132266998291 -53.95032501220703 -0.0037803498562425375 -0.2148050218820572 -0.11326302587985992 -0.9700598120689392
1738249322.106825 -15.985636711120605 16.625032424926758 -53.40301513671875 -0.009462382644414902 -0.20434065163135529 -0.10488510131835938 -0.9732186794281006
1738249323.373819 -15.468647956848145 16.418832778930664 -52.7579345703125 -0.0032521639950573444 -0.29161015152931213 -0.131618931889534 -0.9474331140518188
1738249324.241074 -14.947826385498047 16.296024322509766 -52.34010696411133 -0.001231588190421462 -0.3581453561782837 -0.15227678418159485 -0.9211634993553162
1738249324.774557 -14.28873348236084 16.152606964111328 -51.785194396972656 0.010812639258801937 -0.37355831265449524 -0.1612372249364853 -0.9134220480918884
1738249325.17471 -13.75425910949707 16.038097381591797 -51.334800720214844 0.013405678793787956 -0.3746410310268402 -0.16299793124198914 -0.9126314520835876
1738249325.441291 -13.381612777709961 15.960657119750977 -51.03928756713867 0.013212820515036583 -0.38375985622406006 -0.1646401286125183 -0.9085413813591003
1738249325.908148 -12.72339916229248 15.83653450012207 -50.53261947631836 0.014072466641664505 -0.398762047290802 -0.1676667034626007 -0.9014869928359985
1738249326.44189 -11.989352226257324 15.710972785949707 -49.997230529785156 0.015835819765925407 -0.40901726484298706 -0.1696605384349823 -0.896476149559021
1738249326.842035 -11.421304702758789 15.615476608276367 -49.581695556640625 0.016789669170975685 -0.4118044376373291 -0.16962112486362457 -0.8951893448829651
1738249327.308942 -10.765792846679688 15.505581855773926 -49.112884521484375 0.017737189307808876 -0.4157567620277405 -0.16951493918895721 -0.8933624625205994
1738249327.709135 -10.183302879333496 15.415616989135742 -48.70536804199219 0.01903916522860527 -0.4184364080429077 -0.1709652692079544 -0.8918068408966064
1738249328.17572 -9.4985933303833 15.313207626342773 -48.2305908203125 0.020738791674375534 -0.4201676547527313 -0.17236509919166565 -0.8906847238540649
1738249328.575899 -8.917642593383789 15.221137046813965 -47.828983306884766 0.018512548878788948 -0.42035973072052 -0.17022746801376343 -0.8910542130470276
1738249328.910453 -8.445384979248047 15.139892578125 -47.48605728149414 0.01931142620742321 -0.41363394260406494 -0.16642095148563385 -0.8948955535888672
1738249329.44319 -7.765774726867676 15.004446029663086 -46.93824768066406 0.018165651708841324 -0.3834453821182251 -0.15318091213703156 -0.9105905890464783
1738249329.976761 -7.169599533081055 14.85615348815918 -46.34845733642578 0.02125435881316662 -0.3481793701648712 -0.1438284069299698 -0.9260846376419067
1738249330.510015 -6.567440986633301 14.727287292480469 -45.849422454833984 0.01805167831480503 -0.38176533579826355 -0.1531747579574585 -0.9112995862960815
1738249331.043553 -5.892916202545166 14.613264083862305 -45.343719482421875 0.019857652485370636 -0.3962303698062897 -0.1586407870054245 -0.9041240215301514
1738249331.443778 -5.329265117645264 14.499885559082031 -44.909175872802734 0.017145808786153793 -0.3973189890384674 -0.15863864123821259 -0.9037021398544312
1738249331.844034 -4.755914211273193 14.395828247070312 -44.459228515625 0.021352004259824753 -0.3972381353378296 -0.16059476137161255 -0.9033024907112122
1738249332.244201 -4.195034980773926 14.287670135498047 -44.029029846191406 0.01703263446688652 -0.3969053030014038 -0.15921467542648315 -0.9037846922874451
1738249332.644457 -3.6224193572998047 14.178899765014648 -43.591224670410156 0.01761797070503235 -0.3973079025745392 -0.15980267524719238 -0.90349280834198
1738249333.113027 -2.9670486450195312 14.05118465423584 -43.088340759277344 0.015206955373287201 -0.39817914366722107 -0.15871921181678772 -0.9033439755439758
1738249333.444528 -2.483405113220215 13.959695816040039 -42.725379943847656 0.01568400114774704 -0.397484689950943 -0.16109506785869598 -0.9032211303710938
1738249333.844689 -1.9103202819824219 13.850996017456055 -42.292457580566406 0.01513479184359312 -0.3970576226711273 -0.16071553528308868 -0.903485894203186
1738249334.178173 -1.431126594543457 13.762706756591797 -41.922454833984375 0.01664302684366703 -0.39735057950019836 -0.16084367036819458 -0.9033077955245972
1738249334.645207 -0.7708902359008789 13.64116096496582 -41.418922424316406 0.015548457391560078 -0.3991161286830902 -0.15987589955329895 -0.9027205109596252
1738249335.045376 -0.19357585906982422 13.537864685058594 -40.98098373413086 0.017764383926987648 -0.399034321308136 -0.1611919105052948 -0.9024816751480103
1738249335.578905 0.5551738739013672 13.391532897949219 -40.41067123413086 0.014924322254955769 -0.4014173746109009 -0.15776550769805908 -0.9020817279815674
1738249335.978882 1.1117544174194336 13.292587280273438 -39.9739990234375 0.018688615411520004 -0.3930507004261017 -0.1586817502975464 -0.9055285453796387
1738249336.445781 1.686391830444336 13.164854049682617 -39.45668029785156 0.017494069412350655 -0.35748592019081116 -0.14719867706298828 -0.9220793843269348
1738249336.846046 2.040628433227539 13.027088165283203 -39.015960693359375 0.006966151762753725 -0.29103007912635803 -0.12129925936460495 -0.9489675760269165
1738249337.446468 2.6062569618225098 12.811439514160156 -38.28264617919922 0.011668732389807701 -0.28271546959877014 -0.12015444040298462 -0.9515770077705383
1738249337.779821 2.9087648391723633 12.713452339172363 -37.908660888671875 0.015443033538758755 -0.29408764839172363 -0.12463222444057465 -0.9474918842315674
1738249338.513413 3.4368114471435547 12.545938491821289 -37.2978401184082 0.016349470242857933 -0.30802327394485474 -0.13061608374118805 -0.9422280788421631
1738249339.04696 3.8725829124450684 12.407716751098633 -36.808929443359375 0.009996202774345875 -0.31331950426101685 -0.12978695333003998 -0.9406839609146118
1738249339.51382 4.431985378265381 12.239753723144531 -36.16792678833008 0.01750127784907818 -0.31213825941085815 -0.12840434908866882 -0.9411566853523254
1738249339.848505 4.8278117179870605 12.119229316711426 -35.69847869873047 0.019113844260573387 -0.31208065152168274 -0.1290440410375595 -0.9410569071769714
1738249340.247464 5.299285411834717 11.973943710327148 -35.16072463989258 0.018558131530880928 -0.3119008541107178 -0.12763789296150208 -0.9413193464279175
1738249340.714113 5.849778652191162 11.810149192810059 -34.54287338256836 0.018045149743556976 -0.3120518922805786 -0.12865011394023895 -0.9411414265632629
1738249341.047591 6.248217582702637 11.687556266784668 -34.091854095458984 0.017549149692058563 -0.31221461296081543 -0.1289355605840683 -0.9410578012466431
1738249341.514929 6.811698913574219 11.514119148254395 -33.462738037109375 0.016904762014746666 -0.30908849835395813 -0.1313525289297104 -0.9417670369148254
1738249341.847924 7.214483737945557 11.39964771270752 -33.009971618652344 0.017929458990693092 -0.30768904089927673 -0.13420474529266357 -0.9418041706085205
1738249342.249215 7.68701696395874 11.24898910522461 -32.473487854003906 0.01431574672460556 -0.3085351288318634 -0.13216379284858704 -0.9418779015541077
1738249342.582105 8.068340301513672 11.12814712524414 -32.0323371887207 0.011065598577260971 -0.3055965006351471 -0.1316356211900711 -0.9429530501365662
1738249342.98188 8.517940521240234 10.996546745300293 -31.522239685058594 0.017454491928219795 -0.3017052412033081 -0.13663944602012634 -0.943397581577301
1738249344.11556 9.071279525756836 10.841389656066895 -30.929180145263672 0.019422857090830803 -0.3451872169971466 -0.1473756730556488 -0.9266870617866516
1738249345.516256 9.819791793823242 10.704938888549805 -30.386470794677734 0.02018190547823906 -0.39301928877830505 -0.1558627337217331 -0.9059996604919434
1738249346.583351 10.403124809265137 10.589332580566406 -29.88296890258789 0.021224355325102806 -0.38027679920196533 -0.1500011682510376 -0.9123808145523071
1738249347.718533 10.903749465942383 10.425036430358887 -29.280561447143555 0.017413567751646042 -0.31740644574165344 -0.13033412396907806 -0.9391288161277771
1738249348.650666 11.34084701538086 10.2859525680542 -28.769729614257812 0.017460260540246964 -0.30936235189437866 -0.1277865320444107 -0.942157506942749
1738249349.717963 11.740239143371582 10.106612205505371 -28.129459381103516 0.01800236478447914 -0.2413983792066574 -0.1050652265548706 -0.9645538330078125
1738249365.524159 11.952930450439453 9.961071014404297 -27.60828971862793 0.015246464870870113 -0.17282189428806305 -0.08490131050348282 -0.9811686277389526
1738249366.657923 12.05747127532959 9.772683143615723 -26.98480987548828 0.014773107133805752 -0.10653233528137207 -0.06420141458511353 -0.9921244382858276
1738249367.258208 12.238658905029297 9.572189331054688 -26.28789710998535 0.013541377149522305 -0.10231086611747742 -0.06154327839612961 -0.9927545785903931
1738249367.591818 12.378450393676758 9.40283203125 -25.706260681152344 0.01562331523746252 -0.09856626391410828 -0.05959346890449524 -0.993221640586853
1738249367.991828 12.551446914672852 9.19709300994873 -25.00518035888672 0.01763189770281315 -0.09508790820837021 -0.0578324981033802 -0.99363112449646
1738249368.392125 12.715943336486816 8.988123893737793 -24.291488647460938 0.01608232781291008 -0.09284209460020065 -0.05532097816467285 -0.9940127730369568
1738249368.85911 12.905661582946777 8.738157272338867 -23.456459045410156 0.015384371392428875 -0.08880436420440674 -0.05386386439204216 -0.9944726228713989
1738249369.258998 13.063796997070312 8.535279273986816 -22.74648666381836 0.01618809439241886 -0.08468540012836456 -0.05219126120209694 -0.9949082732200623
1738249369.659149 13.214728355407715 8.328506469726562 -22.039047241210938 0.014858485199511051 -0.08204623311758041 -0.05048322305083275 -0.9952382445335388
1738249369.992621 13.333700180053711 8.152108192443848 -21.448684692382812 0.013562620617449284 -0.07875818014144897 -0.05021890625357628 -0.9955357313156128
1738249370.392786 13.486180305480957 7.941576957702637 -20.747228622436523 0.01542208157479763 -0.08285824209451675 -0.05348847806453705 -0.9950053095817566
1738249370.794141 13.638008117675781 7.738571643829346 -20.058734893798828 0.016561435535550117 -0.08630242943763733 -0.05526928976178169 -0.9945968985557556
1738249371.126562 13.769254684448242 7.564425945281982 -19.4827938079834 0.014803641475737095 -0.08716269582509995 -0.054579973220825195 -0.9945877194404602
1738249371.526874 13.922800064086914 7.35665225982666 -18.787689208984375 0.013130935840308666 -0.08550158888101578 -0.05335148796439171 -0.9948219656944275
1738249371.860186 14.049596786499023 7.184868335723877 -18.200077056884766 0.013300707563757896 -0.08387986570596695 -0.05255628749728203 -0.9950000643730164
1738249372.260202 14.201292037963867 6.9765095710754395 -17.50613784790039 0.01278167124837637 -0.0828140452504158 -0.051290471106767654 -0.9951622486114502
1738249372.593686 14.321069717407227 6.804491996765137 -16.9204158782959 0.014697272330522537 -0.08255837112665176 -0.05054692178964615 -0.9951950311660767
1738249372.993861 14.462054252624512 6.6083221435546875 -16.24904441833496 0.017845075577497482 -0.07957687228918076 -0.049327827990055084 -0.99544757604599
1738249373.861062 14.597153663635254 6.399686813354492 -15.55827808380127 0.016226937994360924 -0.07831757515668869 -0.048055101186037064 -0.9956374168395996
1738249374.861431 14.737011909484863 6.190176010131836 -14.844829559326172 0.015118521638214588 -0.0763915553689003 -0.04651055112481117 -0.9958778023719788
1738249375.995199 14.89871597290039 5.941091060638428 -13.9934720993042 0.014901266433298588 -0.07249215990304947 -0.04776826500892639 -0.9961130023002625
1738249376.995457 15.038246154785156 5.729152679443359 -13.300191879272461 0.010958587750792503 -0.07016540318727493 -0.04810117557644844 -0.9963147044181824
1738249377.996082 15.164737701416016 5.523037433624268 -12.616368293762207 0.010823901742696762 -0.06917618960142136 -0.0454227551817894 -0.9965111017227173
1738249379.063102 15.338544845581055 5.301395893096924 -11.878011703491211 0.008940966799855232 -0.08081473410129547 -0.046007245779037476 -0.9956266283988953
1738249380.063548 15.488982200622559 5.094425678253174 -11.201176643371582 0.011089010164141655 -0.08399537205696106 -0.04674338549375534 -0.9953075051307678
1738249381.197178 15.666818618774414 4.866620063781738 -10.440147399902344 0.008454104885458946 -0.08474454283714294 -0.04618213698267937 -0.9952960014343262
1738249382.264228 15.860330581665039 4.600645065307617 -9.58499813079834 0.006900805979967117 -0.08671008795499802 -0.044628988951444626 -0.9952095150947571
1738249382.667864 16.00862693786621 4.393004894256592 -8.919618606567383 0.006491128355264664 -0.08823402971029282 -0.04251807928085327 -0.9951707720756531
1738249383.064567 16.164873123168945 4.179315090179443 -8.221780776977539 0.008727796375751495 -0.08813048899173737 -0.04191887006163597 -0.995188295841217
1738249383.464741 16.326000213623047 3.9634342193603516 -7.526768207550049 0.00829975213855505 -0.08864907920360565 -0.04313192889094353 -0.9950940012931824
1738249383.865035 16.489294052124023 3.7402045726776123 -6.827481746673584 0.006264450028538704 -0.08950447291135788 -0.044068045914173126 -0.9949913620948792
1738249384.198506 16.62300682067871 3.5542352199554443 -6.254204750061035 0.004153176676481962 -0.08886279910802841 -0.04515370354056358 -0.9950112700462341
1738249384.598671 16.7883243560791 3.3410682678222656 -5.556657791137695 0.008296660147607327 -0.08694644272327423 -0.047409459948539734 -0.9950497150421143
1738249384.932003 16.921781539916992 3.1655566692352295 -4.976296901702881 0.012414645403623581 -0.08689242601394653 -0.04844016954302788 -0.9949619174003601
1738249385.332388 17.071212768554688 2.9498770236968994 -4.287397384643555 0.00920903030782938 -0.08663123100996017 -0.046616699546575546 -0.99510657787323
1738249385.732333 17.19243049621582 2.7420668601989746 -3.6036691665649414 0.011994616128504276 -0.06633827835321426 -0.04059598594903946 -0.996898889541626
1738249386.266047 17.181358337402344 2.494199275970459 -2.8378331661224365 0.006403551436960697 0.02066919580101967 -0.0119501743465662 -0.9996944665908813
1738249386.799624 17.179805755615234 2.22007155418396 -1.9804468154907227 0.005747606512159109 0.007320067845284939 -0.016690708696842194 -0.999817430973053
1738249387.39981 17.36018943786621 1.948560357093811 -1.1215298175811768 0.011185338720679283 -0.10991303622722626 -0.05554842948913574 -0.9923248291015625
1738249387.799832 17.55153465270996 1.7784870862960815 -0.5801345109939575 0.006423466838896275 -0.1389424353837967 -0.06483525037765503 -0.988154947757721
1738249388.19999 17.703874588012695 1.5953549146652222 0.02434077113866806 0.010104777291417122 -0.09793735295534134 -0.05191566050052643 -0.9937861561775208
1738249388.733545 17.721675872802734 1.3667389154434204 0.7455941438674927 0.005699834320694208 -0.003004001919180155 -0.020359883084893227 -0.9997720122337341
1738249389.267262 17.71856689453125 1.094793438911438 1.5467363595962524 -0.0016282233409583569 0.008983897976577282 -0.012809672392904758 -0.9998762607574463
1738249389.66738 17.70494270324707 0.8766717314720154 2.197033643722534 0.0014484149869531393 0.010335291735827923 -0.006417321972548962 -0.9999249577522278
1738249390.067368 17.701013565063477 0.6676362156867981 2.863081932067871 0.006481715478003025 0.01001600082963705 -0.00719608087092638 -0.9999029636383057
1738249390.600963 17.758451461791992 0.41233202815055847 3.7243921756744385 0.017556291073560715 -0.012909756042063236 -0.024594293907284737 -0.9994600415229797
1738249391.067826 17.82985496520996 0.19710782170295715 4.427504062652588 0.012489719316363335 -0.02438971772789955 -0.032727207988500595 -0.9990886449813843
1738249391.53467 17.903947830200195 -0.046802401542663574 5.168764114379883 0.005682133138179779 -0.022804750129580498 -0.03385702520608902 -0.9991503953933716
1738249391.934973 17.96574592590332 -0.2741747498512268 5.853050231933594 0.00466903205960989 -0.022179387509822845 -0.03379959985613823 -0.9991715550422668
1738249392.401849 18.043472290039062 -0.5301992893218994 6.649463176727295 0.00666597206145525 -0.022458575665950775 -0.033476877957582474 -0.999164879322052
1738249392.802053 18.10466766357422 -0.7535188794136047 7.320553779602051 0.0007977790082804859 -0.020352905616164207 -0.036339614540338516 -0.999131977558136
1738249393.535472 18.170284271240234 -1.011292576789856 8.083207130432129 -0.0007722225855104625 -0.015141160227358341 -0.03819994255900383 -0.9991551637649536
1738249394.936222 18.247377395629883 -1.2935198545455933 8.89514446258545 -0.0054006073623895645 -0.009826401248574257 -0.04342172294855118 -0.9989939332008362
1738249396.403316 18.28501319885254 -1.5520601272583008 9.658858299255371 -0.004562582820653915 0.007124843075871468 -0.03782434016466141 -0.9992486238479614
1738249398.003933 18.228939056396484 -1.813469409942627 10.419204711914062 -0.006760713178664446 0.041923362761735916 -0.020467005670070648 -0.998888373374939
1738249399.738104 18.112873077392578 -2.0839133262634277 11.206226348876953 -0.004330628551542759 0.07652190327644348 -0.004648319911211729 -0.9970476627349854
1738249403.006064 18.011062622070312 -2.3566548824310303 12.02366828918457 -0.0010325931943953037 0.06525059789419174 -0.007395370397716761 -0.9978410005569458
1738249404.940316 18.110645294189453 -2.626955986022949 12.835298538208008 -0.0002802943345159292 -0.017583103850483894 -0.03491757810115814 -0.9992355108261108
1738249406.341026 18.182998657226562 -2.87379789352417 13.55948257446289 -0.0056519415229558945 -0.028612634167075157 -0.03421446308493614 -0.9989888668060303
1738249407.741353 18.200172424316406 -3.1389896869659424 14.306221008300781 -0.010084356181323528 -0.014730229042470455 -0.022161928936839104 -0.999595046043396
1738249408.875164 18.249469757080078 -3.3664331436157227 15.019087791442871 0.0015610761474817991 -0.016125736758112907 -0.024866029620170593 -0.9995595216751099
1738249409.275389 18.265926361083984 -3.4440855979919434 15.245299339294434 -0.0008085140725597739 -0.014053975231945515 -0.025468820706009865 -0.9995765089988708
1738249410.075627 18.2794132232666 -3.5039350986480713 15.413043975830078 -0.00472261942923069 -0.01441240031272173 -0.0271868035197258 -0.9995153546333313
