1738249093.881602 -0.0 -0.0 -0.0 -0.0 -0.0 -0.0 1.0
1738249099.817097 -0.04310981184244156 -0.035922106355428696 0.10344415158033371 0.0013697713147848845 -0.031531814485788345 -0.012770195491611958 0.9994202852249146
1738249114.693031 -0.12202753126621246 -0.23067964613437653 0.7128703594207764 -0.0011166271287947893 -0.04627639055252075 -0.023662447929382324 0.9986478090286255
1738249115.556715 -0.2232106775045395 -0.40345409512519836 1.2773094177246094 -0.00907604768872261 -0.07604175806045532 -0.030083904042840004 0.9966093897819519
1738249116.623977 -0.33155104517936707 -0.65396648645401 1.9684147834777832 0.0072610462084412575 -0.0824509784579277 -0.025392724201083183 0.9962450861930847
1738249117.7576 -0.46861255168914795 -0.9174351692199707 2.7201154232025146 0.007300200872123241 -0.08803458511829376 -0.029653117060661316 0.9956492185592651
1738249118.691503 -0.5957857370376587 -1.1350743770599365 3.340848922729492 0.009030480869114399 -0.09134489297866821 -0.034135621041059494 0.9951931238174438
1738249119.82803 -0.7567671537399292 -1.409728765487671 4.109893798828125 0.010655710473656654 -0.09953778237104416 -0.03879933804273605 0.994219958782196
1738249121.025762 -0.9352220892906189 -1.696604609489441 4.895290851593018 0.011906194500625134 -0.10656578093767166 -0.03838754817843437 0.9934930205345154
1738249122.026316 -1.05898118019104 -1.9345468282699585 5.5534186363220215 0.01247168518602848 -0.09848489612340927 -0.030020181089639664 0.9946074485778809
1738249123.093589 -1.1876815557479858 -2.1790778636932373 6.225795269012451 0.012647153809666634 -0.09619828313589096 -0.02799544855952263 0.9948880672454834
1738249124.161318 -1.312512755393982 -2.4192070960998535 6.896027088165283 0.014588510617613792 -0.09303204715251923 -0.027611516416072845 0.9951732754707336
1738249125.494065 -1.464644193649292 -2.7356882095336914 7.756844997406006 0.018143219873309135 -0.09725125133991241 -0.022032126784324646 0.9948505759239197
1738249126.361105 -1.574683666229248 -2.9536335468292236 8.357844352722168 0.010709216818213463 -0.10368159413337708 -0.017385208979249 0.9944009184837341
1738249127.228201 -1.6936269998550415 -3.169931411743164 8.95210075378418 0.010870680212974548 -0.10641328990459442 -0.014441668055951595 0.9941576719284058
1738249128.495238 -1.852792501449585 -3.4825708866119385 9.796379089355469 0.012068182229995728 -0.1090610921382904 -0.009890354238450527 0.9939125776290894
1738249129.695882 -2.012883186340332 -3.767629861831665 10.601088523864746 0.008622517809271812 -0.11090023070573807 -0.010684940963983536 0.993736743927002
1738249130.762807 -2.1874449253082275 -4.012209892272949 11.328579902648926 0.004462675657123327 -0.11999046802520752 -0.017370836809277534 0.9926130771636963
1738249131.8968 -2.4150478839874268 -4.274001598358154 12.046696662902832 0.011885219253599644 -0.15523818135261536 -0.03490770235657692 0.9871885776519775
1738249132.897007 -2.7463107109069824 -4.482545375823975 12.612384796142578 0.011703090742230415 -0.24356508255004883 -0.06976558268070221 0.9673013091087341
1738249133.897593 -3.1940879821777344 -4.673533916473389 13.120643615722656 0.011380218900740147 -0.3127100169658661 -0.09681346267461777 0.9448333978652954
1738249134.564487 -3.555771827697754 -4.786161422729492 13.404891014099121 0.01568925753235817 -0.3767363727092743 -0.12259301543235779 0.9180384278297424
1738249135.698116 -4.210643291473389 -4.966524124145508 13.814720153808594 0.024217791855335236 -0.446842759847641 -0.14657244086265564 0.8821914196014404
1738249136.765241 -4.869482517242432 -5.1090593338012695 14.119718551635742 0.027962462976574898 -0.4871460199356079 -0.16362635791301727 0.8573991656303406
1738249137.965833 -5.664253234863281 -5.255280017852783 14.431877136230469 0.02798708900809288 -0.5211548209190369 -0.18123945593833923 0.833526611328125
1738249138.832905 -6.264780521392822 -5.347193241119385 14.616671562194824 0.03122597001492977 -0.5451909303665161 -0.19024094939231873 0.8158432841300964
1738249140.03336 -7.1121368408203125 -5.460144996643066 14.860793113708496 0.028807684779167175 -0.5619911551475525 -0.20062421262264252 0.8019264340400696
1738249141.100306 -7.878726482391357 -5.532919883728027 15.037797927856445 0.023378705605864525 -0.5872697234153748 -0.21003180742263794 0.7813158631324768
1738249142.167577 -8.628498077392578 -5.543011665344238 15.032509803771973 0.025351207703351974 -0.6640134453773499 -0.2356451004743576 0.7091649770736694
1738249143.367873 -9.43202018737793 -5.477238655090332 14.800834655761719 0.022631365805864334 -0.7536042332649231 -0.26699450612068176 0.6002353429794312
1738249144.568374 -10.212662696838379 -5.37546443939209 14.467012405395508 0.024585599079728127 -0.7956814765930176 -0.2807249128818512 0.5361716151237488
1738249145.768857 -10.908041000366211 -5.226919174194336 13.996811866760254 0.026882870122790337 -0.8415911197662354 -0.2927365303039551 0.4531082510948181
1738249146.969521 -11.490747451782227 -5.015560150146484 13.396254539489746 0.02230856753885746 -0.8800146579742432 -0.31174078583717346 0.3576231002807617
1738249147.503014 -11.740564346313477 -4.904412269592285 13.092931747436523 0.0225059874355793 -0.8866059184074402 -0.314689040184021 0.3382223844528198
1738249148.103143 -11.993791580200195 -4.827259063720703 12.791998863220215 0.01908598467707634 -0.8974671363830566 -0.29865550994873047 0.3240269422531128
1738249148.903606 -12.296398162841797 -4.814199924468994 12.448450088500977 0.0014872928149998188 -0.9198030829429626 -0.24033251404762268 0.3101619482040405
1738249151.03796 -12.841714859008789 -4.813846588134766 12.251823425292969 -0.011341738514602184 -0.881751298904419 -0.19285425543785095 0.43034088611602783
1738249152.771834 -13.76411247253418 -4.673762321472168 12.12200927734375 0.003740974934771657 -0.7748032808303833 -0.2548840045928955 0.5785326361656189
1738249154.039026 -14.454926490783691 -4.584158897399902 11.71616268157959 0.03089756891131401 -0.8192487359046936 -0.265267938375473 0.5074542164802551
1738249155.372866 -15.206101417541504 -4.464000701904297 11.239405632019043 0.029353883117437363 -0.8390159606933594 -0.2709901034832001 0.4709087908267975
1738249156.639924 -15.866720199584961 -4.355310916900635 10.742138862609863 0.03130821883678436 -0.8606863021850586 -0.2707456350326538 0.4300415813922882
1738249157.907217 -16.446516036987305 -4.222653388977051 10.189896583557129 0.03193529322743416 -0.8834795951843262 -0.2740623652935028 0.3785945773124695
1738249159.240951 -16.968046188354492 -4.092007637023926 9.614021301269531 0.032745543867349625 -0.8983675837516785 -0.2730879783630371 0.3424711227416992
1738249159.97466 -17.231752395629883 -3.9790327548980713 9.18066120147705 0.03182482346892357 -0.9130378365516663 -0.28191590309143066 0.29304033517837524
1738249161.30851 -17.738262176513672 -3.780805826187134 8.41588020324707 0.02910740301012993 -0.9162456393241882 -0.28960683941841125 0.2752717435359955
1738249163.309373 -18.448610305786133 -3.428351402282715 7.230242729187012 0.031527332961559296 -0.9214898943901062 -0.29508742690086365 0.2505711615085602
1738249164.443116 -18.839698791503906 -3.2516226768493652 6.5743303298950195 0.03523598238825798 -0.9189939498901367 -0.2901204228401184 0.2646481692790985
1738249165.310099 -19.120784759521484 -3.1263818740844727 6.104856014251709 0.03551309183239937 -0.920674741268158 -0.29078125953674316 0.25795942544937134
1738249166.110796 -19.413890838623047 -2.9946329593658447 5.610194206237793 0.03507357835769653 -0.9207777976989746 -0.292386531829834 0.2558285593986511
1738249167.044109 -19.810222625732422 -2.826160430908203 5.008030891418457 0.0349469855427742 -0.9160110354423523 -0.29071786999702454 0.2742000222206116
1738249167.377573 -20.02811050415039 -2.758716106414795 4.7341718673706055 0.033246077597141266 -0.9076402187347412 -0.2884660065174103 0.3031027615070343
1738249167.84446 -20.392303466796875 -2.6419742107391357 4.265424728393555 0.03351210430264473 -0.9062195420265198 -0.28298836946487427 0.31234708428382874
1738249168.311393 -20.84628677368164 -2.487751007080078 3.6916980743408203 0.03448069095611572 -0.9050567150115967 -0.28543007373809814 0.31338974833488464
1738249168.57805 -21.13292694091797 -2.3864645957946777 3.32781982421875 0.03512689471244812 -0.9032341241836548 -0.2900778651237488 0.3143073618412018
1738249169.044895 -21.59210205078125 -2.2304258346557617 2.7324466705322266 0.037872783839702606 -0.9050134420394897 -0.288669228553772 0.3101394474506378
1738249169.511756 -22.040325164794922 -2.0768351554870605 2.1409664154052734 0.03655925393104553 -0.9055951833724976 -0.2886630892753601 0.3086007833480835
1738249170.04538 -22.55779457092285 -1.8909492492675781 1.4755325317382812 0.03657086193561554 -0.905587375164032 -0.28928542137145996 0.3080391585826874
1738249170.512191 -22.990802764892578 -1.7332572937011719 0.9128875732421875 0.037806250154972076 -0.9048159718513489 -0.29155394434928894 0.3080180883407593
1738249171.179135 -23.58077049255371 -1.5149946212768555 0.12977218627929688 0.03880426287651062 -0.905036449432373 -0.29122352600097656 0.3075582981109619
1738249172.046114 -24.289871215820312 -1.2538352012634277 -0.8323345184326172 0.04121445119380951 -0.9056952595710754 -0.28832298517227173 0.3080380856990814
1738249173.046767 -25.13597297668457 -0.9531407356262207 -1.9453487396240234 0.03318503871560097 -0.9064594507217407 -0.2878296971321106 0.307219922542572
1738249174.047064 -25.96887969970703 -0.6666765213012695 -3.0407657623291016 0.03307507932186127 -0.9070092439651489 -0.2868728041648865 0.3065032362937927
1738249175.514367 -27.108577728271484 -0.21947002410888672 -4.593416213989258 0.03284166008234024 -0.9061481952667236 -0.29134511947631836 0.3048523962497711
1738249176.581366 -27.950021743774414 0.10030078887939453 -5.722240447998047 0.029087331146001816 -0.9025440812110901 -0.2883014380931854 0.31851285696029663
1738249178.11532 -28.944686889648438 0.4367818832397461 -6.919544219970703 0.02719477377831936 -0.8976513147354126 -0.28372421860694885 0.3361295461654663
1738249179.582649 -30.201387405395508 0.8243255615234375 -8.407886505126953 0.02907218225300312 -0.8959382176399231 -0.28398042917251587 0.340300977230072
1738249180.716329 -31.277711868286133 1.108942985534668 -9.589057922363281 0.026130642741918564 -0.8940206170082092 -0.2836441695690155 0.34581848978996277
1738249181.783438 -32.2064208984375 1.361215591430664 -10.603790283203125 0.02582472190260887 -0.8945503830909729 -0.28142961859703064 0.34628042578697205
1738249182.783788 -33.114891052246094 1.6043567657470703 -11.576019287109375 0.024763919413089752 -0.8925220966339111 -0.28246182203292847 0.35072270035743713
1738249183.984415 -34.17170333862305 1.847977638244629 -12.565811157226562 0.028121115639805794 -0.8742102980613708 -0.27591657638549805 0.3985419273376465
1738249184.718018 -34.900299072265625 2.007267951965332 -13.192237854003906 0.029715366661548615 -0.8728020787239075 -0.2774510383605957 0.40044280886650085
1738249185.384829 -35.404998779296875 2.135348320007324 -13.708057403564453 0.03206901624798775 -0.8907486200332642 -0.28246042132377625 0.35461893677711487
1738249186.252017 -35.615352630615234 2.2139596939086914 -14.015426635742188 0.02973586693406105 -0.8849952816963196 -0.2798864245414734 0.37089455127716064
1738249187.253542 -35.92131042480469 2.289133071899414 -14.298377990722656 0.03241920843720436 -0.8751200437545776 -0.27331987023353577 0.3980078101158142
1738249188.386221 -36.28062057495117 2.3697986602783203 -14.668121337890625 0.03324692323803902 -0.8726480603218079 -0.27539515495300293 0.4019171893596649
1738249189.786611 -36.57239532470703 2.4519786834716797 -14.965217590332031 0.030827214941382408 -0.8714041113853455 -0.27508291602134705 0.4050110876560211
1738249191.387268 -37.088340759277344 2.5823745727539062 -15.45888900756836 0.02777274139225483 -0.870592474937439 -0.2761985957622528 0.40621647238731384
1738249193.655006 -37.63966369628906 2.7060346603393555 -15.9622802734375 0.024569347500801086 -0.8664190173149109 -0.27027592062950134 0.4191246032714844
1738249196.989479 -38.09788513183594 2.7657470703125 -16.304569244384766 0.021947719156742096 -0.8592827916145325 -0.2660209536552429 0.4363304376602173
1738249199.657237 -38.945396423339844 2.829988479614258 -16.692584991455078 0.017998894676566124 -0.8622497916221619 -0.2650585174560547 0.4312138855457306
1738249201.057817 -39.279747009277344 2.8808155059814453 -17.02289581298828 0.014575461857020855 -0.8689720630645752 -0.2732909023761749 0.41229507327079773
1738249201.991627 -39.741844177246094 2.981395721435547 -17.41952896118164 0.014552089385688305 -0.8722699284553528 -0.27231234312057495 0.4059302806854248
1738249203.325795 -40.300594329833984 3.114530563354492 -17.894611358642578 0.008961520157754421 -0.871810793876648 -0.2784236669540405 0.40292179584503174
1738249204.459333 -40.77067184448242 3.2320003509521484 -18.299522399902344 0.007951528765261173 -0.8731518983840942 -0.2791067063808441 0.39955228567123413
1738249205.659778 -41.26969909667969 3.3575210571289062 -18.7314453125 0.008371842093765736 -0.8732247352600098 -0.27794933319091797 0.4001908302307129
1738249206.326745 -41.56256866455078 3.4246082305908203 -18.97876739501953 0.0069079105742275715 -0.8725719451904297 -0.2753836214542389 0.4034036099910736
1738249207.32709 -41.99043273925781 3.5256404876708984 -19.345626831054688 0.008823191747069359 -0.8708990812301636 -0.26980075240135193 0.41068777441978455
1738249208.127483 -42.34947204589844 3.5960350036621094 -19.637725830078125 0.01134184654802084 -0.8696261644363403 -0.26685163378715515 0.41522517800331116
1738249209.261327 -42.83061981201172 3.691741943359375 -20.018024444580078 0.012678510509431362 -0.8676470518112183 -0.2637414038181305 0.42126983404159546
1738249210.395298 -43.345863342285156 3.769237518310547 -20.37344741821289 0.011769974604249 -0.8529307246208191 -0.2573844790458679 0.4540086090564728
1738249211.595652 -43.91883087158203 3.8505325317382812 -20.740131378173828 0.013336214236915112 -0.8475669026374817 -0.2553531229496002 0.4650239050388336
1738249212.929411 -44.59233474731445 3.9425697326660156 -21.146156311035156 0.013347751460969448 -0.8433786630630493 -0.2569872736930847 0.47169026732444763
1738249214.332171 -45.25894546508789 4.046052932739258 -21.61508560180664 0.018984729424118996 -0.8555483222007751 -0.2603338956832886 0.4471050798892975
1738249215.397081 -45.76340103149414 4.128198623657227 -21.97671890258789 0.0203095693141222 -0.8563801646232605 -0.26204150915145874 0.44444894790649414
1738249216.597528 -46.32562255859375 4.229681015014648 -22.408241271972656 0.021138709038496017 -0.8632775545120239 -0.26821035146713257 0.427046000957489
1738249217.664631 -46.779930114746094 4.3468475341796875 -22.834896087646484 0.02119837887585163 -0.8804926872253418 -0.2804102301597595 0.38164567947387695
1738249218.998706 -47.343624114990234 4.509786605834961 -23.42386245727539 0.01941189542412758 -0.8886775374412537 -0.2848632037639618 0.3587873876094818
1738249220.065436 -47.79983901977539 4.646892547607422 -23.90792465209961 0.018259171396493912 -0.8917524814605713 -0.2870812714099884 0.3493259847164154
1738249220.999339 -48.18072509765625 4.768148422241211 -24.329086303710938 0.016373170539736748 -0.8962545990943909 -0.2842947244644165 0.3400532007217407
1738249221.939732 -48.56584930419922 4.892011642456055 -24.761329650878906 0.008784477598965168 -0.8990874886512756 -0.2852702736854553 0.33194178342819214
1738249223.266875 -49.1040153503418 5.097103118896484 -25.415958404541016 0.008865865878760815 -0.8990907073020935 -0.2958347797393799 0.3225509226322174
1738249224.46824 -49.573848724365234 5.266937255859375 -26.000904083251953 0.01715657114982605 -0.9039559960365295 -0.29311153292655945 0.31089359521865845
1738249225.467946 -49.951629638671875 5.422220230102539 -26.50503921508789 0.01573161594569683 -0.9085984826087952 -0.2961267828941345 0.2941263020038605
1738249226.402176 -50.30119705200195 5.564708709716797 -26.973522186279297 0.014682916924357414 -0.9111378192901611 -0.29541945457458496 0.2869487404823303
1738249227.668491 -50.77180480957031 5.778251647949219 -27.61001205444336 0.015283584594726562 -0.9112769365310669 -0.29951849579811096 0.28218698501586914
1738249228.669069 -51.1368522644043 5.932586669921875 -28.124618530273438 0.011786418035626411 -0.9154936671257019 -0.29388657212257385 0.2745235860347748
1738249229.736481 -51.5238151550293 6.111660003662109 -28.688095092773438 0.005610866472125053 -0.9148265719413757 -0.3018403947353363 0.2682410180568695
1738249230.870137 -51.89046859741211 6.313581466674805 -29.297286987304688 0.013117474503815174 -0.9175023436546326 -0.31019461154937744 0.24858975410461426
1738249231.870396 -52.11559295654297 6.506757736206055 -29.877967834472656 0.013208381831645966 -0.9319025278091431 -0.3140369951725006 0.18100854754447937
1738249232.870591 -52.312660217285156 6.70512580871582 -30.473163604736328 0.003592893248423934 -0.9391651749610901 -0.31529200077056885 0.1361868530511856
1738249233.87124 -52.42814636230469 6.95648193359375 -31.137805938720703 -0.0003539533354341984 -0.9412216544151306 -0.32748663425445557 0.0827900692820549
1738249235.338261 -52.51333999633789 7.320050239562988 -32.088924407958984 0.02299514226615429 -0.9435436725616455 -0.32661569118499756 0.05018753930926323
1738249236.805688 -52.58830642700195 7.634132385253906 -33.03135681152344 0.011147288605570793 -0.9485800266265869 -0.31529372930526733 0.02572123147547245
1738249238.606402 -52.394195556640625 7.9864654541015625 -34.09901809692383 0.01672445423901081 -0.9407450556755066 -0.31649672985076904 -0.12061876058578491
1738249239.873944 -52.024375915527344 8.23658561706543 -34.79845428466797 0.015587312169373035 -0.921457827091217 -0.3160756826400757 -0.2253189980983734
1738249241.20745 -51.5549430847168 8.488085746765137 -35.46613311767578 0.005704729817807674 -0.8919633626937866 -0.31599289178848267 -0.32329151034355164
1738249242.474684 -51.0048713684082 8.693681716918945 -36.02250671386719 -0.001264635007828474 -0.8699396848678589 -0.3084518015384674 -0.38478678464889526
1738249243.40843 -50.510868072509766 8.838571548461914 -36.3868408203125 -0.002701887860894203 -0.8509378433227539 -0.3049328923225403 -0.42768388986587524
1738249244.475457 -49.93363571166992 8.990078926086426 -36.78807830810547 -0.004086263943463564 -0.8416681289672852 -0.2976538836956024 -0.4505334198474884
1738249245.60906 -49.300148010253906 9.140228271484375 -37.19936752319336 -0.006044009234756231 -0.8334916830062866 -0.2952234148979187 -0.46700990200042725
1738249246.876408 -48.57533645629883 9.332489967346191 -37.640586853027344 -0.0016370731173083186 -0.8282601237297058 -0.3002986013889313 -0.47307851910591125
1738249248.076926 -48.015708923339844 9.546195983886719 -38.17519760131836 0.00147959403693676 -0.8636840581893921 -0.3116759955883026 -0.39611342549324036
1738249249.410868 -47.56831359863281 9.835224151611328 -38.87010955810547 0.005264481995254755 -0.8975240588188171 -0.3293672800064087 -0.2931554317474365
1738249250.477946 -47.208221435546875 10.083647727966309 -39.470481872558594 0.002963246311992407 -0.9017857313156128 -0.33246567845344543 -0.2761164605617523
1738249251.545045 -46.836570739746094 10.323522567749023 -40.05543518066406 -2.687580490601249e-05 -0.8999573588371277 -0.3286952078342438 -0.2864198386669159
1738249252.745522 -46.362709045410156 10.563838958740234 -40.64164352416992 -0.008313716389238834 -0.8776769042015076 -0.3265346884727478 -0.3506982624530792
1738249253.879228 -45.85953140258789 10.772881507873535 -41.12208557128906 -0.008804623037576675 -0.8631992340087891 -0.3241265118122101 -0.3869776129722595
1738249254.612884 -45.3436164855957 10.963963508605957 -41.61131286621094 -0.009521078318357468 -0.8639794588088989 -0.31734520196914673 -0.39082083106040955
1738249255.080891 -44.788394927978516 11.170254707336426 -42.11478805541992 -0.008483318611979485 -0.8608267903327942 -0.3156130611896515 -0.3991161584854126
1738249255.550037 -44.22382736206055 11.345769882202148 -42.55302810668945 -0.008561376482248306 -0.8449653387069702 -0.30907320976257324 -0.4363875687122345
1738249256.080018 -43.56919479370117 11.503612518310547 -42.9425048828125 -0.00827339943498373 -0.8169926404953003 -0.2983197271823883 -0.49341660737991333
1738249256.546977 -42.909217834472656 11.645130157470703 -43.27471923828125 -0.004577325191348791 -0.8061808943748474 -0.2956130802631378 -0.5125079154968262
1738249257.080693 -42.1795654296875 11.796605110168457 -43.606407165527344 -0.000489758444018662 -0.802399218082428 -0.2942165732383728 -0.5192224383354187
1738249257.547648 -41.507564544677734 11.919548034667969 -43.90301513671875 0.0003059490700252354 -0.798515796661377 -0.28934481739997864 -0.5278750658035278
1738249258.014281 -40.85669708251953 12.044879913330078 -44.1898307800293 -0.00016052121645770967 -0.7987766265869141 -0.29296720027923584 -0.5254770517349243
1738249258.480927 -40.242488861083984 12.195365905761719 -44.52266311645508 0.0035844705998897552 -0.8151828646659851 -0.3046184778213501 -0.4926171898841858
1738249259.014638 -39.63105010986328 12.387680053710938 -44.97014617919922 0.004578959662467241 -0.838826060295105 -0.30848991870880127 -0.448535293340683
1738249259.348127 -39.20899200439453 12.521865844726562 -45.267120361328125 0.0039402334950864315 -0.8408900499343872 -0.3107433617115021 -0.4430881440639496
1738249259.948377 -38.443119049072266 12.760175704956055 -45.81077194213867 0.0027172670233994722 -0.8417612910270691 -0.30867326259613037 -0.44288989901542664
1738249260.415262 -37.881629943847656 12.935967445373535 -46.24068069458008 0.004919044207781553 -0.8502054810523987 -0.30829402804374695 -0.4267098605632782
1738249260.948824 -37.33888244628906 13.149023056030273 -46.736270904541016 0.005574899259954691 -0.865634560585022 -0.3169591724872589 -0.38753411173820496
1738249262.282751 -36.941307067871094 13.450864791870117 -47.47200012207031 0.01161313708871603 -0.9110653400421143 -0.3338959515094757 -0.2415338009595871
1738249263.283069 -36.727333068847656 13.690711975097656 -48.084320068359375 0.01129508949816227 -0.9255329966545105 -0.32992827892303467 -0.18549516797065735
1738249264.350159 -36.50772476196289 13.960514068603516 -48.7469482421875 0.010604430921375751 -0.9266271591186523 -0.3409339487552643 -0.15815722942352295
1738249265.483984 -36.28691864013672 14.258070945739746 -49.46021270751953 0.006435386836528778 -0.9270263314247131 -0.34094446897506714 -0.1560051590204239
1738249266.217378 -36.03899383544922 14.453815460205078 -49.91615295410156 0.003235472599044442 -0.909814715385437 -0.3413194715976715 -0.23606730997562408
1738249266.817849 -35.73533630371094 14.576868057250977 -50.18492126464844 -0.0022307070903480053 -0.8743124008178711 -0.3353483974933624 -0.3508765995502472
1738249293.361999 -35.0849609375 14.788329124450684 -50.65492248535156 -0.011430615559220314 -0.8346675038337708 -0.32298773527145386 -0.4459579586982727
1738249294.095596 -34.66764450073242 14.858488082885742 -50.783607482910156 -0.022955140098929405 -0.7696213722229004 -0.306874543428421 -0.5594497919082642
1738249295.429337 -33.90800857543945 14.965770721435547 -50.996612548828125 -0.027379101142287254 -0.7526337504386902 -0.2968899607658386 -0.5870683789253235
1738249296.896623 -33.12678146362305 15.069056510925293 -51.21711730957031 -0.01984557695686817 -0.7613933682441711 -0.30019497871398926 -0.5742554664611816
1738249297.897009 -32.53696060180664 15.14976692199707 -51.401851654052734 -0.014950335025787354 -0.7698605060577393 -0.293278306722641 -0.5666383504867554
1738249298.897567 -31.953872680664062 15.246763229370117 -51.619651794433594 -0.007159108761698008 -0.7818869948387146 -0.29141873121261597 -0.5510686635971069
1738249300.031032 -31.27484893798828 15.373125076293945 -51.850223541259766 -0.0017954581417143345 -0.7803536653518677 -0.296293705701828 -0.5506859421730042
1738249300.964908 -30.512298583984375 15.53344440460205 -52.1440315246582 0.0009257818455807865 -0.7770860195159912 -0.30277711153030396 -0.551781177520752
1738249301.765276 -29.920589447021484 15.645645141601562 -52.37847900390625 -0.002471177838742733 -0.7794399857521057 -0.2974122166633606 -0.5513740181922913
1738249302.36532 -29.381088256835938 15.761527061462402 -52.577884674072266 0.0004549146397039294 -0.7789009213447571 -0.2996846139431 -0.550910472869873
1738249303.099145 -28.727611541748047 15.894957542419434 -52.82698059082031 0.001386264688335359 -0.7777411341667175 -0.3005724549293518 -0.5520625114440918
1738249303.766068 -28.125896453857422 16.016828536987305 -53.05083465576172 0.003236917546018958 -0.7784630656242371 -0.3010792136192322 -0.5507596135139465
1738249304.433066 -27.512962341308594 16.15094566345215 -53.278072357177734 0.006145416758954525 -0.7782105207443237 -0.3021256923675537 -0.5505185127258301
1738249305.033467 -26.97156524658203 16.25834083557129 -53.48772048950195 0.0056116716004908085 -0.7802311778068542 -0.2975916862487793 -0.5501337051391602
1738249305.566602 -26.280765533447266 16.40650749206543 -53.74919891357422 0.012020587921142578 -0.781633198261261 -0.2979343831539154 -0.5478506088256836
1738249305.966945 -25.646221160888672 16.523780822753906 -53.996280670166016 0.0115124536678195 -0.7851044535636902 -0.2848048508167267 -0.5498769283294678
1738249306.300398 -25.094375610351562 16.634658813476562 -54.208885192871094 0.017835339531302452 -0.782961368560791 -0.28972166776657104 -0.5501950979232788
1738249306.700646 -24.431079864501953 16.778560638427734 -54.46710968017578 0.019732864573597908 -0.7819872498512268 -0.2906557619571686 -0.5510225892066956
1738249307.034041 -23.880962371826172 16.899755477905273 -54.68870544433594 0.02020801231265068 -0.7804409861564636 -0.2912365794181824 -0.5528876781463623
1738249307.434044 -23.260108947753906 17.023815155029297 -54.92278289794922 0.021170195192098618 -0.7806680798530579 -0.28707146644592285 -0.554706335067749
1738249307.900881 -22.556987762451172 17.169462203979492 -55.198246002197266 0.019124383106827736 -0.7813558578491211 -0.28505662083625793 -0.5548514127731323
1738249308.834792 -21.756481170654297 17.329782485961914 -55.50681686401367 0.01803562045097351 -0.7789192199707031 -0.2856782078742981 -0.557985246181488
1738249310.10179 -20.954689025878906 17.460153579711914 -55.72303771972656 0.010527146980166435 -0.7446001768112183 -0.27602618932724 -0.6076754331588745
1738249311.169052 -20.243541717529297 17.552457809448242 -55.90789031982422 0.005357283167541027 -0.7396407127380371 -0.2764025032520294 -0.6135997772216797
1738249312.102783 -19.60739517211914 17.61835289001465 -56.06071853637695 -0.00021873645891901106 -0.7389279007911682 -0.2666686773300171 -0.6187676191329956
1738249313.236554 -18.803695678710938 17.72203254699707 -56.2220573425293 0.002123609883710742 -0.7248021364212036 -0.2717161774635315 -0.6331095695495605
1738249314.437124 -18.074058532714844 17.71146583557129 -56.182003021240234 -0.014431294985115528 -0.6271366477012634 -0.2377842515707016 -0.7415861487388611
1738249315.370561 -17.6039981842041 17.650211334228516 -55.973854064941406 -0.012120100669562817 -0.5181522965431213 -0.19715827703475952 -0.8321657776832581
1738249316.304425 -17.206682205200195 17.549400329589844 -55.6049690246582 0.0006241996889002621 -0.37699759006500244 -0.1625843197107315 -0.9118326902389526
1738249317.638338 -16.64471435546875 17.359458923339844 -55.03390884399414 -0.009204047732055187 -0.3147467076778412 -0.14431391656398773 -0.9380955696105957
1738249318.905543 -16.20648956298828 17.14946746826172 -54.39916229248047 -0.009281264618039131 -0.2568525969982147 -0.1265510469675064 -0.9580842852592468
1738249319.972616 -15.83789348602295 16.96514892578125 -53.818851470947266 -0.0058079310692846775 -0.23764000833034515 -0.11992733925580978 -0.9639040231704712
1738249321.173132 -15.424615859985352 16.738018035888672 -53.10575866699219 -0.004594890400767326 -0.21705149114131927 -0.11465377360582352 -0.9693926572799683
1738249322.106825 -15.127181053161621 16.549833297729492 -52.56034469604492 -0.010272258892655373 -0.20662465691566467 -0.10624063014984131 -0.9725809097290039
1738249323.373819 -14.607063293457031 16.34395408630371 -51.91842269897461 -0.003987366799265146 -0.29381611943244934 -0.13301967084407806 -0.9465526938438416
1738249324.241074 -14.084223747253418 16.221790313720703 -51.503326416015625 -0.0019183984259143472 -0.3602861166000366 -0.15369367599487305 -0.9200915694236755
1738249324.774557 -13.421276092529297 16.07918930053711 -50.95164489746094 0.01013854704797268 -0.37566518783569336 -0.16266745328903198 -0.9123114943504333
1738249325.17471 -12.884529113769531 15.965425491333008 -50.504478454589844 0.012704630382359028 -0.376736044883728 -0.16444343328475952 -0.9115190505981445
1738249325.441291 -12.510701179504395 15.88838005065918 -50.211116790771484 0.012526381760835648 -0.3858456313610077 -0.16608719527721405 -0.9074036478996277
1738249325.908148 -11.850704193115234 15.765302658081055 -49.70840835571289 0.013395924121141434 -0.4008248746395111 -0.16910739243030548 -0.900312602519989
1738249326.44189 -11.114377975463867 15.6407470703125 -49.17749786376953 0.015158167108893394 -0.4110504388809204 -0.1711236536502838 -0.895279049873352
1738249326.842035 -10.544574737548828 15.545969009399414 -48.765235900878906 0.016115035861730576 -0.4138323962688446 -0.1710912436246872 -0.89398592710495
1738249327.308942 -9.886774063110352 15.437053680419922 -48.30010986328125 0.01706467568874359 -0.41777727007865906 -0.17098377645015717 -0.8921521902084351
1738249327.709135 -9.302393913269043 15.347896575927734 -47.89582443237305 0.018362155184149742 -0.42044538259506226 -0.1724364459514618 -0.8905920386314392
1738249328.17572 -8.615724563598633 15.24631118774414 -47.42477035522461 0.020062465220689774 -0.4221709370613098 -0.17383764684200287 -0.8894659876823425
1738249328.575899 -8.033053398132324 15.154973030090332 -47.0263786315918 0.017835916951298714 -0.42236095666885376 -0.17170226573944092 -0.889837920665741
1738249328.910453 -7.559006214141846 15.074277877807617 -46.68595886230469 0.018628232181072235 -0.41564178466796875 -0.1678987294435501 -0.893703043460846
1738249329.44319 -6.876554489135742 14.939544677734375 -46.14188766479492 0.017455313354730606 -0.38549041748046875 -0.15465927124023438 -0.9094905257225037
1738249329.976761 -6.277486801147461 14.791675567626953 -45.55523681640625 0.020505288615822792 -0.35027384757995605 -0.14529842138290405 -0.9250817894935608
1738249330.510015 -5.673012733459473 14.663414001464844 -45.059478759765625 0.017329152673482895 -0.3838179409503937 -0.15465015172958374 -0.9102015495300293
1738249331.043553 -4.9960198402404785 14.550113677978516 -44.557350158691406 0.019144868478178978 -0.39826101064682007 -0.16012650728225708 -0.902984619140625
1738249331.443778 -4.430190563201904 14.43731689453125 -44.12583541870117 0.01643327809870243 -0.3993467092514038 -0.1601201444864273 -0.9025595784187317
1738249331.844034 -3.8546533584594727 14.333925247192383 -43.679046630859375 0.020629562437534332 -0.3992530107498169 -0.16208788752555847 -0.9021635055541992
1738249332.244201 -3.2915611267089844 14.226383209228516 -43.25191879272461 0.016311127692461014 -0.39892497658729553 -0.16069795191287994 -0.9026455879211426
1738249332.644457 -2.7166833877563477 14.118263244628906 -42.81724548339844 0.016891643404960632 -0.39932048320770264 -0.16128847002983093 -0.9023546576499939
1738249333.113027 -2.0588550567626953 13.991235733032227 -42.31793212890625 0.014483715407550335 -0.4001902639865875 -0.1602007895708084 -0.9022049307823181
1738249333.444528 -1.5733489990234375 13.90023422241211 -41.957496643066406 0.014953503385186195 -0.39949047565460205 -0.16257700324058533 -0.9020823836326599
1738249333.844689 -0.9979629516601562 13.792118072509766 -41.527591705322266 0.014405674301087856 -0.39906325936317444 -0.16219542920589447 -0.9023489952087402
1738249334.178173 -0.5168304443359375 13.704324722290039 -41.16014099121094 0.015911299735307693 -0.39934906363487244 -0.16233015060424805 -0.9021729826927185
1738249334.645207 0.14594554901123047 13.583502769470215 -40.66010284423828 0.014822328463196754 -0.4011137783527374 -0.16135598719120026 -0.9015832543373108
1738249335.045376 0.7254867553710938 13.480839729309082 -40.225242614746094 0.017034854739904404 -0.4010232090950012 -0.16267535090446472 -0.901347279548645
1738249335.578905 1.4770965576171875 13.335390090942383 -39.6590690612793 0.014200933277606964 -0.40340423583984375 -0.15924803912639618 -0.9009459018707275
1738249335.978882 2.035869598388672 13.237007141113281 -39.22539520263672 0.017946861684322357 -0.39503538608551025 -0.16017164289951324 -0.9044169783592224
1738249336.445781 2.613170623779297 13.10973072052002 -38.71123123168945 0.016720404848456383 -0.35951483249664307 -0.14867717027664185 -0.9210671186447144
1738249336.846046 2.9697670936584473 12.972038269042969 -38.27253341674805 0.006147895939648151 -0.2931615114212036 -0.12272295355796814 -0.9481337666511536
1738249337.446468 3.5395684242248535 12.756365776062012 -37.54228973388672 0.010840329341590405 -0.284839391708374 -0.12158343195915222 -0.9507715106010437
1738249337.779821 3.844106674194336 12.65839958190918 -37.1699333190918 0.014620404690504074 -0.29619044065475464 -0.126075878739357 -0.9466585516929626
1738249338.513413 4.375362873077393 12.49104118347168 -36.56190490722656 0.015533113852143288 -0.310106486082077 -0.13206785917282104 -0.94135582447052
1738249339.04696 4.8136115074157715 12.352926254272461 -36.07536315917969 0.00918931420892477 -0.3154037892818451 -0.1312270611524582 -0.9397954344749451
1738249339.51382 5.376365661621094 12.185090065002441 -35.43730926513672 0.016692904755473137 -0.31421369314193726 -0.1298638880252838 -0.9402799606323242
1738249339.848505 5.77456521987915 12.064741134643555 -34.97001266479492 0.01830632984638214 -0.31415149569511414 -0.13050079345703125 -0.9401825666427612
1738249340.247464 6.248988151550293 11.919612884521484 -34.434722900390625 0.017750373110175133 -0.3139728009700775 -0.1290922611951828 -0.9404473304748535
1738249340.714113 6.802884101867676 11.755989074707031 -33.819664001464844 0.017233671620488167 -0.3141214847564697 -0.13010358810424805 -0.9402679204940796
1738249341.047591 7.203718185424805 11.633490562438965 -33.3707275390625 0.01673889346420765 -0.3142838776111603 -0.13038666546344757 -0.9401834011077881
1738249341.514929 7.770572662353516 11.460246086120605 -32.74446105957031 0.016084514558315277 -0.31116050481796265 -0.13279664516448975 -0.9408961534500122
1738249341.847924 8.175760269165039 11.345890045166016 -32.29376983642578 0.017099345102906227 -0.3097558915615082 -0.13564996421337128 -0.9409346580505371
1738249342.249215 8.651174545288086 11.195353507995605 -31.759780883789062 0.013491267338395119 -0.3106062114238739 -0.1336013674736023 -0.9410061240196228
1738249342.582105 9.034872055053711 11.074603080749512 -31.320659637451172 0.010237970389425755 -0.30767276883125305 -0.13306443393230438 -0.9420862793922424
1738249342.98188 9.48719310760498 10.94312858581543 -30.812946319580078 0.016609488055109978 -0.30376964807510376 -0.1380804479122162 -0.9425402283668518
1738249344.11556 10.043785095214844 10.788199424743652 -30.222768783569336 0.018618423491716385 -0.3471960425376892 -0.1488415151834488 -0.925718367099762
1738249345.516256 10.795284271240234 10.652509689331055 -29.683818817138672 0.019434083253145218 -0.39496663212776184 -0.15734952688217163 -0.904911458492279
1738249346.583351 11.381312370300293 10.537382125854492 -29.183149337768555 0.02046608366072178 -0.38224348425865173 -0.15148817002773285 -0.9113300442695618
1738249347.718533 11.885359764099121 10.373172760009766 -28.583229064941406 0.016601309180259705 -0.3194555640220642 -0.13179440796375275 -0.9382445216178894
1738249348.650666 12.325268745422363 10.234223365783691 -28.074556350708008 0.01664167270064354 -0.31141889095306396 -0.1292506605386734 -0.9412946105003357
1738249349.717963 12.72822380065918 10.054574966430664 -27.436429977416992 0.01713591068983078 -0.2435206174850464 -0.10649381577968597 -0.9638792276382446
1738249365.524159 12.943729400634766 9.908581733703613 -26.916465759277344 0.014327259734272957 -0.1750042885541916 -0.0862816870212555 -0.9806751608848572
1738249366.657923 13.051624298095703 9.719244956970215 -26.293787002563477 0.013812670484185219 -0.10876168310642242 -0.06553106755018234 -0.9918093085289001
1738249367.258208 13.23655891418457 9.517877578735352 -25.598081588745117 0.012581282295286655 -0.10454536229372025 -0.0628684014081955 -0.9924513101577759
1738249367.591818 13.379451751708984 9.347726821899414 -25.017223358154297 0.01466263085603714 -0.10080080479383469 -0.06092153117060661 -0.9929314255714417
1738249367.991828 13.556212425231934 9.141056060791016 -24.317235946655273 0.016670694574713707 -0.09732320159673691 -0.059162139892578125 -0.993353009223938
1738249368.392125 13.7245512008667 8.931120872497559 -23.604631423950195 0.01512401644140482 -0.09508252143859863 -0.056644145399332047 -0.9937414526939392
1738249368.85911 13.918781280517578 8.680042266845703 -22.77088165283203 0.014423541724681854 -0.09104710072278976 -0.05518215894699097 -0.9942119717597961
1738249369.258998 14.080763816833496 8.476179122924805 -22.061981201171875 0.015225979499518871 -0.08692969381809235 -0.05350783094763756 -0.9946599006652832
1738249369.659149 14.23552131652832 8.268404960632324 -21.355552673339844 0.013897037133574486 -0.08429479598999023 -0.05179354175925255 -0.9949968457221985
1738249369.992621 14.357686042785645 8.09117317199707 -20.766027450561523 0.012597035616636276 -0.08100847154855728 -0.05152379721403122 -0.9953010678291321
1738249370.392786 14.513927459716797 7.879685878753662 -20.0656681060791 0.014455362223088741 -0.08510178327560425 -0.05479762330651283 -0.9947593212127686
1738249370.794141 14.66948413848877 7.675754070281982 -19.37823486328125 0.015592196024954319 -0.08853867650032043 -0.05658919736742973 -0.9943417906761169
1738249371.126562 14.803832054138184 7.500825881958008 -18.80320167541504 0.013836918398737907 -0.08940207213163376 -0.05589801445603371 -0.994329571723938
1738249371.526874 14.96115779876709 7.292126178741455 -18.109243392944336 0.012163274921476841 -0.08773917704820633 -0.05466468632221222 -0.9945681095123291
1738249371.860186 15.09105110168457 7.119568824768066 -17.52264404296875 0.012331980280578136 -0.08611666411161423 -0.053867653012275696 -0.9947513341903687
1738249372.260202 15.24645709991455 6.91025972366333 -16.8298397064209 0.01181443128734827 -0.08505191653966904 -0.05259934440255165 -0.994917094707489
1738249372.593686 15.369346618652344 6.737429618835449 -16.24503517150879 0.01372935064136982 -0.08479544520378113 -0.05186517909169197 -0.994952917098999
1738249372.993861 15.513895988464355 6.54030704498291 -15.574653625488281 0.016877321526408195 -0.0818180963397026 -0.050649985671043396 -0.9952163100242615
1738249373.861062 15.652793884277344 6.330685615539551 -14.884861946105957 0.015258336439728737 -0.08055896311998367 -0.04937445744872093 -0.9954092502593994
1738249374.861431 15.796448707580566 6.120116710662842 -14.17234992980957 0.01414976455271244 -0.07863778620958328 -0.04782417416572571 -0.9956550002098083
1738249375.995199 15.962715148925781 5.86974573135376 -13.322042465209961 0.013923855498433113 -0.07473782449960709 -0.049078892916440964 -0.9958974123001099
1738249376.995457 16.10597038269043 5.656820774078369 -12.629780769348145 0.009975874796509743 -0.07241711020469666 -0.049403440207242966 -0.9961002469062805
1738249377.996082 16.236135482788086 5.4496636390686035 -11.946832656860352 0.00984540581703186 -0.07143283635377884 -0.04672464728355408 -0.9963017702102661
1738249379.063102 16.413888931274414 5.226961612701416 -11.209540367126465 0.007976064458489418 -0.08307532966136932 -0.0473182275891304 -0.9953873753547668
1738249380.063548 16.56798553466797 5.018965244293213 -10.533645629882812 0.010125930421054363 -0.08625245094299316 -0.04806063324213028 -0.9950619339942932
1738249381.197178 16.749794006347656 4.7900543212890625 -9.773816108703613 0.007494327146559954 -0.0870087519288063 -0.04749595746397972 -0.9950464963912964
1738249382.264228 16.94784164428711 4.522888660430908 -8.920124053955078 0.005947225261479616 -0.0889795571565628 -0.045941807329654694 -0.9949556589126587
1738249382.667864 17.099525451660156 4.314340114593506 -8.255967140197754 0.005545392632484436 -0.09051007032394409 -0.04383101314306259 -0.9949150681495667
1738249383.064567 17.259580612182617 4.099709510803223 -7.5592546463012695 0.007782652508467436 -0.0904049500823021 -0.04323768615722656 -0.9949356317520142
1738249383.464741 17.424428939819336 3.8829004764556885 -6.865504264831543 0.007353220600634813 -0.09092417359352112 -0.04444894939661026 -0.9948382377624512
1738249383.865035 17.591529846191406 3.6587467193603516 -6.16748571395874 0.005316672846674919 -0.09178093820810318 -0.045381516218185425 -0.9947304129600525
1738249384.198506 17.728361129760742 3.4719974994659424 -5.595220565795898 0.0032027107663452625 -0.09114192426204681 -0.04646153002977371 -0.9947482943534851
1738249384.598671 17.897428512573242 3.2579190731048584 -4.898900508880615 0.00733821839094162 -0.08921889960765839 -0.0487242229282856 -0.9947925209999084
1738249384.932003 18.034032821655273 3.0816426277160645 -4.31953763961792 0.011452442966401577 -0.08915852010250092 -0.04976480454206467 -0.9947075247764587
1738249385.332388 18.187150955200195 2.8650331497192383 -3.6318676471710205 0.00825406052172184 -0.08890824764966965 -0.047934532165527344 -0.9948515295982361
1738249385.732333 18.31196403503418 2.655973196029663 -2.949031114578247 0.011027180589735508 -0.06862109154462814 -0.041892193257808685 -0.9967018961906433
1738249386.266047 18.303638458251953 2.407076597213745 -2.1821720600128174 0.005380547139793634 0.018338259309530258 -0.013184270821511745 -0.9997305274009705
1738249386.799624 18.305639266967773 2.1317005157470703 -1.3259258270263672 0.0047246674075722694 0.004964343272149563 -0.01793566904962063 -0.9998157024383545
1738249387.39981 18.490131378173828 1.8592954874038696 -0.46903905272483826 0.010218847543001175 -0.11222387850284576 -0.05690727010369301 -0.9919994473457336
1738249387.799832 18.684513092041016 1.6886262893676758 0.07114018499851227 0.005479260813444853 -0.14122845232486725 -0.0662117674946785 -0.9877451658248901
1738249388.19999 18.84016227722168 1.5047502517700195 0.6744726300239563 0.009134853258728981 -0.10024730116128922 -0.05327039584517479 -0.9934935569763184
1738249388.733545 18.8619384765625 1.2748198509216309 1.395139217376709 0.004680716432631016 -0.005367384757846594 -0.02161925844848156 -0.9997409582138062
1738249389.267262 18.863344192504883 1.0012822151184082 2.1958234310150146 -0.0026426943950355053 0.006603184621781111 -0.01404225267469883 -0.9998762011528015
1738249389.66738 18.8533935546875 0.7818461656570435 2.845752716064453 0.0004477163893170655 0.007950023747980595 -0.0076542869210243225 -0.9999390244483948
1738249390.067368 18.85319709777832 0.5715596675872803 3.511368751525879 0.005479831248521805 0.007634647190570831 -0.008447807282209396 -0.9999202489852905
1738249390.600963 18.91553497314453 0.3147030770778656 4.3718953132629395 0.016540424898266792 -0.015257607214152813 -0.02589484117925167 -0.9994113445281982
1738249391.067826 18.990753173828125 0.09825736284255981 5.074312686920166 0.011469259858131409 -0.02673797681927681 -0.0340251550078392 -0.9989974498748779
1738249391.53467 19.068811416625977 -0.14683574438095093 5.814690589904785 0.0046552494168281555 -0.02516256645321846 -0.0351368710398674 -0.9990548491477966
1738249391.934973 19.134445190429688 -0.3753838837146759 6.498201370239258 0.0036415306385606527 -0.02453807182610035 -0.03507772088050842 -0.9990767240524292
1738249392.401849 19.216596603393555 -0.6327458620071411 7.29371976852417 0.005639208946377039 -0.024816246703267097 -0.03476061671972275 -0.9990715980529785
1738249392.802053 19.281654357910156 -0.8572413921356201 7.964105606079102 -0.0002380759979132563 -0.022714320570230484 -0.03760617971420288 -0.9990344643592834
1738249393.535472 19.3516788482666 -1.1163554191589355 8.725927352905273 -0.0018179606413468719 -0.017499571666121483 -0.03945666551589966 -0.9990664124488831
1738249394.936222 19.433408737182617 -1.399912714958191 9.536850929260254 -0.006466447841376066 -0.012185010127723217 -0.04466158524155617 -0.9989069700241089
1738249396.403316 19.47536277770996 -1.6598085165023804 10.299782752990723 -0.005636551883071661 0.0047614481300115585 -0.03905060142278671 -0.9992100596427917
1738249398.003933 19.423587799072266 -1.9228134155273438 11.059782981872559 -0.007835517637431622 0.039539776742458344 -0.021653762087225914 -0.9989526271820068
1738249399.738104 19.31203842163086 -2.1950418949127197 11.846710205078125 -0.005408449564129114 0.07412999123334885 -0.005804112181067467 -0.997217059135437
1738249403.006064 19.215011596679688 -2.4695799350738525 12.663963317871094 -0.002105772029608488 0.06286872923374176 -0.008573167026042938 -0.9979828000068665
1738249404.940316 19.31927490234375 -2.741093397140503 13.474471092224121 -0.0013201285619288683 -0.019938338547945023 -0.036181606352329254 -0.9991455078125
1738249406.341026 19.395793914794922 -2.98909068107605 14.197681427001953 -0.006678863428533077 -0.030974185094237328 -0.035471346229314804 -0.9988682866096497
1738249407.741353 19.41724967956543 -3.255770444869995 14.943893432617188 -0.01109936460852623 -0.017111407592892647 -0.023390211164951324 -0.9995183348655701
1738249408.875164 19.470624923706055 -3.4845778942108154 15.656332015991211 0.0005390926962718368 -0.01848665624856949 -0.02612205408513546 -0.9994876980781555
1738249409.275389 19.488351821899414 -3.562641143798828 15.88233470916748 -0.0018338594818487763 -0.016418565064668655 -0.026717055588960648 -0.9995065331459045
1738249410.075627 19.502792358398438 -3.6227900981903076 16.049909591674805 -0.005752124357968569 -0.016780296340584755 -0.02842612937092781 -0.9994385242462158
