1755700955.292142 -0.0 -0.0 -0.0 -0.0 -0.0 -0.0 1.0
1755700956.810024 -0.0029427148401737213 -0.04895171895623207 0.102841816842556 0.00690805446356535 8.935978257795796e-05 0.00046727914013899863 0.9999760389328003
1755700957.667961 -0.019320501014590263 -0.3354039192199707 0.9581995606422424 0.0031146910041570663 -0.01458843145519495 -0.008147281594574451 0.9998555779457092
1755700958.789851 -0.12803322076797485 -0.6256811022758484 1.7670611143112183 0.010305047035217285 -0.0597354993224144 -0.025538725778460503 0.997834324836731
1755700959.647794 -0.278384268283844 -0.8951149582862854 2.5051796436309814 0.012914678081870079 -0.08565570414066315 -0.03511819243431091 0.9956219792366028
1755700960.439724 -0.4416637122631073 -1.1543928384780884 3.232823133468628 0.01239764504134655 -0.10174532234668732 -0.04092035070061684 0.9938912391662598
1755700961.165634 -0.6180455088615417 -1.410204529762268 3.9279377460479736 0.014212765730917454 -0.10765337198972702 -0.04168828949332237 0.9932124018669128
1755700961.825611 -0.7680830359458923 -1.6423653364181519 4.5750837326049805 0.013761813752353191 -0.11022727191448212 -0.04299728944897652 0.992880642414093
1755700962.683514 -0.9193846583366394 -1.9193388223648071 5.33105993270874 0.015626579523086548 -0.09907560795545578 -0.03705274686217308 0.9942671060562134
1755700963.607437 -1.0677446126937866 -2.2232182025909424 6.1511383056640625 0.01765383780002594 -0.08824463933706284 -0.03258907049894333 0.9954090714454651
1755700964.33339 -1.1848101615905762 -2.4797780513763428 6.826485633850098 0.01748751476407051 -0.08584792912006378 -0.031258273869752884 0.9956642389297485
1755700965.05932 -1.297743558883667 -2.7327237129211426 7.504530906677246 0.01863032951951027 -0.08451438695192337 -0.032209362834692 0.9957273006439209
1755700965.851285 -1.4175267219543457 -3.0081899166107178 8.233437538146973 0.018990611657500267 -0.0854387953877449 -0.032617632299661636 0.9956283569335938
1755700966.643196 -1.5470396280288696 -3.2879889011383057 8.97076416015625 0.017858540639281273 -0.08887062966823578 -0.0332123339176178 0.9953291416168213
1755700967.303106 -1.6772596836090088 -3.5219802856445312 9.581659317016602 0.01722549833357334 -0.10152330249547958 -0.036362189799547195 0.9940191507339478
1755700968.226273 -1.8794288635253906 -3.7961974143981934 10.31732177734375 0.01707916334271431 -0.133278951048851 -0.046486638486385345 0.9898403882980347
1755700968.746888 -2.0170443058013916 -3.939425468444824 10.68710994720459 0.019346456974744797 -0.1526486724615097 -0.05170315131545067 0.9867375493049622
1755700969.712186 -2.3264482021331787 -4.203698635101318 11.388408660888672 0.02056313306093216 -0.1915331482887268 -0.06547278165817261 0.9790840744972229
1755700970.603974 -2.677030086517334 -4.455288887023926 12.028044700622559 0.024652116000652313 -0.2345968782901764 -0.07760646194219589 0.9686763882637024
1755700971.560451 -3.1268930435180664 -4.711746692657471 12.642330169677734 0.0328819714486599 -0.28595778346061707 -0.09303195774555206 0.9531484842300415
1755700972.589931 -3.6885645389556885 -4.951571464538574 13.231687545776367 0.02314288727939129 -0.3490144908428192 -0.11651153862476349 0.9295582175254822
1755700973.435837 -4.248087406158447 -5.117980480194092 13.649168014526367 0.022532956674695015 -0.40422767400741577 -0.14024946093559265 0.9035609364509583
1755700974.289377 -4.853485584259033 -5.258547782897949 13.992427825927734 0.02594422549009323 -0.45808619260787964 -0.16146045923233032 0.8737359642982483
1755700975.148853 -5.545986652374268 -5.4080095291137695 14.322320938110352 0.029106736183166504 -0.49515029788017273 -0.17406879365444183 0.8506932854652405
1755700975.945311 -6.245950698852539 -5.53425407409668 14.605154037475586 0.030742798000574112 -0.5220900177955627 -0.1821572631597519 0.8326438069343567
1755700976.742531 -6.962442398071289 -5.651213645935059 14.844282150268555 0.03202221915125847 -0.5472262501716614 -0.18989239633083344 0.8145298957824707
1755700977.606288 -7.735995292663574 -5.7365875244140625 14.997987747192383 0.03032906912267208 -0.5878910422325134 -0.2090887427330017 0.7808625102043152
1755700978.66835 -8.506891250610352 -5.7630815505981445 15.007006645202637 0.03257342800498009 -0.6507967710494995 -0.2313574254512787 0.7224100232124329
1755700979.728624 -9.236377716064453 -5.744358062744141 14.890183448791504 0.03292128071188927 -0.714319109916687 -0.2578703761100769 0.6497440338134766
1755700980.985669 -10.039443016052246 -5.664813041687012 14.57229232788086 0.03942098468542099 -0.7867163419723511 -0.27262359857559204 0.5524488091468811
1755700981.844301 -10.73076057434082 -5.540314197540283 14.232575416564941 0.035952258855104446 -0.8026584982872009 -0.2962689697742462 0.5164024829864502
1755700982.966428 -11.524457931518555 -5.4027485847473145 13.731494903564453 0.04304279014468193 -0.8407222032546997 -0.2938537001609802 0.4527509808540344
1755700983.955967 -12.147510528564453 -5.249104022979736 13.203875541687012 0.040817633271217346 -0.8650299310684204 -0.299026757478714 0.4007994830608368
1755700984.813329 -12.695032119750977 -5.101949214935303 12.717351913452148 0.0399579294025898 -0.8704447746276855 -0.30151888728141785 0.3870602250099182
1755700986.066246 -13.434612274169922 -4.9075398445129395 12.038409233093262 0.04197956249117851 -0.8761802315711975 -0.2960473895072937 0.37802374362945557
1755700986.857608 -14.037633895874023 -4.748099327087402 11.4559907913208 0.043872933834791183 -0.8798439502716064 -0.2928386926651001 0.37174636125564575
1755700987.517037 -14.623615264892578 -4.604544639587402 10.892911911010742 0.04687732458114624 -0.88587886095047 -0.28221121430397034 0.3652094900608063
1755700988.176534 -15.311763763427734 -4.443607330322266 10.196039199829102 0.04452773183584213 -0.8876388669013977 -0.28222161531448364 0.361200213432312
1755700988.836412 -16.13214874267578 -4.23366641998291 9.34096908569336 0.04067283123731613 -0.8917346000671387 -0.28529974818229675 0.3489401042461395
1755700989.363748 -16.73348617553711 -4.059040069580078 8.660277366638184 0.04072188958525658 -0.8949776291847229 -0.28658437728881836 0.33944985270500183
1755700989.957407 -17.420970916748047 -3.84832501411438 7.8586626052856445 0.04175867512822151 -0.8981309533119202 -0.28796711564064026 0.32968464493751526
1755700990.551119 -18.079580307006836 -3.6424176692962646 7.064070701599121 0.039013635367155075 -0.9008182883262634 -0.29133257269859314 0.31957751512527466
1755700991.078791 -18.663330078125 -3.438236951828003 6.343985557556152 0.03896654397249222 -0.9000114798545837 -0.29230692982673645 0.3209637999534607
1755700991.804331 -19.5159912109375 -3.15189528465271 5.36513614654541 0.038255658000707626 -0.8961179852485657 -0.29579225182533264 0.3286580741405487
1755700992.397957 -20.178892135620117 -2.930636405944824 4.582614898681641 0.044523049145936966 -0.8957141041755676 -0.2943815588951111 0.33023253083229065
1755700992.925632 -20.778953552246094 -2.7204337120056152 3.8793678283691406 0.0470280796289444 -0.8932539224624634 -0.2953132390975952 0.33567237854003906
1755700993.453281 -21.404346466064453 -2.52349853515625 3.1713695526123047 0.0480203703045845 -0.8937533497810364 -0.29663050174713135 0.33303049206733704
1755700994.112803 -22.162429809570312 -2.282726764678955 2.305835723876953 0.0489102341234684 -0.8943453431129456 -0.2973996698856354 0.33061712980270386
1755700994.706395 -22.833494186401367 -2.064539909362793 1.5163688659667969 0.05068391188979149 -0.8945014476776123 -0.29545310139656067 0.33167126774787903
1755700995.234094 -23.417373657226562 -1.886260986328125 0.8451271057128906 0.050806280225515366 -0.893630862236023 -0.2935839891433716 0.3356354236602783
1755700995.761629 -23.890228271484375 -1.7501130104064941 0.302764892578125 0.049279630184173584 -0.8941761255264282 -0.2907118499279022 0.33690834045410156
1755700996.553056 -24.50515365600586 -1.5598416328430176 -0.40351295471191406 0.04810333251953125 -0.8932239413261414 -0.2917502820491791 0.33870190382003784
1755700997.410472 -25.146570205688477 -1.3704285621643066 -1.1403141021728516 0.04950271546840668 -0.8930158019065857 -0.29171323776245117 0.33908048272132874
1755700998.399749 -25.72772216796875 -1.20135498046875 -1.788116455078125 0.04819251969456673 -0.8928316235542297 -0.29265326261520386 0.33894461393356323
1755700999.25714 -26.20233917236328 -1.0536308288574219 -2.316204071044922 0.046542972326278687 -0.8918614983558655 -0.29496529698371887 0.33972403407096863
1755701000.444297 -26.8438663482666 -0.8422613143920898 -3.045644760131836 0.04086284711956978 -0.8918731808662415 -0.29593610763549805 0.33957964181900024
1755701001.301714 -27.302478790283203 -0.6921596527099609 -3.5851783752441406 0.03949488699436188 -0.8923876881599426 -0.29381614923477173 0.3402300775051117
1755701002.488875 -27.967369079589844 -0.5006170272827148 -4.3210296630859375 0.039622221142053604 -0.8930010199546814 -0.2915763854980469 0.3405327796936035
1755701003.544122 -28.548309326171875 -0.3011646270751953 -5.000080108642578 0.04029281437397003 -0.8914832472801208 -0.29453718662261963 0.3418801426887512
1755701004.665721 -29.157703399658203 -0.11540889739990234 -5.699516296386719 0.04238182306289673 -0.892152726650238 -0.29173198342323303 0.3422861397266388
1755701005.786488 -29.78050994873047 0.08791923522949219 -6.408199310302734 0.04205327853560448 -0.8916017413139343 -0.29244112968444824 0.34315627813339233
1755701006.973629 -30.443927764892578 0.30124473571777344 -7.159648895263672 0.03982548043131828 -0.8908961415290833 -0.29331570863723755 0.34450528025627136
1755701007.962925 -31.008167266845703 0.47518253326416016 -7.777000427246094 0.03972179442644119 -0.890961229801178 -0.2907685339450836 0.3465026021003723
1755701008.820329 -31.516847610473633 0.6273250579833984 -8.322410583496094 0.03746531158685684 -0.8884566426277161 -0.2924056947231293 0.3517671823501587
1755701009.54582 -31.947660446166992 0.7543573379516602 -8.77530288696289 0.03961043432354927 -0.8884064555168152 -0.2888563275337219 0.35458022356033325
1755701010.535107 -32.55555725097656 0.9249191284179688 -9.423484802246094 0.040494292974472046 -0.886873722076416 -0.2883746325969696 0.3586854934692383
1755701011.656289 -33.23874282836914 1.1164655685424805 -10.142402648925781 0.04348825663328171 -0.8845133185386658 -0.2885705232620239 0.36396709084510803
1755701012.579836 -33.820640563964844 1.2686700820922852 -10.715202331542969 0.044235341250896454 -0.8813487887382507 -0.2877469062805176 0.3721146583557129
1755701013.832761 -34.600215911865234 1.464097023010254 -11.453582763671875 0.04580002650618553 -0.8789032101631165 -0.28672561049461365 0.37844419479370117
1755701015.019892 -35.34638214111328 1.6454849243164062 -12.15164566040039 0.04628671333193779 -0.8756533265113831 -0.28553441166877747 0.38672852516174316
1755701015.94349 -35.951805114746094 1.7911596298217773 -12.712627410888672 0.045783631503582 -0.8736550807952881 -0.2849467098712921 0.39170923829078674
1755701016.734743 -36.644981384277344 1.9476966857910156 -13.334114074707031 0.04746434465050697 -0.8717949986457825 -0.28448113799095154 0.39596861600875854
1755701017.592079 -37.41771697998047 2.128030776977539 -14.028236389160156 0.0478200726211071 -0.8691492676734924 -0.2837839424610138 0.40219348669052124
1755701018.119762 -37.94746398925781 2.234495162963867 -14.482349395751953 0.04695780202746391 -0.8687514662742615 -0.28200042247772217 0.40440288186073303
1755701019.043054 -38.80936813354492 2.4140586853027344 -15.222415924072266 0.04811335355043411 -0.8671500086784363 -0.28223612904548645 0.4075278341770172
1755701019.636589 -39.36815643310547 2.5262889862060547 -15.700408935546875 0.04748193547129631 -0.8669998049736023 -0.2823609709739685 0.4078347384929657
1755701020.362313 -40.06211853027344 2.6708221435546875 -16.29431915283203 0.04567351192235947 -0.8669087290763855 -0.2814382314682007 0.4088713824748993
1755701021.219461 -40.920379638671875 2.8441925048828125 -17.017471313476562 0.045252375304698944 -0.8667391538619995 -0.28189969062805176 0.4089595675468445
1755701022.07686 -41.894935607910156 3.0576915740966797 -17.85552978515625 0.042980827391147614 -0.8671360611915588 -0.283027321100235 0.40758219361305237
1755701022.736407 -42.64361572265625 3.224822998046875 -18.486366271972656 0.042557407170534134 -0.8663901686668396 -0.2852840721607208 0.4076395332813263
1755701023.593769 -43.67626953125 3.4497013092041016 -19.361324310302734 0.042283426970243454 -0.8664551973342896 -0.2841593027114868 0.40831488370895386
1755701024.12142 -44.339988708496094 3.585613250732422 -19.909950256347656 0.039818309247493744 -0.8664113283157349 -0.2838600277900696 0.4088636338710785
1755701024.781087 -45.13689422607422 3.761524200439453 -20.586151123046875 0.03914651274681091 -0.8671907782554626 -0.2808256149291992 0.4093712270259857
1755701025.506401 -46.04800033569336 3.945049285888672 -21.344432830810547 0.03639012947678566 -0.8680220246315002 -0.2780727744102478 0.4097428321838379
1755701026.099976 -46.759544372558594 4.085903167724609 -21.940032958984375 0.036904171109199524 -0.8660678267478943 -0.2788563072681427 0.4132843017578125
1755701026.759572 -47.60261535644531 4.239345550537109 -22.617843627929688 0.03551045060157776 -0.8650627136230469 -0.27859726548194885 0.41567912697792053
1755701027.287151 -48.30002212524414 4.381114959716797 -23.18813705444336 0.03692634776234627 -0.8650203943252563 -0.2764819860458374 0.4170539677143097
1755701027.880712 -49.08314514160156 4.5367584228515625 -23.830078125 0.03445073962211609 -0.8647229075431824 -0.2762281596660614 0.4180496037006378
1755701028.342464 -49.71155548095703 4.659231185913086 -24.33340072631836 0.03176673501729965 -0.8643147349357605 -0.276685506105423 0.41880306601524353
1755701028.738093 -50.2588005065918 4.767213821411133 -24.771472930908203 0.03282544016838074 -0.863357663154602 -0.2766464054584503 0.4207170903682709
1755701029.265842 -50.972633361816406 4.907005310058594 -25.33322525024414 0.03049740567803383 -0.8623542189598083 -0.2759436368942261 0.42340320348739624
1755701029.661428 -51.521636962890625 5.012178421020508 -25.757102966308594 0.029204733669757843 -0.862147867679596 -0.27418726682662964 0.425052285194397
1755701029.991218 -51.97046661376953 5.092082977294922 -26.102493286132812 0.028696173802018166 -0.8619504570960999 -0.2722312808036804 0.4267413318157196
1755701030.386931 -52.50373077392578 5.197605133056641 -26.512100219726562 0.027592841535806656 -0.861211359500885 -0.27449506521224976 0.4268561601638794
1755701030.848753 -53.09600067138672 5.31501579284668 -26.96563720703125 0.02724931761622429 -0.8601590991020203 -0.27497509121894836 0.4286869168281555
1755701031.244299 -53.6185302734375 5.418767929077148 -27.365631103515625 0.0270554032176733 -0.859511137008667 -0.2757890522480011 0.4294753670692444
1755701031.64003 -54.135101318359375 5.516153335571289 -27.76001739501953 0.027067754417657852 -0.8589780926704407 -0.27535051107406616 0.43082037568092346
1755701032.101716 -54.747352600097656 5.6212310791015625 -28.232650756835938 0.030005112290382385 -0.859529435634613 -0.27100661396980286 0.4322780668735504
1755701032.629333 -55.492271423339844 5.808444976806641 -28.777244567871094 0.02191724255681038 -0.8492436408996582 -0.2944028079509735 0.43775779008865356
1755701033.15694 -56.159549713134766 5.9291839599609375 -29.286216735839844 0.03832182288169861 -0.8563672304153442 -0.2748357057571411 0.43546760082244873
1755701033.684552 -56.83415603637695 6.061697006225586 -29.76813507080078 0.0303322896361351 -0.8563916683197021 -0.28274619579315186 0.43096163868904114
1755701034.146218 -57.42069625854492 6.161493301391602 -30.211517333984375 0.03378308564424515 -0.8603959679603577 -0.27378231287002563 0.42850983142852783
1755701034.673917 -58.04072570800781 6.2750701904296875 -30.700454711914062 0.031565554440021515 -0.8626879453659058 -0.27248868346214294 0.42488011717796326
1755701035.201471 -58.66436767578125 6.400766372680664 -31.191314697265625 0.021146344020962715 -0.8663591742515564 -0.27745234966278076 0.41472265124320984
1755701035.729091 -59.25410461425781 6.503040313720703 -31.680282592773438 0.023140400648117065 -0.8754416108131409 -0.26135942339897156 0.40590348839759827
1755701036.256712 -59.859619140625 6.632513046264648 -32.209007263183594 0.020552614703774452 -0.8752434253692627 -0.275745689868927 0.39685124158859253
1755701036.916264 -60.517120361328125 6.818574905395508 -32.821807861328125 0.020608611404895782 -0.8742594122886658 -0.29168701171875 0.38751065731048584
1755701037.773631 -61.04242706298828 6.9501800537109375 -33.350006103515625 0.026492450386285782 -0.8858949542045593 -0.2873603105545044 0.3631974458694458
1755701038.763036 -61.62085723876953 7.139932632446289 -34.01495361328125 0.03441878780722618 -0.8943529725074768 -0.28978854417800903 0.33907338976860046
1755701039.686263 -62.169334411621094 7.34820556640625 -34.68907165527344 0.03612768277525902 -0.8963830471038818 -0.302279531955719 0.3222101628780365
1755701040.675589 -62.72987747192383 7.582550048828125 -35.41389465332031 0.04271480813622475 -0.8999136090278625 -0.3108203113079071 0.3028559982776642
1755701041.664844 -63.19439697265625 7.812482833862305 -36.10875701904297 0.04022322595119476 -0.9101108312606812 -0.31608980894088745 0.2648916244506836
1755701042.522262 -63.53068542480469 8.033174514770508 -36.757484436035156 0.038869261741638184 -0.9220947623252869 -0.31583189964294434 0.220183327794075
1755701043.51156 -63.84671401977539 8.280977249145508 -37.53974914550781 0.03716576471924782 -0.9333527088165283 -0.31525689363479614 0.16758468747138977
1755701044.434882 -64.08206939697266 8.5296630859375 -38.315711975097656 0.03266798332333565 -0.9405069351196289 -0.31583476066589355 0.12094615399837494
1755701045.29226 -64.23452758789062 8.768131256103516 -39.00855255126953 0.03629263862967491 -0.9430147409439087 -0.320372074842453 0.08226681500673294
1755701046.215609 -64.33037567138672 9.039112091064453 -39.802703857421875 0.039654240012168884 -0.9438285827636719 -0.32374751567840576 0.05294116958975792
1755701046.941116 -64.40046691894531 9.265218734741211 -40.47093963623047 0.040398191660642624 -0.9445540904998779 -0.323695570230484 0.03750693425536156
1755701047.798589 -64.45396423339844 9.540029525756836 -41.244712829589844 0.040796272456645966 -0.9431846737861633 -0.3293476104736328 0.016384655609726906
1755701048.589944 -64.47006225585938 9.80249309539795 -41.98252487182617 0.04057656601071358 -0.9431912899017334 -0.3297596573829651 0.001529709785245359
1755701049.44764 -64.46541595458984 10.084868431091309 -42.78487777709961 0.04044085368514061 -0.9444772005081177 -0.32579806447029114 -0.013532093726098537
1755701050.106839 -64.4430160522461 10.31570816040039 -43.40642547607422 0.0399264395236969 -0.943557620048523 -0.3276330232620239 -0.02759663760662079
1755701050.832307 -64.38374328613281 10.569097518920898 -44.079952239990234 0.03580405190587044 -0.9424339532852173 -0.3279949724674225 -0.05436573550105095
1755701051.624038 -64.2798843383789 10.839787483215332 -44.80353546142578 0.03334396705031395 -0.9407018423080444 -0.3292587697505951 -0.0745452269911766
1755701052.415313 -64.13329315185547 11.120834350585938 -45.525611877441406 0.03174793720245361 -0.938378095626831 -0.33024436235427856 -0.0968368873000145
1755701053.140664 -63.97526550292969 11.371055603027344 -46.191932678222656 0.030578473582863808 -0.9359466433525085 -0.330265611410141 -0.11829403787851334
1755701053.99807 -63.70274353027344 11.634879112243652 -46.895015716552734 0.025656795129179955 -0.9281542897224426 -0.32771968841552734 -0.17456026375293732
1755701054.855437 -63.35991668701172 11.886892318725586 -47.523719787597656 0.021868234500288963 -0.9158132672309875 -0.3265904486179352 -0.23269425332546234
1755701055.712828 -62.94154357910156 12.148415565490723 -48.11412811279297 0.021880151703953743 -0.8972875475883484 -0.33557772636413574 -0.2859790623188019
1755701056.504262 -62.486900329589844 12.401313781738281 -48.689388275146484 0.02734025940299034 -0.8923074007034302 -0.32857874035835266 -0.30834412574768066
1755701057.163799 -62.04426574707031 12.623805046081543 -49.209938049316406 0.03116707317531109 -0.8887075185775757 -0.32337647676467896 -0.32350480556488037
1755701057.625463 -61.611961364746094 12.840326309204102 -49.72469711303711 0.031683698296546936 -0.8857613205909729 -0.32171380519866943 -0.33305156230926514
1755701058.153085 -61.11255645751953 13.08875560760498 -50.305633544921875 0.0316157303750515 -0.8836005330085754 -0.3219596743583679 -0.33851513266563416
1755701058.680736 -60.59123229980469 13.339632034301758 -50.877464294433594 0.03323175013065338 -0.882902204990387 -0.31937581300735474 -0.3426053822040558
1755701059.142377 -60.138885498046875 13.54326057434082 -51.360633850097656 0.03470678627490997 -0.8797844052314758 -0.3152705132961273 -0.35408949851989746
1755701059.472215 -59.801605224609375 13.703346252441406 -51.71206283569336 0.040497392416000366 -0.8784711956977844 -0.31738969683647156 -0.3548409938812256
1755701059.999779 -59.26598358154297 13.924518585205078 -52.244590759277344 0.04914064332842827 -0.87726891040802 -0.3100337088108063 -0.3631303310394287
1755701060.527377 -58.71849060058594 14.144783973693848 -52.77946472167969 0.04586997255682945 -0.8760347962379456 -0.30444154143333435 -0.37117961049079895
1755701061.055001 -58.167640686035156 14.370713233947754 -53.307010650634766 0.04147176817059517 -0.870937705039978 -0.30907273292541504 -0.3797653317451477
1755701061.384764 -57.77404022216797 14.51768684387207 -53.67564010620117 0.04150676354765892 -0.8707061409950256 -0.30257830023765564 -0.38547956943511963
1755701061.78048 -57.26165008544922 14.72793960571289 -54.168128967285156 0.040077824145555496 -0.8684267401695251 -0.3062344193458557 -0.3878780007362366
1755701062.110266 -56.82103729248047 14.904212951660156 -54.56940460205078 0.041110455989837646 -0.8660093545913696 -0.3087424337863922 -0.39117252826690674
1755701062.505975 -56.27336120605469 15.109231948852539 -55.06060028076172 0.03941739350557327 -0.8662302494049072 -0.3044336438179016 -0.39422285556793213
1755701062.901678 -55.69697570800781 15.321889877319336 -55.55915451049805 0.039370097219944 -0.8634833097457886 -0.3060920834541321 -0.398941308259964
1755701063.297403 -55.151161193847656 15.539875030517578 -56.041175842285156 0.041502922773361206 -0.8616640567779541 -0.3063110113143921 -0.4024750888347626
1755701063.693123 -54.578094482421875 15.756257057189941 -56.52355194091797 0.04372529685497284 -0.8582605123519897 -0.3085855543613434 -0.4077400863170624
1755701063.956926 -54.19725036621094 15.899860382080078 -56.845924377441406 0.04203122854232788 -0.8574752807617188 -0.30813080072402954 -0.4099085032939911
1755701064.352643 -53.626953125 16.113502502441406 -57.31824493408203 0.04212842881679535 -0.8554333448410034 -0.3085522949695587 -0.41382914781570435
1755701064.748368 -53.05732727050781 16.326595306396484 -57.78306579589844 0.04105379804968834 -0.8537313342094421 -0.30944177508354187 -0.4167771637439728
1755701065.078165 -52.57310485839844 16.514501571655273 -58.17852020263672 0.042230553925037384 -0.8515816330909729 -0.31123316287994385 -0.4197133481502533
1755701065.407897 -52.094276428222656 16.686777114868164 -58.56988525390625 0.040018126368522644 -0.851922333240509 -0.3073696196079254 -0.4220792055130005
1755701065.737733 -51.60939025878906 16.860872268676758 -58.9571647644043 0.037690192461013794 -0.8504008650779724 -0.3082408308982849 -0.42471811175346375
1755701066.133383 -51.00141906738281 17.082508087158203 -59.42433166503906 0.03836364299058914 -0.8487241864204407 -0.31009891629219055 -0.4266546964645386
1755701066.463143 -50.519073486328125 17.255313873291016 -59.79761505126953 0.03575127571821213 -0.8473882675170898 -0.3101508319377899 -0.4294898808002472
1755701066.792931 -50.05059051513672 17.425323486328125 -60.161075592041016 0.03636462986469269 -0.8466252088546753 -0.3099859356880188 -0.43105924129486084
1755701067.122662 -49.573081970214844 17.601337432861328 -60.5280647277832 0.03674442321062088 -0.8455482125282288 -0.31079739332199097 -0.43255415558815
1755701067.452428 -49.07012939453125 17.77420425415039 -60.89787292480469 0.035997215658426285 -0.8454498052597046 -0.3081904649734497 -0.4346694052219391
1755701067.782218 -48.592369079589844 17.94776153564453 -61.25384521484375 0.03448398411273956 -0.8442018628120422 -0.3104572296142578 -0.4356033205986023
1755701068.177918 -48.00212860107422 18.16478729248047 -61.692596435546875 0.03588270768523216 -0.8428241014480591 -0.3121965825557709 -0.43691322207450867
1755701068.573629 -47.42333221435547 18.367158889770508 -62.1283073425293 0.03438455983996391 -0.843622088432312 -0.3098798096179962 -0.43714284896850586
1755701068.969355 -46.861671447753906 18.56651496887207 -62.54566192626953 0.033133409917354584 -0.8430619835853577 -0.31166258454322815 -0.43705278635025024
1755701069.299168 -46.36475372314453 18.73723030090332 -62.9072151184082 0.032025739550590515 -0.8430637121200562 -0.3107818067073822 -0.4377587139606476
1755701069.694837 -45.782676696777344 18.939762115478516 -63.32680892944336 0.032325439155101776 -0.843122661113739 -0.3093971014022827 -0.43860310316085815
1755701070.024589 -45.289588928222656 19.116300582885742 -63.68913269042969 0.03349968045949936 -0.8413999676704407 -0.31216442584991455 -0.4398605227470398
1755701070.354353 -44.77392578125 19.30693817138672 -64.06199645996094 0.032667823135852814 -0.8394209742546082 -0.3151826858520508 -0.441548615694046
1755701070.684148 -44.24787139892578 19.4914493560791 -64.43598937988281 0.03239889442920685 -0.8395378589630127 -0.31588831543922424 -0.4408414661884308
1755701071.013966 -43.72479248046875 19.673124313354492 -64.81024169921875 0.032053038477897644 -0.8402668833732605 -0.31482353806495667 -0.4402390122413635
1755701071.34366 -43.210601806640625 19.864276885986328 -65.17805480957031 0.0337393619120121 -0.8396614789962769 -0.31747275590896606 -0.43936479091644287
1755701071.607464 -42.80494689941406 20.013362884521484 -65.47987365722656 0.03254077211022377 -0.839502215385437 -0.31792569160461426 -0.4394319951534271
1755701071.937262 -42.3212890625 20.195270538330078 -65.83348083496094 0.0332072488963604 -0.8370652794837952 -0.32453453540802 -0.4391997158527374
1755701072.59675 -41.71910095214844 20.40989112854004 -66.26724243164062 0.030770542100071907 -0.8357881307601929 -0.32016003131866455 -0.44498211145401
1755701073.45417 -41.052947998046875 20.640941619873047 -66.7278060913086 0.025586923584342003 -0.8315104842185974 -0.31725063920021057 -0.4552885591983795
1755701074.311544 -40.38298034667969 20.866378784179688 -67.16390991210938 0.025033950805664062 -0.825506329536438 -0.3175128996372223 -0.46593794226646423
1755701075.10329 -39.750946044921875 21.068880081176758 -67.5498046875 0.02452433854341507 -0.8207884430885315 -0.3120313882827759 -0.47785085439682007
1755701076.158224 -38.979698181152344 21.270442962646484 -67.8663101196289 0.02721993438899517 -0.781999409198761 -0.308074027299881 -0.5411344170570374
1755701077.213455 -38.207218170166016 21.407737731933594 -68.03679656982422 0.018847182393074036 -0.7332601547241211 -0.29245126247406006 -0.613552451133728
1755701078.070878 -37.487457275390625 21.486772537231445 -68.06376647949219 0.019991261884570122 -0.6854389905929565 -0.2775724232196808 -0.6728501319885254
1755701078.862312 -36.7711181640625 21.538982391357422 -68.00820922851562 0.025952255353331566 -0.6357662081718445 -0.26140931248664856 -0.7258051037788391
1755701079.78562 -35.97150421142578 21.5489559173584 -67.82989501953125 0.018458276987075806 -0.5757169723510742 -0.23893220722675323 -0.7817420363426208
1755701080.511108 -35.332820892333984 21.531280517578125 -67.66041564941406 0.008497324772179127 -0.5515394806861877 -0.23611271381378174 -0.7999892830848694
1755701081.17063 -34.767181396484375 21.457592010498047 -67.49311828613281 -0.018309634178876877 -0.5427813529968262 -0.21494907140731812 -0.8116958737373352
1755701082.028013 -33.98781204223633 21.391971588134766 -67.23799133300781 -0.012243387289345264 -0.5325872302055359 -0.21320654451847076 -0.818989634513855
1755701082.8854 -33.20946502685547 21.320316314697266 -66.96510314941406 -0.012317524291574955 -0.5238550305366516 -0.21002309024333954 -0.8254177570343018
1755701083.544923 -32.6033935546875 21.270307540893555 -66.7279052734375 -0.0033820399548858404 -0.5136924386024475 -0.21126887202262878 -0.8315492868423462
1755701084.270424 -32.02313232421875 21.18474006652832 -66.43513488769531 -0.008716399781405926 -0.48527991771698 -0.1964879333972931 -0.8519507050514221
1755701085.061877 -31.31926918029785 21.099395751953125 -66.07943725585938 -0.0018351939506828785 -0.4698714315891266 -0.19945496320724487 -0.8599042296409607
1755701085.85328 -30.635601043701172 20.99689483642578 -65.71347045898438 -0.010618848726153374 -0.45880579948425293 -0.198204904794693 -0.8660827279090881
1755701086.710668 -29.915203094482422 20.873661041259766 -65.32389831542969 -0.016076594591140747 -0.4515813887119293 -0.1918317675590515 -0.8712154626846313
1755701087.568128 -29.193517684936523 20.767925262451172 -64.87452697753906 0.0038135526701807976 -0.4349280595779419 -0.19222046434879303 -0.8797013163566589
1755701088.293555 -28.606952667236328 20.653528213500977 -64.49101257324219 -0.005628043320029974 -0.42908790707588196 -0.18495115637779236 -0.8841069340705872
1755701089.150927 -27.88185691833496 20.551210403442383 -64.03274536132812 0.007874633185565472 -0.42133137583732605 -0.1916826069355011 -0.8863834738731384
1755701089.942357 -27.212749481201172 20.448963165283203 -63.58264923095703 0.008574179373681545 -0.4172896444797516 -0.19286799430847168 -0.8880302906036377
1755701090.601891 -26.670326232910156 20.356374740600586 -63.21931457519531 0.0060415202751755714 -0.41654595732688904 -0.18818031251430511 -0.8894049525260925
1755701091.45928 -25.961307525634766 20.248611450195312 -62.718650817871094 0.009001770988106728 -0.4132949709892273 -0.18831616640090942 -0.8908666372299194
1755701092.250724 -25.324565887451172 20.149333953857422 -62.28827667236328 0.007937819696962833 -0.4167310297489166 -0.18700392544269562 -0.8895515203475952
1755701092.976207 -24.738779067993164 20.06705093383789 -61.90234375 0.007090424187481403 -0.41652151942253113 -0.18932774662971497 -0.8891651630401611
1755701093.701756 -24.154388427734375 19.978052139282227 -61.50047302246094 0.006933615077286959 -0.41497915983200073 -0.18866002559661865 -0.8900290131568909
1755701094.295245 -23.514118194580078 19.897777557373047 -61.04501724243164 0.013767357915639877 -0.41311511397361755 -0.192867249250412 -0.8899149894714355
1755701094.822876 -22.918563842773438 19.787450790405273 -60.62812805175781 0.004658293444663286 -0.41359254717826843 -0.18443915247917175 -0.8915726542472839
1755701095.350498 -22.3096866607666 19.688125610351562 -60.19124221801758 0.007885522209107876 -0.4095339775085449 -0.18546950817108154 -0.8932081460952759
1755701095.878132 -21.713260650634766 19.581830978393555 -59.751556396484375 0.008774041198194027 -0.4038121998310089 -0.18257583677768707 -0.8963955044746399
1755701096.405737 -21.100494384765625 19.475971221923828 -59.29173278808594 0.007483638823032379 -0.39677560329437256 -0.17985542118549347 -0.9000917673110962
1755701096.933363 -20.52774429321289 19.35320281982422 -58.81120681762695 0.00851909164339304 -0.3812427520751953 -0.17172592878341675 -0.9083454608917236
1755701097.395035 -20.02703857421875 19.2603759765625 -58.39763259887695 0.011446832679212093 -0.38295289874076843 -0.17181570827960968 -0.9075767397880554
1755701097.988974 -19.408447265625 19.132530212402344 -57.886138916015625 0.011722173541784286 -0.3849779963493347 -0.16739755868911743 -0.9075420498847961
1755701098.450303 -18.916397094726562 19.028650283813477 -57.4971923828125 0.009797992184758186 -0.3845585882663727 -0.16658321022987366 -0.9078924655914307
1755701098.977929 -18.326614379882812 18.915424346923828 -57.01996612548828 0.011242425069212914 -0.387388676404953 -0.1655402034521103 -0.9068627953529358
1755701099.439596 -17.777029037475586 18.804121017456055 -56.592613220214844 0.010310705751180649 -0.38882362842559814 -0.16721156239509583 -0.9059526920318604
1755701099.967304 -17.136850357055664 18.686946868896484 -56.085113525390625 0.01563526876270771 -0.38562390208244324 -0.1696145087480545 -0.906796932220459
1755701100.428938 -16.59401512145996 18.55980110168457 -55.66658020019531 0.0038683535531163216 -0.38658490777015686 -0.1660696417093277 -0.9071703553199768
1755701100.956491 -15.963150024414062 18.440216064453125 -55.14795684814453 0.013717512600123882 -0.3854922354221344 -0.16623249650001526 -0.907509982585907
1755701101.484107 -15.317167282104492 18.30270767211914 -54.64323425292969 0.008723365142941475 -0.38532736897468567 -0.16371674835681915 -0.9080988764762878
1755701102.011761 -14.700002670288086 18.17579460144043 -54.131500244140625 0.010021314024925232 -0.38434019684791565 -0.16253279149532318 -0.9087162613868713
1755701102.53945 -14.083373069763184 18.05225372314453 -53.632911682128906 0.012334003113210201 -0.3832172453403473 -0.16345436871051788 -0.9089967608451843
1755701103.066978 -13.458427429199219 17.922637939453125 -53.13458251953125 0.00995299220085144 -0.37652942538261414 -0.16159097850322723 -0.9121484756469727
1755701103.528837 -12.902037620544434 17.80005645751953 -52.65574645996094 0.007170845754444599 -0.369829386472702 -0.15796245634555817 -0.9155450463294983
1755701103.924396 -12.378129005432129 17.683208465576172 -52.196197509765625 0.009633272886276245 -0.36789119243621826 -0.15959301590919495 -0.9160204529762268
1755701104.386055 -11.803853034973145 17.543872833251953 -51.70453643798828 0.006225921213626862 -0.3660232126712799 -0.1551097333431244 -0.9175670742988586
1755701104.715804 -11.333745956420898 17.430456161499023 -51.27001190185547 0.008032754063606262 -0.3651755452156067 -0.1545192450284958 -0.9179902672767639
1755701105.111551 -10.741708755493164 17.28713035583496 -50.73372268676758 0.007222787011414766 -0.3626818358898163 -0.15301278233528137 -0.9192371368408203
1755701105.507268 -10.137170791625977 17.13253402709961 -50.18187713623047 0.006593204569071531 -0.35824376344680786 -0.15034782886505127 -0.9214193224906921
1755701105.903106 -9.56126594543457 16.986061096191406 -49.65749740600586 0.009813448414206505 -0.3541560173034668 -0.1499309241771698 -0.9230373501777649
1755701106.232716 -9.082306861877441 16.860200881958008 -49.20635223388672 0.008332021534442902 -0.3490355610847473 -0.1470385193824768 -0.9254644513130188
1755701106.628537 -8.51107120513916 16.701704025268555 -48.66545867919922 0.009568450041115284 -0.34220466017723083 -0.14610664546489716 -0.9281471967697144
1755701106.958209 -8.051332473754883 16.565839767456055 -48.192989349365234 0.011317201890051365 -0.33709150552749634 -0.14285686612129211 -0.9305015802383423
1755701107.354033 -7.501285076141357 16.404903411865234 -47.632347106933594 0.009722783230245113 -0.3297266662120819 -0.14099811017513275 -0.9334374070167542
1755701107.683681 -7.0500102043151855 16.265377044677734 -47.151283264160156 0.010879219509661198 -0.32058948278427124 -0.13969501852989197 -0.9367974400520325
1755701108.013446 -6.606817245483398 16.12123680114746 -46.67949676513672 0.00203995150513947 -0.31239640712738037 -0.13792702555656433 -0.9398832321166992
1755701108.409167 -6.080770015716553 15.967256546020508 -46.09720993041992 0.01005734596401453 -0.30350321531295776 -0.1405469924211502 -0.9423540830612183
1755701108.738931 -5.650672435760498 15.828454971313477 -45.598663330078125 0.012618928216397762 -0.2971315383911133 -0.1377987265586853 -0.9447566866874695
1755701109.068701 -5.225860595703125 15.688369750976562 -45.082908630371094 0.009747099131345749 -0.28934553265571594 -0.1321108043193817 -0.9480141997337341
1755701109.464418 -4.756082057952881 15.523382186889648 -44.47700881958008 0.009905915707349777 -0.2786732614040375 -0.1282968521118164 -0.9517263770103455
1755701109.794201 -4.379998207092285 15.375309944152832 -43.971927642822266 0.00837238784879446 -0.2701459527015686 -0.12174780666828156 -0.9550542235374451
1755701110.123962 -4.039953708648682 15.220870971679688 -43.47768783569336 0.004962681792676449 -0.2614673972129822 -0.11433280259370804 -0.958404004573822
1755701110.51966 -3.617615222930908 15.038823127746582 -42.86035919189453 0.0068512787111103535 -0.24683181941509247 -0.11056986451148987 -0.9627053141593933
1755701110.849458 -3.3021416664123535 14.89201545715332 -42.35719299316406 0.00784437358379364 -0.233273446559906 -0.1069948822259903 -0.9664751291275024
1755701111.245144 -2.932074546813965 14.703836441040039 -41.706886291503906 0.011565961875021458 -0.2139575034379959 -0.09860546141862869 -0.9717846512794495
1755701111.574903 -2.6502883434295654 14.540349960327148 -41.1518669128418 0.009883805178105831 -0.1979820281267166 -0.09142962843179703 -0.9758821725845337
1755701111.904668 -2.3977251052856445 14.37402629852295 -40.59482192993164 0.009148155339062214 -0.1810332089662552 -0.08553583174943924 -0.9797075986862183
1755701112.234434 -2.1404032707214355 14.201095581054688 -40.036529541015625 0.007907416671514511 -0.17621861398220062 -0.08202579617500305 -0.9808956980705261
1755701112.564206 -1.9093552827835083 14.035453796386719 -39.47384262084961 0.009007751941680908 -0.1668660044670105 -0.0789371058344841 -0.9827733635902405
1755701112.893962 -1.6820416450500488 13.855569839477539 -38.94150161743164 0.005173363257199526 -0.15857866406440735 -0.07565239071846008 -0.984430193901062
1755701113.223763 -1.4690214395523071 13.684575080871582 -38.36085891723633 0.007048881612718105 -0.148674875497818 -0.07432285696268082 -0.986064076423645
1755701113.619488 -1.2097879648208618 13.473097801208496 -37.6799430847168 0.006916227750480175 -0.14273998141288757 -0.07201315462589264 -0.987112820148468
1755701113.949219 -1.0014556646347046 13.308089256286621 -37.11656188964844 0.011827286332845688 -0.1370803862810135 -0.06803617626428604 -0.988149881362915
1755701114.27898 -0.799595057964325 13.136492729187012 -36.536460876464844 0.010607985779643059 -0.13153916597366333 -0.06633425503969193 -0.9890322089195251
1755701114.60874 -0.6037929654121399 12.953729629516602 -35.952880859375 0.007838748395442963 -0.12715144455432892 -0.06339594721794128 -0.9898242950439453
1755701115.004475 -0.39471641182899475 12.748624801635742 -35.276458740234375 0.00904434360563755 -0.1212596744298935 -0.06121320277452469 -0.990690290927887
1755701115.400169 -0.19912591576576233 12.543495178222656 -34.60053253173828 0.009090138599276543 -0.1167585626244545 -0.057420238852500916 -0.9914574027061462
1755701115.729968 -0.03400540351867676 12.365474700927734 -34.03903579711914 0.006014571525156498 -0.11394142359495163 -0.05720401555299759 -0.9918209910392761
1755701116.059714 0.14135944843292236 12.189679145812988 -33.48808288574219 0.007679459173232317 -0.1164698675274849 -0.05750575661659241 -0.9914982914924622
1755701116.389464 0.31557491421699524 12.013909339904785 -32.9300422668457 0.008007580414414406 -0.11115030944347382 -0.05749091878533363 -0.9921070337295532
1755701116.785385 0.5066788196563721 11.799346923828125 -32.2457275390625 0.006775836460292339 -0.10773435235023499 -0.055899862200021744 -0.9925838112831116
1755701117.181196 0.6977360248565674 11.585559844970703 -31.564714431762695 0.008310973644256592 -0.10343573242425919 -0.054876089096069336 -0.9930863976478577
1755701117.510669 0.8465249538421631 11.406736373901367 -31.000429153442383 0.006900220178067684 -0.10152319073677063 -0.05174940079450607 -0.9934623837471008
1755701117.840417 0.9966283440589905 11.217327117919922 -30.418209075927734 0.006105424370616674 -0.09845924377441406 -0.05056100711226463 -0.9938370585441589
1755701118.236141 1.1793301105499268 10.995109558105469 -29.72941780090332 0.004477405920624733 -0.09500274062156677 -0.050409235060214996 -0.9941898584365845
1755701118.5659 1.320804238319397 10.807982444763184 -29.142614364624023 0.0077615645714104176 -0.09189614653587341 -0.04949787259101868 -0.9945073127746582
1755701118.895675 1.4632086753845215 10.620682716369629 -28.571327209472656 0.005016617011278868 -0.09066105633974075 -0.04709937050938606 -0.9947547912597656
1755701119.291458 1.6444787979125977 10.388516426086426 -27.846967697143555 0.006254412699490786 -0.08665552735328674 -0.045777577906847 -0.9951664209365845
1755701119.621153 1.7950307130813599 10.190878868103027 -27.231483459472656 0.00572829507291317 -0.08385995775461197 -0.04670652747154236 -0.9953659176826477
1755701119.950941 1.9213093519210815 10.001651763916016 -26.618616104125977 0.00992833822965622 -0.07857148349285126 -0.042163241654634476 -0.9959670305252075
1755701120.280684 2.038417100906372 9.811339378356934 -26.032930374145508 0.006699822843074799 -0.0708896592259407 -0.03659643605351448 -0.9967901110649109
1755701120.610462 2.1148314476013184 9.619691848754883 -25.445844650268555 0.0051600318402051926 -0.05079416185617447 -0.027835482731461525 -0.9983078241348267
1755701120.940236 2.176586389541626 9.42615795135498 -24.85968780517578 0.003449727315455675 -0.038998764008283615 -0.025368420407176018 -0.9989112615585327
1755701121.26998 2.224540948867798 9.225275039672852 -24.267269134521484 0.0003737614315468818 -0.027561413124203682 -0.022097988054156303 -0.9993758201599121
1755701121.599742 2.270451307296753 9.022988319396973 -23.65795135498047 0.003762933425605297 -0.023807335644960403 -0.019060054793953896 -0.9995278120040894
1755701121.929555 2.3078105449676514 8.821218490600586 -23.053436279296875 -0.00012244188110344112 -0.0193382129073143 -0.016092581674456596 -0.9996834993362427
1755701122.325244 2.345284938812256 8.569717407226562 -22.33858299255371 -0.0031301991548389196 -0.013641657307744026 -0.011988376267254353 -0.9998301863670349
1755701122.655156 2.3882579803466797 8.357292175292969 -21.740753173828125 -0.0037824525497853756 -0.01044075284153223 -0.010766618885099888 -0.9998803734779358
1755701122.984749 2.409275770187378 8.165179252624512 -21.115976333618164 0.002803174778819084 -0.0061390274204313755 -0.008284715935587883 -0.9999428987503052
1755701123.314516 2.445024013519287 7.956630229949951 -20.486431121826172 0.002699722070246935 -0.0023001553490757942 -0.008284561336040497 -0.999959409236908
1755701123.644459 2.4507148265838623 7.752806186676025 -19.889019012451172 0.0019023052882403135 0.00044730122317560017 -0.005439950153231621 -0.9999833106994629
1755701123.974042 2.47210693359375 7.537231922149658 -19.264802932739258 0.0015679104253649712 0.0009613577276468277 -0.0065811979584395885 -0.9999766945838928
1755701124.30381 2.5020859241485596 7.332250595092773 -18.655105590820312 -0.0005235558492131531 0.0019238584209233522 -0.00687010120600462 -0.9999744296073914
1755701124.633606 2.527270793914795 7.121486186981201 -18.0368709564209 -0.0001147579459939152 -0.0006784409051761031 -0.007646176032721996 -0.999970555305481
1755701124.963386 2.558678388595581 6.914617538452148 -17.422178268432617 -0.001271365792490542 -0.0008579348213970661 -0.008564340882003307 -0.9999622106552124
1755701125.293128 2.5623319149017334 6.70343542098999 -16.818395614624023 -0.0030777323991060257 0.0011293786810711026 -0.0065284534357488155 -0.9999733567237854
1755701125.49103 2.572896718978882 6.591892242431641 -16.44049072265625 0.0029938644729554653 0.003489624010398984 -0.008623557165265083 -0.9999522566795349
1755701125.886678 2.6051182746887207 6.344388961791992 -15.700328826904297 0.002248345408588648 -0.0009733613696880639 -0.009097529575228691 -0.9999556541442871
1755701126.084537 2.621452808380127 6.211076736450195 -15.333456993103027 -0.0022457754239439964 -0.0003794773365370929 -0.008402690291404724 -0.9999620914459229
1755701126.414304 2.656723737716675 6.001214981079102 -14.718897819519043 -0.005421963520348072 -0.0013042212231084704 -0.01169714517891407 -0.9999160170555115
1755701126.744089 2.68402361869812 5.795781135559082 -14.084067344665527 -2.2725229428033344e-05 -0.005410642363131046 -0.012941083870828152 -0.9999016523361206
1755701127.073842 2.7235169410705566 5.5875935554504395 -13.455652236938477 0.0022359262220561504 -0.00829556118696928 -0.0160326287150383 -0.9998345971107483
1755701127.337648 2.7559123039245605 5.424307346343994 -12.956982612609863 0.004377495497465134 -0.01377686858177185 -0.017012178897857666 -0.9997508525848389
1755701127.73335 2.807105302810669 5.163896083831787 -12.225434303283691 -0.0009789209580048919 -0.018384313210844994 -0.018940674141049385 -0.9996511340141296
1755701128.129106 2.865269660949707 4.920256614685059 -11.47093677520752 5.807632624055259e-05 -0.0213436521589756 -0.01811056211590767 -0.9996081590652466
1755701128.392887 2.898965835571289 4.764546871185303 -10.976211547851562 0.0022472823038697243 -0.02362114004790783 -0.018311474472284317 -0.9995507597923279
1755701128.788606 2.9646592140197754 4.569389820098877 -10.341989517211914 0.014226163737475872 -0.0278707817196846 -0.022435979917645454 -0.9992585182189941
1755701129.580085 3.036151170730591 4.320839881896973 -9.650954246520996 9.620311902835965e-05 -0.02833966352045536 -0.02422470785677433 -0.9993047714233398
1755701130.437579 3.1413040161132812 4.065742015838623 -8.905267715454102 -0.002332147443667054 -0.04008922353386879 -0.029159637168049812 -0.9987679123878479
1755701131.294809 3.2708544731140137 3.8287601470947266 -8.140371322631836 0.00459433626383543 -0.05077667906880379 -0.035582493990659714 -0.9980654120445251
1755701132.086252 3.4137184619903564 3.5927162170410156 -7.422461032867432 0.0006074487464502454 -0.05887327715754509 -0.04009351134300232 -0.997459888458252
1755701132.745775 3.526963949203491 3.3984873294830322 -6.841180324554443 0.0010408518137410283 -0.06326297670602798 -0.04255169630050659 -0.9970887899398804
1755701133.537207 3.6621389389038086 3.1654410362243652 -6.13566780090332 -0.001434924197383225 -0.0686260536313057 -0.04397517442703247 -0.9966717958450317
1755701134.26278 3.805393934249878 2.9499263763427734 -5.498534202575684 -0.004262231756001711 -0.07210133224725723 -0.04444102197885513 -0.9963976144790649
1755701135.252026 3.8923559188842773 2.7089438438415527 -4.782551288604736 -0.0035482156090438366 -0.03756570816040039 -0.031051935628056526 -0.9988052845001221
1755701136.439132 3.8979249000549316 2.4606285095214844 -4.084629535675049 -0.003877120791003108 0.009587722830474377 -0.014904847368597984 -0.9998354911804199
1755701137.362473 3.8581526279449463 2.2108418941497803 -3.3735413551330566 -0.0045703803189098835 0.033238399773836136 -0.008626892231404781 -0.9993998408317566
1755701138.153944 3.8051505088806152 1.942415714263916 -2.6235694885253906 -0.006145811639726162 0.04765065759420395 -0.0056013185530900955 -0.9988294839859009
1755701138.813445 3.752117156982422 1.7160040140151978 -2.00075101852417 -0.008163109421730042 0.05217745155096054 -0.004554344806820154 -0.9985941648483276
1755701139.538927 3.702601671218872 1.4813554286956787 -1.3071856498718262 -0.0029645811300724745 0.050530582666397095 -0.006278725806623697 -0.9986984133720398
1755701140.396316 3.6558876037597656 1.201585054397583 -0.5534566640853882 -0.006379575934261084 0.04388459026813507 -0.008260564878582954 -0.9989821314811707
1755701141.253701 3.6503078937530518 0.9616323113441467 0.11562896519899368 -0.009365255013108253 0.02136252261698246 -0.013768178410828114 -0.9996331930160522
1755701142.111084 3.656428813934326 0.6797236800193787 0.8968998789787292 -0.008764819242060184 0.00819391943514347 -0.01676863245666027 -0.9997873902320862
1755701142.968467 3.6366546154022217 0.40504103899002075 1.6637458801269531 -0.00757044181227684 0.027182966470718384 -0.005523708648979664 -0.9995865821838379
1755701143.759913 3.600623607635498 0.16669560968875885 2.3119044303894043 -0.008819440379738808 0.031051885336637497 -0.001262576668523252 -0.9994780421257019
1755701144.485406 3.5450093746185303 -0.08058571070432663 3.0023162364959717 -0.009776215068995953 0.0420210026204586 0.0048067327588796616 -0.9990573525428772
1755701145.144914 3.491816759109497 -0.304932177066803 3.6165332794189453 -0.010552515275776386 0.04244827851653099 0.0068638017401099205 -0.9990193843841553
1755701145.870407 3.468097448348999 -0.5562090873718262 4.29814338684082 -0.013770443387329578 0.02394530177116394 0.002833681646734476 -0.999614417552948
1755701146.266114 3.456000328063965 -0.6767532825469971 4.6628098487854 -0.0012386313173919916 0.026772277429699898 0.0025414363481104374 -0.9996376037597656
1755701146.529924 3.444028615951538 -0.7203750610351562 4.758047103881836 -0.004866981413215399 0.02784810960292816 0.004131757188588381 -0.9995918273925781
