1736528533.837723 -0.0 -0.0 -0.0 -0.0 -0.0 -0.0 1.0
1736528551.639569 -0.00018335803179070354 -0.06230509281158447 0.18172451853752136 0.0005723815993405879 -0.0006967537337914109 -0.001360324677079916 0.9999987483024597
1736528553.303926 0.016846278682351112 -0.28794315457344055 0.8583768606185913 0.0005027660517953336 0.00034637333010323346 0.0004515410400927067 0.9999997615814209
1736528554.503735 0.026644151657819748 -0.5747280716896057 1.6512420177459717 0.009399043396115303 -0.001009785570204258 -0.00011860060476465151 0.9999553561210632
1736528555.770423 0.029268281534314156 -0.8851711750030518 2.508466958999634 0.01296776719391346 -0.0013985543046146631 -0.004966285079717636 0.999902606010437
1736528556.83685 0.0307590551674366 -1.1431095600128174 3.20662784576416 0.013042649254202843 -0.0021205798257142305 -0.007127231452614069 0.9998873472213745
1736528558.238099 0.02923940308392048 -1.4504926204681396 4.055131912231445 0.016593854874372482 -0.003688267432153225 -0.007861124351620674 0.9998246431350708
1736528559.5701 0.026229210197925568 -1.7463501691818237 4.861725807189941 0.01803780347108841 -0.00469882320612669 -0.008781451731920242 0.9997877478599548
1736528560.636908 0.024377668276429176 -1.9863160848617554 5.529368877410889 0.01689065992832184 -0.005142749287188053 -0.008979851379990578 0.9998037815093994
1736528561.97023 0.028040394186973572 -2.275237798690796 6.292706489562988 0.0216579157859087 -0.008823326788842678 -0.010828682221472263 0.9996678829193115
1736528563.370375 0.020323719829320908 -2.6009035110473633 7.13766622543335 0.024177612736821175 -0.00969298742711544 -0.013495278544723988 0.9995695948600769
1736528564.503495 0.01299324817955494 -2.893498420715332 7.890018939971924 0.023458685725927353 -0.011095746420323849 -0.01437153946608305 0.9995599389076233
1736528565.636922 -0.005842957179993391 -3.1730480194091797 8.639143943786621 0.02085801213979721 -0.01219639927148819 -0.015945035964250565 0.9995808601379395
1736528567.703456 -0.1768837720155716 -3.4805524349212646 9.448735237121582 0.018862588331103325 -0.08752881735563278 -0.04270360246300697 0.9950675368309021
1736528568.970119 -0.3556308150291443 -3.8093574047088623 10.300515174865723 0.021383749321103096 -0.1016659066081047 -0.04260540381073952 0.9936758279800415
1736528570.170096 -0.5476234555244446 -4.121120452880859 11.110830307006836 0.021189462393522263 -0.11355403810739517 -0.04299682006239891 0.992374837398529
1736528571.103264 -0.7091783881187439 -4.351685523986816 11.750513076782227 0.01874474436044693 -0.12488852441310883 -0.04298567771911621 0.9910619258880615
1736528572.303269 -0.9478774666786194 -4.642005920410156 12.52812671661377 0.024320252239704132 -0.14203496277332306 -0.050266049802303314 0.9882854223251343
1736528573.369908 -1.1839573383331299 -4.9129319190979 13.21827507019043 0.024915101006627083 -0.15919707715511322 -0.05184692516922951 0.9855695962905884
1736528574.503186 -1.4771921634674072 -5.195525646209717 13.90373706817627 0.03088974393904209 -0.1848464161157608 -0.060979243367910385 0.980387270450592
1736528575.569835 -1.7973272800445557 -5.462882041931152 14.553337097167969 0.03028736636042595 -0.20837067067623138 -0.07114627212285995 0.9749885201454163
1736528576.903153 -2.2593259811401367 -5.7478132247924805 15.083137512207031 0.06755195558071136 -0.29142242670059204 -0.11488882452249527 0.9472646713256836
1736528578.036429 -2.757847547531128 -5.832125663757324 15.256370544433594 0.060678958892822266 -0.39191415905952454 -0.1731673628091812 0.9015178680419922
1736528579.169884 -3.4736998081207275 -5.974961280822754 15.619396209716797 0.04886136204004288 -0.46334657073020935 -0.2091129869222641 0.8597640991210938
1736528579.969732 -4.008906841278076 -6.0474748611450195 15.75655746459961 0.05416541546583176 -0.5317022204399109 -0.22830678522586823 0.8137782216072083
1736528580.703046 -4.520438194274902 -6.073149681091309 15.79651165008545 0.054974548518657684 -0.5939334034919739 -0.24940240383148193 0.7629019021987915
1736528581.703078 -5.233980178833008 -6.030952453613281 15.727083206176758 0.05055271089076996 -0.6705830693244934 -0.28210294246673584 0.6842373013496399
1736528582.836281 -6.046186447143555 -5.937652111053467 15.56515121459961 0.02013830468058586 -0.7334285974502563 -0.29202234745025635 0.6135144233703613
1736528583.969579 -6.820850372314453 -5.874500274658203 15.362677574157715 0.021113865077495575 -0.7565491199493408 -0.2755654752254486 0.5926645994186401
1736528585.169438 -7.646699905395508 -5.777751922607422 15.107215881347656 0.019487114623188972 -0.7687808871269226 -0.2784772217273712 0.5753666162490845
1736528586.236202 -8.384078025817871 -5.690331935882568 14.874518394470215 0.018799660727381706 -0.7698830962181091 -0.2806272506713867 0.5728655457496643
1736528587.302829 -9.108819961547852 -5.61819314956665 14.648822784423828 0.023886404931545258 -0.7683172225952148 -0.27643054723739624 0.5768052339553833
1736528588.2361 -9.8289155960083 -5.534424781799316 14.410944938659668 0.025257650762796402 -0.7698990106582642 -0.2787659764289856 0.5735042095184326
1736528589.169921 -10.615691184997559 -5.456758499145508 14.158151626586914 0.03110845386981964 -0.7757394909858704 -0.2740529477596283 0.5675875544548035
1736528589.836119 -11.161163330078125 -5.415464878082275 13.972623825073242 0.03464435040950775 -0.7806479930877686 -0.26662951707839966 0.5641784071922302
1736528590.902716 -11.900431632995605 -5.344243049621582 13.667917251586914 0.035026948899030685 -0.7990344166755676 -0.27155429124832153 0.5353274345397949
1736528592.102723 -12.434377670288086 -5.216384410858154 13.233800888061523 0.03410396724939346 -0.8517749309539795 -0.2858719229698181 0.43771424889564514
1736528593.836016 -13.365205764770508 -5.001760482788086 12.516127586364746 0.032299384474754333 -0.8600190281867981 -0.2931254804134369 0.41641515493392944
1736528595.835941 -14.228769302368164 -4.727123260498047 11.616575241088867 0.03589045628905296 -0.8914730548858643 -0.2954084575176239 0.3416455090045929
1736528597.502744 -14.902809143066406 -4.50177001953125 10.780327796936035 0.038757555186748505 -0.9014356732368469 -0.29191508889198303 0.31732815504074097
1736528599.302657 -15.603532791137695 -4.225378036499023 9.844321250915527 0.03852529078722 -0.9069869518280029 -0.2955656349658966 0.2975423336029053
1736528600.902521 -16.193952560424805 -3.9739556312561035 8.977486610412598 0.03766440227627754 -0.9114867448806763 -0.2948863208293915 0.2842804491519928
1736528602.302392 -16.702238082885742 -3.7578859329223633 8.235517501831055 0.03686490282416344 -0.9134002327919006 -0.29769250750541687 0.2751728892326355
1736528603.835737 -17.25843048095703 -3.5167734622955322 7.411440372467041 0.038233060389757156 -0.9076963067054749 -0.2982582449913025 0.2926904559135437
1736528605.435685 -17.998699188232422 -3.32249116897583 6.684342384338379 0.03598649799823761 -0.8757621049880981 -0.2817682921886444 0.3903234601020813
1736528607.035628 -18.85725975036621 -3.195343494415283 6.11857795715332 0.03857967257499695 -0.8441019058227539 -0.26969873905181885 0.46180760860443115
1736528608.368983 -19.632110595703125 -3.0869197845458984 5.6440887451171875 0.03603477030992508 -0.8370872735977173 -0.2659231424331665 0.4767298102378845
1736528609.435525 -20.214221954345703 -3.0076518058776855 5.271448135375977 0.03604539856314659 -0.8421669602394104 -0.2678626775741577 0.46658894419670105
1736528611.368785 -20.96956443786621 -2.8169503211975098 4.533447265625 0.03931911289691925 -0.8800389766693115 -0.2870151996612549 0.37630799412727356
1736528613.301926 -21.82457733154297 -2.5816946029663086 3.626300811767578 0.05029471963644028 -0.8866997361183167 -0.28662970662117004 0.3592735230922699
1736528615.302244 -22.77658462524414 -2.272695541381836 2.5356273651123047 0.06549682468175888 -0.8896930813789368 -0.3027191460132599 0.3354363739490509
1736528617.302014 -23.727283477783203 -1.9524545669555664 1.4183120727539062 0.06560061872005463 -0.8968283534049988 -0.30682721734046936 0.31185346841812134
1736528618.635306 -24.388103485107422 -1.6702752113342285 0.44226646423339844 0.05939218029379845 -0.9102181792259216 -0.3070605993270874 0.2714577615261078
1736528619.301775 -24.676013946533203 -1.5191650390625 -0.057704925537109375 0.05535051226615906 -0.915066123008728 -0.3080978989601135 0.25429514050483704
1736528620.235243 -25.083717346191406 -1.2970609664916992 -0.7630329132080078 0.043319836258888245 -0.9176524877548218 -0.31024664640426636 0.24450847506523132
1736528621.101924 -25.455936431884766 -1.0947694778442383 -1.4257087707519531 0.03888549283146858 -0.9201193451881409 -0.3081461787223816 0.23856696486473083
1736528621.901713 -25.785884857177734 -0.8947525024414062 -2.047727584838867 0.03483794629573822 -0.9206632971763611 -0.31079429388046265 0.2336074858903885
1736528622.835198 -26.150348663330078 -0.6689023971557617 -2.7590980529785156 0.03278670459985733 -0.9219325184822083 -0.31081467866897583 0.22882245481014252
1736528623.835148 -26.525047302246094 -0.4323592185974121 -3.5053634643554688 0.03288137912750244 -0.9234331846237183 -0.30958837270736694 0.22437724471092224
1736528624.568491 -26.794057846069336 -0.2624211311340332 -4.054967880249023 0.0337386354804039 -0.9245153069496155 -0.3082965910434723 0.22155453264713287
1736528625.568423 -27.17539405822754 -0.023817062377929688 -4.799699783325195 0.03289579600095749 -0.9234716296195984 -0.30740445852279663 0.22720174491405487
1736528626.501713 -27.61038589477539 0.16594886779785156 -5.453516006469727 0.03406001999974251 -0.9089738726615906 -0.30004820227622986 0.28736308217048645
1736528627.768796 -28.244869232177734 0.41971683502197266 -6.280595779418945 0.03256337717175484 -0.897700309753418 -0.295364648103714 0.3253207802772522
1736528628.836466 -28.899858474731445 0.5734519958496094 -6.869972229003906 0.031978022307157516 -0.8723400235176086 -0.28131479024887085 0.3985752761363983
1736528630.634791 -30.011863708496094 0.8164243698120117 -7.797992706298828 0.030354738235473633 -0.8644795417785645 -0.28029975295066833 0.4161560833454132
1736528633.635062 -31.68902587890625 1.129572868347168 -9.064212799072266 0.029892873018980026 -0.8574295043945312 -0.2777208685874939 0.4321945607662201
1736528636.034624 -32.77582931518555 1.360630989074707 -9.96435546875 0.032509945333004 -0.8692769408226013 -0.28334924578666687 0.40374991297721863
1736528638.96791 -33.804527282714844 1.6520757675170898 -10.955081939697266 0.03323537856340408 -0.8841718435287476 -0.29272347688674927 0.3625584542751312
1736528641.834469 -34.53097915649414 1.9794301986694336 -12.032783508300781 0.032960303127765656 -0.8996567726135254 -0.2978978753089905 0.3174716532230377
1736528643.034636 -35.03187561035156 2.1653099060058594 -12.675769805908203 0.03161722421646118 -0.9031174182891846 -0.29692327976226807 0.30857065320014954
1736528644.367955 -35.597572326660156 2.36637020111084 -13.353275299072266 0.031360600143671036 -0.8951976895332336 -0.2943607568740845 0.333150714635849
1736528645.901336 -36.29161834716797 2.556473731994629 -14.03432846069336 0.031183704733848572 -0.8745110034942627 -0.28494325280189514 0.3912358283996582
1736528648.167768 -37.31800079345703 2.7657737731933594 -14.821372985839844 0.03350633755326271 -0.8589254021644592 -0.27921003103256226 0.4279792308807373
1736528651.301058 -38.31060028076172 2.9667491912841797 -15.566902160644531 0.03203955292701721 -0.8529425859451294 -0.27755245566368103 0.4409389793872833
1736528654.900971 -39.76759338378906 3.218629837036133 -16.564167022705078 0.030382046476006508 -0.8480395674705505 -0.27672910690307617 0.4509177803993225
1736528656.967556 -40.626792907714844 3.3569908142089844 -17.126388549804688 0.029521862044930458 -0.8467355966567993 -0.2762300968170166 0.4537228047847748
1736528659.034203 -41.47234344482422 3.4892120361328125 -17.679752349853516 0.026883533224463463 -0.8469026684761047 -0.27456456422805786 0.4545850455760956
1736528661.767255 -42.49799728393555 3.6553878784179688 -18.360942840576172 0.026040036231279373 -0.8463748693466187 -0.2714342176914215 0.45748770236968994
1736528665.433996 -43.745704650878906 3.848400115966797 -19.146934509277344 0.0200272798538208 -0.8436873555183411 -0.2683888375759125 0.46449771523475647
1736528670.167339 -46.10530471801758 4.1197967529296875 -20.43738555908203 0.01668490841984749 -0.8431298732757568 -0.2666836977005005 0.4666191339492798
1736528671.367236 -46.861446380615234 4.23936653137207 -20.924823760986328 0.014141649007797241 -0.8473026752471924 -0.2674945890903473 0.4586119055747986
1736528673.03382 -47.8098030090332 4.407382965087891 -21.602622985839844 0.01427474431693554 -0.858826220035553 -0.2742825448513031 0.43241509795188904
1736528674.433773 -48.59022903442383 4.566753387451172 -22.186790466308594 0.013904348947107792 -0.8621563911437988 -0.2749769985675812 0.42530056834220886
1736528676.035271 -49.36674118041992 4.742574691772461 -22.780967712402344 0.005655554123222828 -0.862372636795044 -0.2839355766773224 0.41912055015563965
1736528677.43915 -50.03094482421875 4.897809982299805 -23.316173553466797 0.008336273021996021 -0.8651522397994995 -0.2809937000274658 0.4153127074241638
1736528679.168278 -50.88618469238281 5.096855163574219 -24.003856658935547 0.006060206331312656 -0.8688070178031921 -0.2780272364616394 0.4096810221672058
1736528680.566883 -51.56452941894531 5.247663497924805 -24.5653076171875 0.008267241530120373 -0.8727090954780579 -0.2730826735496521 0.40464362502098083
1736528682.234609 -52.322425842285156 5.426523208618164 -25.225669860839844 0.01094091311097145 -0.8747110962867737 -0.27270740270614624 0.40048906207084656
1736528683.23347 -52.79354476928711 5.5275115966796875 -25.637252807617188 0.012806757353246212 -0.8770660758018494 -0.271670937538147 0.39596208930015564
1736528688.566699 -53.626670837402344 5.736211776733398 -26.40345001220703 0.014312731102108955 -0.8761793375015259 -0.276961088180542 0.39420488476753235
1736528692.166742 -54.64664840698242 5.983255386352539 -27.331871032714844 0.02016802318394184 -0.8766553401947021 -0.2772243022918701 0.39270272850990295
1736528698.16641 -55.26338195800781 6.13401985168457 -27.867660522460938 0.020062731578946114 -0.875861406326294 -0.28069815039634705 0.39201128482818604
1736528749.765087 -56.37175750732422 6.41905403137207 -28.8487548828125 0.018364302814006805 -0.8816744685173035 -0.29025015234947205 0.3715746998786926
1736528751.764887 -57.17201232910156 6.699197769165039 -29.776046752929688 0.02110925316810608 -0.8970717191696167 -0.2960939407348633 0.32733026146888733
1736528753.498008 -57.89318084716797 6.982542037963867 -30.670494079589844 0.016000399366021156 -0.9037030935287476 -0.3057965636253357 0.29925447702407837
1736528755.031491 -58.361385345458984 7.250385284423828 -31.508338928222656 0.018971575424075127 -0.9213294982910156 -0.3062560260295868 0.23874527215957642
1736528756.364612 -58.779361724853516 7.493839263916016 -32.28144073486328 0.02066490612924099 -0.9242092370986938 -0.3073386251926422 0.22572828829288483
1736528757.364735 -59.093833923339844 7.685756683349609 -32.880149841308594 0.017594458535313606 -0.9259494543075562 -0.30872318148612976 0.21679039299488068
1736528758.698061 -59.491615295410156 7.957986831665039 -33.69731140136719 0.016996759921312332 -0.9279795289039612 -0.3106917440891266 0.20502620935440063
1736528759.697838 -59.77191925048828 8.167625427246094 -34.34507751464844 0.013845655135810375 -0.9308081865310669 -0.3133571743965149 0.18764808773994446
1736528760.831309 -60.08945083618164 8.426664352416992 -35.06696319580078 0.009386800229549408 -0.9316532015800476 -0.316489577293396 0.17823746800422668
1736528761.964667 -60.38861083984375 8.6806640625 -35.79820251464844 0.005768633913248777 -0.9322395920753479 -0.3180760145187378 0.1724056899547577
1736528763.031265 -60.66804504394531 8.915338516235352 -36.49436950683594 0.004646857734769583 -0.9337767362594604 -0.3172059953212738 0.1655896157026291
1736528764.031236 -60.912776947021484 9.146947860717773 -37.15936279296875 0.001558670774102211 -0.935187816619873 -0.3193986713886261 0.15298980474472046
1736528765.297711 -61.15255355834961 9.449838638305664 -37.984798431396484 -0.003856951603665948 -0.9376292824745178 -0.3283710479736328 0.11405707150697708
1736528766.497837 -61.269779205322266 9.747299194335938 -38.79072952270508 -0.0015141487820073962 -0.943424642086029 -0.3265306055545807 0.05766746774315834
1736528767.697928 -61.17523193359375 9.986021995544434 -39.50978088378906 0.0032809453550726175 -0.9484343528747559 -0.3133755624294281 -0.047509875148534775
1736528768.831071 -61.03369140625 10.247306823730469 -40.248680114746094 0.005710004363209009 -0.945258378982544 -0.3136066496372223 -0.09002716094255447
1736528770.097751 -60.772254943847656 10.52003002166748 -41.04384994506836 0.008885450661182404 -0.9359400272369385 -0.3144891560077667 -0.15822118520736694
1736528771.164186 -60.47607421875 10.745071411132812 -41.681617736816406 0.00484258821234107 -0.924570620059967 -0.31319594383239746 -0.2169197052717209
1736528772.164325 -60.157936096191406 10.964200973510742 -42.28553009033203 0.0009753915946930647 -0.9158270359039307 -0.31627345085144043 -0.2474489063024521
1736528773.297644 -59.77147674560547 11.185525894165039 -42.91703796386719 -0.0031330538913607597 -0.9103559851646423 -0.3167293071746826 -0.2663167715072632
1736528775.497567 -59.36469268798828 11.41758918762207 -43.540687561035156 -0.005024636629968882 -0.9052676558494568 -0.3148033916950226 -0.2852438986301422
1736528777.8976 -58.876686096191406 11.701632499694824 -44.23456573486328 -0.00478389672935009 -0.897692084312439 -0.3221161663532257 -0.3006114065647125
1736528780.230771 -58.35179138183594 11.97199535369873 -44.92023468017578 -0.008428202010691166 -0.8914041519165039 -0.32506313920021057 -0.31569215655326843
1736528781.964164 -57.904640197753906 12.196727752685547 -45.48760986328125 -0.009607288055121899 -0.8888381123542786 -0.3218514621257782 -0.32601580023765564
1736528783.164133 -57.465301513671875 12.408921241760254 -46.030487060546875 -0.008908422663807869 -0.8862668871879578 -0.3216039538383484 -0.3332005739212036
1736528784.564001 -56.97767639160156 12.647701263427734 -46.615562438964844 -0.010980511084198952 -0.8820510506629944 -0.32493898272514343 -0.34099870920181274
1736528786.097297 -56.42487335205078 12.898529052734375 -47.247108459472656 -0.017515599727630615 -0.8807045221328735 -0.3240220546722412 -0.34505441784858704
1736528787.630602 -55.92296600341797 13.130711555480957 -47.830116271972656 -0.017994428053498268 -0.880886435508728 -0.3220049738883972 -0.3464508652687073
1736528789.163898 -55.38743591308594 13.365394592285156 -48.44918441772461 -0.01739088073372841 -0.8803966045379639 -0.31890392303466797 -0.35057052969932556
1736528790.301108 -54.94586181640625 13.561720848083496 -48.95318603515625 -0.015830691903829575 -0.8797776699066162 -0.31904077529907227 -0.35207056999206543
1736528791.363621 -54.45579528808594 13.761323928833008 -49.48615264892578 -0.016755083575844765 -0.8775169849395752 -0.31715333461761475 -0.3593006730079651
1736528792.497631 -53.86482238769531 13.95251750946045 -49.973941802978516 -0.01748323254287243 -0.847808301448822 -0.3103344142436981 -0.429660439491272
1736528793.565103 -53.28414535522461 14.08548355102539 -50.31349182128906 -0.017674051225185394 -0.8221224546432495 -0.30139651894569397 -0.48266178369522095
1736528794.56368 -52.67942810058594 14.1763916015625 -50.55393981933594 -0.01890801265835762 -0.7914353609085083 -0.288610577583313 -0.5384947061538696
1736528795.697002 -51.929412841796875 14.250336647033691 -50.774559020996094 -0.020884031429886818 -0.7572070956230164 -0.27253958582878113 -0.5932313799858093
1736528796.830124 -51.18142318725586 14.282642364501953 -50.8566780090332 -0.015437007881700993 -0.7095836400985718 -0.25902634859085083 -0.6551016569137573
1736528797.963603 -50.405052185058594 14.338423728942871 -50.94335174560547 -0.010899377055466175 -0.7092383503913879 -0.2617342174053192 -0.6544902324676514
1736528798.896919 -49.811546325683594 14.432525634765625 -51.17662811279297 -0.006634395569562912 -0.7636448740959167 -0.2748714089393616 -0.5841646790504456
1736528799.763503 -49.07093811035156 14.554434776306152 -51.43207931518555 0.00016666010196786374 -0.7788223624229431 -0.2812790274620056 -0.5606405735015869
1736528800.696852 -48.34132385253906 14.726595878601074 -51.82284164428711 0.00607918668538332 -0.8150585293769836 -0.29506948590278625 -0.4985746145248413
1736528801.430701 -47.795310974121094 14.869100570678711 -52.16728210449219 0.007746048737317324 -0.8316535353660583 -0.2965371012687683 -0.4694233238697052
1736528802.363501 -47.152671813964844 15.07118034362793 -52.66046905517578 0.007155623286962509 -0.8493645191192627 -0.2995506525039673 -0.43450915813446045
1736528803.096647 -46.589698791503906 15.267518997192383 -53.13401412963867 0.007229848299175501 -0.8549410700798035 -0.3045806884765625 -0.41982635855674744
1736528803.630099 -46.11820983886719 15.434184074401855 -53.537166595458984 0.008409260772168636 -0.8579787611961365 -0.3057347536087036 -0.4127082824707031
1736528804.296789 -45.570274353027344 15.629426002502441 -54.020877838134766 0.008293922059237957 -0.8621951341629028 -0.30469605326652527 -0.4046124219894409
1736528804.963451 -45.038307189941406 15.835736274719238 -54.52089309692383 0.008443047292530537 -0.8645259141921997 -0.309515118598938 -0.39588379859924316
1736528805.630059 -44.51502227783203 16.045215606689453 -55.02511978149414 0.009092488326132298 -0.8649289011955261 -0.3145703971385956 -0.3909742534160614
1736528806.363529 -43.90904235839844 16.27935028076172 -55.5943717956543 0.007885295897722244 -0.8644927740097046 -0.31225287914276123 -0.393812358379364
1736528806.896731 -43.412384033203125 16.452320098876953 -55.99534225463867 0.004895396996289492 -0.8540505170822144 -0.3112141489982605 -0.41679686307907104
1736528807.430154 -42.868675231933594 16.635244369506836 -56.446449279785156 0.0054096351377666 -0.8558170199394226 -0.3109913468360901 -0.4133187532424927
1736528808.030054 -42.31354522705078 16.84075927734375 -56.93679428100586 0.0029305957723408937 -0.8570464253425598 -0.3130522072315216 -0.40922027826309204
1736528808.563319 -41.77320861816406 17.03607749938965 -57.40198516845703 0.001738686696626246 -0.8571934103965759 -0.31370875239372253 -0.40841564536094666
1736528809.296635 -41.14305877685547 17.272523880004883 -57.97404479980469 -0.0003563310019671917 -0.8587686419487 -0.3135247230529785 -0.40523892641067505
1736528809.697118 -40.74681854248047 17.426210403442383 -58.32368469238281 0.00020010424486827105 -0.8580960631370544 -0.3159942924976349 -0.4047452509403229
1736528810.429926 -40.05664825439453 17.703554153442383 -58.95029067993164 0.0014466532738879323 -0.8571889400482178 -0.32098665833473206 -0.40273159742355347
1736528810.82989 -39.61900329589844 17.876615524291992 -59.350914001464844 -0.00047166121657937765 -0.8576160669326782 -0.32017555832862854 -0.4024699032306671
1736528811.22971 -39.15568542480469 18.06631851196289 -59.76447296142578 -0.0014693522825837135 -0.8561747074127197 -0.32518938183784485 -0.40151527523994446
1736528811.629749 -38.702178955078125 18.244739532470703 -60.17467498779297 -0.0036824792623519897 -0.8572403192520142 -0.323994517326355 -0.4001912474632263
1736528812.096536 -38.171974182128906 18.439300537109375 -60.636688232421875 -0.002696646610274911 -0.8561925888061523 -0.32030466198921204 -0.4053787291049957
1736528812.563434 -37.60020446777344 18.63549041748047 -61.08082962036133 -0.00045321526704356074 -0.8458631634712219 -0.3153899610042572 -0.430168092250824
1736528812.896592 -37.15618896484375 18.759662628173828 -61.37410354614258 0.0010510408319532871 -0.834851086139679 -0.30807143449783325 -0.456195592880249
1736528813.430159 -36.44465637207031 18.93706512451172 -61.80923843383789 0.0015770773170515895 -0.8260794281959534 -0.30103516578674316 -0.47641175985336304
1736528813.831097 -35.895599365234375 19.08765983581543 -62.13655090332031 0.00250129378400743 -0.8209688663482666 -0.30326947569847107 -0.483768105506897
1736528814.163007 -35.42433166503906 19.196483612060547 -62.402523040771484 0.0030168264638632536 -0.8177969455718994 -0.29744458198547363 -0.49267205595970154
1736528814.629663 -34.744834899902344 19.351383209228516 -62.74557113647461 0.007697339169681072 -0.8074826598167419 -0.2932359278202057 -0.5117864012718201
1736528815.096499 -34.04541015625 19.487388610839844 -63.01563262939453 0.010879779234528542 -0.777191698551178 -0.2876271605491638 -0.5595760345458984
1736528815.49644 -33.44357681274414 19.568805694580078 -63.1604118347168 0.01095136720687151 -0.7390120625495911 -0.27768710255622864 -0.6137028336524963
1736528816.09643 -32.631168365478516 19.647552490234375 -63.25658416748047 0.012899262830615044 -0.7059466242790222 -0.26677626371383667 -0.6559752225875854
1736528817.296223 -31.789897918701172 19.69134521484375 -63.272918701171875 0.013843799941241741 -0.6716181635856628 -0.24956467747688293 -0.6974632740020752
1736528818.429763 -31.01146125793457 19.708431243896484 -63.196571350097656 0.014881881885230541 -0.6324396133422852 -0.23436127603054047 -0.7381555438041687
1736528819.629681 -30.21560287475586 19.700050354003906 -63.04252624511719 0.014032856561243534 -0.5863946676254272 -0.2202746570110321 -0.7793737649917603
1736528820.829628 -29.441648483276367 19.628536224365234 -62.787315368652344 0.001834021764807403 -0.5455636978149414 -0.20152747631072998 -0.8134762644767761
1736528822.029607 -28.649120330810547 19.54060935974121 -62.52992630004883 -0.010661290027201176 -0.5301454067230225 -0.19357070326805115 -0.8254469037055969
1736528823.229418 -27.843446731567383 19.434810638427734 -62.219642639160156 -0.005167685449123383 -0.5161731243133545 -0.19176632165908813 -0.8347241282463074
1736528824.496201 -26.977834701538086 19.3404541015625 -61.86090087890625 0.0004281679866835475 -0.502427339553833 -0.190543994307518 -0.8433620929718018
1736528825.562639 -26.238637924194336 19.261436462402344 -61.50019836425781 0.00975067913532257 -0.4742065966129303 -0.18829451501369476 -0.8599873781204224
1736528826.829468 -25.448028564453125 19.13785171508789 -61.04950714111328 0.005674992222338915 -0.44835904240608215 -0.18062719702720642 -0.8753945827484131
1736528827.829448 -24.80217742919922 19.04010581970215 -60.63372802734375 0.012690132483839989 -0.4292546212673187 -0.17944632470607758 -0.885086715221405
1736528829.095903 -24.04362678527832 18.90789031982422 -60.117347717285156 0.0025090754497796297 -0.41110309958457947 -0.17333254218101501 -0.8949546813964844
1736528829.829382 -23.68416404724121 18.811216354370117 -59.775489807128906 -1.3305423635756597e-05 -0.34613582491874695 -0.15425166487693787 -0.9254169464111328
1736528830.962694 -23.360485076904297 18.611675262451172 -59.16865921020508 -0.004781393334269524 -0.2213241010904312 -0.10844774544239044 -0.9691397547721863
1736528832.095816 -23.062328338623047 18.379377365112305 -58.441715240478516 0.0007733742822892964 -0.16326172649860382 -0.09084876626729965 -0.9823907613754272
1736528833.295962 -22.688322067260742 18.141597747802734 -57.66124725341797 0.003921284340322018 -0.167844757437706 -0.09678902477025986 -0.9810426831245422
1736528834.36243 -22.414949417114258 17.937795639038086 -57.017547607421875 0.002906851237639785 -0.16271643340587616 -0.09445523470640182 -0.9821370244026184
1736528835.429219 -22.071136474609375 17.74540901184082 -56.378387451171875 0.0055961813777685165 -0.19917550683021545 -0.10452712327241898 -0.9743571877479553
1736528836.562575 -21.687833786010742 17.57045555114746 -55.77922439575195 0.008560862392187119 -0.2180548459291458 -0.11282175779342651 -0.9693555235862732
1736528837.562353 -21.362464904785156 17.411775588989258 -55.2221794128418 0.011477985419332981 -0.21935148537158966 -0.11274463683366776 -0.9690417647361755
1736528838.629135 -21.018898010253906 17.22977066040039 -54.70869064331055 -0.00962489191442728 -0.22447937726974487 -0.12163066864013672 -0.966810405254364
1736528839.562457 -20.5429744720459 17.168981552124023 -54.4753532409668 -0.01915629953145981 -0.358437180519104 -0.17408272624015808 -0.9169793725013733
1736528840.162251 -20.12139892578125 17.270645141601562 -54.510765075683594 0.021459627896547318 -0.5193007588386536 -0.2223624438047409 -0.8248764872550964
1736528841.295774 -19.31525230407715 17.282329559326172 -54.350364685058594 0.02330559492111206 -0.5687713027000427 -0.22370263934135437 -0.7911468148231506
1736528842.429199 -18.495508193969727 17.267778396606445 -54.1214714050293 0.020081937313079834 -0.554248034954071 -0.21873484551906586 -0.8028454780578613
1736528843.295498 -17.97998046875 17.213764190673828 -53.815940856933594 0.020312348380684853 -0.4608810245990753 -0.19360080361366272 -0.8658492565155029
1736528844.362297 -17.4097843170166 17.100034713745117 -53.36254119873047 0.015041766688227654 -0.4082429111003876 -0.1732645332813263 -0.896153450012207
1736528845.695415 -16.718914031982422 17.01066780090332 -52.92964172363281 0.016754554584622383 -0.4209683835506439 -0.17539288103580475 -0.8897989392280579
1736528846.628902 -16.17084503173828 16.91678237915039 -52.52941131591797 0.014211633242666721 -0.40699854493141174 -0.1691330373287201 -0.8975211977958679
1736528847.495609 -15.65959358215332 16.83392906188965 -52.14076232910156 0.01793684996664524 -0.40369749069213867 -0.16865576803684235 -0.8990338444709778
1736528848.428876 -15.069632530212402 16.746339797973633 -51.7465705871582 0.01747928559780121 -0.42435669898986816 -0.17381194233894348 -0.88848477602005
1736528849.49548 -14.348688125610352 16.680072784423828 -51.364952087402344 0.020589083433151245 -0.46632882952690125 -0.18658527731895447 -0.8644648790359497
1736528850.428816 -13.656220436096191 16.627717971801758 -51.054176330566406 0.018215833231806755 -0.49142351746559143 -0.19268110394477844 -0.8491437435150146
1736528851.362288 -12.806089401245117 16.56791114807129 -50.674957275390625 0.020664013922214508 -0.4952368438243866 -0.19502590596675873 -0.8463323712348938
1736528852.095254 -12.11557674407959 16.510128021240234 -50.32902145385742 0.02028641663491726 -0.48576661944389343 -0.19200821220874786 -0.8524975776672363
1736528852.828724 -11.327890396118164 16.429340362548828 -49.9345817565918 0.016943156719207764 -0.4710770845413208 -0.18622413277626038 -0.8620440363883972
1736528853.428732 -10.747624397277832 16.316246032714844 -49.475982666015625 0.013362552039325237 -0.39154529571533203 -0.15958458185195923 -0.9061161875724792
1736528854.162053 -10.0324068069458 16.196788787841797 -48.95466995239258 0.017212744802236557 -0.42073607444763184 -0.17048266530036926 -0.8908538818359375
1736528854.762138 -9.358794212341309 16.12458038330078 -48.604347229003906 0.016767634078860283 -0.46845778822898865 -0.1822173148393631 -0.8643280863761902
1736528855.428644 -8.577985763549805 16.068531036376953 -48.31494140625 0.01897519640624523 -0.5297891497612 -0.19966371357440948 -0.8240739703178406
1736528855.961996 -7.979457855224609 16.01183319091797 -48.05006790161133 0.01818257011473179 -0.4988463222980499 -0.18786098062992096 -0.8458901047706604
1736528856.495427 -7.435230255126953 15.931446075439453 -47.68914794921875 0.018938977271318436 -0.4428423047065735 -0.1691228151321411 -0.8803008198738098
1736528857.095312 -6.863701820373535 15.83642578125 -47.28529357910156 0.021062204614281654 -0.42409205436706543 -0.15913763642311096 -0.8912786245346069
1736528857.761761 -6.29297399520874 15.725919723510742 -46.87641525268555 0.018861869350075722 -0.4153256118297577 -0.15337741374969482 -0.8964509963989258
1736528858.361895 -5.770125389099121 15.62586784362793 -46.458927154541016 0.0199209563434124 -0.4002813994884491 -0.14683037996292114 -0.9043333530426025
1736528859.028576 -5.222744464874268 15.494146347045898 -45.990760803222656 0.017458351328969002 -0.38502007722854614 -0.14016911387443542 -0.912034809589386
1736528859.628579 -4.699685573577881 15.373573303222656 -45.53663635253906 0.018232181668281555 -0.3757965564727783 -0.13641169667243958 -0.9164259433746338
1736528860.295014 -4.105300426483154 15.218484878540039 -44.98820114135742 0.018185513094067574 -0.36610841751098633 -0.1320415586233139 -0.9209771752357483
1736528860.961845 -3.5573501586914062 15.07045841217041 -44.45826721191406 0.01784154586493969 -0.35421034693717957 -0.1295004040002823 -0.9259839653968811
1736528861.561885 -3.1280288696289062 14.924922943115234 -43.9293212890625 0.019677670672535896 -0.29290229082107544 -0.11068078130483627 -0.9495108723640442
1736528862.095179 -2.864807367324829 14.761839866638184 -43.36858367919922 0.017350245267152786 -0.20785307884216309 -0.08409113436937332 -0.9743843674659729
1736528862.695149 -2.398343086242676 14.577693939208984 -42.6744270324707 0.024105334654450417 -0.2691398859024048 -0.10769594460725784 -0.9567571878433228
1736528863.294996 -1.9170923233032227 14.430639266967773 -42.13064193725586 0.02165338210761547 -0.31588998436927795 -0.12200455367565155 -0.9406697750091553
1736528864.028408 -1.4086055755615234 14.275196075439453 -41.550567626953125 0.023770185187458992 -0.31451135873794556 -0.12039942294359207 -0.9412872195243835
1736528864.762784 -0.911231517791748 14.125129699707031 -40.94878387451172 0.027495117858052254 -0.3092331886291504 -0.11947968602180481 -0.9430501461029053
1736528865.628392 -0.37244415283203125 13.952349662780762 -40.311676025390625 0.022550642490386963 -0.3072286546230316 -0.11719699949026108 -0.9441222548484802
1736528866.228378 0.12276554107666016 13.796333312988281 -39.708744049072266 0.02414749562740326 -0.2977745234966278 -0.11824122071266174 -0.946977436542511
1736528866.761694 0.6160321235656738 13.625516891479492 -39.091705322265625 0.022205153480172157 -0.28435319662094116 -0.11658161133527756 -0.9513458609580994
1736528867.295029 1.0726571083068848 13.461624145507812 -38.49317932128906 0.01930851861834526 -0.2826322019100189 -0.11614178866147995 -0.9519755244255066
1736528867.894985 1.558624267578125 13.294204711914062 -37.859703063964844 0.019643371924757957 -0.2784419357776642 -0.11595428735017776 -0.9532255530357361
1736528868.561631 2.053863048553467 13.102042198181152 -37.184471130371094 0.015919554978609085 -0.2741447985172272 -0.1131940484046936 -0.9548708200454712
1736528869.028158 2.3898849487304688 12.952011108398438 -36.639957427978516 0.017385538667440414 -0.2426086813211441 -0.10336088389158249 -0.9644456505775452
1736528869.361434 2.54604434967041 12.831103324890137 -36.22584915161133 0.016268884763121605 -0.16603979468345642 -0.07858902961015701 -0.9828478097915649
1736528869.961579 2.7462375164031982 12.60467529296875 -35.45751953125 0.016741080209612846 -0.12059397995471954 -0.06014356389641762 -0.9907369613647461
1736528870.56267 3.193338394165039 12.404149055480957 -34.708980560302734 0.02015082538127899 -0.2535710632801056 -0.10004034638404846 -0.9619187116622925
1736528871.294902 3.617689609527588 12.22830581665039 -34.053428649902344 0.021901119500398636 -0.23083314299583435 -0.09452859312295914 -0.9681429862976074
1736528871.894698 3.7183337211608887 12.079025268554688 -33.535865783691406 0.023331156000494957 -0.10596943646669388 -0.05613578110933304 -0.9925094246864319
1736528872.694833 3.9710118770599365 11.847841262817383 -32.75518798828125 0.020778687670826912 -0.14131663739681244 -0.06492503732442856 -0.987614631652832
1736528873.294824 4.223808288574219 11.655412673950195 -32.07450866699219 0.021658487617969513 -0.1514381468296051 -0.06835871189832687 -0.9858623743057251
1736528873.894827 4.475118637084961 11.460868835449219 -31.375442504882812 0.021326350048184395 -0.1560613214969635 -0.06931042671203613 -0.9850817918777466
1736528874.494628 4.761148452758789 11.279606819152832 -30.702686309814453 0.02313443273305893 -0.17323996126651764 -0.07459219545125961 -0.9817784428596497
1736528875.161567 5.099945068359375 11.080020904541016 -29.997434616088867 0.021367376670241356 -0.1860053390264511 -0.07877884060144424 -0.9791523814201355
1736528876.961664 5.306204795837402 10.85114860534668 -29.197933197021484 0.020107345655560493 -0.1039276197552681 -0.05085267126560211 -0.9930804967880249
1736528877.761384 5.497884750366211 10.638569831848145 -28.45650863647461 0.021607639268040657 -0.1012084111571312 -0.049847379326820374 -0.9933807253837585
1736528878.42802 5.649420261383057 10.460254669189453 -27.827037811279297 0.021085279062390327 -0.09739892929792404 -0.04940921440720558 -0.9937945604324341
1736528879.361378 5.818308353424072 10.255577087402344 -27.111026763916016 0.022115249186754227 -0.09414630383253098 -0.04809696227312088 -0.9941499829292297
1736528880.82781 5.9371562004089355 10.029495239257812 -26.33912467956543 0.021438075229525566 -0.0510527566075325 -0.034072455018758774 -0.9978843927383423
1736528881.761262 6.000125885009766 9.787046432495117 -25.52052116394043 0.017815085127949715 -0.030435848981142044 -0.029133569449186325 -0.9989532828330994
1736528882.361257 6.050593852996826 9.58299732208252 -24.860708236694336 0.016212809830904007 -0.02456589974462986 -0.026774922385811806 -0.9992080330848694
1736528883.161068 6.110428333282471 9.31801700592041 -23.98348045349121 0.018114645034074783 -0.019151002168655396 -0.02571011520922184 -0.9993218779563904
1736528883.827719 6.14629602432251 9.099287033081055 -23.255510330200195 0.018646065145730972 -0.015240278095006943 -0.024278171360492706 -0.9994152188301086
1736528884.427863 6.186117172241211 8.898134231567383 -22.57410430908203 0.018331587314605713 -0.012829259037971497 -0.02328592911362648 -0.9994784593582153
1736528885.02784 6.223264694213867 8.695624351501465 -21.896127700805664 0.017676852643489838 -0.00816501583904028 -0.022963600233197212 -0.9995467066764832
1736528885.827815 6.259188175201416 8.437268257141113 -20.99420738220215 0.02041253261268139 -0.005592196714133024 -0.02071179822087288 -0.9995614886283875
1736528886.627679 6.325843811035156 8.19858169555664 -20.14326286315918 0.02302931435406208 -0.023740192875266075 -0.0276710856705904 -0.9990698099136353
1736528887.694565 6.432849407196045 7.956748962402344 -19.30291748046875 0.020816892385482788 -0.04132084548473358 -0.032852061092853546 -0.9983887076377869
1736528888.561091 6.506972789764404 7.771252155303955 -18.671592712402344 0.01764170080423355 -0.04148281365633011 -0.03174707293510437 -0.998478889465332
1736528889.560869 6.594208240509033 7.562004566192627 -17.957107543945312 0.018892331048846245 -0.04214215278625488 -0.029688606038689613 -0.9984917044639587
1736528890.561797 6.691515922546387 7.32692289352417 -17.1507568359375 0.018977249041199684 -0.043851036578416824 -0.02915095165371895 -0.9984323978424072
1736528891.094356 6.742464542388916 7.130674839019775 -16.469316482543945 0.019400838762521744 -0.024684272706508636 -0.02252131514251232 -0.9992532730102539
1736528891.62747 6.701569080352783 6.8889617919921875 -15.666535377502441 0.014665664173662663 0.034897301346063614 -0.0013020341284573078 -0.9992824792861938
1736528892.160807 6.5767693519592285 6.650984287261963 -14.887442588806152 0.015059593133628368 0.07354506105184555 0.01444252673536539 -0.9970736503601074
1736528892.694275 6.6118974685668945 6.425591468811035 -14.100836753845215 0.017073849216103554 -0.0243232361972332 -0.014840591698884964 -0.9994481801986694
1736528893.094297 6.732226848602295 6.244792938232422 -13.510147094726562 0.016973549500107765 -0.09011829644441605 -0.03686999902129173 -0.995103657245636
1736528893.694335 6.916474342346191 5.983452320098877 -12.641968727111816 0.014828174374997616 -0.0842549204826355 -0.038597214967012405 -0.9955860376358032
1736528894.294256 7.088554382324219 5.745231628417969 -11.850031852722168 0.015608185902237892 -0.0833921730518341 -0.03756273165345192 -0.9956863522529602
1736528894.894058 7.244536876678467 5.510754585266113 -11.07689380645752 0.01512016262859106 -0.08167627453804016 -0.03616342321038246 -0.995887815952301
1736528895.560864 7.415013790130615 5.260133743286133 -10.243958473205566 0.014012380503118038 -0.08064793795347214 -0.03652007505297661 -0.9959748983383179
1736528896.160882 7.556609153747559 5.03098201751709 -9.483898162841797 0.015544864349067211 -0.07935328036546707 -0.03547047823667526 -0.9960940480232239
1736528896.760848 7.707697868347168 4.804763317108154 -8.731913566589355 0.015449910424649715 -0.07669694721698761 -0.03722729533910751 -0.9962394833564758
1736528897.360638 7.83922815322876 4.5903778076171875 -8.041895866394043 0.012411458417773247 -0.07220458984375 -0.03614478185772896 -0.9966574311256409
1736528897.960761 7.948689937591553 4.387604236602783 -7.355106353759766 0.017886796966195107 -0.05765204504132271 -0.03348023071885109 -0.9976149201393127
1736528899.027438 7.917723655700684 4.133410453796387 -6.526551723480225 0.01561938039958477 0.012837561778724194 -0.010336200706660748 -0.9997422099113464
1736528899.7609 7.9180989265441895 3.9211504459381104 -5.829193592071533 0.013488995842635632 0.011100441217422485 -0.011628955602645874 -0.9997797608375549
1736528900.627265 7.949362754821777 3.686147928237915 -5.054083347320557 0.013660980388522148 -0.0007475165766663849 -0.016767526045441628 -0.9997658133506775
1736528901.894038 8.035273551940918 3.424672842025757 -4.193767070770264 0.01576978527009487 -0.034251581877470016 -0.028058761730790138 -0.9988948106765747
1736528903.227408 8.124476432800293 3.186718702316284 -3.428238868713379 0.013376208953559399 -0.03851534053683281 -0.030526550486683846 -0.9987020492553711
1736528903.960469 8.184467315673828 2.949392080307007 -2.6715354919433594 0.011245181784033775 -0.023645149543881416 -0.024552999064326286 -0.999355673789978
1736528904.560652 8.183155059814453 2.7311179637908936 -1.936313509941101 0.014374131336808205 0.004559720400720835 -0.01653740182518959 -0.9997495412826538
1736528905.160606 8.211047172546387 2.488741636276245 -1.1401339769363403 0.01170085184276104 9.360327385365963e-05 -0.020941823720932007 -0.9997122287750244
1736528905.760603 8.254315376281738 2.250295639038086 -0.34860846400260925 0.01594366319477558 -0.010635151527822018 -0.027117589488625526 -0.9994485378265381
1736528906.427073 8.369279861450195 2.0382156372070312 0.3370925188064575 0.014722553081810474 -0.054508276283741 -0.043444909155368805 -0.9974591135978699
1736528907.293884 8.498790740966797 1.7747269868850708 1.1836178302764893 0.008866951800882816 -0.05679939687252045 -0.04616215452551842 -0.9972785115242004
1736528908.027981 8.620355606079102 1.5512303113937378 1.900518536567688 0.007028461899608374 -0.05768129602074623 -0.047606807202100754 -0.9971745610237122
1736528908.760322 8.74460220336914 1.325635552406311 2.626750946044922 0.004672589711844921 -0.06116046756505966 -0.04983527585864067 -0.9968721270561218
1736528909.693842 8.903639793395996 1.0593818426132202 3.46775484085083 0.008996671997010708 -0.06309225410223007 -0.05075358599424362 -0.9966757297515869
1736528910.693832 9.072819709777832 0.794944703578949 4.271282196044922 0.0027145782951265574 -0.061137568205595016 -0.05403005704283714 -0.9966621994972229
1736528911.693579 9.2083101272583 0.5742092728614807 4.9964375495910645 0.011792954988777637 -0.06500528752803802 -0.05629299208521843 -0.9962260723114014
1736528912.626904 9.336700439453125 0.3556680679321289 5.723350524902344 0.01308934111148119 -0.06703570485115051 -0.05256449431180954 -0.9962790012359619
1736528913.560369 9.474784851074219 0.1310940980911255 6.456489086151123 0.010944033972918987 -0.07077701389789581 -0.0486922487616539 -0.996242880821228
1736528914.493489 9.62014389038086 -0.092134028673172 7.198973178863525 0.01356760784983635 -0.07146324217319489 -0.04658680409193039 -0.9962623715400696
1736528915.360151 9.753091812133789 -0.3083394169807434 7.875823497772217 0.010830902494490147 -0.07285340130329132 -0.04594987630844116 -0.9962247610092163
1736528916.160307 9.859506607055664 -0.5092189908027649 8.509047508239746 0.009972319938242435 -0.06483593583106995 -0.0421922504901886 -0.9969536662101746
1736528916.493621 9.850724220275879 -0.5653259754180908 8.688298225402832 0.010823161341249943 -0.03408246859908104 -0.03122299164533615 -0.9988725781440735
