1748443579.992992 -0.0 -0.0 -0.0 -0.0 -0.0 -0.0 1.0
1748443581.259884 0.006858674809336662 -0.03910605609416962 0.07707962393760681 0.008401873521506786 -0.002706394763663411 -0.001179934712126851 0.9999603629112244
1748443582.926262 -0.033898815512657166 -0.28518441319465637 0.8043325543403625 0.004195253364741802 -0.02978982962667942 -0.01247873529791832 0.9994694590568542
1748443584.19288 -0.1281488537788391 -0.5346159934997559 1.5115355253219604 0.011854513548314571 -0.05574384331703186 -0.023495547473430634 0.9980982542037964
1748443584.992884 -0.19344250857830048 -0.7574896812438965 2.126483678817749 0.012772459536790848 -0.056065499782562256 -0.022320691496133804 0.9980958700180054
1748443585.792852 -0.31322044134140015 -1.032069206237793 2.865671396255493 0.018487008288502693 -0.06475688517093658 -0.026758456602692604 0.9973709583282471
1748443586.392916 -0.40593817830085754 -1.2908917665481567 3.6055350303649902 0.013537263497710228 -0.06413353979587555 -0.024902673438191414 0.9975387454032898
1748443586.992781 -0.5060009360313416 -1.5487006902694702 4.3144049644470215 0.013042951934039593 -0.06308300048112869 -0.024953488260507584 0.9976110458374023
1748443587.59302 -0.5905234217643738 -1.7794660329818726 4.949741363525391 0.013902448117733002 -0.0630469098687172 -0.02340133860707283 0.9976392984390259
1748443588.32628 -0.6845777630805969 -2.046938180923462 5.654257297515869 0.0205006692558527 -0.06355664134025574 -0.023424144834280014 0.9974927306175232
1748443588.926189 -0.7545904517173767 -2.3287532329559326 6.408901214599609 0.016978267580270767 -0.052920300513505936 -0.019938480108976364 0.9982553720474243
1748443589.526248 -0.8361281156539917 -2.601588249206543 7.166719913482666 0.019459089264273643 -0.04903646931052208 -0.01978466473519802 0.9984114766120911
1748443590.192948 -0.9295215010643005 -2.884204864501953 7.942289352416992 0.015193075872957706 -0.06381316483020782 -0.024740561842918396 0.9975394606590271
1748443590.99282 -1.0646988153457642 -3.1574249267578125 8.659852027893066 0.01873127929866314 -0.09260867536067963 -0.03402988240122795 0.9949445724487305
1748443591.792844 -1.270047664642334 -3.4042434692382812 9.348236083984375 0.016653189435601234 -0.1288600116968155 -0.04672567918896675 0.9904213547706604
1748443592.59285 -1.5358632802963257 -3.635007619857788 9.967456817626953 0.020527709275484085 -0.17846740782260895 -0.0645027682185173 0.9816147089004517
1748443593.392741 -1.8937344551086426 -3.8821136951446533 10.602603912353516 0.020037658512592316 -0.2338636815547943 -0.08196965605020523 0.9686006903648376
1748443594.126096 -2.319646120071411 -4.111503601074219 11.188311576843262 0.02359551377594471 -0.27800819277763367 -0.09698807448148727 0.9553784728050232
1748443594.926049 -2.8231070041656494 -4.3542585372924805 11.726449966430664 0.034045569598674774 -0.3367502689361572 -0.11240450292825699 0.9342405796051025
1748443595.79273 -3.4478564262390137 -4.554025173187256 12.237119674682617 0.022024080157279968 -0.3945440351963043 -0.13799093663692474 0.9081897139549255
1748443596.326049 -3.9710373878479004 -4.677685737609863 12.555910110473633 0.021048111841082573 -0.44030559062957764 -0.15661539137363434 0.8838323354721069
1748443597.592686 -4.64240026473999 -4.8252973556518555 12.90399169921875 0.024801289662718773 -0.4783742129802704 -0.17349106073379517 0.8604905605316162
1748443598.592594 -5.3263421058654785 -4.944979667663574 13.189865112304688 0.028791824355721474 -0.5063304901123047 -0.1818860024213791 0.8424475193023682
1748443599.39261 -6.0127692222595215 -5.0539398193359375 13.432012557983398 0.03154900670051575 -0.533284604549408 -0.18943604826927185 0.8238484859466553
1748443600.325927 -6.7633891105651855 -5.134130477905273 13.612194061279297 0.030558517202734947 -0.5768568515777588 -0.20544418692588806 0.7899969816207886
1748443601.192545 -7.488522052764893 -5.18436336517334 13.684511184692383 0.030193641781806946 -0.624413251876831 -0.22540515661239624 0.7472543120384216
1748443601.992571 -8.191705703735352 -5.180520057678223 13.647543907165527 0.031938765197992325 -0.6685618162155151 -0.24345888197422028 0.7019492983818054
1748443602.725828 -8.895864486694336 -5.159968376159668 13.54533576965332 0.03138258308172226 -0.7044828534126282 -0.2556828558444977 0.6613208651542664
1748443603.525828 -9.565194129943848 -5.126392364501953 13.367105484008789 0.037821441888809204 -0.7431542873382568 -0.2674073576927185 0.6121965050697327
1748443604.392478 -10.345975875854492 -4.996500015258789 13.107818603515625 0.031551919877529144 -0.754892110824585 -0.30483850836753845 0.5798411965370178
1748443605.192452 -10.974470138549805 -4.932182788848877 12.780683517456055 0.05712240934371948 -0.7999148368835449 -0.2886650264263153 0.523016095161438
1748443605.792304 -11.539067268371582 -4.8520050048828125 12.447985649108887 0.052218422293663025 -0.8276492953300476 -0.28471866250038147 0.4808380901813507
1748443606.325773 -12.09065055847168 -4.72609281539917 12.070871353149414 0.039101917296648026 -0.8396300673484802 -0.298525869846344 0.45207834243774414
1748443606.925794 -12.638076782226562 -4.606492519378662 11.654297828674316 0.03949524462223053 -0.8534557223320007 -0.2973310053348541 0.42620155215263367
1748443607.592396 -13.282794952392578 -4.4405436515808105 11.122425079345703 0.0390901081264019 -0.8663038611412048 -0.29709863662719727 0.39965254068374634
1748443608.125723 -13.811901092529297 -4.31898832321167 10.675405502319336 0.0407332144677639 -0.8671755194664001 -0.2917540669441223 0.4015306532382965
1748443608.792361 -14.343273162841797 -4.176300048828125 10.16642951965332 0.039709560573101044 -0.8777664303779602 -0.2923665940761566 0.37745338678359985
1748443609.392373 -14.887178421020508 -4.037209987640381 9.6167631149292 0.045134808868169785 -0.8865459561347961 -0.28363969922065735 0.36269503831863403
1748443609.992314 -15.406976699829102 -3.8818907737731934 9.04126262664795 0.04384944587945938 -0.8907873034477234 -0.2891753613948822 0.34778282046318054
1748443610.592329 -15.925013542175293 -3.725314140319824 8.46549129486084 0.03970867767930031 -0.8912209272384644 -0.28922125697135925 0.3471306562423706
1748443611.192411 -16.433757781982422 -3.5589444637298584 7.865612983703613 0.04117421433329582 -0.8938227295875549 -0.28692328929901123 0.34214121103286743
1748443611.725643 -16.91812515258789 -3.42927885055542 7.372057914733887 0.039538610726594925 -0.8891513347625732 -0.285195529460907 0.35568276047706604
1748443612.325607 -17.447681427001953 -3.2681689262390137 6.796083450317383 0.03915076702833176 -0.8864441514015198 -0.2880646288394928 0.36014264822006226
1748443612.925636 -17.997074127197266 -3.131770133972168 6.241489410400391 0.03916196897625923 -0.8844517469406128 -0.2840021252632141 0.3681769073009491
1748443613.525435 -18.543975830078125 -2.990102767944336 5.7067060470581055 0.03819606453180313 -0.8814716339111328 -0.2853526175022125 0.3743297755718231
1748443614.192445 -19.16708755493164 -2.836477041244507 5.134282112121582 0.037542980164289474 -0.8781296014785767 -0.2847413718700409 0.3826243281364441
1748443614.792247 -19.702756881713867 -2.7035183906555176 4.648836135864258 0.03720099851489067 -0.8746463656425476 -0.2870895564556122 0.38883087038993835
1748443615.32536 -20.18029022216797 -2.587282180786133 4.213207244873047 0.03759875148534775 -0.8740905523300171 -0.28694069385528564 0.3901503086090088
1748443615.992168 -20.772497177124023 -2.4436440467834473 3.6689071655273438 0.04194643348455429 -0.8753567337989807 -0.2863333225250244 0.38730406761169434
1748443616.725481 -21.34233856201172 -2.2882628440856934 3.128459930419922 0.04696529731154442 -0.8764365911483765 -0.2900353968143463 0.38148757815361023
1748443617.392138 -21.937767028808594 -2.1345314979553223 2.561065673828125 0.047023143619298935 -0.878108024597168 -0.2906130254268646 0.3771727383136749
1748443617.992092 -22.460826873779297 -1.9884090423583984 2.0590476989746094 0.047204967588186264 -0.8792561888694763 -0.2939417362213135 0.37185829877853394
1748443618.592121 -22.99325942993164 -1.8357820510864258 1.517618179321289 0.04792720079421997 -0.8806182146072388 -0.29429861903190613 0.3682430386543274
1748443619.12526 -23.483898162841797 -1.70119047164917 1.02301025390625 0.05036964267492294 -0.882902204990387 -0.2938750088214874 0.3627452552318573
1748443619.79247 -24.080547332763672 -1.5462093353271484 0.4062519073486328 0.04921760782599449 -0.8865879774093628 -0.29158511757850647 0.3556930124759674
1748443620.392083 -24.587711334228516 -1.3917922973632812 -0.15566444396972656 0.04835188761353493 -0.8885669112205505 -0.29238566756248474 0.35017356276512146
1748443620.992448 -25.066696166992188 -1.2500147819519043 -0.6962871551513672 0.047277726233005524 -0.8899952173233032 -0.29165589809417725 0.3472898304462433
1748443621.592022 -25.581302642822266 -1.107619285583496 -1.248037338256836 0.045034877955913544 -0.8895293474197388 -0.2921062111854553 0.3484012186527252
1748443622.19205 -26.058757781982422 -0.9705514907836914 -1.7793045043945312 0.0465240478515625 -0.8901705741882324 -0.2901308536529541 0.3482184112071991
1748443622.791862 -26.573383331298828 -0.8144102096557617 -2.35125732421875 0.04510097578167915 -0.8897822499275208 -0.29232242703437805 0.3475645184516907
1748443623.391985 -27.070018768310547 -0.6617345809936523 -2.8895034790039062 0.04456073418259621 -0.8892207145690918 -0.29448649287223816 0.3472444415092468
1748443623.991984 -27.56278419494629 -0.5011510848999023 -3.4228954315185547 0.04093923047184944 -0.8891274929046631 -0.29573848843574524 0.34686484932899475
1748443624.525342 -27.99534797668457 -0.3620023727416992 -3.9039745330810547 0.03752283751964569 -0.8879960179328918 -0.2963879108428955 0.3495844900608063
1748443625.125288 -28.513120651245117 -0.20852375030517578 -4.449501037597656 0.03470652550458908 -0.8868852257728577 -0.2929201126098633 0.35556697845458984
1748443625.725339 -29.008224487304688 -0.056097984313964844 -4.9814910888671875 0.03641292080283165 -0.884560763835907 -0.29027748107910156 0.3632703423500061
1748443626.391944 -29.5871639251709 0.092681884765625 -5.5339202880859375 0.03597022593021393 -0.8820151686668396 -0.29175129532814026 0.36828890442848206
1748443626.925204 -30.04439926147461 0.22373104095458984 -6.0026397705078125 0.03645104914903641 -0.8803110718727112 -0.29056382179260254 0.37322431802749634
1748443627.458549 -30.517864227294922 0.34340572357177734 -6.465721130371094 0.03869187459349632 -0.8793704509735107 -0.2887319326400757 0.3766224682331085
1748443628.058555 -31.043106079101562 0.4789762496948242 -6.966468811035156 0.03904655948281288 -0.8791513442993164 -0.2870303988456726 0.37839388847351074
1748443628.72501 -31.603487014770508 0.6350917816162109 -7.507453918457031 0.037489812821149826 -0.8767375349998474 -0.2900746166706085 0.3818148672580719
1748443629.325208 -32.16273498535156 0.7651557922363281 -8.013481140136719 0.03517336770892143 -0.87470942735672 -0.285609632730484 0.3899659216403961
1748443629.85852 -32.661399841308594 0.8894472122192383 -8.452545166015625 0.03369327262043953 -0.8729898929595947 -0.28498807549476624 0.3943796455860138
1748443630.458296 -33.21726608276367 1.0197391510009766 -8.9205322265625 0.03218012675642967 -0.8704674243927002 -0.28454551100730896 0.400355726480484
1748443631.125116 -33.85165023803711 1.1682376861572266 -9.443679809570312 0.0352809801697731 -0.8702369928359985 -0.28227102756500244 0.40220144391059875
1748443631.725106 -34.38221740722656 1.2915315628051758 -9.912700653076172 0.03749895468354225 -0.8715732097625732 -0.28068816661834717 0.4002101719379425
1748443632.324936 -34.853572845458984 1.4021072387695312 -10.359870910644531 0.03720216825604439 -0.8731627464294434 -0.2818859815597534 0.3959078788757324
1748443632.9251 -35.378143310546875 1.5295343399047852 -10.845233917236328 0.03824643790721893 -0.8725401759147644 -0.28370317816734314 0.3958829939365387
1748443633.525154 -35.90626525878906 1.6610240936279297 -11.340621948242188 0.03871439769864082 -0.873738169670105 -0.2837158143520355 0.3931771218776703
1748443634.258393 -36.54621124267578 1.81060791015625 -11.920650482177734 0.038435839116573334 -0.8750700950622559 -0.28654512763023376 0.38815852999687195
1748443634.925027 -37.13546371459961 1.9674358367919922 -12.49349594116211 0.03757365047931671 -0.8770027756690979 -0.28718486428260803 0.3833788335323334
1748443635.725081 -37.83714294433594 2.1459999084472656 -13.185005187988281 0.03772676736116409 -0.8763185739517212 -0.287607342004776 0.384609580039978
1748443636.324824 -38.41643142700195 2.2863540649414062 -13.720283508300781 0.03994395211338997 -0.8751359581947327 -0.2866232991218567 0.38779982924461365
1748443636.925005 -39.00430679321289 2.421834945678711 -14.26333999633789 0.039867643266916275 -0.8714412450790405 -0.2849312424659729 0.39725932478904724
1748443637.458318 -39.552146911621094 2.538270950317383 -14.72943115234375 0.040295761078596115 -0.8666566014289856 -0.28336918354034424 0.4086374342441559
1748443638.058105 -40.18833923339844 2.668214797973633 -15.243408203125 0.040269069373607635 -0.861779510974884 -0.2803197205066681 0.4208745062351227
1748443638.65826 -40.84870529174805 2.7872142791748047 -15.73458480834961 0.04100938141345978 -0.8558300137519836 -0.2777918875217438 0.43440181016921997
1748443639.258273 -41.535282135009766 2.911914825439453 -16.213977813720703 0.04019608721137047 -0.8535696864128113 -0.27612796425819397 0.43995046615600586
1748443639.858058 -42.20561599731445 3.0191211700439453 -16.693687438964844 0.037612900137901306 -0.8496888875961304 -0.2739655077457428 0.44895097613334656
1748443640.458203 -42.93297576904297 3.1335201263427734 -17.167339324951172 0.03716515377163887 -0.8417112231254578 -0.2713746130466461 0.46529221534729004
1748443641.058209 -43.59806823730469 3.232187271118164 -17.597858428955078 0.03658886253833771 -0.8459295034408569 -0.27141711115837097 0.4575996398925781
1748443641.724676 -44.27147674560547 3.3565196990966797 -18.08480453491211 0.035412780940532684 -0.8480242490768433 -0.2752212882041931 0.4515020549297333
1748443642.324836 -44.89215087890625 3.466226577758789 -18.525375366210938 0.03517384082078934 -0.8520732522010803 -0.27439308166503906 0.44434496760368347
1748443642.924865 -45.48847579956055 3.589365005493164 -18.973628997802734 0.035841744393110275 -0.8546966910362244 -0.277771532535553 0.4370948374271393
1748443643.657966 -46.248741149902344 3.7521533966064453 -19.573837280273438 0.033547814935445786 -0.8587548732757568 -0.2829510569572449 0.4258560836315155
1748443644.258114 -46.83009338378906 3.8750133514404297 -20.050491333007812 0.03617238998413086 -0.8643547892570496 -0.28154778480529785 0.4151063561439514
1748443644.85811 -47.38214874267578 4.0119171142578125 -20.54309844970703 0.036018006503582 -0.8670335412025452 -0.2822754681110382 0.4089941680431366
1748443645.457907 -47.98705291748047 4.1494140625 -21.060977935791016 0.03446789085865021 -0.8691393136978149 -0.2799125015735626 0.4062731862068176
1748443646.058142 -48.56770706176758 4.288423538208008 -21.57473373413086 0.033046089112758636 -0.8664652705192566 -0.2807084619998932 0.4115201532840729
1748443646.658057 -49.23257827758789 4.421979904174805 -22.1123046875 0.030755208805203438 -0.8647370338439941 -0.2769875228404999 0.417805939912796
1748443647.324525 -49.97156524658203 4.557277679443359 -22.673809051513672 0.03114745020866394 -0.8604721426963806 -0.27409040927886963 0.42835965752601624
1748443647.925003 -50.65393829345703 4.674690246582031 -23.157543182373047 0.03003058210015297 -0.8528518080711365 -0.2693262994289398 0.44632428884506226
1748443648.39195 -51.20372772216797 4.7637176513671875 -23.52911376953125 0.030278325080871582 -0.848820149898529 -0.26783621311187744 0.45480918884277344
1748443648.991459 -51.88984298706055 4.863555908203125 -23.969959259033203 0.0298952367156744 -0.8445215225219727 -0.2637682259082794 0.4650978147983551
1748443649.591149 -52.5640869140625 4.970726013183594 -24.417476654052734 0.02828107960522175 -0.8436015844345093 -0.26546570658683777 0.4659019708633423
1748443650.191303 -53.23194885253906 5.0779266357421875 -24.873062133789062 0.029021186754107475 -0.8438808917999268 -0.26632261276245117 0.46486037969589233
1748443650.791301 -53.92506408691406 5.182275772094727 -25.33563232421875 0.028436236083507538 -0.8476958274841309 -0.26606979966163635 0.4580501616001129
1748443651.391101 -54.6210823059082 5.293956756591797 -25.80272674560547 0.02734360098838806 -0.84956294298172 -0.2666245996952057 0.45431986451148987
1748443651.991286 -55.18098449707031 5.394002914428711 -26.24217987060547 0.02593047544360161 -0.8590212464332581 -0.2657533288002014 0.43678978085517883
1748443652.591258 -55.78168869018555 5.508989334106445 -26.705154418945312 0.022553658112883568 -0.8631957173347473 -0.2707958519458771 0.4255044758319855
1748443653.191114 -56.400787353515625 5.653963088989258 -27.24542236328125 0.02126978151500225 -0.8692059516906738 -0.27425238490104675 0.4108702540397644
1748443653.791291 -57.0137939453125 5.799007415771484 -27.777061462402344 0.0223085880279541 -0.870238184928894 -0.2779756188392639 0.4061003029346466
1748443654.391201 -57.59722900390625 5.927925109863281 -28.29859161376953 0.025056665763258934 -0.8728468418121338 -0.2734387516975403 0.403412789106369
1748443654.990996 -58.2379035949707 6.081493377685547 -28.821128845214844 0.01805409975349903 -0.8693400025367737 -0.27865442633628845 0.407766729593277
1748443655.591152 -58.898162841796875 6.218893051147461 -29.362998962402344 0.025286836549639702 -0.8660898804664612 -0.27119770646095276 0.41916680335998535
1748443656.191194 -59.53218078613281 6.35589599609375 -29.860214233398438 0.02896663174033165 -0.8598126173019409 -0.2767805755138397 0.4281073212623596
1748443656.790983 -60.20790481567383 6.489887237548828 -30.355072021484375 0.027063170447945595 -0.8568065762519836 -0.2782965898513794 0.43324488401412964
1748443657.391091 -60.87921905517578 6.595060348510742 -30.8309326171875 0.02970757521688938 -0.85573810338974 -0.26500988006591797 0.4433955252170563
1748443657.991192 -61.548343658447266 6.6972808837890625 -31.26983642578125 0.024991312995553017 -0.8493568301200867 -0.2650790214538574 0.4557429552078247
1748443658.590902 -62.201839447021484 6.794851303100586 -31.72997283935547 0.02156362496316433 -0.8562118411064148 -0.25968602299690247 0.4460935890674591
1748443659.190927 -62.7606201171875 6.894887924194336 -32.22053527832031 0.027759013697504997 -0.8772823810577393 -0.2610715925693512 0.4018042981624603
1748443659.9912 -63.28828430175781 7.047365188598633 -32.78077697753906 0.025940442457795143 -0.8921473026275635 -0.27824845910072327 0.35493403673171997
1748443660.591072 -63.73583221435547 7.220869064331055 -33.36842346191406 0.029106615111231804 -0.9032626748085022 -0.29346317052841187 0.31168705224990845
1748443661.191159 -64.14752197265625 7.409202575683594 -34.00799560546875 0.03420419618487358 -0.9107280373573303 -0.299109548330307 0.2827332615852356
1748443661.791417 -64.58586883544922 7.6307830810546875 -34.71095275878906 0.04097006842494011 -0.9123629331588745 -0.3085768520832062 0.26588675379753113
1748443662.391352 -65.01020050048828 7.853845596313477 -35.40196228027344 0.036229100078344345 -0.911373496055603 -0.31632035970687866 0.26082032918930054
1748443662.991532 -65.43812561035156 8.076797485351562 -36.08045196533203 0.045460622757673264 -0.9119386076927185 -0.31329694390296936 0.2610485553741455
1748443663.591822 -65.84239959716797 8.285869598388672 -36.71282196044922 0.043000876903533936 -0.9102566838264465 -0.3182557225227356 0.2613373100757599
1748443664.192092 -66.24443817138672 8.488838195800781 -37.378700256347656 0.039467934519052505 -0.9158235192298889 -0.3110651969909668 0.250894695520401
1748443664.792042 -66.59362030029297 8.651731491088867 -38.05937957763672 0.03698352351784706 -0.930778980255127 -0.2881282567977905 0.2219569981098175
1748443665.392204 -66.93303680419922 8.85580062866211 -38.760963439941406 0.030937211588025093 -0.9320701956748962 -0.30009210109710693 0.20058120787143707
1748443665.992196 -67.21034240722656 9.077850341796875 -39.46228790283203 0.026688989251852036 -0.9351659417152405 -0.3094654977321625 0.17024560272693634
1748443666.592228 -67.35415649414062 9.284833908081055 -40.1191291809082 0.029870010912418365 -0.9435197710990906 -0.3113800883293152 0.1091817170381546
1748443667.192325 -67.47708129882812 9.520868301391602 -40.84212112426758 0.02764176018536091 -0.9455705881118774 -0.3171949088573456 0.06722793728113174
1748443667.792497 -67.51918029785156 9.738194465637207 -41.50083923339844 0.03338893502950668 -0.9476381540298462 -0.3158780038356781 0.03298855200409889
1748443668.392505 -67.5207748413086 10.00006103515625 -42.243221282958984 0.03417805954813957 -0.9451605081558228 -0.32480961084365845 -0.0015087856445461512
1748443668.992798 -67.47103118896484 10.228322982788086 -42.89834213256836 0.0330088846385479 -0.9433541297912598 -0.32786715030670166 -0.03868705406785011
1748443669.592899 -67.38153839111328 10.445748329162598 -43.539459228515625 0.03542916476726532 -0.9442387819290161 -0.3208366632461548 -0.06497595459222794
1748443669.992805 -67.27653503417969 10.63783073425293 -44.067176818847656 0.0392189621925354 -0.9410484433174133 -0.32527056336402893 -0.0841958075761795
1748443670.392814 -67.17356872558594 10.833539009094238 -44.603858947753906 0.04366765171289444 -0.9395104050636292 -0.3274165987968445 -0.0906183123588562
1748443670.993041 -67.01060485839844 11.106019973754883 -45.37359619140625 0.049034543335437775 -0.9397611618041992 -0.32317885756492615 -0.10000026971101761
1748443671.593114 -66.8372802734375 11.385899543762207 -46.124717712402344 0.04844289273023605 -0.9374597668647766 -0.32553067803382874 -0.11336846649646759
1748443671.992974 -66.69619750976562 11.572134017944336 -46.625267028808594 0.0529116727411747 -0.937113344669342 -0.3214273750782013 -0.12531360983848572
1748443672.593066 -66.49321746826172 11.855838775634766 -47.39103698730469 0.059131912887096405 -0.9346174597740173 -0.3263874053955078 -0.1283157467842102
1748443673.193312 -66.27545928955078 12.1123046875 -48.08982849121094 0.06087465211749077 -0.9355422258377075 -0.3184671700000763 -0.14012013375759125
1748443673.99323 -66.02478790283203 12.392828941345215 -48.81150817871094 0.0558457188308239 -0.930908739566803 -0.321865439414978 -0.16337934136390686
1748443674.593295 -65.77413177490234 12.649179458618164 -49.51834487915039 0.043163225054740906 -0.9284126162528992 -0.3207719624042511 -0.1824619472026825
1748443675.193525 -65.47283172607422 12.921096801757812 -50.21961212158203 0.03570045903325081 -0.9230203032493591 -0.3256582021713257 -0.2017567753791809
1748443675.793419 -65.14852142333984 13.160144805908203 -50.89344787597656 0.030387334525585175 -0.919380247592926 -0.3176563084125519 -0.23002398014068604
1748443676.393541 -64.76425170898438 13.397313117980957 -51.539306640625 0.029244370758533478 -0.9127784371376038 -0.3154829740524292 -0.2577804923057556
1748443676.993699 -64.3446044921875 13.651205062866211 -52.174720764160156 0.028766397386789322 -0.9067336916923523 -0.3145895302295685 -0.2793564796447754
1748443677.593628 -63.89234924316406 13.89579963684082 -52.79634475708008 0.03035205602645874 -0.8972350358963013 -0.3168303668498993 -0.3060500919818878
1748443678.193722 -63.398414611816406 14.137239456176758 -53.372222900390625 0.03457895293831825 -0.8894877433776855 -0.3141736388206482 -0.33001628518104553
1748443678.793937 -62.877906799316406 14.374655723571777 -53.954471588134766 0.0365140438079834 -0.8821662068367004 -0.31265920400619507 -0.35027679800987244
1748443679.394011 -62.33466339111328 14.592592239379883 -54.520042419433594 0.034911852329969406 -0.8824307918548584 -0.3008434772491455 -0.35998645424842834
1748443679.993936 -61.784934997558594 14.819415092468262 -55.06292724609375 0.03773157298564911 -0.8759680390357971 -0.3054790198802948 -0.3714013695716858
1748443680.594149 -61.360267639160156 14.985099792480469 -55.50987243652344 0.03674926608800888 -0.8789932131767273 -0.2998432219028473 -0.3689368665218353
1748443681.194223 -60.812889099121094 15.217167854309082 -56.037052154541016 0.04461643472313881 -0.8761914372444153 -0.2995890974998474 -0.3748924434185028
1748443681.79413 -60.223228454589844 15.435649871826172 -56.57991027832031 0.046245187520980835 -0.8734290599822998 -0.29867568612098694 -0.3818061947822571
1748443682.394381 -59.64540100097656 15.661601066589355 -57.10586929321289 0.04957260563969612 -0.868449330329895 -0.30385375022888184 -0.388601690530777
1748443682.794423 -59.23974609375 15.8153657913208 -57.46969223022461 0.04853710159659386 -0.8684861063957214 -0.298316091299057 -0.39291685819625854
1748443683.394311 -58.625274658203125 16.036170959472656 -57.98694610595703 0.04823955520987511 -0.8628853559494019 -0.2971924841403961 -0.4059291183948517
1748443683.794391 -58.186378479003906 16.187957763671875 -58.32618713378906 0.049358587712049484 -0.8577479720115662 -0.2974581718444824 -0.41635411977767944
1748443684.194444 -57.74933624267578 16.34247589111328 -58.66691970825195 0.052342578768730164 -0.8556323647499084 -0.29759931564331055 -0.42022404074668884
1748443684.794994 -57.09888458251953 16.565649032592773 -59.14460372924805 0.050309743732213974 -0.847881555557251 -0.29743140935897827 -0.4360050559043884
1748443685.194515 -56.644744873046875 16.705707550048828 -59.447566986083984 0.050959113985300064 -0.8420895934104919 -0.29509323835372925 -0.448562353849411
1748443685.594595 -56.184173583984375 16.846515655517578 -59.751983642578125 0.05014079809188843 -0.8369268178939819 -0.2944203317165375 -0.45864588022232056
1748443686.194656 -55.51428985595703 17.046241760253906 -60.17910385131836 0.046331845223903656 -0.8326554298400879 -0.2926452159881592 -0.4678642749786377
1748443686.795537 -54.85039520263672 17.246826171875 -60.60404968261719 0.04514474421739578 -0.8348687887191772 -0.29643958806991577 -0.46160560846328735
1748443687.394954 -54.20001220703125 17.445053100585938 -61.0245246887207 0.044368501752614975 -0.8359296321868896 -0.29466891288757324 -0.46089422702789307
1748443687.994888 -53.54448699951172 17.649639129638672 -61.463890075683594 0.041345808655023575 -0.8373918533325195 -0.2976263761520386 -0.45660048723220825
1748443688.595085 -52.87049102783203 17.86196517944336 -61.92477035522461 0.0425342321395874 -0.838733434677124 -0.29869696497917175 -0.45331794023513794
1748443689.195025 -52.216552734375 18.070205688476562 -62.37842559814453 0.043673913925886154 -0.8411491513252258 -0.29760628938674927 -0.4494343400001526
1748443689.595067 -51.774803161621094 18.21339225769043 -62.68131637573242 0.045774854719638824 -0.8410190343856812 -0.29800939559936523 -0.44920170307159424
1748443689.995273 -51.31614685058594 18.36398696899414 -63.01384353637695 0.0438678003847599 -0.8417286276817322 -0.29920685291290283 -0.4472624659538269
1748443690.595338 -50.668846130371094 18.558292388916016 -63.46648406982422 0.04320766031742096 -0.8447657227516174 -0.29548710584640503 -0.4440622627735138
1748443691.192964 -50.05189514160156 18.761962890625 -63.91746520996094 0.038735758513212204 -0.8442184329032898 -0.298944354057312 -0.4432009160518646
1748443691.723407 -49.49687194824219 18.945775985717773 -64.32147979736328 0.03755834326148033 -0.8419141173362732 -0.3046591579914093 -0.44379377365112305
1748443692.323536 -48.84434509277344 19.162311553955078 -64.78199005126953 0.0337371788918972 -0.8393169045448303 -0.3069102168083191 -0.44745394587516785
1748443692.923511 -48.17756652832031 19.369741439819336 -65.23561096191406 0.03260195255279541 -0.8357542753219604 -0.30406513810157776 -0.4560660123825073
1748443693.523364 -47.49097442626953 19.573463439941406 -65.65865325927734 0.030696259811520576 -0.823272168636322 -0.3027832806110382 -0.4791690707206726
1748443694.124055 -46.77088165283203 19.769752502441406 -66.03107452392578 0.030652964487671852 -0.8098021745681763 -0.30121344327926636 -0.5025448799133301
1748443694.723486 -46.04266357421875 19.95024871826172 -66.3932113647461 0.02884463593363762 -0.8042398691177368 -0.2949984073638916 -0.5151137709617615
1748443695.323297 -45.262596130371094 20.149423599243164 -66.71980285644531 0.029268482699990273 -0.7849574089050293 -0.3011856973171234 -0.5406222939491272
1748443695.923302 -44.51197052001953 20.31501007080078 -67.04275512695312 0.026055017486214638 -0.787606954574585 -0.291950523853302 -0.5419975519180298
1748443696.523434 -43.75336456298828 20.48067283630371 -67.33930206298828 0.027003100141882896 -0.7842084765434265 -0.28819015622138977 -0.5488480925559998
1748443697.123245 -42.981468200683594 20.66373062133789 -67.62486267089844 0.034510400146245956 -0.7693729996681213 -0.29714587330818176 -0.5644277334213257
1748443697.723256 -42.221282958984375 20.80767822265625 -67.89134979248047 0.02392912469804287 -0.7638171911239624 -0.28802040219306946 -0.577109158039093
1748443698.323389 -41.467777252197266 20.922428131103516 -68.1119613647461 0.0042264764197170734 -0.7482362985610962 -0.27998313307762146 -0.6014432907104492
1748443698.923256 -40.70072555541992 21.011119842529297 -68.27128601074219 -0.006385529413819313 -0.729931116104126 -0.27150222659111023 -0.6272530555725098
1748443699.523203 -39.88658142089844 21.089231491088867 -68.38363647460938 0.0015645080711692572 -0.7098362445831299 -0.2666911482810974 -0.651924729347229
1748443700.123321 -39.09550476074219 21.147817611694336 -68.44215393066406 0.0019488384714350104 -0.6862596869468689 -0.2599717974662781 -0.6793074607849121
1748443700.72315 -38.37548065185547 21.18417739868164 -68.44107055664062 0.0045616962015628815 -0.6552643179893494 -0.2525489330291748 -0.7119178771972656
1748443701.323144 -37.6174430847168 21.19352912902832 -68.36477661132812 0.006243136711418629 -0.6248993873596191 -0.24277172982692719 -0.7419729232788086
1748443701.923283 -36.86603546142578 21.185129165649414 -68.2244873046875 0.005323659162968397 -0.5960605144500732 -0.23604588210582733 -0.7674412131309509
1748443702.523094 -36.098365783691406 21.161510467529297 -68.05697631835938 0.001877859584055841 -0.5725926160812378 -0.22737276554107666 -0.787677526473999
1748443703.123096 -35.360801696777344 21.115753173828125 -67.82545471191406 0.0025956141762435436 -0.5449562668800354 -0.2170787751674652 -0.8098720908164978
1748443703.723107 -34.61516189575195 21.07951545715332 -67.52336120605469 0.015876369550824165 -0.5136631727218628 -0.21494312584400177 -0.8304803371429443
1748443704.323232 -34.020877838134766 21.010082244873047 -67.25196075439453 0.0010703306179493666 -0.4851900041103363 -0.20161280035972595 -0.8508477807044983
1748443704.923064 -33.42855453491211 20.949012756347656 -66.91946411132812 0.012633066624403 -0.4534434676170349 -0.19873571395874023 -0.8687540888786316
1748443705.523058 -32.81663513183594 20.859481811523438 -66.52592468261719 0.012673075310885906 -0.4266245663166046 -0.19157595932483673 -0.8838154077529907
1748443706.123184 -32.16204833984375 20.761247634887695 -66.0531234741211 0.01738920249044895 -0.413051575422287 -0.18633559346199036 -0.8912715911865234
1748443706.722995 -31.59440040588379 20.649242401123047 -65.61267852783203 0.00935710035264492 -0.3960035741329193 -0.1775144338607788 -0.9008786082267761
1748443707.322999 -31.021018981933594 20.54608154296875 -65.13339233398438 0.018065588548779488 -0.3797866702079773 -0.17408712208271027 -0.9083663821220398
1748443707.923153 -30.509925842285156 20.428598403930664 -64.69927978515625 0.009104853495955467 -0.36788374185562134 -0.16490963101387024 -0.915086567401886
1748443708.522945 -29.931907653808594 20.300132751464844 -64.157958984375 0.015779409557580948 -0.35232192277908325 -0.1601773053407669 -0.9219347238540649
1748443709.12297 -29.38204574584961 20.162288665771484 -63.604068756103516 0.015882348641753197 -0.33976873755455017 -0.15629920363426208 -0.9272947907447815
1748443709.723088 -28.830581665039062 20.013065338134766 -63.02763366699219 0.017867734655737877 -0.3433741629123688 -0.1530512273311615 -0.9264719486236572
1748443710.389571 -28.283050537109375 19.88626480102539 -62.48601150512695 0.027696676552295685 -0.3448445796966553 -0.15284602344036102 -0.9257177114486694
1748443710.922897 -27.803165435791016 19.769790649414062 -62.01249313354492 0.02425563521683216 -0.3483639359474182 -0.14990007877349854 -0.9249779582023621
1748443711.389608 -27.309999465942383 19.678653717041016 -61.595367431640625 0.025403199717402458 -0.3729080557823181 -0.15813186764717102 -0.9139412641525269
1748443711.923256 -26.741418838500977 19.58131217956543 -61.13283157348633 0.02724536322057247 -0.39011669158935547 -0.16250498592853546 -0.9059022665023804
1748443712.389523 -26.224597930908203 19.504436492919922 -60.74397277832031 0.02860124781727791 -0.4005264341831207 -0.1683562994003296 -0.9002314209938049
1748443712.789739 -25.766212463378906 19.445419311523438 -60.44287109375 0.029351403936743736 -0.42103973031044006 -0.1718865931034088 -0.8901230692863464
1748443713.322891 -25.1569766998291 19.35763931274414 -60.02861785888672 0.027427969500422478 -0.42617401480674744 -0.17248107492923737 -0.8876225352287292
1748443713.789781 -24.627140045166016 19.297626495361328 -59.683074951171875 0.030310051515698433 -0.43673762679100037 -0.17429977655410767 -0.8820211291313171
1748443714.322814 -24.013179779052734 19.22150993347168 -59.308624267578125 0.028585251420736313 -0.44505971670150757 -0.17363876104354858 -0.878040075302124
1748443714.922815 -23.344043731689453 19.138019561767578 -58.89514923095703 0.029839755967259407 -0.4485718905925751 -0.17195390164852142 -0.8765413761138916
1748443715.389724 -22.816770553588867 19.083097457885742 -58.57478332519531 0.032177433371543884 -0.4456990659236908 -0.1750895380973816 -0.8773031234741211
1748443715.922754 -22.223628997802734 18.987491607666016 -58.180877685546875 0.022856444120407104 -0.43340930342674255 -0.1645832359790802 -0.8857461810112
1748443716.389425 -21.695419311523438 18.927143096923828 -57.84032440185547 0.02916899509727955 -0.4390960931777954 -0.1675051897764206 -0.8822051286697388
1748443716.922776 -21.09360122680664 18.847579956054688 -57.44037628173828 0.028413981199264526 -0.4396781623363495 -0.16799674928188324 -0.8818463087081909
1748443717.522865 -20.446544647216797 18.76119613647461 -57.03250503540039 0.028272470459342003 -0.4304116666316986 -0.16824716329574585 -0.8863630294799805
1748443718.122703 -19.806852340698242 18.673921585083008 -56.59136199951172 0.028779085725545883 -0.42812371253967285 -0.16642118990421295 -0.8877983093261719
1748443718.722747 -19.164772033691406 18.574726104736328 -56.134429931640625 0.027354611083865166 -0.41750574111938477 -0.16234853863716125 -0.893635094165802
1748443719.32273 -18.552764892578125 18.465572357177734 -55.64848709106445 0.022713376209139824 -0.3978578448295593 -0.1574682593345642 -0.903546929359436
1748443719.922663 -17.95233726501465 18.34747886657715 -55.16510009765625 0.023150429129600525 -0.38901758193969727 -0.15865923464298248 -0.9071696400642395
1748443720.52267 -17.347335815429688 18.223716735839844 -54.66117477416992 0.01983305625617504 -0.38251814246177673 -0.1551627218723297 -0.9106102585792542
1748443721.123392 -16.74767303466797 18.104219436645508 -54.146827697753906 0.02258644625544548 -0.3793451488018036 -0.15478309988975525 -0.9119371771812439
1748443721.722602 -16.16381072998047 17.984281539916992 -53.626678466796875 0.023094864562153816 -0.3754652440547943 -0.15257054567337036 -0.9139008522033691
1748443722.322648 -15.583791732788086 17.857187271118164 -53.12148666381836 0.0202940646559 -0.37710073590278625 -0.14897260069847107 -0.9138875007629395
1748443722.92264 -14.972525596618652 17.727088928222656 -52.58585739135742 0.021692628040909767 -0.37176382541656494 -0.14964157342910767 -0.915930449962616
1748443723.522775 -14.374744415283203 17.594348907470703 -52.0645866394043 0.024448182433843613 -0.36962300539016724 -0.1489313840866089 -0.9168426990509033
1748443724.122572 -13.775848388671875 17.454917907714844 -51.513999938964844 0.02328556776046753 -0.3608721196651459 -0.1457691490650177 -0.9208585619926453
1748443724.722617 -13.213825225830078 17.31726837158203 -50.988216400146484 0.024244185537099838 -0.35357293486595154 -0.14121867716312408 -0.9243677854537964
1748443725.189342 -12.759626388549805 17.19578742980957 -50.53773880004883 0.01884840615093708 -0.34106728434562683 -0.138434499502182 -0.9295986890792847
1748443725.789266 -12.239498138427734 17.046581268310547 -49.93241882324219 0.019264133647084236 -0.320127934217453 -0.13427530229091644 -0.9376124739646912
1748443726.322601 -11.78519058227539 16.908618927001953 -49.383323669433594 0.022698117420077324 -0.2968045473098755 -0.13266827166080475 -0.9454052448272705
1748443726.922594 -11.317193984985352 16.756139755249023 -48.740211486816406 0.02181256003677845 -0.27569887042045593 -0.12819455564022064 -0.9524077773094177
1748443727.523295 -10.889657974243164 16.587238311767578 -48.118072509765625 0.019932756200432777 -0.2568681836128235 -0.12199752777814865 -0.9585082530975342
1748443727.989146 -10.573057174682617 16.456674575805664 -47.637168884277344 0.02101825550198555 -0.2441711723804474 -0.11556277424097061 -0.9625923037528992
1748443728.522483 -10.236907958984375 16.291576385498047 -47.07195281982422 0.016453610733151436 -0.227473184466362 -0.10871128737926483 -0.9675573110580444
1748443729.122563 -9.877033233642578 16.114736557006836 -46.42915344238281 0.020611967891454697 -0.21816952526569366 -0.10155551135540009 -0.9703935980796814
1748443729.65576 -9.572280883789062 15.959362983703613 -45.86478042602539 0.021768629550933838 -0.2092045247554779 -0.0975063145160675 -0.972754955291748
1748443730.122952 -9.304097175598145 15.822233200073242 -45.3383674621582 0.024075642228126526 -0.20277445018291473 -0.0951068103313446 -0.9742985367774963
1748443730.722505 -8.964574813842773 15.65787124633789 -44.7115592956543 0.023881008848547935 -0.21132270991802216 -0.09782751649618149 -0.9722151160240173
1748443731.322444 -8.63271427154541 15.489662170410156 -44.07386779785156 0.02245650812983513 -0.20299214124679565 -0.09291794896125793 -0.9745030403137207
1748443731.922376 -8.311519622802734 15.32410717010498 -43.46208953857422 0.02266612835228443 -0.2082810401916504 -0.09368736296892166 -0.9733077883720398
1748443732.455738 -8.027738571166992 15.163718223571777 -42.890296936035156 0.02204279974102974 -0.20257091522216797 -0.08854879438877106 -0.9750068783760071
1748443732.85572 -7.797291278839111 15.037676811218262 -42.43913650512695 0.022865405306220055 -0.20355017483234406 -0.08720637857913971 -0.9749048948287964
1748443733.45582 -7.471341133117676 14.862382888793945 -41.77949905395508 0.02516322210431099 -0.2010679692029953 -0.0839056670665741 -0.975652813911438
1748443734.055852 -7.149701118469238 14.6937894821167 -41.16331100463867 0.02445405349135399 -0.19864483177661896 -0.08479468524456024 -0.9760901927947998
1748443734.655693 -6.800048828125 14.50831127166748 -40.50499725341797 0.02390754036605358 -0.20094111561775208 -0.08490414917469025 -0.975624144077301
1748443735.255764 -6.473092555999756 14.33163070678711 -39.858821868896484 0.025277765467762947 -0.19960933923721313 -0.08413916826248169 -0.9759291410446167
1748443735.855768 -6.16024112701416 14.160768508911133 -39.213565826416016 0.022911561653017998 -0.19790634512901306 -0.08269323408603668 -0.9764578938484192
1748443736.455686 -5.8581767082214355 13.988572120666504 -38.59651565551758 0.021174125373363495 -0.19152942299842834 -0.08163992315530777 -0.9778563976287842
1748443737.056162 -5.586162567138672 13.813782691955566 -37.95433044433594 0.022708570584654808 -0.17663928866386414 -0.07679980248212814 -0.9810121059417725
1748443737.655636 -5.347619533538818 13.645334243774414 -37.319000244140625 0.021288206800818443 -0.16144496202468872 -0.07208622246980667 -0.984015166759491
1748443738.255561 -5.109460353851318 13.458492279052734 -36.64399337768555 0.021807821467518806 -0.14822016656398773 -0.06791616231203079 -0.98637855052948
1748443738.85566 -4.857186794281006 13.262494087219238 -35.96089172363281 0.02131539024412632 -0.14366886019706726 -0.06600610166788101 -0.9871920347213745
1748443739.322346 -4.687922954559326 13.10982894897461 -35.42536544799805 0.01993853971362114 -0.1387864351272583 -0.06456635892391205 -0.9880142211914062
1748443739.922184 -4.471830368041992 12.916658401489258 -34.753231048583984 0.017827142030000687 -0.13018867373466492 -0.0615866556763649 -0.9894140958786011
1748443740.455524 -4.291003704071045 12.745322227478027 -34.122962951660156 0.02064589224755764 -0.12176328152418137 -0.05841519311070442 -0.9906236529350281
1748443741.055479 -4.091092109680176 12.538368225097656 -33.43488311767578 0.019009578973054886 -0.11774240434169769 -0.05346660315990448 -0.9914215207099915
1748443741.655468 -3.9003844261169434 12.332035064697266 -32.727867126464844 0.018303019925951958 -0.11054074764251709 -0.04975662752985954 -0.9924566149711609
1748443742.255464 -3.7302005290985107 12.143427848815918 -32.01280975341797 0.025154953822493553 -0.10835213214159012 -0.04858056455850601 -0.9926061630249023
1748443742.85542 -3.5452802181243896 11.943681716918945 -31.30838966369629 0.02196793258190155 -0.10842018574476242 -0.04663453251123428 -0.9927676916122437
1748443743.45541 -3.354823589324951 11.741222381591797 -30.61620330810547 0.019155671820044518 -0.1151064857840538 -0.04820013791322708 -0.9919981360435486
1748443744.055492 -3.1559598445892334 11.533036231994629 -29.90581703186035 0.01560615748167038 -0.1150033175945282 -0.050071895122528076 -0.9919796586036682
1748443744.522087 -3.0031464099884033 11.367478370666504 -29.350034713745117 0.01769416593015194 -0.11457217484712601 -0.04860594496130943 -0.9920673370361328
1748443745.255537 -2.8354508876800537 11.137816429138184 -28.600866317749023 0.016960015520453453 -0.09865584969520569 -0.039987366646528244 -0.9941732287406921
1748443745.922097 -2.6996397972106934 10.926468849182129 -27.938743591308594 0.011820885352790356 -0.09736929088830948 -0.036248814314603806 -0.9945178031921387
1748443746.522039 -2.548707962036133 10.695918083190918 -27.21317481994629 0.011486915871500969 -0.0915902853012085 -0.033400557935237885 -0.9951702356338501
1748443747.122007 -2.418267250061035 10.471488952636719 -26.446880340576172 0.016762729734182358 -0.08785264939069748 -0.031090199947357178 -0.9955070614814758
1748443747.65549 -2.283076524734497 10.263733863830566 -25.77016830444336 0.015357491560280323 -0.08489617705345154 -0.0318240225315094 -0.9957631230354309
1748443748.121985 -2.1610589027404785 10.078365325927734 -25.1416072845459 0.01540211122483015 -0.08334901928901672 -0.030974945053458214 -0.9959198236465454
1748443748.72194 -1.9954231977462769 9.849050521850586 -24.3721866607666 0.011421037837862968 -0.08806266635656357 -0.035936687141656876 -0.9954010248184204
1748443749.322095 -1.8222135305404663 9.61524772644043 -23.601917266845703 0.01336277462542057 -0.09048505872488022 -0.03516403213143349 -0.9951871037483215
1748443749.92194 -1.661482810974121 9.378631591796875 -22.83042335510254 0.01091219112277031 -0.08989106863737106 -0.03512405976653099 -0.9952722787857056
1748443750.455269 -1.517547607421875 9.176267623901367 -22.141437530517578 0.01593795418739319 -0.09129073470830917 -0.03689591586589813 -0.9950129389762878
1748443751.055214 -1.3566304445266724 8.94237995147705 -21.3682804107666 0.014243118464946747 -0.08920833468437195 -0.03495032340288162 -0.9952977299690247
1748443751.655357 -1.2062855958938599 8.698720932006836 -20.59886932373047 0.00803244300186634 -0.08272227644920349 -0.035111140459775925 -0.9959216117858887
1748443752.255362 -1.049254298210144 8.462146759033203 -19.822816848754883 0.0127240139991045 -0.07403288036584854 -0.0346379354596138 -0.9965729117393494
1748443752.855309 -0.9124632477760315 8.21969985961914 -19.03131675720215 0.016340065747499466 -0.0686853751540184 -0.03473898023366928 -0.9968994855880737
1748443753.455281 -0.7875400185585022 7.967657566070557 -18.24288558959961 0.013097804971039295 -0.06795882433652878 -0.0322607159614563 -0.997080385684967
1748443754.055308 -0.6535932421684265 7.7255778312683105 -17.462011337280273 0.012332063168287277 -0.06672387570142746 -0.03309245780110359 -0.9971463084220886
1748443754.655256 -0.5299740433692932 7.496114253997803 -16.674968719482422 0.014940441586077213 -0.06963811814785004 -0.03149431198835373 -0.9969631433486938
1748443755.12193 -0.41490668058395386 7.312811851501465 -16.076627731323242 0.01777592860162258 -0.07370807230472565 -0.03623844310641289 -0.9964627027511597
1748443755.521935 -0.311139851808548 7.152466297149658 -15.565022468566895 0.014180188998579979 -0.08193216472864151 -0.03937471657991409 -0.9957588911056519
1748443756.055354 -0.15573854744434357 6.940876483917236 -14.891639709472656 0.0091438889503479 -0.08794686198234558 -0.043753668665885925 -0.9951218366622925
1748443756.655238 -0.02493390254676342 6.709722995758057 -14.130964279174805 0.016750553622841835 -0.06544256210327148 -0.03895820677280426 -0.9969548583030701
1748443757.255163 0.11171315610408783 6.479426383972168 -13.356880187988281 0.011166511103510857 -0.06145571172237396 -0.04126802459359169 -0.9971938133239746
1748443757.855188 0.2360491156578064 6.243812084197998 -12.58792781829834 0.011879178695380688 -0.051331158727407455 -0.03769634664058685 -0.9978992938995361
1748443758.455143 0.35389000177383423 6.001532077789307 -11.828777313232422 0.007677583489567041 -0.05792717635631561 -0.041791267693042755 -0.9974161982536316
1748443759.055118 0.5063594579696655 5.757219314575195 -11.074281692504883 0.006405375432223082 -0.0740249902009964 -0.04568864032626152 -0.9961887001991272
1748443759.655143 0.6679263114929199 5.5099263191223145 -10.306702613830566 0.007061033044010401 -0.07964614778757095 -0.04635227099061012 -0.9957199096679688
1748443760.254949 0.8367465734481812 5.271103382110596 -9.563492774963379 0.006756575778126717 -0.0787172019481659 -0.04769682139158249 -0.9957324266433716
1748443760.855316 1.0039174556732178 5.024884223937988 -8.811668395996094 0.007046160288155079 -0.0785038024187088 -0.04933691769838333 -0.9956673383712769
1748443761.455093 1.1383488178253174 4.777187347412109 -8.045964241027832 0.006244034972041845 -0.060057785362005234 -0.04617222025990486 -0.9971069693565369
1748443762.055126 1.219037652015686 4.578459739685059 -7.4387335777282715 0.007965205237269402 -0.04658625274896622 -0.04191509634256363 -0.9980027675628662
1748443762.721744 1.3015363216400146 4.330115795135498 -6.659642219543457 0.0069058677181601524 -0.029824381694197655 -0.03763507306575775 -0.9988225698471069
1748443763.321707 1.3569004535675049 4.091816425323486 -5.926092624664307 0.007503733970224857 -0.02110649272799492 -0.03139718621969223 -0.9992560148239136
1748443763.855198 1.401304841041565 3.8568155765533447 -5.22454833984375 0.005017940886318684 -0.013154223561286926 -0.027846839278936386 -0.9995130896568298
1748443764.45503 1.423180341720581 3.617279529571533 -4.499904155731201 0.007530337665230036 -0.003134350758045912 -0.020866403356194496 -0.9997490644454956
1748443765.121685 1.4656867980957031 3.370652914047241 -3.7841451168060303 0.003906596451997757 -0.010721356607973576 -0.023763535544276237 -0.9996525049209595
1748443767.722928 1.4949898719787598 3.1487884521484375 -3.1265599727630615 -0.0008630025549791753 -0.007201751694083214 -0.02081100083887577 -0.9997571110725403
1748443769.988354 1.5852622985839844 2.8903133869171143 -2.3164217472076416 6.465298793045804e-05 -0.03641491010785103 -0.029190732166171074 -0.9989103674888611
1748443771.588502 1.7283875942230225 2.657010555267334 -1.56441330909729 0.012285948731005192 -0.06729600578546524 -0.0378711074590683 -0.9969384074211121
1748443771.788305 1.7557562589645386 2.6224353313446045 -1.452256202697754 0.01226385310292244 -0.06840767711400986 -0.038441624492406845 -0.9968411326408386
