1732203252.223546 -0.0 -0.0 -0.0 -0.0 -0.0 -0.0 1.0
1732203254.023687 -0.02079971693456173 -0.055655818432569504 0.1217292845249176 0.008840312249958515 -0.012241378426551819 -0.006888550706207752 0.9998623132705688
1732203254.623481 -0.06544145941734314 -0.2716428339481354 0.748221755027771 0.007356451358646154 -0.03609311580657959 -0.017288731411099434 0.999171793460846
1732203255.223644 -0.11260617524385452 -0.5026538968086243 1.378695011138916 0.012816530652344227 -0.039056196808815 -0.018415292724967003 0.9989851117134094
1732203255.890345 -0.18982554972171783 -0.7665936946868896 2.0821034908294678 0.014132088981568813 -0.04609472304582596 -0.022243188694119453 0.9985893964767456
1732203256.490521 -0.2547644078731537 -0.9980694651603699 2.7338759899139404 0.014387521892786026 -0.04936705902218819 -0.02526131458580494 0.9983575344085693
1732203257.023458 -0.3263237476348877 -1.210263729095459 3.304398775100708 0.014965648762881756 -0.05393341928720474 -0.028428878635168076 0.9980276226997375
1732203257.623622 -0.40408748388290405 -1.4520800113677979 3.9540462493896484 0.01738532818853855 -0.05992412567138672 -0.02712797373533249 0.9976828098297119
1732203258.223636 -0.49456658959388733 -1.6912766695022583 4.610396385192871 0.015849683433771133 -0.06359304487705231 -0.03088228777050972 0.9973720908164978
1732203258.823684 -0.5900810360908508 -1.9313541650772095 5.258845329284668 0.01805565506219864 -0.06869541108608246 -0.030410021543502808 0.9970106482505798
1732203259.423451 -0.6871001720428467 -2.1640844345092773 5.897670745849609 0.018109070137143135 -0.07252312451601028 -0.033168282359838486 0.9966506361961365
1732203260.090363 -0.8088678121566772 -2.432276964187622 6.6214280128479 0.01906384713947773 -0.0776015967130661 -0.03517857939004898 0.996181309223175
1732203260.823598 -0.9592038989067078 -2.723877429962158 7.39627742767334 0.021037966012954712 -0.08392299711704254 -0.040384434163570404 0.9954313039779663
1732203261.491102 -1.1035648584365845 -2.9840612411499023 8.109193801879883 0.017009876668453217 -0.09091183543205261 -0.04216247797012329 0.9948206543922424
1732203262.223407 -1.3482069969177246 -3.2483084201812744 8.84731674194336 0.015935227274894714 -0.15112392604351044 -0.06208717077970505 0.9864344000816345
1732203262.890283 -1.6307897567749023 -3.4827892780303955 9.496878623962402 0.01324954442679882 -0.1901923418045044 -0.07458337396383286 0.9788200259208679
1732203263.623613 -2.034644842147827 -3.7350611686706543 10.173095703125 0.0164913609623909 -0.24067920446395874 -0.09110861271619797 0.9661784768104553
1732203264.290055 -2.467435359954834 -3.954568862915039 10.751855850219727 0.01803937740623951 -0.2808864116668701 -0.1040399894118309 0.9539145827293396
1732203264.823691 -2.817760705947876 -4.140202522277832 11.227991104125977 0.02386288344860077 -0.2920732796192169 -0.10353949666023254 0.9504753351211548
1732203265.423563 -3.220700979232788 -4.349147796630859 11.738088607788086 0.030906502157449722 -0.3069283068180084 -0.1053069606423378 0.9453836679458618
1732203266.09022 -3.72963285446167 -4.560400485992432 12.302450180053711 0.02121025323867798 -0.3356337547302246 -0.11864601820707321 0.9342501163482666
1732203266.623559 -4.190733432769775 -4.702253818511963 12.680755615234375 0.017864149063825607 -0.3836822211742401 -0.1389162391424179 0.9127821326255798
1732203267.290184 -4.823563098907471 -4.840793132781982 13.059961318969727 0.02007579430937767 -0.4522373676300049 -0.16539070010185242 0.8761987686157227
1732203267.890201 -5.447469234466553 -4.935210227966309 13.30723762512207 0.020176546648144722 -0.5077342987060547 -0.18796496093273163 0.8405165672302246
1732203268.424149 -6.019479751586914 -5.009397983551025 13.471392631530762 0.024195972830057144 -0.5522860288619995 -0.2018643468618393 0.8084835410118103
1732203269.023571 -6.681414604187012 -5.06773567199707 13.60638427734375 0.025706879794597626 -0.5880623459815979 -0.21224379539489746 0.7800477743148804
1732203269.623527 -7.3506269454956055 -5.120702743530273 13.731605529785156 0.02561509981751442 -0.6051388382911682 -0.2165651023387909 0.7656699419021606
1732203270.290161 -8.114072799682617 -5.161384582519531 13.816192626953125 0.024697810411453247 -0.625572919845581 -0.22625742852687836 0.746228039264679
1732203271.023574 -8.95906925201416 -5.19566011428833 13.85265064239502 0.026779547333717346 -0.6511909365653992 -0.23380672931671143 0.7215037941932678
1732203271.623294 -9.662814140319824 -5.205918312072754 13.857589721679688 0.026095479726791382 -0.6650130748748779 -0.24094316363334656 0.7064157128334045
1732203272.29017 -10.41602897644043 -5.220307350158691 13.822280883789062 0.031989630311727524 -0.682880163192749 -0.23976674675941467 0.6893208622932434
1732203272.890148 -11.09509563446045 -5.221615314483643 13.768206596374512 0.02917143888771534 -0.6938925385475159 -0.24494576454162598 0.6765084862709045
1732203273.490172 -11.781637191772461 -5.210371494293213 13.685035705566406 0.027681531384587288 -0.7067330479621887 -0.25070637464523315 0.6609905958175659
1732203274.223299 -12.57736587524414 -5.179069995880127 13.511114120483398 0.03138177841901779 -0.7329657673835754 -0.25798991322517395 0.6286633610725403
1732203274.956775 -13.336691856384277 -5.105616092681885 13.241166114807129 0.0324622206389904 -0.7753831744194031 -0.26787179708480835 0.5709395408630371
1732203275.623473 -13.90863037109375 -4.996689319610596 12.863521575927734 0.030929196625947952 -0.8343756794929504 -0.28992587327957153 0.4677644371986389
1732203275.956853 -14.133234024047852 -4.910325050354004 12.61064624786377 0.030905388295650482 -0.8633590340614319 -0.3017391860485077 0.40324851870536804
1732203276.623275 -14.497940063476562 -4.72904109954834 12.068593978881836 0.03010232374072075 -0.8997668623924255 -0.3145834505558014 0.30091649293899536
1732203277.156753 -14.750062942504883 -4.555140972137451 11.560072898864746 0.030710723251104355 -0.9181503653526306 -0.31878727674484253 0.23330558836460114
1732203277.823455 -15.017660140991211 -4.339227199554443 10.91334342956543 0.033272635191679 -0.927712619304657 -0.31811967492103577 0.19246339797973633
1732203278.423431 -15.231517791748047 -4.133546829223633 10.32020378112793 0.03330933302640915 -0.9321532845497131 -0.3207921087741852 0.1645393818616867
1732203279.023217 -15.403911590576172 -3.9368929862976074 9.7298002243042 0.03662191331386566 -0.937720775604248 -0.31624653935432434 0.13902072608470917
1732203279.756889 -15.604761123657227 -3.720839738845825 9.019590377807617 0.0377320796251297 -0.9417411684989929 -0.3073718249797821 0.13123421370983124
1732203280.423403 -15.823371887207031 -3.4927268028259277 8.339982032775879 0.0324096642434597 -0.9394355416297913 -0.3119409382343292 0.13821464776992798
1732203280.956994 -16.026247024536133 -3.312605857849121 7.775335311889648 0.031041713431477547 -0.9388456344604492 -0.3097074627876282 0.14726394414901733
1732203281.556529 -16.216670989990234 -3.110431432723999 7.153195858001709 0.03386584296822548 -0.9400522708892822 -0.30834922194480896 0.14168855547904968
1732203282.22343 -16.457616806030273 -2.894123077392578 6.460165977478027 0.03375708684325218 -0.939148485660553 -0.30728790163993835 0.14978238940238953
1732203282.756722 -16.668861389160156 -2.7065162658691406 5.911139488220215 0.03293668478727341 -0.9360471367835999 -0.3093867599964142 0.16435004770755768
1732203283.4234 -16.93852996826172 -2.4961395263671875 5.218231201171875 0.032219622284173965 -0.9359443187713623 -0.306296169757843 0.17074206471443176
1732203283.823166 -17.151893615722656 -2.378936290740967 4.82114839553833 0.029645122587680817 -0.9296312928199768 -0.30035021901130676 0.2114158570766449
1732203286.356504 -17.507217407226562 -2.199349880218506 4.213125228881836 0.02644909732043743 -0.9250347018241882 -0.29878929257392883 0.2331012487411499
1732203286.957197 -17.775676727294922 -2.0917105674743652 3.864720344543457 0.023667553439736366 -0.9136729836463928 -0.296144962310791 0.27737998962402344
1732203287.756654 -18.069499969482422 -1.982778549194336 3.487088203430176 0.02370253950357437 -0.9084411263465881 -0.2940734624862671 0.2961312234401703
1732203291.556427 -18.5346622467041 -1.7855710983276367 2.8664751052856445 0.021698301658034325 -0.909171462059021 -0.29571181535720825 0.292388379573822
1732203293.156623 -18.98975372314453 -1.5977706909179688 2.244534492492676 0.023298723623156548 -0.9098904728889465 -0.293521523475647 0.292235791683197
1732203294.156579 -19.39333724975586 -1.4231514930725098 1.7057609558105469 0.02308470569550991 -0.9085955023765564 -0.29611432552337646 0.29366257786750793
1732203295.156575 -19.818172454833984 -1.2506861686706543 1.1297664642333984 0.026688607409596443 -0.9100039005279541 -0.2919134497642517 0.2932017147541046
1732203295.956585 -20.25072479248047 -1.074491024017334 0.5466766357421875 0.021977650001645088 -0.9089038372039795 -0.29419922828674316 0.2947162389755249
1732203296.556584 -20.640243530273438 -0.9372525215148926 0.08743095397949219 0.022723499685525894 -0.9017994403839111 -0.29155969619750977 0.3181735575199127
1732203297.156525 -21.090999603271484 -0.8070945739746094 -0.34984588623046875 0.022472625598311424 -0.8841039538383484 -0.28949806094169617 0.3661230802536011
1732203297.756557 -21.590431213378906 -0.7223114967346191 -0.7065753936767578 0.02802208997309208 -0.8601414561271667 -0.27632543444633484 0.4278034269809723
1732203298.357133 -22.132875442504883 -0.6122293472290039 -1.1227607727050781 0.029625922441482544 -0.8590814471244812 -0.27497610449790955 0.43068504333496094
1732203299.02317 -22.722192764282227 -0.5187520980834961 -1.5384273529052734 0.031127536669373512 -0.8571321368217468 -0.2661619186401367 0.4399015009403229
1732203299.756529 -23.371685028076172 -0.40746021270751953 -2.0045700073242188 0.02082318440079689 -0.8494177460670471 -0.27439001202583313 0.4502955377101898
1732203300.423197 -23.97873306274414 -0.33310699462890625 -2.4251365661621094 0.036182984709739685 -0.8476851582527161 -0.26498374342918396 0.4581531882286072
1732203301.156505 -24.66661262512207 -0.2365436553955078 -2.861379623413086 0.03296712040901184 -0.841979444026947 -0.26149213314056396 0.470750093460083
1732203301.823223 -25.285205841064453 -0.14772796630859375 -3.2590560913085938 0.031254980713129044 -0.8424105048179626 -0.2636798322200775 0.46887174248695374
1732203303.356307 -25.7169246673584 0.01308441162109375 -3.814157485961914 0.03718682378530502 -0.9033399820327759 -0.2905581295490265 0.31332090497016907
1732203304.156471 -25.77202606201172 0.1562638282775879 -4.276758193969727 0.03957284241914749 -0.9309905171394348 -0.3028469979763031 0.1999359130859375
1732203304.823402 -26.028594970703125 0.36702394485473633 -4.945371627807617 0.03914099186658859 -0.9327720403671265 -0.3069014251232147 0.18497534096240997
1732203305.556615 -26.30324363708496 0.6029200553894043 -5.70307731628418 0.037326838821172714 -0.9353136420249939 -0.30859318375587463 0.169013112783432
1732203306.289787 -26.60573387145996 0.8432435989379883 -6.462194442749023 0.03379494696855545 -0.9355040192604065 -0.30984950065612793 0.16638343036174774
1732203306.889766 -26.832857131958008 1.0304160118103027 -7.06287956237793 0.03266271948814392 -0.9355829954147339 -0.30867671966552734 0.16833411157131195
1732203307.556668 -27.116130828857422 1.2344422340393066 -7.717348098754883 0.02956251986324787 -0.9332038760185242 -0.3070046603679657 0.18440355360507965
1732203308.156467 -27.363910675048828 1.423964023590088 -8.324329376220703 0.028855597600340843 -0.9337924718856812 -0.30666476488113403 0.18208718299865723
1732203308.756483 -27.642812728881836 1.6085100173950195 -8.922334671020508 0.028324220329523087 -0.9300145506858826 -0.3037584722042084 0.20494262874126434
1732203309.489755 -28.008119583129883 1.8008899688720703 -9.56949234008789 0.02867143414914608 -0.9232107996940613 -0.30084314942359924 0.23738814890384674
1732203310.089758 -28.31480598449707 1.9604902267456055 -10.111038208007812 0.029242390766739845 -0.9220613241195679 -0.3011673390865326 0.2413424253463745
1732203310.689724 -28.68893051147461 2.111663818359375 -10.623577117919922 0.02757285162806511 -0.9105175137519836 -0.29475700855255127 0.2886451482772827
1732203311.489731 -29.258272171020508 2.234895706176758 -11.15090560913086 0.022489037364721298 -0.8917580842971802 -0.2765412926673889 0.357472687959671
1732203312.289732 -29.803319931030273 2.331035614013672 -11.617576599121094 0.0224209725856781 -0.890000581741333 -0.25792229175567627 0.3753296434879303
1732203313.089763 -30.40427017211914 2.470897674560547 -12.091499328613281 0.016424771398305893 -0.878180980682373 -0.26790690422058105 0.3959221839904785
1732203313.889884 -31.049623489379883 2.594193458557129 -12.555301666259766 0.02341705560684204 -0.858704686164856 -0.26808232069015503 0.4361306428909302
1732203314.489799 -31.623497009277344 2.6725025177001953 -12.88250732421875 0.0228666253387928 -0.8426461815834045 -0.2602408230304718 0.4708494544029236
1732203315.089932 -32.231544494628906 2.7569875717163086 -13.223880767822266 0.02189399115741253 -0.8345702886581421 -0.2619708478450775 0.48413264751434326
1732203315.689704 -32.853370666503906 2.8245439529418945 -13.546268463134766 0.02161289192736149 -0.8269573450088501 -0.256879061460495 0.4996875822544098
1732203316.289674 -33.4680061340332 2.896524429321289 -13.853832244873047 0.021319666877388954 -0.8198306560516357 -0.25478339195251465 0.5123559832572937
1732203316.956328 -34.1605110168457 2.9721593856811523 -14.158313751220703 0.01910892128944397 -0.8120725750923157 -0.25101056694984436 0.5264662504196167
1732203317.556359 -34.81730651855469 3.016922950744629 -14.42276382446289 0.019722361117601395 -0.8054624795913696 -0.24794788658618927 0.5379248261451721
1732203318.156144 -35.456111907958984 3.063436508178711 -14.678054809570312 0.020754331722855568 -0.8018977642059326 -0.24559561908245087 0.5442536473274231
1732203318.756542 -36.03395080566406 3.1292905807495117 -14.979164123535156 0.0249994695186615 -0.8183378577232361 -0.25441572070121765 0.5147532224655151
1732203319.489679 -36.73231506347656 3.21065616607666 -15.351703643798828 0.025978049263358116 -0.8237308263778687 -0.2569236755371094 0.5047603249549866
1732203320.156719 -37.333038330078125 3.2952518463134766 -15.70412826538086 0.02869030460715294 -0.8333074450492859 -0.26028600335121155 0.48685407638549805
1732203320.756129 -37.87554168701172 3.373538017272949 -16.040523529052734 0.029060646891593933 -0.8416345715522766 -0.26477622985839844 0.4697876274585724
1732203321.489604 -38.474220275878906 3.4954833984375 -16.515789031982422 0.030936086550354958 -0.8594571948051453 -0.2709641754627228 0.4323826730251312
1732203322.156455 -38.96042251586914 3.6249237060546875 -16.995464324951172 0.03106251358985901 -0.877128005027771 -0.2796517610549927 0.3891998529434204
1732203322.889619 -39.453346252441406 3.7762184143066406 -17.547344207763672 0.03139423951506615 -0.8914755582809448 -0.2846429944038391 0.3510898947715759
1732203323.55625 -39.8352165222168 3.925111770629883 -18.079750061035156 0.03315533325076103 -0.9016827940940857 -0.2882864773273468 0.3205617368221283
1732203324.289585 -40.28300094604492 4.107509613037109 -18.678173065185547 0.033379994332790375 -0.9027577638626099 -0.2896074652671814 0.3162938952445984
1732203324.956267 -40.72761917114258 4.255075454711914 -19.211101531982422 0.03225521743297577 -0.8979093432426453 -0.28631240129470825 0.3327817916870117
1732203325.689399 -41.252960205078125 4.411653518676758 -19.762657165527344 0.032266005873680115 -0.8880476951599121 -0.28234654664993286 0.3614007830619812
1732203326.422882 -41.81623840332031 4.548030853271484 -20.278335571289062 0.03073282539844513 -0.8747957348823547 -0.2781330347061157 0.3955123722553253
1732203327.222894 -42.48419189453125 4.646366119384766 -20.705791473388672 0.029059646651148796 -0.8423881530761719 -0.2640446126461029 0.4688478112220764
1732203327.822903 -43.005027770996094 4.704904556274414 -21.008949279785156 0.02894439734518528 -0.8407468795776367 -0.26182296872138977 0.47302812337875366
1732203328.422851 -43.573692321777344 4.787443161010742 -21.35372543334961 0.02855941839516163 -0.8343459963798523 -0.26111170649528503 0.48463574051856995
1732203329.022869 -44.15531539916992 4.858430862426758 -21.682998657226562 0.02869936265051365 -0.8303817510604858 -0.2596759498119354 0.492149293422699
1732203329.622874 -44.74741744995117 4.928537368774414 -21.998306274414062 0.027521004900336266 -0.8251213431358337 -0.25802862644195557 0.501835286617279
1732203330.222874 -45.315345764160156 5.000720977783203 -22.323577880859375 0.02838393673300743 -0.8270498514175415 -0.2585086226463318 0.4983534514904022
1732203330.889501 -45.94629669189453 5.080484390258789 -22.688079833984375 0.027898889034986496 -0.8306522369384766 -0.2582874298095703 0.4924694299697876
1732203331.622851 -46.62761306762695 5.175956726074219 -23.105236053466797 0.02838984690606594 -0.8357518911361694 -0.25917789340019226 0.48325955867767334
1732203332.222985 -47.147865295410156 5.256359100341797 -23.46831512451172 0.028086073696613312 -0.8454654216766357 -0.26229923963546753 0.4643259048461914
1732203332.822644 -47.689754486083984 5.342779159545898 -23.81893539428711 0.024059608578681946 -0.846314549446106 -0.2644028961658478 0.46180519461631775
1732203333.422824 -48.22694778442383 5.422922134399414 -24.184432983398438 0.024971308186650276 -0.8473653793334961 -0.25969624519348145 0.4625000059604645
1732203334.089481 -48.83962631225586 5.520660400390625 -24.609214782714844 0.022079819813370705 -0.8482140898704529 -0.26097288727760315 0.4603678584098816
1732203334.622847 -49.33763885498047 5.594013214111328 -24.944095611572266 0.02186965011060238 -0.8484302163124084 -0.2596576511859894 0.4607231616973877
1732203335.222645 -49.90495300292969 5.683998107910156 -25.333446502685547 0.02250232733786106 -0.8487293720245361 -0.25986313819885254 0.4600253701210022
1732203335.822776 -50.45634841918945 5.765195846557617 -25.69863510131836 0.021448692306876183 -0.8493849635124207 -0.2580324709415436 0.4598962366580963
1732203336.422856 -50.9788818359375 5.853336334228516 -26.073284149169922 0.021982014179229736 -0.8527111411094666 -0.2600030303001404 0.4525471329689026
1732203337.022819 -51.5045280456543 5.93821907043457 -26.45848846435547 0.02109599858522415 -0.8541987538337708 -0.25960850715637207 0.45000314712524414
1732203337.62283 -52.034515380859375 6.027355194091797 -26.84575653076172 0.020003020763397217 -0.8544747829437256 -0.2611463963985443 0.44863712787628174
1732203338.222748 -52.564735412597656 6.123159408569336 -27.229888916015625 0.02034495584666729 -0.8551293015480042 -0.2609851360321045 0.4474671483039856
1732203338.822762 -53.10707473754883 6.210420608520508 -27.630409240722656 0.020423557609319687 -0.8555939197540283 -0.26058462262153625 0.4468083381652832
1732203339.422777 -53.657501220703125 6.306659698486328 -28.035842895507812 0.019294962286949158 -0.8562886714935303 -0.26042333245277405 0.44561994075775146
1732203340.022769 -54.20395278930664 6.401548385620117 -28.436790466308594 0.018228033557534218 -0.856755256652832 -0.2599748969078064 0.4450295567512512
1732203340.62257 -54.75590896606445 6.4986724853515625 -28.841590881347656 0.016352418810129166 -0.8576599955558777 -0.2587504982948303 0.44407224655151367
1732203341.222737 -55.32368850708008 6.595029830932617 -29.249465942382812 0.015362417325377464 -0.856415867805481 -0.26158463954925537 0.44484761357307434
1732203341.822814 -55.88375473022461 6.689970016479492 -29.652236938476562 0.015542639419436455 -0.8577064871788025 -0.2604655623435974 0.4430076777935028
1732203342.42291 -56.437355041503906 6.787315368652344 -30.058670043945312 0.017205754294991493 -0.8566682934761047 -0.2628287672996521 0.44355878233909607
1732203343.022541 -56.98442459106445 6.870170593261719 -30.458229064941406 0.019463617354631424 -0.8586634993553162 -0.2576770782470703 0.44262924790382385
1732203343.62271 -57.551090240478516 6.982460021972656 -30.86187744140625 0.016309630125761032 -0.8542878031730652 -0.2675221860408783 0.44537436962127686
1732203344.222739 -58.134883880615234 7.104816436767578 -31.27812957763672 0.01603241264820099 -0.8514023423194885 -0.2768324911594391 0.44522008299827576
1732203344.822715 -58.68771743774414 7.194597244262695 -31.666702270507812 0.02452930249273777 -0.8541678190231323 -0.2669040858745575 0.44559845328330994
1732203345.422545 -59.257408142089844 7.292781829833984 -32.066810607910156 0.017538197338581085 -0.8556470274925232 -0.26407143473625183 0.44477736949920654
1732203346.022905 -59.815399169921875 7.391500473022461 -32.471702575683594 0.012008382938802242 -0.8578253388404846 -0.26386600732803345 0.4408700168132782
1732203346.622679 -60.356590270996094 7.481584548950195 -32.879173278808594 0.016331346705555916 -0.863732635974884 -0.2561030089855194 0.43371695280075073
1732203347.222689 -60.878021240234375 7.586633682250977 -33.31157684326172 0.011671357788145542 -0.8714481592178345 -0.26627177000045776 0.41175395250320435
1732203347.822481 -61.37726593017578 7.689807891845703 -33.76393127441406 0.011726420372724533 -0.8826801180839539 -0.26238688826560974 0.38973256945610046
1732203348.422649 -61.8709716796875 7.785587310791016 -34.218017578125 0.015116757713258266 -0.8835548162460327 -0.26192063093185425 0.38794323801994324
1732203349.089339 -62.430198669433594 7.891828536987305 -34.740135192871094 0.01982737146317959 -0.8851790428161621 -0.2549668252468109 0.3886603116989136
1732203349.822669 -63.136436462402344 8.036663055419922 -35.30714416503906 0.015917396172881126 -0.8706873059272766 -0.2640235424041748 0.41465872526168823
1732203350.422493 -63.70622253417969 8.142852783203125 -35.739356994628906 0.01506594568490982 -0.8655140995979309 -0.2634331285953522 0.4257480800151825
1732203351.023062 -64.27725219726562 8.233402252197266 -36.14686584472656 0.016654668375849724 -0.859420657157898 -0.2593347132205963 0.44030025601387024
1732203351.622647 -64.84659576416016 8.336750030517578 -36.548248291015625 0.016274956986308098 -0.8546488285064697 -0.2676011323928833 0.44463494420051575
1732203352.222663 -65.40975189208984 8.423532485961914 -36.958709716796875 0.02268119901418686 -0.8552876710891724 -0.2609514892101288 0.4470714032649994
1732203352.822437 -66.00200653076172 8.524782180786133 -37.36669921875 0.021281549707055092 -0.8520917296409607 -0.26463061571121216 0.45106256008148193
1732203353.4226 -66.58931732177734 8.620796203613281 -37.78764343261719 0.02761135809123516 -0.8517335653305054 -0.2659696340560913 0.45060834288597107
1732203354.022638 -67.18744659423828 8.739782333374023 -38.21516418457031 0.021648434922099113 -0.8566089868545532 -0.27342498302459717 0.43702542781829834
1732203354.622634 -67.71045684814453 8.870487213134766 -38.675559997558594 0.022961940616369247 -0.8714967370033264 -0.27881667017936707 0.40277475118637085
1732203355.222407 -68.2105484008789 8.993694305419922 -39.15618896484375 0.02609400823712349 -0.8798469305038452 -0.2779609262943268 0.3846118152141571
1732203355.822554 -68.68596649169922 9.11439323425293 -39.64637756347656 0.028837986290454865 -0.889180600643158 -0.2738800644874573 0.3653985559940338
1732203356.555906 -69.24267578125 9.277181625366211 -40.256919860839844 0.020694896578788757 -0.8983596563339233 -0.2772725522518158 0.3400611877441406
1732203357.15782 -69.66749572753906 9.416725158691406 -40.790382385253906 0.017963992431759834 -0.9055849313735962 -0.281303346157074 0.31695687770843506
1732203357.755715 -70.04922485351562 9.582429885864258 -41.35154724121094 0.01735340990126133 -0.9132600426673889 -0.28909391164779663 0.2864956259727478
1732203358.355879 -70.40643310546875 9.746065139770508 -41.93340301513672 0.015030044130980968 -0.9226679801940918 -0.292777955532074 0.2504775822162628
1732203358.955889 -70.71174621582031 9.928565979003906 -42.529319763183594 0.009366688318550587 -0.9306731224060059 -0.2978523075580597 0.21223537623882294
1732203359.555914 -70.96125793457031 10.109674453735352 -43.144134521484375 0.00925398152321577 -0.9369835257530212 -0.30164504051208496 0.1760299652814865
1732203360.156568 -71.17485046386719 10.313407897949219 -43.78587341308594 0.010514313355088234 -0.940466046333313 -0.30539971590042114 0.1488090455532074
1732203360.755982 -71.36100769042969 10.52685546875 -44.442787170410156 0.009725109674036503 -0.9429068565368652 -0.3089618682861328 0.12399447709321976
1732203361.355853 -71.53231048583984 10.746126174926758 -45.10222625732422 0.01049024611711502 -0.9447430372238159 -0.30834081768989563 0.1107993796467781
1732203361.955871 -71.68756866455078 10.96234130859375 -45.768035888671875 0.014016136527061462 -0.9441191554069519 -0.31389883160591125 0.09954960644245148
1732203362.555672 -71.83196258544922 11.184619903564453 -46.431396484375 0.01426932867616415 -0.9454755783081055 -0.31402677297592163 0.08520340174436569
1732203363.155865 -71.96189880371094 11.443014144897461 -47.11035919189453 0.0032596380915492773 -0.9421859979629517 -0.32720762491226196 0.0721810981631279
1732203363.755826 -72.07077026367188 11.666374206542969 -47.775508880615234 0.0014510772889479995 -0.9449172019958496 -0.3210877478122711 0.06349915266036987
1732203364.356098 -72.14696502685547 11.876136779785156 -48.42796325683594 0.016800059005618095 -0.9473187923431396 -0.31480154395103455 0.0566122829914093
1732203364.955819 -72.21763610839844 12.074872970581055 -49.06477355957031 0.021076587960124016 -0.9489837288856506 -0.31102049350738525 0.047455307096242905
1732203365.5558 -72.2772445678711 12.267061233520508 -49.68268966674805 0.024067046120762825 -0.9481618404388428 -0.3144489824771881 0.039136677980422974
1732203366.155801 -72.28874969482422 12.466804504394531 -50.30358123779297 0.019844869151711464 -0.9479122161865234 -0.3175731897354126 -0.01469549909234047
1732203366.75581 -72.21435546875 12.652125358581543 -50.89793395996094 0.017654428258538246 -0.9458779692649841 -0.3165036141872406 -0.06948912888765335
1732203367.555665 -72.01042175292969 12.929510116577148 -51.70512771606445 0.013544179499149323 -0.9363280534744263 -0.3212014436721802 -0.1411948800086975
1732203368.155793 -71.80741119384766 13.151002883911133 -52.323760986328125 0.013460006564855576 -0.9345717430114746 -0.31981009244918823 -0.15529337525367737
1732203368.755794 -71.59500122070312 13.377634048461914 -52.94561767578125 0.009967613965272903 -0.9317449331283569 -0.3220449388027191 -0.16744881868362427
1732203369.355795 -71.36360168457031 13.607658386230469 -53.566253662109375 0.008832343854010105 -0.9282405972480774 -0.32541200518608093 -0.17999590933322906
1732203369.955609 -71.1136245727539 13.849109649658203 -54.18711471557617 0.006054650526493788 -0.9250210523605347 -0.32781630754470825 -0.19192683696746826
1732203370.755767 -70.7218017578125 14.089696884155273 -54.787078857421875 0.005021168850362301 -0.900090217590332 -0.32577627897262573 -0.2892788350582123
1732203371.555767 -70.29924774169922 14.284286499023438 -55.272857666015625 -0.00033498191623948514 -0.8846137523651123 -0.32382091879844666 -0.33555686473846436
1732203372.155553 -69.8899917602539 14.475127220153809 -55.752750396728516 -0.006922720465809107 -0.8800011277198792 -0.32230082154273987 -0.34881556034088135
1732203372.755709 -69.44550323486328 14.665334701538086 -56.21501159667969 -0.006640828214585781 -0.8760380744934082 -0.32193487882614136 -0.3589862585067749
1732203373.355722 -68.98343658447266 14.867331504821777 -56.69886016845703 -0.008610607124865055 -0.8709957003593445 -0.3246786892414093 -0.3686137795448303
1732203373.955729 -68.54002380371094 15.047809600830078 -57.173133850097656 -0.011751431040465832 -0.8736160397529602 -0.3199711740016937 -0.3664359748363495
1732203374.755553 -68.01268005371094 15.297157287597656 -57.755165100097656 -0.008007929660379887 -0.8755176663398743 -0.327811062335968 -0.3548869788646698
1732203375.55569 -67.5689926147461 15.481521606445312 -58.253684997558594 -0.009630143642425537 -0.8797511458396912 -0.31924521923065186 -0.35217568278312683
1732203376.425218 -67.11734008789062 15.680851936340332 -58.766197204589844 -0.007674213033169508 -0.8800350427627563 -0.318173348903656 -0.35248425602912903
1732203377.422295 -66.58811950683594 15.903716087341309 -59.3514289855957 -0.004644503816962242 -0.8807186484336853 -0.31631389260292053 -0.3525035083293915
1732203378.222333 -66.1371078491211 16.105327606201172 -59.85719299316406 -0.0019892652053385973 -0.8805418014526367 -0.3170715272426605 -0.35228949785232544
1732203379.222356 -65.6192626953125 16.348220825195312 -60.42073059082031 0.0006614355952478945 -0.8788089156150818 -0.32081666588783264 -0.3532295525074005
1732203380.022172 -65.22612762451172 16.524005889892578 -60.86943435668945 -0.002349219052121043 -0.8791841864585876 -0.3192332684993744 -0.3537229001522064
1732203380.955785 -64.7894287109375 16.71354866027832 -61.35529708862305 -0.0032214163802564144 -0.8800974488258362 -0.3176787197589874 -0.3528432250022888
1732203382.022142 -64.28196716308594 16.920724868774414 -61.91013717651367 0.0012733691837638617 -0.8818633556365967 -0.3119204640388489 -0.3535831570625305
1732203382.955612 -63.812034606933594 17.13641929626465 -62.42351531982422 0.008201871998608112 -0.8802657723426819 -0.3192044496536255 -0.35096073150634766
1732203383.889056 -63.318939208984375 17.36079216003418 -62.979286193847656 0.00403066910803318 -0.8790132403373718 -0.3198568522930145 -0.35356923937797546
1732203384.888752 -62.798377990722656 17.595590591430664 -63.5698356628418 0.0027977926656603813 -0.881314754486084 -0.31489452719688416 -0.3523038327693939
1732203385.688939 -62.352867126464844 17.80797004699707 -64.06307983398438 0.004340203013271093 -0.8783953189849854 -0.32395386695861816 -0.35136428475379944
1732203386.488925 -61.913604736328125 18.02100372314453 -64.5510025024414 0.0051067667081952095 -0.87757807970047 -0.3263424038887024 -0.35118553042411804
1732203387.556091 -61.436790466308594 18.251060485839844 -65.095458984375 0.001376594533212483 -0.8768099546432495 -0.3279098868370056 -0.35167819261550903
1732203389.0889 -60.942054748535156 18.410905838012695 -65.49635314941406 -0.002865041606128216 -0.8512849807739258 -0.3100232481956482 -0.4233097732067108
1732203389.888721 -60.403167724609375 18.568883895874023 -65.8495864868164 -0.00048250111285597086 -0.8334295153617859 -0.3088103234767914 -0.4582917094230652
1732203390.690393 -59.820518493652344 18.722515106201172 -66.22846984863281 0.00018090220692101866 -0.8302602171897888 -0.3047723174095154 -0.4666709899902344
1732203391.488859 -59.175270080566406 18.894229888916016 -66.62985229492188 -0.0017711239634081721 -0.8244187235832214 -0.3058058023452759 -0.47624924778938293
1732203392.288678 -58.49907684326172 19.06861114501953 -67.0269775390625 -0.0010076205944642425 -0.8160369992256165 -0.3088673949241638 -0.488552451133728
1732203393.088838 -57.870574951171875 19.228382110595703 -67.38534545898438 -0.009589135646820068 -0.8120397925376892 -0.3066677451133728 -0.4964417517185211
1732203393.755516 -57.30503845214844 19.371597290039062 -67.68358612060547 -0.010418077930808067 -0.8081531524658203 -0.30864572525024414 -0.5015154480934143
1732203394.48886 -56.671722412109375 19.516950607299805 -68.03387451171875 -0.013706284575164318 -0.8063381314277649 -0.3053903877735138 -0.5063276290893555
1732203395.288809 -55.96784973144531 19.693138122558594 -68.40250396728516 -0.010544555261731148 -0.8035088181495667 -0.308169424533844 -0.509209156036377
1732203396.088829 -55.24706268310547 19.866233825683594 -68.7650146484375 -0.0050596934743225574 -0.8019009232521057 -0.30721527338027954 -0.5123944282531738
1732203396.888612 -54.546714782714844 20.03157615661621 -69.124267578125 -0.009629503823816776 -0.8003631830215454 -0.3032500743865967 -0.5170738697052002
1732203397.555461 -53.94312286376953 20.168701171875 -69.42176818847656 -0.00988047756254673 -0.7974646687507629 -0.3060482144355774 -0.5198913812637329
1732203398.288811 -53.270355224609375 20.322132110595703 -69.74874877929688 -0.011625546962022781 -0.795803427696228 -0.30429065227508545 -0.523420512676239
1732203398.888845 -52.715667724609375 20.458446502685547 -70.0029296875 -0.005454157944768667 -0.7943723797798157 -0.30494776368141174 -0.5253092050552368
1732203399.68879 -52.01261901855469 20.629121780395508 -70.34761047363281 -0.005154614802449942 -0.7971124649047852 -0.30854532122612 -0.5190231204032898
1732203400.555463 -51.337135314941406 20.805561065673828 -70.7263412475586 -0.0038429617416113615 -0.8101128935813904 -0.310352087020874 -0.49737709760665894
1732203401.488771 -50.69874572753906 21.009506225585938 -71.15229797363281 -0.001936658169142902 -0.8255943059921265 -0.31827908754348755 -0.4659278392791748
1732203402.288566 -50.146026611328125 21.20147705078125 -71.56266021728516 0.0026935820933431387 -0.8379817008972168 -0.3189204931259155 -0.442796915769577
1732203402.955406 -49.67479705810547 21.37531852722168 -71.9374008178711 0.005548200570046902 -0.8444617986679077 -0.32232919335365295 -0.42773523926734924
1732203403.888804 -49.04310607910156 21.62476921081543 -72.46730041503906 0.010105618275702 -0.8512131571769714 -0.3250858187675476 -0.41188985109329224
1732203404.488542 -48.592002868652344 21.806194305419922 -72.8624038696289 0.010778777301311493 -0.8555518388748169 -0.3241453766822815 -0.40354013442993164
1732203405.155397 -48.057838439941406 22.029930114746094 -73.34434509277344 0.014692084863781929 -0.8601435422897339 -0.3228234648704529 -0.39461660385131836
1732203405.68874 -47.634132385253906 22.206748962402344 -73.75235748291016 0.012852740474045277 -0.8630489110946655 -0.32294729351997375 -0.38818350434303284
1732203406.28871 -47.163978576660156 22.412450790405273 -74.21054077148438 0.01598646305501461 -0.8663766384124756 -0.32320234179496765 -0.3803633153438568
1732203406.955456 -46.639930725097656 22.627445220947266 -74.70367431640625 0.013223737478256226 -0.8643760681152344 -0.3202889561653137 -0.38741999864578247
1732203407.688973 -46.04943084716797 22.858734130859375 -75.21894836425781 0.014681767672300339 -0.8573743104934692 -0.31790533661842346 -0.4045119881629944
1732203408.155353 -45.65338134765625 23.013334274291992 -75.55210876464844 0.013266352005302906 -0.8528433442115784 -0.3199845254421234 -0.41242220997810364
1732203408.755389 -45.153038024902344 23.181955337524414 -75.928466796875 0.01499949861317873 -0.845931351184845 -0.3138255774974823 -0.4309161305427551
1732203409.422006 -44.552268981933594 23.38179588317871 -76.33448791503906 0.018139922991394997 -0.8346819281578064 -0.3146435618400574 -0.4516375958919525
1732203410.022013 -44.00324249267578 23.553176879882812 -76.7133560180664 0.01773456111550331 -0.8349594473838806 -0.31036075949668884 -0.4540974795818329
1732203410.688672 -43.38671875 23.75078773498535 -77.13726806640625 0.015569320879876614 -0.8332197070121765 -0.31072095036506653 -0.45711609721183777
1732203411.222009 -42.885406494140625 23.91080093383789 -77.46638488769531 0.019432958215475082 -0.8308384418487549 -0.31155291199684143 -0.46072179079055786
1732203411.821806 -42.30120086669922 24.08050537109375 -77.79158782958984 0.018401319161057472 -0.8075428009033203 -0.30718326568603516 -0.5031644701957703
1732203412.422003 -41.683006286621094 24.19468116760254 -77.98155975341797 0.015858011320233345 -0.7598617076873779 -0.29380717873573303 -0.579686164855957
1732203413.021988 -41.05206298828125 24.273624420166016 -78.1074447631836 0.010303552262485027 -0.7258608341217041 -0.27755171060562134 -0.6292734742164612
1732203413.621983 -40.37211608886719 24.348682403564453 -78.17343139648438 0.010360905900597572 -0.6939451098442078 -0.27278977632522583 -0.6662722229957581
1732203414.221759 -39.69319534301758 24.394445419311523 -78.17922973632812 0.010802305303514004 -0.6639730334281921 -0.2663073241710663 -0.6986441612243652
1732203414.822059 -39.007511138916016 24.421411514282227 -78.14183044433594 0.001489313435740769 -0.6378969550132751 -0.25340473651885986 -0.7272354960441589
1732203415.42196 -38.2952995300293 24.458398818969727 -78.08502197265625 0.007331191096454859 -0.6264907121658325 -0.2547474801540375 -0.7365863919258118
1732203416.021943 -37.614601135253906 24.461071014404297 -78.0196533203125 -0.0027495999820530415 -0.6152334809303284 -0.24423405528068542 -0.7495531439781189
1732203416.621765 -36.931514739990234 24.467391967773438 -77.94770812988281 -0.012055441737174988 -0.6034174561500549 -0.24583765864372253 -0.758489191532135
1732203417.42196 -36.12940216064453 24.451906204223633 -77.71258544921875 0.0005644508637487888 -0.5088589787483215 -0.22881220281124115 -0.829883873462677
1732203418.021908 -36.13835525512695 24.350872039794922 -77.51226806640625 -0.02000555954873562 -0.30907875299453735 -0.1500391811132431 -0.9389134049415588
1732203418.822226 -35.809471130371094 24.115333557128906 -76.84636688232422 -0.028161795809864998 -0.19375917315483093 -0.11686550825834274 -0.973656415939331
1732203419.421719 -35.51968002319336 23.91394805908203 -76.2116928100586 -0.0088129797950387 -0.1714206337928772 -0.11355683207511902 -0.9785919189453125
1732203420.021879 -35.25752639770508 23.68960952758789 -75.61998748779297 -0.02314153127372265 -0.15594220161437988 -0.1052379310131073 -0.981871485710144
1732203420.621915 -35.02544021606445 23.46373748779297 -75.00442504882812 -0.02169027179479599 -0.14540521800518036 -0.09496212005615234 -0.9845654368400574
1732203421.221888 -34.755943298339844 23.266803741455078 -74.41313934326172 -0.014884844422340393 -0.1600443571805954 -0.10658852010965347 -0.981225311756134
1732203422.021691 -34.41106414794922 23.0189151763916 -73.76628875732422 -0.028893789276480675 -0.176820769906044 -0.11563041061162949 -0.9770001769065857
1732203422.822628 -34.0467529296875 22.784828186035156 -73.11959838867188 -0.030639003962278366 -0.19237120449543 -0.1250573843717575 -0.9728387594223022
1732203423.621878 -33.673789978027344 22.561120986938477 -72.45084381103516 -0.014039120636880398 -0.20761771500110626 -0.12221512943506241 -0.9704439043998718
1732203425.222163 -33.33148193359375 22.31549835205078 -71.75775909423828 -0.017551055178046227 -0.17819733917713165 -0.11026529967784882 -0.9776396155357361
1732203426.021836 -32.982147216796875 22.090534210205078 -71.0341567993164 -0.005793331656605005 -0.17537803947925568 -0.11353939026594162 -0.9779150485992432
1732203426.621825 -32.71466064453125 21.916004180908203 -70.46868133544922 -0.00751846469938755 -0.17113110423088074 -0.11424482613801956 -0.9785733819007874
1732203427.421794 -32.36923599243164 21.683368682861328 -69.74476623535156 -0.007663545664399862 -0.16881531476974487 -0.11479536443948746 -0.978909969329834
1732203428.221797 -32.01655960083008 21.50041389465332 -69.14008331298828 -0.005950520746409893 -0.19528423249721527 -0.12568050622940063 -0.9726423621177673
1732203429.221604 -31.61832046508789 21.27337074279785 -68.43439483642578 -0.004518178757280111 -0.2116638720035553 -0.12754298746585846 -0.9689741134643555
1732203430.621803 -31.049360275268555 21.1273193359375 -67.88253021240234 0.007338994648307562 -0.38155022263526917 -0.1848049908876419 -0.9056559205055237
1732203431.888263 -30.502580642700195 21.033649444580078 -67.47965240478516 0.008767852559685707 -0.394933819770813 -0.18888741731643677 -0.8990395069122314
1732203433.022927 -29.87863540649414 20.936382293701172 -67.04457092285156 0.005861006211489439 -0.41045689582824707 -0.19269369542598724 -0.8912686705589294
1732203433.88822 -29.37024688720703 20.87021255493164 -66.71345520019531 0.010393397882580757 -0.42264920473098755 -0.19428953528404236 -0.8851616978645325
1732203434.888445 -28.748531341552734 20.79107666015625 -66.32628631591797 0.011670514941215515 -0.43525826930999756 -0.19787201285362244 -0.8782145977020264
1732203435.888437 -28.118270874023438 20.724414825439453 -65.96664428710938 0.011456519365310669 -0.4474080204963684 -0.20089393854141235 -0.8713991641998291
1732203436.888202 -27.457233428955078 20.656326293945312 -65.60419464111328 0.010897768661379814 -0.45819732546806335 -0.20245681703090668 -0.8654176592826843
1732203438.021705 -26.71579933166504 20.59107208251953 -65.23829650878906 0.013479653745889664 -0.46896353363990784 -0.207219198346138 -0.858458936214447
1732203439.021498 -26.01390266418457 20.52489471435547 -64.90156555175781 0.008667051792144775 -0.478655606508255 -0.2075720727443695 -0.853069543838501
1732203440.021662 -25.236804962158203 20.469690322875977 -64.53877258300781 0.013310332782566547 -0.4875054955482483 -0.21215741336345673 -0.846847414970398
1732203441.02206 -24.446996688842773 20.406848907470703 -64.1739501953125 0.014740144833922386 -0.4813247323036194 -0.21026009321212769 -0.8508231043815613
1732203441.761635 -23.902725219726562 20.347747802734375 -63.867149353027344 0.008516807109117508 -0.4645085632801056 -0.20236098766326904 -0.8620958924293518
1732203442.555186 -23.218170166015625 20.283401489257812 -63.43492126464844 0.01594504341483116 -0.4364950358867645 -0.20070849359035492 -0.8768888115882874
1732203443.355044 -22.58650779724121 20.171340942382812 -62.994876861572266 0.006698518991470337 -0.4116753935813904 -0.18719811737537384 -0.8918718695640564
1732203443.954769 -22.09672737121582 20.078746795654297 -62.588523864746094 0.010410076007246971 -0.378018856048584 -0.1821705549955368 -0.9076383113861084
1732203444.554963 -21.64891242980957 19.96351432800293 -62.15998840332031 0.004280381835997105 -0.3512730002403259 -0.1695079356431961 -0.92079097032547
1732203445.154961 -21.194316864013672 19.84688377380371 -61.72972106933594 0.004281346220523119 -0.3457462191581726 -0.1638055294752121 -0.9239096641540527
1732203445.754945 -20.744115829467773 19.73111915588379 -61.26430130004883 0.006408714689314365 -0.33185330033302307 -0.1587131768465042 -0.9298615455627441
1732203446.354758 -20.31279182434082 19.603397369384766 -60.77318572998047 0.006940759252756834 -0.31722208857536316 -0.15151530504226685 -0.9361437559127808
1732203446.954924 -19.878721237182617 19.468334197998047 -60.26054763793945 0.00986049696803093 -0.3046586215496063 -0.1476726233959198 -0.9408925175666809
1732203447.554939 -19.45636749267578 19.331283569335938 -59.745140075683594 0.008274482563138008 -0.298210084438324 -0.140713632106781 -0.944034993648529
1732203448.154893 -19.028772354125977 19.193431854248047 -59.238338470458984 0.008492357097566128 -0.2954150140285492 -0.13890719413757324 -0.9451786875724792
1732203448.754712 -18.524982452392578 19.082942962646484 -58.76941680908203 0.01558435708284378 -0.34449031949043274 -0.15735742449760437 -0.9253767728805542
1732203449.354889 -18.027633666992188 18.98208236694336 -58.376373291015625 0.010731332004070282 -0.3714430630207062 -0.1618662327528 -0.9141741394996643
1732203449.954881 -17.477466583251953 18.87714958190918 -57.922210693359375 0.01246028020977974 -0.37637925148010254 -0.1637532263994217 -0.9117940664291382
1732203450.554919 -16.946292877197266 18.772613525390625 -57.47515106201172 0.011711768805980682 -0.3787507116794586 -0.16100041568279266 -0.9113120436668396
1732203451.154924 -16.401321411132812 18.663970947265625 -57.031761169433594 0.010210858657956123 -0.3811046779155731 -0.16076424717903137 -0.9103899598121643
1732203451.754711 -15.86286449432373 18.558622360229492 -56.59514617919922 0.015198983252048492 -0.38296201825141907 -0.1618311107158661 -0.9093512892723083
1732203452.354864 -15.322135925292969 18.453563690185547 -56.16937255859375 0.012424169108271599 -0.38433387875556946 -0.1622803956270218 -0.9087344408035278
1732203452.954908 -14.786355972290039 18.360170364379883 -55.74073028564453 0.01461358554661274 -0.38571420311927795 -0.163203164935112 -0.9079513549804688
1732203453.554892 -14.239391326904297 18.25318717956543 -55.3150520324707 0.014358190819621086 -0.3873048722743988 -0.1642315834760666 -0.9070925116539001
1732203454.154724 -13.700931549072266 18.144689559936523 -54.88582229614258 0.013292644172906876 -0.388837069272995 -0.16193465888500214 -0.906866192817688
1732203454.821528 -13.090134620666504 18.031978607177734 -54.40897750854492 0.014715008437633514 -0.3875240385532379 -0.16641180217266083 -0.9065957069396973
1732203455.554839 -12.451126098632812 17.892852783203125 -53.88091278076172 0.011376764625310898 -0.372272253036499 -0.16358865797519684 -0.9135221838951111
1732203456.154842 -11.945601463317871 17.781017303466797 -53.41571807861328 0.014150642789900303 -0.35377705097198486 -0.16362495720386505 -0.9207977056503296
1732203456.754676 -11.502439498901367 17.654918670654297 -52.90571975708008 0.017476558685302734 -0.3141322731971741 -0.147483691573143 -0.9376908540725708
1732203457.3548 -11.066328048706055 17.51410484313965 -52.39723205566406 0.011015556752681732 -0.29971203207969666 -0.14236585795879364 -0.9432832598686218
1732203457.954838 -10.644103050231934 17.36768913269043 -51.85959243774414 0.010764586739242077 -0.2835235893726349 -0.13567450642585754 -0.9492580890655518
1732203458.554841 -10.229541778564453 17.212379455566406 -51.32114028930664 0.008706680499017239 -0.2752559781074524 -0.1325259804725647 -0.9521529078483582
1732203459.154589 -9.843180656433105 17.056360244750977 -50.782962799072266 0.006141241639852524 -0.26955726742744446 -0.12602318823337555 -0.9546828866004944
1732203459.754777 -9.454634666442871 16.904096603393555 -50.24380874633789 0.008337107487022877 -0.2613229751586914 -0.12602277100086212 -0.9569530487060547
1732203460.354784 -9.073177337646484 16.746593475341797 -49.67995834350586 0.010567965917289257 -0.25610774755477905 -0.12316710501909256 -0.9587111473083496
1732203460.954809 -8.716886520385742 16.58962631225586 -49.131187438964844 0.01285233348608017 -0.24565619230270386 -0.11868944019079208 -0.961977481842041
1732203461.554586 -8.38992691040039 16.43453598022461 -48.58118438720703 0.013965113088488579 -0.22785672545433044 -0.11006828397512436 -0.9673527479171753
1732203462.15475 -8.093049049377441 16.273317337036133 -48.02545166015625 0.01107854675501585 -0.20770759880542755 -0.10394743829965591 -0.9725891947746277
1732203462.754763 -7.806051254272461 16.10215950012207 -47.440956115722656 0.012922212481498718 -0.18988992273807526 -0.09766118228435516 -0.9768506288528442
1732203463.354769 -7.544270038604736 15.937305450439453 -46.865760803222656 0.010463678278028965 -0.17876695096492767 -0.09257086366415024 -0.9794711470603943
1732203463.954558 -7.3082051277160645 15.766061782836914 -46.310455322265625 0.008745613507926464 -0.16753624379634857 -0.08912315964698792 -0.9817903637886047
1732203464.55472 -7.074860572814941 15.594664573669434 -45.732521057128906 0.009520311839878559 -0.15535396337509155 -0.08658755570650101 -0.9840107560157776
1732203465.154725 -6.8556108474731445 15.421344757080078 -45.13156509399414 0.013801157474517822 -0.149536594748497 -0.08233153074979782 -0.9852258563041687
1732203465.754742 -6.649830341339111 15.245491981506348 -44.525733947753906 0.014057603664696217 -0.1407332718372345 -0.07896324247121811 -0.9867935180664062
1732203466.354526 -6.434327602386475 15.072253227233887 -43.928932189941406 0.012620101682841778 -0.1343110203742981 -0.07687504589557648 -0.9878722429275513
1732203466.954688 -6.240566730499268 14.89571762084961 -43.33484649658203 0.011970693245530128 -0.12645742297172546 -0.07363145053386688 -0.9891631603240967
1732203467.554719 -6.05873966217041 14.72078800201416 -42.740901947021484 0.012370320037007332 -0.12171222269535065 -0.07125835120677948 -0.9899269938468933
1732203468.354717 -5.777769088745117 14.506367683410645 -42.023921966552734 0.011706406250596046 -0.13993148505687714 -0.0780588909983635 -0.98701012134552
1732203469.154632 -5.514583110809326 14.293731689453125 -41.32792282104492 0.010598687455058098 -0.1376422643661499 -0.07704643160104752 -0.9874240159988403
1732203469.821334 -5.276137351989746 14.097814559936523 -40.664581298828125 0.01106039434671402 -0.13409452140331268 -0.07675584405660629 -0.98792964220047
1732203470.488086 -5.0425028800964355 13.894530296325684 -39.9862060546875 0.0108493035659194 -0.13207925856113434 -0.07531684637069702 -0.988314151763916
1732203471.154477 -4.816684246063232 13.698003768920898 -39.31168746948242 0.011383731849491596 -0.12953338027000427 -0.07437866926193237 -0.9887160062789917
1732203471.687949 -4.6397504806518555 13.531804084777832 -38.76327133178711 0.011577315628528595 -0.12743882834911346 -0.07315833121538162 -0.9890769720077515
1732203472.288024 -4.437566757202148 13.350834846496582 -38.15966033935547 0.008413861505687237 -0.12382255494594574 -0.07368867099285126 -0.9895287752151489
1732203472.887996 -4.235787391662598 13.172080039978027 -37.559715270996094 0.008939414285123348 -0.12301561236381531 -0.07368101179599762 -0.9896253347396851
1732203473.488021 -4.044544696807861 12.98464584350586 -36.94536209106445 0.008474956266582012 -0.12057297676801682 -0.07335998862981796 -0.989953875541687
1732203474.087789 -3.8497653007507324 12.802562713623047 -36.36056137084961 0.009268657304346561 -0.12134140729904175 -0.06937526166439056 -0.9901401400566101
1732203474.687943 -3.662503957748413 12.616218566894531 -35.74040985107422 0.007959175854921341 -0.1186879351735115 -0.06772267073392868 -0.9905875325202942
1732203475.288068 -3.469501495361328 12.428683280944824 -35.11794662475586 0.010251573286950588 -0.11806390434503555 -0.06841067224740982 -0.990593671798706
1732203475.954621 -3.2608206272125244 12.235649108886719 -34.428680419921875 0.01580936275422573 -0.11697638779878616 -0.06651929020881653 -0.9907784461975098
1732203476.487749 -3.1013269424438477 12.066187858581543 -33.89420700073242 0.009137941524386406 -0.11753565818071365 -0.06260988861322403 -0.9910508394241333
1732203477.087958 -2.9239490032196045 11.894280433654785 -33.297576904296875 0.009956233203411102 -0.11640732735395432 -0.0618259496986866 -0.9912254214286804
1732203477.687932 -2.7447102069854736 11.70866870880127 -32.71022415161133 0.00662637036293745 -0.11477529257535934 -0.06222722306847572 -0.9914184212684631
1732203478.28794 -2.566110134124756 11.521390914916992 -32.10344314575195 0.0062287189066410065 -0.1081450954079628 -0.06024967506527901 -0.9922881722450256
1732203478.9544 -2.4395525455474854 11.310656547546387 -31.423608779907227 0.008176524192094803 -0.0847095176577568 -0.04943735897541046 -0.9951449632644653
1732203479.688245 -2.319429636001587 11.071820259094238 -30.70305633544922 0.0005347884725779295 -0.0600491501390934 -0.038932111114263535 -0.9974358081817627
1732203480.288106 -2.2661592960357666 10.872676849365234 -30.10393714904785 0.0015277937054634094 -0.032227735966444016 -0.027861088514328003 -0.9990910291671753
1732203480.954605 -2.2467875480651855 10.652287483215332 -29.414112091064453 0.004396378993988037 -0.003938636742532253 -0.017973070964217186 -0.9998210668563843
1732203481.554369 -2.266228437423706 10.44646167755127 -28.778274536132812 0.006548268720507622 0.01958545111119747 -0.00826901663094759 -0.9997526407241821
1732203482.089891 -2.2998244762420654 10.263829231262207 -28.209203720092773 0.003827265929430723 0.02968122996389866 -0.006695447489619255 -0.9995296597480774
1732203482.754534 -2.348895311355591 10.030195236206055 -27.49709129333496 0.0029019734356552362 0.04142443835735321 -0.0014904579147696495 -0.9991363286972046
1732203483.288051 -2.4132120609283447 9.837553024291992 -26.926347732543945 0.00012784305727109313 0.05055674910545349 5.470848918776028e-06 -0.9987212419509888
1732203484.087675 -2.4422967433929443 9.559635162353516 -26.098716735839844 0.0025453108828514814 0.03475068882107735 -0.0044899582862854 -0.999382734298706
1732203484.887834 -2.4239814281463623 9.30191421508789 -25.33076286315918 -0.001480489387176931 0.010863251984119415 -0.01407822035253048 -0.9998407959938049
1732203485.687867 -2.3541181087493896 9.072152137756348 -24.57770538330078 0.01050477009266615 -0.0203876830637455 -0.02443975768983364 -0.9994382262229919
1732203486.487697 -2.3007094860076904 8.825024604797363 -23.84207534790039 0.0006295540370047092 -0.024117833003401756 -0.025371059775352478 -0.9993869662284851
1732203487.287802 -2.1709940433502197 8.56746768951416 -23.083253860473633 -0.0017177984118461609 -0.05427192151546478 -0.03912422060966492 -0.9977580308914185
1732203488.087836 -2.0386104583740234 8.297399520874023 -22.28272819519043 0.00104990613181144 -0.05878444388508797 -0.04128449410200119 -0.9974161386489868
1732203488.754289 -1.8983181715011597 8.067809104919434 -21.551984786987305 0.007033403962850571 -0.06559060513973236 -0.046231675893068314 -0.9967502951622009
1732203489.287807 -1.7930858135223389 7.882784843444824 -20.99905776977539 0.00414306903257966 -0.07112868130207062 -0.04828428849577904 -0.9962891936302185
1732203489.954488 -1.6310045719146729 7.6517252922058105 -20.27290153503418 0.004689228720963001 -0.07786847651004791 -0.050376974046230316 -0.9956790208816528
1732203490.687785 -1.4498370885849 7.398375988006592 -19.47273826599121 0.007231080438941717 -0.08339594304561615 -0.0500127375125885 -0.9952344298362732
1732203491.287603 -1.312108039855957 7.183000564575195 -18.821792602539062 0.00605623796582222 -0.08104562014341354 -0.05265544354915619 -0.9953001141548157
1732203491.954416 -1.2152305841445923 6.949657440185547 -18.114112854003906 0.0033801954705268145 -0.05445513129234314 -0.0431394949555397 -0.9975782036781311
1732203492.687758 -1.1103347539901733 6.687793731689453 -17.30369758605957 0.0021292201709002256 -0.04001236334443092 -0.04142875596880913 -0.9983377456665039
1732203493.287791 -1.0223537683486938 6.473133563995361 -16.64090919494629 0.003711526980623603 -0.041167233139276505 -0.042506445199251175 -0.9982408285140991
1732203493.887566 -0.9257007241249084 6.256054878234863 -15.990635871887207 0.001020914176478982 -0.0381808802485466 -0.045206956565380096 -0.9982472062110901
1732203494.487755 -0.8294536471366882 6.0546369552612305 -15.360527992248535 0.0034634319599717855 -0.043475441634655 -0.04729478806257248 -0.9979284405708313
1732203495.087754 -0.71977299451828 5.858489036560059 -14.757908821105957 0.0023100024554878473 -0.05327186360955238 -0.051959093660116196 -0.9972246885299683
1732203495.887746 -0.55221027135849 5.624532222747803 -14.041631698608398 0.0023944966960698366 -0.07531456649303436 -0.06008797138929367 -0.995344877243042
1732203496.687538 -0.36778151988983154 5.402409076690674 -13.38036060333252 -0.0008745607919991016 -0.08857110142707825 -0.06536983698606491 -0.9939221143722534
1732203497.4877 -0.15137562155723572 5.1481828689575195 -12.590558052062988 2.496070919733029e-05 -0.09586139768362045 -0.06725163757801056 -0.9931203126907349
1732203498.088091 0.037437692284584045 4.933929920196533 -11.92711067199707 0.0013648872263729572 -0.10090845078229904 -0.07159658521413803 -0.9923152923583984
1732203498.687692 0.1975673884153366 4.717796325683594 -11.269835472106934 0.00013465587107930332 -0.08623404800891876 -0.06553303450345993 -0.994117259979248
1732203499.287693 0.3229595720767975 4.49472713470459 -10.60786247253418 -0.0018578589661046863 -0.06753315776586533 -0.06163237988948822 -0.9958098530769348
1732203499.887676 0.46137121319770813 4.285297870635986 -9.939996719360352 0.000964826496783644 -0.06994283199310303 -0.062348827719688416 -0.995600163936615
1732203500.421042 0.588045597076416 4.094757080078125 -9.34928035736084 0.0009136018925346434 -0.07009860128164291 -0.06352401524782181 -0.995514988899231
1732203501.020808 0.7129456996917725 3.877777576446533 -8.678407669067383 0.0005920957191847265 -0.06406247615814209 -0.05976206064224243 -0.9961546659469604
1732203501.620815 0.8119878172874451 3.6635594367980957 -8.019216537475586 0.000735933193936944 -0.050957974046468735 -0.05253862589597702 -0.9973176121711731
1732203502.220968 0.885623574256897 3.437227487564087 -7.350051403045654 -0.0010982835665345192 -0.038146134465932846 -0.04416182264685631 -0.998295247554779
1732203502.887689 0.9770755171775818 3.177706003189087 -6.605804443359375 -0.003941158298403025 -0.03544722497463226 -0.04214288666844368 -0.9984748363494873
1732203503.48745 1.0477874279022217 2.950082778930664 -5.923549175262451 -0.0019280192209407687 -0.03322897106409073 -0.03782033920288086 -0.9987301230430603
1732203504.087451 1.113560676574707 2.725010395050049 -5.2588348388671875 -0.0032791427802294493 -0.03002881444990635 -0.03470027074217796 -0.99894118309021
1732203504.687613 1.174939513206482 2.5151798725128174 -4.638111114501953 -0.004603145644068718 -0.027352701872587204 -0.03294160217046738 -0.9990723133087158
1732203505.28762 1.215107798576355 2.330673933029175 -4.090000629425049 -0.002315823920071125 -0.023712946102023125 -0.029672721400856972 -0.9992757439613342
1732203505.620956 1.2355884313583374 2.2450900077819824 -3.843315601348877 -0.0030654165893793106 -0.022971199825406075 -0.030285514891147614 -0.9992725849151611
1732203506.020767 1.2443013191223145 2.192643404006958 -3.6644182205200195 0.0032959207892417908 -0.019196707755327225 -0.028171302750706673 -0.9994133710861206
