1741639992.554603 -0.0 -0.0 -0.0 -0.0 -0.0 -0.0 1.0
1741639997.953276 0.004294125363230705 -0.060385409742593765 0.17079059779644012 -0.00026826621615327895 0.0006760914693586528 0.00028589394059963524 0.9999997019767761
1741639998.753113 0.00549075985327363 -0.18240435421466827 0.5436771512031555 -0.005151011049747467 0.0008695708820596337 -0.001482962747104466 0.9999853372573853
1741639999.68608 -0.005691168364137411 -0.3273203670978546 0.9893392324447632 -0.00337286782450974 -0.010892764665186405 -0.002777310088276863 0.9999311566352844
1741640000.419405 -0.02513773739337921 -0.4916011691093445 1.480252981185913 -0.0036361298989504576 -0.02248901128768921 -0.0025893559213727713 0.9997372031211853
1741640001.019264 -0.05058607459068298 -0.6397387385368347 1.8891737461090088 0.006129249930381775 -0.03090427815914154 -0.004722260870039463 0.9994924664497375
1741640001.619168 -0.09315134584903717 -0.7864142656326294 2.279205799102783 0.012534409761428833 -0.04892914369702339 -0.008175902999937534 0.9986901879310608
1741640002.685555 -0.17649519443511963 -1.0422718524932861 2.9908573627471924 0.011729152873158455 -0.05442935973405838 -0.01266765221953392 0.9983684420585632
1741640003.618754 -0.25465184450149536 -1.2794041633605957 3.6381309032440186 0.012911810539662838 -0.05948567017912865 -0.015192387625575066 0.9980301260948181
1741640004.618299 -0.3499448597431183 -1.5544220209121704 4.3739142417907715 0.016026468947529793 -0.061958491802215576 -0.017141468822956085 0.9978028535842896
1741640005.551625 -0.4615127742290497 -1.8662123680114746 5.211940765380859 0.018195008859038353 -0.06442023068666458 -0.018566127866506577 0.9975842237472534
1741640006.418365 -0.5650948882102966 -2.1538500785827637 5.98467493057251 0.016907207667827606 -0.06570149213075638 -0.019948825240135193 0.9974966049194336
1741640007.351103 -0.6895022392272949 -2.467073917388916 6.793004512786865 0.020304718986153603 -0.07125592231750488 -0.022785663604736328 0.9969910979270935
1741640008.284451 -0.8201831579208374 -2.7811827659606934 7.600452899932861 0.020244525745511055 -0.07583074271678925 -0.02510717324912548 0.9965989589691162
1741640009.284262 -0.9549108147621155 -3.096085548400879 8.420554161071777 0.019075825810432434 -0.08181408047676086 -0.025227153673768044 0.9961456656455994
1741640010.2172 -1.0866965055465698 -3.38820743560791 9.186653137207031 0.018725141882896423 -0.08567473292350769 -0.024120870977640152 0.9958551526069641
1741640011.217295 -1.2331279516220093 -3.704611301422119 10.000847816467285 0.019798777997493744 -0.09092794358730316 -0.02479335479438305 0.9953519105911255
1741640012.017058 -1.3695014715194702 -3.980299234390259 10.734272003173828 0.022282127290964127 -0.0964604988694191 -0.023484060540795326 0.9948102831840515
1741640012.883395 -1.5018340349197388 -4.271352291107178 11.521540641784668 0.02145136147737503 -0.10024242103099823 -0.020798785611987114 0.9945143461227417
1741640014.016675 -1.6754993200302124 -4.563971996307373 12.310011863708496 0.020012853667140007 -0.1172538623213768 -0.028220783919095993 0.9924992322921753
1741640015.616625 -2.104279041290283 -4.875290393829346 13.060083389282227 0.023010404780507088 -0.22954578697681427 -0.07259702682495117 0.9703138470649719
1741640016.816179 -2.608257293701172 -5.122243881225586 13.673796653747559 0.021888649091124535 -0.3098854720592499 -0.09856197983026505 0.9453980326652527
1741640017.882478 -3.144705057144165 -5.29964542388916 14.035552978515625 0.036066990345716476 -0.38856154680252075 -0.12778589129447937 0.9118059277534485
1741640019.015819 -3.831176996231079 -5.463159561157227 14.429254531860352 0.02975601889193058 -0.4498479962348938 -0.1542835384607315 0.8791745901107788
1741640020.082309 -4.480172157287598 -5.608243942260742 14.702116966247559 0.04819507896900177 -0.4881058931350708 -0.17088252305984497 0.854534387588501
1741640021.01546 -5.121830940246582 -5.696516990661621 14.906976699829102 0.03672957792878151 -0.527948260307312 -0.19552117586135864 0.8256471157073975
1741640021.949267 -5.74052619934082 -5.791182518005371 15.076793670654297 0.038596611469984055 -0.5541819930076599 -0.19788788259029388 0.807609498500824
1741640023.148303 -6.557222843170166 -5.83219575881958 15.129931449890137 0.03369254991412163 -0.6305313110351562 -0.22908994555473328 0.7408190965652466
1741640024.281597 -7.310504913330078 -5.853883743286133 15.12191104888916 0.02628406509757042 -0.6672812104225159 -0.24071598052978516 0.7043442726135254
1741640025.348327 -8.026820182800293 -5.844668865203857 15.052305221557617 0.02699664607644081 -0.7027386426925659 -0.24932850897312164 0.6657813787460327
1741640026.347934 -8.704530715942383 -5.807749271392822 14.899164199829102 0.028042437508702278 -0.7409191131591797 -0.2630397379398346 0.6173027157783508
1741640027.281176 -9.30540943145752 -5.730934143066406 14.655193328857422 0.030501190572977066 -0.7781287431716919 -0.2797336280345917 0.5615465641021729
1741640028.480808 -10.081625938415527 -5.638301372528076 14.341605186462402 0.03114468604326248 -0.7840521335601807 -0.2809250056743622 0.5526059865951538
1741640029.480798 -10.738216400146484 -5.577357292175293 14.100175857543945 0.03197190538048744 -0.7847915887832642 -0.27556097507476807 0.5542077422142029
1741640030.613986 -11.463478088378906 -5.494072437286377 13.79338264465332 0.03681684285402298 -0.792241096496582 -0.2734699249267578 0.5442544221878052
1741640031.813788 -12.176451683044434 -5.407175540924072 13.412900924682617 0.041617270559072495 -0.81817227602005 -0.2759493887424469 0.5027068853378296
1741640032.813691 -12.711162567138672 -5.2854228019714355 12.975053787231445 0.0398811511695385 -0.8512390851974487 -0.2833997309207916 0.43987056612968445
1741640033.346946 -13.161661148071289 -5.173651218414307 12.573989868164062 0.03705092519521713 -0.8667755722999573 -0.28769293427467346 0.4056602120399475
1741640033.813319 -13.587505340576172 -5.060415267944336 12.188519477844238 0.03591210022568703 -0.8708276748657227 -0.28951194882392883 0.39566686749458313
1741640034.346738 -14.07567024230957 -4.9320478439331055 11.737543106079102 0.03591688722372055 -0.8746613264083862 -0.2920021116733551 0.3852432668209076
1741640035.013364 -14.668586730957031 -4.790225982666016 11.186360359191895 0.036512602120637894 -0.8788829445838928 -0.28624773025512695 0.37986040115356445
1741640035.746591 -15.267290115356445 -4.634642124176025 10.56536865234375 0.041151341050863266 -0.8851839900016785 -0.2798704504966736 0.3693622350692749
1741640036.213006 -15.696403503417969 -4.528779029846191 10.125715255737305 0.0423080176115036 -0.8870545625686646 -0.27676594257354736 0.36707603931427
1741640036.746264 -16.286527633666992 -4.36739444732666 9.46670913696289 0.04285677149891853 -0.8975226283073425 -0.28331258893013 0.3351871073246002
1741640037.146378 -16.668109893798828 -4.230757236480713 8.936746597290039 0.041867900639772415 -0.9061506390571594 -0.2872108817100525 0.3076491951942444
1741640037.412986 -16.948583602905273 -4.128378868103027 8.556882858276367 0.04220312461256981 -0.906860888004303 -0.2887784242630005 0.304021954536438
1741640037.746281 -17.28105926513672 -4.010702133178711 8.092811584472656 0.043473560363054276 -0.9084219932556152 -0.2887241244316101 0.2991955876350403
1741640038.146253 -17.6729736328125 -3.848646640777588 7.530243396759033 0.0434877946972847 -0.9095944166183472 -0.2914985716342926 0.29287445545196533
1741640038.479642 -18.006954193115234 -3.7167587280273438 7.046881198883057 0.0438576377928257 -0.9100311398506165 -0.29309746623039246 0.2898511588573456
1741640038.812652 -18.333406448364258 -3.586514472961426 6.571784019470215 0.04416101798415184 -0.9114885926246643 -0.2920936644077301 0.2862161099910736
1741640039.279226 -18.793521881103516 -3.394760847091675 5.890219688415527 0.041221704334020615 -0.9114106893539429 -0.29690468311309814 0.28192034363746643
1741640039.679551 -19.192358016967773 -3.2325451374053955 5.306931495666504 0.04142593592405319 -0.9108465909957886 -0.2956615388393402 0.2850029170513153
1741640040.079335 -19.597984313964844 -3.0778861045837402 4.7462005615234375 0.042279407382011414 -0.9077742099761963 -0.29400691390037537 0.29617297649383545
1741640040.479239 -20.006113052368164 -2.9121201038360596 4.170683860778809 0.04279681295156479 -0.9078696966171265 -0.2960073947906494 0.29380396008491516
1741640040.87923 -20.41787338256836 -2.7558276653289795 3.5986461639404297 0.043829545378685 -0.9087306261062622 -0.29543453454971313 0.29155808687210083
1741640041.279146 -20.83417510986328 -2.5966694355010986 3.0146427154541016 0.04399458318948746 -0.9077264070510864 -0.2952328324317932 0.294847309589386
1741640041.678904 -21.24711799621582 -2.425006151199341 2.4353504180908203 0.04529620334506035 -0.9054750204086304 -0.29722505807876587 0.2995339632034302
1741640042.07889 -21.68496322631836 -2.270988941192627 1.8786602020263672 0.046034637838602066 -0.8994512557983398 -0.29427045583724976 0.3198019862174988
1741640042.479046 -22.130054473876953 -2.1247239112854004 1.332754135131836 0.04713105037808418 -0.9001840353012085 -0.2919633388519287 0.31969499588012695
1741640042.87927 -22.575401306152344 -1.9702482223510742 0.7792778015136719 0.04702995717525482 -0.8981687426567078 -0.29511600732803345 0.3224712014198303
1741640043.27935 -23.017749786376953 -1.8199710845947266 0.2205791473388672 0.04698480665683746 -0.8984842896461487 -0.2941459119319916 0.32248514890670776
1741640043.678834 -23.454822540283203 -1.672196388244629 -0.3277587890625 0.04668302461504936 -0.8989199995994568 -0.29189252853393555 0.32336100935935974
1741640044.078776 -23.892011642456055 -1.525461196899414 -0.8712654113769531 0.04671265557408333 -0.8996724486351013 -0.2909626364707947 0.3220997154712677
1741640044.411871 -24.25739288330078 -1.4069280624389648 -1.3350467681884766 0.044477589428424835 -0.9013100266456604 -0.2880708873271942 0.3204328715801239
1741640044.8787 -24.77890396118164 -1.236617088317871 -1.9725093841552734 0.04350986331701279 -0.9007099866867065 -0.2887115478515625 0.3216739594936371
1741640045.278595 -25.236040115356445 -1.095916748046875 -2.503908157348633 0.04558578133583069 -0.8962790966033936 -0.28913024067878723 0.33318081498146057
1741640045.678551 -25.683883666992188 -0.9622974395751953 -3.0257797241210938 0.04622245952486992 -0.8936235308647156 -0.2858729660511017 0.3428952097892761
1741640046.211851 -26.260147094726562 -0.803410530090332 -3.649942398071289 0.04337011277675629 -0.8857051730155945 -0.28872302174568176 0.36094948649406433
1741640046.611874 -26.737884521484375 -0.6841001510620117 -4.126899719238281 0.043767914175987244 -0.8834233283996582 -0.28288817405700684 0.37097445130348206
1741640047.078384 -27.31770133972168 -0.5358924865722656 -4.687215805053711 0.038588277995586395 -0.879790723323822 -0.2844465374946594 0.3789055347442627
1741640047.611613 -27.920513153076172 -0.36956119537353516 -5.304340362548828 0.03726036101579666 -0.8875733613967896 -0.2874948978424072 0.35801106691360474
1741640048.144891 -28.481786727905273 -0.20305633544921875 -5.917816162109375 0.038244348019361496 -0.88982093334198 -0.2882159352302551 0.35169264674186707
1741640048.54485 -28.891902923583984 -0.08661365509033203 -6.385356903076172 0.03897509723901749 -0.8927878737449646 -0.2834830582141876 0.3479197323322296
1741640048.944805 -29.309528350830078 0.031167984008789062 -6.846393585205078 0.038460321724414825 -0.891124427318573 -0.2848068177700043 0.35114550590515137
1741640049.34483 -29.71691131591797 0.1434793472290039 -7.285636901855469 0.03724998980760574 -0.8906114101409912 -0.28500089049339294 0.35241782665252686
1741640050.011154 -30.221200942993164 0.2922792434692383 -7.869640350341797 0.038213927298784256 -0.8904792666435242 -0.2864254117012024 0.35149234533309937
1741640051.077897 -30.952869415283203 0.5115900039672852 -8.696758270263672 0.03543093055486679 -0.890139639377594 -0.2840817868709564 0.3545330762863159
1741640051.677925 -31.390329360961914 0.6287546157836914 -9.186782836914062 0.036310963332653046 -0.8904029726982117 -0.28246572613716125 0.355073481798172
1741640052.877612 -32.07450485229492 0.8233175277709961 -10.004051208496094 0.03519642353057861 -0.8883820176124573 -0.28555700182914734 0.357765257358551
1741640054.477501 -32.51026916503906 0.9870576858520508 -10.56875228881836 0.03322305157780647 -0.8747392892837524 -0.2834833860397339 0.39161810278892517
1741640057.277112 -33.118499755859375 1.1997318267822266 -11.297386169433594 0.040777284651994705 -0.8685572743415833 -0.27745893597602844 0.4086099863052368
1741640059.076871 -33.471649169921875 1.3207530975341797 -11.76837158203125 0.03838084265589714 -0.8654249310493469 -0.2761955261230469 0.41627252101898193
1741640061.743312 -33.99281692504883 1.5037269592285156 -12.398826599121094 0.03641559183597565 -0.8630971908569336 -0.2763303816318512 0.4211634695529938
1741640063.209549 -34.421409606933594 1.6226348876953125 -12.831153869628906 0.03491165116429329 -0.8539663553237915 -0.2700691819190979 0.4433794319629669
1741640066.209342 -35.30461120605469 1.7238569259643555 -13.519233703613281 0.02832532301545143 -0.8543892502784729 -0.26612788438796997 0.44541293382644653
1741640068.609034 -36.012386322021484 1.7644405364990234 -13.980289459228516 0.028186511248350143 -0.8448485732078552 -0.2698790729045868 0.4610876142978668
1741640070.475569 -36.62629699707031 1.7915019989013672 -14.24453353881836 0.022235162556171417 -0.8449262976646423 -0.28302711248397827 0.45332199335098267
1741640073.341907 -37.314796447753906 1.8116588592529297 -14.576400756835938 0.0301290825009346 -0.8494570255279541 -0.2751581072807312 0.44922488927841187
1741640076.474679 -38.63545227050781 1.992828369140625 -15.457046508789062 0.03714113309979439 -0.847419798374176 -0.2776060998439789 0.451037734746933
1741640078.607983 -39.712894439697266 2.1745223999023438 -16.163562774658203 0.03759847208857536 -0.8450930714607239 -0.2791171669960022 0.4544202387332916
1741640079.941118 -40.386985778808594 2.2896652221679688 -16.60234832763672 0.03748205304145813 -0.8439720869064331 -0.281745046377182 0.4548911452293396
1741640080.741057 -40.816810607910156 2.370706558227539 -16.896408081054688 0.036709628999233246 -0.8445729613304138 -0.2838037610054016 0.4525531232357025
1741640081.740784 -41.35420227050781 2.47515869140625 -17.260417938232422 0.03735790401697159 -0.8437815308570862 -0.28487640619277954 0.45330196619033813
1741640083.074112 -42.01981735229492 2.616809844970703 -17.737667083740234 0.033581506460905075 -0.8505913019180298 -0.28991076350212097 0.43739980459213257
1741640084.473787 -42.491477966308594 2.764129638671875 -18.192729949951172 0.03285517171025276 -0.8714817762374878 -0.2999277710914612 0.38663095235824585
1741640085.673862 -43.05962371826172 2.9481849670410156 -18.747886657714844 0.03286132216453552 -0.8742175698280334 -0.3065663278102875 0.37507447600364685
1741640086.807053 -43.57931137084961 3.1140384674072266 -19.27448272705078 0.03234460949897766 -0.8821426033973694 -0.3000612258911133 0.361581951379776
1741640088.140284 -44.20450210571289 3.322359085083008 -19.91986846923828 0.02395491488277912 -0.8851044178009033 -0.3031584620475769 0.3522944152355194
1741640089.140408 -44.60636520385742 3.4737319946289062 -20.409934997558594 0.021278634667396545 -0.8985625505447388 -0.304183691740036 0.3156023621559143
1741640090.340088 -45.09386444091797 3.676572799682617 -21.047779083251953 0.02165266126394272 -0.9039250016212463 -0.30299967527389526 0.301067978143692
1741640091.739835 -45.53759765625 3.910043716430664 -21.775672912597656 0.020864875987172127 -0.9213541150093079 -0.3046918511390686 0.24048729240894318
1741640093.339643 -45.79560089111328 4.261205673217773 -22.6385498046875 0.010963140986859798 -0.9335609674453735 -0.33919572830200195 0.11528223752975464
1741640094.806176 -45.845542907714844 4.585386276245117 -23.491674423217773 0.0146627277135849 -0.9391649961471558 -0.34219878911972046 0.0255771242082119
1741640095.80606 -45.8460807800293 4.894051551818848 -24.202037811279297 0.013799610547721386 -0.9344934821128845 -0.3557058572769165 -0.002215176122263074
1741640096.739516 -45.79927444458008 5.138205528259277 -24.827123641967773 0.01262757834047079 -0.9378453493118286 -0.3446677625179291 -0.038611046969890594
1741640097.939005 -45.70571517944336 5.446810722351074 -25.603374481201172 0.006114629562944174 -0.935734212398529 -0.3434434235095978 -0.0800677090883255
1741640099.205722 -45.52194595336914 5.737951278686523 -26.3873233795166 0.00980865117162466 -0.9340112805366516 -0.3334468901157379 -0.12782754004001617
1741640100.538758 -45.17135238647461 6.012627601623535 -27.134065628051758 0.01376330852508545 -0.9224540591239929 -0.3241390883922577 -0.209339439868927
1741640101.738749 -44.78946304321289 6.293990135192871 -27.826807022094727 0.012677221558988094 -0.9097939133644104 -0.3331397771835327 -0.2472495436668396
1741640102.938667 -44.389644622802734 6.549316883087158 -28.49693489074707 0.012200371362268925 -0.9117655158042908 -0.32344937324523926 -0.2528148889541626
1741640104.20518 -44.04243087768555 6.856190204620361 -29.256298065185547 0.016340935602784157 -0.9172823429107666 -0.3339462876319885 -0.2163471132516861
1741640105.005096 -43.80168151855469 7.0543036460876465 -29.745725631713867 0.015609228052198887 -0.9166131019592285 -0.3330782651901245 -0.22053495049476624
1741640106.271442 -43.43597412109375 7.3605875968933105 -30.508342742919922 0.012567943893373013 -0.9137781858444214 -0.3364827334880829 -0.2272242158651352
1741640107.471635 -43.08774185180664 7.6575026512146 -31.20635223388672 0.012155571952462196 -0.9115458726882935 -0.3401215970516205 -0.23076774179935455
1741640108.672923 -42.73942947387695 7.940747261047363 -31.877216339111328 0.007457724306732416 -0.9084988236427307 -0.34108859300613403 -0.24131472408771515
1741640109.937926 -42.31875228881836 8.207727432250977 -32.49279022216797 0.00303861266002059 -0.8912801146507263 -0.3391667604446411 -0.30095919966697693
1741640110.671207 -41.85202407836914 8.451412200927734 -33.010902404785156 -0.0018343942938372493 -0.8745900988578796 -0.3368142247200012 -0.3487764000892639
1741640111.337568 -41.27634048461914 8.688674926757812 -33.52729797363281 -0.005264418199658394 -0.8531713485717773 -0.3328518867492676 -0.40159764885902405
1741640111.737587 -40.83330154418945 8.849313735961914 -33.86982727050781 -0.007572696078568697 -0.8420984148979187 -0.32912278175354004 -0.4271899163722992
1741640112.071256 -40.42394256591797 8.98513412475586 -34.165164947509766 -0.008403399027884007 -0.8392743468284607 -0.3251006007194519 -0.43572646379470825
1741640112.471009 -39.95097351074219 9.14299201965332 -34.507049560546875 -0.008942781947553158 -0.8359115719795227 -0.32468992471694946 -0.4424346089363098
1741640112.870994 -39.477535247802734 9.29265308380127 -34.83966064453125 -0.009501738473773003 -0.8346484899520874 -0.3229082524776459 -0.446096271276474
1741640113.270876 -39.010005950927734 9.43671989440918 -35.16526794433594 -0.010756419040262699 -0.8326897025108337 -0.3210541009902954 -0.4510394036769867
1741640113.737532 -38.47883987426758 9.600797653198242 -35.523563385009766 -0.008499938994646072 -0.828399121761322 -0.32243406772613525 -0.4579508304595947
1741640114.070613 -38.07020950317383 9.71820068359375 -35.782470703125 -0.006785108707845211 -0.8278593420982361 -0.3186059892177582 -0.46162018179893494
1741640114.470566 -37.59120178222656 9.859903335571289 -36.07962417602539 -0.004632096271961927 -0.8251364827156067 -0.3199461102485657 -0.46557801961898804
1741640114.870702 -37.10862350463867 9.993734359741211 -36.36180877685547 -0.0013014894211664796 -0.8228655457496643 -0.31856775283813477 -0.4705372154712677
1741640116.603659 -36.58838653564453 10.066129684448242 -36.519874572753906 0.009047533385455608 -0.8304359912872314 -0.3220689594745636 -0.4544951319694519
1741640124.803084 -36.61027908325195 9.840137481689453 -36.306678771972656 0.01892877370119095 -0.854716956615448 -0.33827319741249084 -0.3932836651802063
1741640125.269649 -36.02559280395508 10.107086181640625 -36.83542251586914 0.01609179936349392 -0.8521758913993835 -0.3415452837944031 -0.39608609676361084
1741640125.469785 -35.754215240478516 10.237136840820312 -37.074058532714844 0.01808217354118824 -0.850872278213501 -0.3433188498020172 -0.39726749062538147
1741640125.936546 -35.134796142578125 10.50875473022461 -37.613338470458984 0.016193874180316925 -0.8527465462684631 -0.3386673629283905 -0.39732304215431213
1741640126.402911 -34.554752349853516 10.773393630981445 -38.1483268737793 0.00958356074988842 -0.8544804453849792 -0.3353561460971832 -0.3966200351715088
1741640126.736134 -34.11909866333008 10.975051879882812 -38.53877258300781 0.012275680899620056 -0.8533276915550232 -0.3389101028442383 -0.3960065543651581
1741640127.069446 -33.70635986328125 11.141022682189941 -38.905269622802734 0.008963273838162422 -0.8534098267555237 -0.33291947841644287 -0.4009688198566437
1741640127.735833 -33.048309326171875 11.427671432495117 -39.462127685546875 0.012383081018924713 -0.8509532809257507 -0.3352031409740448 -0.40418314933776855
1741640128.469295 -32.456321716308594 11.65036392211914 -39.92055892944336 0.011826139874756336 -0.845336377620697 -0.3286430537700653 -0.421022891998291
1741640129.669167 -31.738296508789062 11.91508960723877 -40.44477844238281 0.011262723244726658 -0.8260301351547241 -0.3278801441192627 -0.4583033621311188
1741640131.135921 -30.974018096923828 12.034503936767578 -40.61716842651367 0.01062432024627924 -0.743385374546051 -0.2995922863483429 -0.5979211926460266
1741640132.402208 -30.248580932617188 12.08723258972168 -40.62156677246094 0.006209729239344597 -0.6596180200576782 -0.270149290561676 -0.7013450264930725
1741640133.601919 -29.49530601501465 12.088488578796387 -40.470977783203125 0.00515108834952116 -0.581579327583313 -0.24734652042388916 -0.7749571800231934
1741640134.801963 -28.796024322509766 12.003972053527832 -40.201656341552734 -0.008520325645804405 -0.5240930318832397 -0.20966622233390808 -0.8254053592681885
1741640136.201639 -28.0267333984375 11.869702339172363 -39.8533935546875 -0.029170691967010498 -0.48533162474632263 -0.19112198054790497 -0.8526867628097534
1741640137.601683 -27.190292358398438 11.756378173828125 -39.40498733520508 -0.018141791224479675 -0.4433136582374573 -0.2049376219511032 -0.8724358677864075
1741640138.934685 -26.493562698364258 11.59535026550293 -38.86400604248047 -0.01377471536397934 -0.37950554490089417 -0.18243089318275452 -0.9069205522537231
1741640139.601534 -26.078378677368164 11.473747253417969 -38.50161361694336 -0.015735095366835594 -0.3708244562149048 -0.1716112196445465 -0.9125739336013794
1741640140.134712 -25.561420440673828 11.322835922241211 -38.03815460205078 -0.018083622679114342 -0.361966073513031 -0.16601072251796722 -0.9171117544174194
1741640140.534723 -25.10264015197754 11.204912185668945 -37.61903381347656 -0.006653350777924061 -0.3601078689098358 -0.16546614468097687 -0.9180953502655029
1741640140.934682 -24.627899169921875 11.09973430633545 -37.25177764892578 -0.006541388109326363 -0.3900124132633209 -0.1723775416612625 -0.9045073986053467
1741640141.33445 -24.126354217529297 11.006559371948242 -36.927406311035156 -0.007077962160110474 -0.412535160779953 -0.18485629558563232 -0.8919601440429688
1741640141.801123 -23.51462745666504 10.928208351135254 -36.57966613769531 -0.0022844697814434767 -0.44327011704444885 -0.20198431611061096 -0.8733320236206055
1741640142.401169 -22.777034759521484 10.828009605407715 -36.13966369628906 -0.0012666665716096759 -0.4402538537979126 -0.20155225694179535 -0.8749580979347229
1741640142.934452 -22.077747344970703 10.728897094726562 -35.7137565612793 0.004406426101922989 -0.440652996301651 -0.2018013894557953 -0.8746894598007202
1741640143.334415 -21.474258422851562 10.652496337890625 -35.35390853881836 0.004346207715570927 -0.43969935178756714 -0.20131121575832367 -0.8752824664115906
1741640143.735993 -20.870590209960938 10.576866149902344 -34.990745544433594 0.006193799898028374 -0.4391101002693176 -0.2011302411556244 -0.8756086826324463
1741640144.134333 -20.281070709228516 10.502479553222656 -34.635746002197266 0.00410617096349597 -0.43735960125923157 -0.20064644515514374 -0.8766075372695923
1741640144.534323 -19.691499710083008 10.42446517944336 -34.2730712890625 0.006310432683676481 -0.43665558099746704 -0.19902846217155457 -0.877314031124115
1741640144.93428 -19.110366821289062 10.346860885620117 -33.91300964355469 0.006699895951896906 -0.43425703048706055 -0.19664371013641357 -0.879037618637085
1741640145.334207 -18.53408432006836 10.27139663696289 -33.555137634277344 0.006512658204883337 -0.4327932596206665 -0.19719798862934113 -0.8796366453170776
1741640145.734166 -17.95807647705078 10.189401626586914 -33.19514846801758 0.0067771184258162975 -0.43287840485572815 -0.19595324993133545 -0.8798708319664001
1741640146.134124 -17.405452728271484 10.111631393432617 -32.85474395751953 0.008374347351491451 -0.43221771717071533 -0.19493265450000763 -0.8804084658622742
1741640146.534095 -16.86458969116211 10.04134750366211 -32.50328826904297 0.008935623802244663 -0.4313705861568451 -0.19554661214351654 -0.8806822299957275
1741640147.067199 -16.202104568481445 9.953143119812012 -32.094085693359375 0.008721199817955494 -0.4331905245780945 -0.1954939365386963 -0.8798023462295532
1741640147.467313 -15.712455749511719 9.884307861328125 -31.784618377685547 0.0052787247113883495 -0.434836208820343 -0.1929958462715149 -0.879569411277771
1741640147.867268 -15.232876777648926 9.814359664916992 -31.47920036315918 0.007296345196664333 -0.4327888786792755 -0.19184017181396484 -0.880816638469696
1741640148.267239 -14.788497924804688 9.741016387939453 -31.172592163085938 0.009463535621762276 -0.4201478958129883 -0.18696823716163635 -0.8879352807998657
1741640148.800791 -14.255330085754395 9.647090911865234 -30.806087493896484 0.008824257180094719 -0.4117431044578552 -0.18066978454589844 -0.8931674957275391
1741640149.400284 -13.686164855957031 9.554576873779297 -30.416831970214844 0.008932460099458694 -0.4087896943092346 -0.17766499519348145 -0.8951237201690674
1741640150.267086 -12.965131759643555 9.455599784851074 -29.95171356201172 0.008923876099288464 -0.40373992919921875 -0.17631305754184723 -0.897679328918457
1741640151.666898 -11.753229141235352 9.31005859375 -29.505590438842773 0.005612203385680914 -0.39048701524734497 -0.17325752973556519 -0.9041406512260437
1741640153.133385 -10.692646026611328 9.130393028259277 -28.84268569946289 0.01263579074293375 -0.35244038701057434 -0.15175117552280426 -0.9233621954917908
1741640154.000018 -10.090129852294922 8.985095024108887 -28.333759307861328 0.0071083419024944305 -0.33678576350212097 -0.14677467942237854 -0.9300441145896912
1741640155.06636 -9.313661575317383 8.797948837280273 -27.65900421142578 0.0016577207716181874 -0.32153716683387756 -0.14836838841438293 -0.9351993799209595
1741640156.599918 -8.28941535949707 8.508914947509766 -26.680938720703125 0.0036638439632952213 -0.3133823573589325 -0.14750784635543823 -0.9380936026573181
1741640156.999678 -7.979050159454346 8.418521881103516 -26.36671257019043 0.00363083160482347 -0.31022247672080994 -0.1465882807970047 -0.9392873644828796
1741640157.39965 -7.656930923461914 8.319183349609375 -26.01960563659668 0.005548159126192331 -0.3088831603527069 -0.1443188339471817 -0.9400705099105835
1741640158.066074 -7.125354766845703 8.151871681213379 -25.444360733032227 0.0074686515145003796 -0.30954277515411377 -0.1385117471218109 -0.9407135844230652
1741640158.59959 -6.652341842651367 7.997771263122559 -24.887939453125 0.007817937061190605 -0.28943169116973877 -0.1344161480665207 -0.9476816654205322
1741640158.999498 -6.329819202423096 7.865058898925781 -24.441591262817383 0.004931171424686909 -0.2602536976337433 -0.12518128752708435 -0.9573783874511719
1741640159.53275 -5.910815715789795 7.678142070770264 -23.762649536132812 0.012360374443233013 -0.22880952060222626 -0.11725505441427231 -0.9663046598434448
1741640159.732735 -5.7440900802612305 7.586843490600586 -23.493579864501953 0.0022855792194604874 -0.22224728763103485 -0.11686506867408752 -0.9679584503173828
1741640160.13288 -5.412402629852295 7.425605297088623 -22.944351196289062 0.0016910979757085443 -0.21870028972625732 -0.11590494960546494 -0.9688826203346252
1741640160.532459 -5.083777904510498 7.250904560089111 -22.374101638793945 0.0010132546303793788 -0.21355344355106354 -0.11529430001974106 -0.9701037406921387
1741640160.932871 -4.74505090713501 7.076452732086182 -21.763803482055664 0.007608873303979635 -0.21158306300640106 -0.11733442544937134 -0.9702615141868591
1741640161.265913 -4.460832595825195 6.927356719970703 -21.259984970092773 0.00504217017441988 -0.210478737950325 -0.11470162123441696 -0.9708330631256104
1741640161.732561 -4.067558765411377 6.720599174499512 -20.538528442382812 0.007746162358671427 -0.20526733994483948 -0.11121159046888351 -0.9723359942436218
1741640162.066619 -3.7886247634887695 6.563215255737305 -20.018232345581055 0.004526463802903891 -0.20411187410354614 -0.1097395271062851 -0.9727667570114136
1741640162.532456 -3.438398599624634 6.3466620445251465 -19.324003219604492 0.0014137454563751817 -0.18399056792259216 -0.10570826381444931 -0.9772263169288635
1741640162.999115 -3.1485774517059326 6.123642444610596 -18.62424659729004 -0.0009451456135138869 -0.15016856789588928 -0.09489278495311737 -0.9840955138206482
1741640163.398841 -2.9451920986175537 5.93689489364624 -18.0283203125 0.0001469823473598808 -0.13038311898708344 -0.08659029752016068 -0.9876752495765686
1741640163.732274 -2.7562592029571533 5.769510746002197 -17.484411239624023 0.0015749731101095676 -0.12715068459510803 -0.08531428873538971 -0.9882063269615173
1741640164.132261 -2.5481107234954834 5.560099124908447 -16.824695587158203 0.0003335452056489885 -0.1203671246767044 -0.08230537176132202 -0.9893116354942322
1741640164.532217 -2.339956045150757 5.3501434326171875 -16.15486717224121 0.0024411657359451056 -0.1170227974653244 -0.07823396474123001 -0.9900400638580322
1741640164.865529 -2.1694397926330566 5.169078826904297 -15.60540771484375 0.002473318250849843 -0.11265664547681808 -0.07614140212535858 -0.9907093048095703
1741640165.265526 -1.9821810722351074 4.967744827270508 -14.958902359008789 0.004356519319117069 -0.1097654402256012 -0.07470211386680603 -0.9911368489265442
1741640165.665492 -1.812138319015503 4.775086402893066 -14.371819496154785 0.002160280244424939 -0.10720846801996231 -0.07303722947835922 -0.9915479421615601
1741640166.065227 -1.6540803909301758 4.594836711883545 -13.787261962890625 0.005223971791565418 -0.10415815562009811 -0.07161442935466766 -0.9919653534889221
1741640166.665195 -1.4521706104278564 4.338161945343018 -13.02092170715332 0.00038050024886615574 -0.09963618963956833 -0.06869993358850479 -0.9926493763923645
1741640167.265281 -1.2383476495742798 4.085951805114746 -12.244254112243652 0.0010057403706014156 -0.09448607265949249 -0.07056201249361038 -0.9930218458175659
1741640167.665354 -1.0904712677001953 3.896883726119995 -11.680100440979004 -0.0007097385241650045 -0.09388522803783417 -0.0700749009847641 -0.9931135773658752
1741640168.065243 -0.9220535159111023 3.6886940002441406 -11.021858215332031 0.003153848694637418 -0.09115958958864212 -0.06873919814825058 -0.9934561252593994
1741640168.398539 -0.7891489267349243 3.502741575241089 -10.47130012512207 -0.00022900513431522995 -0.09197840094566345 -0.06821101158857346 -0.9934220314025879
1741640168.798468 -0.6109035611152649 3.2828941345214844 -9.82246208190918 -0.003003427293151617 -0.0902671068906784 -0.0709671601653099 -0.9933813214302063
1741640169.198252 -0.48640236258506775 3.0773377418518066 -9.191210746765137 -0.0016689382027834654 -0.06294145435094833 -0.06199902668595314 -0.9960882663726807
1741640169.598359 -0.4213699698448181 2.8775556087493896 -8.598098754882812 -0.002686823718249798 -0.028925368562340736 -0.04867435619235039 -0.9983922243118286
1741640169.998324 -0.4160596430301666 2.6721692085266113 -8.014739036560059 -0.005416351370513439 0.011407135985791683 -0.035172443836927414 -0.999301552772522
1741640170.398288 -0.4187543988227844 2.4530467987060547 -7.373319149017334 -0.0018543486949056387 0.01724112220108509 -0.027878345921635628 -0.9994609355926514
1741640170.798262 -0.4294446110725403 2.2228198051452637 -6.69619083404541 -0.003397187450900674 0.023360513150691986 -0.024353541433811188 -0.9994246959686279
1741640171.198236 -0.4436004161834717 1.991461157798767 -6.010417461395264 0.0008204919286072254 0.0203289482742548 -0.02093055658042431 -0.9995739459991455
1741640171.598119 -0.46008938550949097 1.7764930725097656 -5.377553939819336 0.0007383936899714172 0.021580759435892105 -0.017673609778285027 -0.9996106028556824
1741640172.197981 -0.44113293290138245 1.5183861255645752 -4.642922878265381 -0.002238515065982938 -0.0035675722174346447 -0.024956421926617622 -0.9996797442436218
1741640172.798115 -0.4202607274055481 1.2467631101608276 -3.866274833679199 -0.005246154963970184 -0.0018699521897360682 -0.02477775327861309 -0.9996774792671204
1741640173.199356 -0.40131184458732605 1.0134212970733643 -3.190627336502075 -0.005793760996311903 -0.001520476653240621 -0.02387123368680477 -0.9996971487998962
1741640173.531317 -0.38249671459198 0.8149181604385376 -2.6134276390075684 -0.005279731936752796 -0.0011925467988476157 -0.024477597326040268 -0.9996857047080994
1741640173.864619 -0.3706316649913788 0.6117933988571167 -2.032524824142456 -0.005153203848749399 -0.001383760361932218 -0.02222897857427597 -0.9997387528419495
1741640174.264381 -0.35324573516845703 0.36491283774375916 -1.3477346897125244 -0.009999100118875504 -0.0013037482276558876 -0.020479673519730568 -0.999739408493042
1741640174.664392 -0.31814470887184143 0.13233990967273712 -0.6670123338699341 -0.0058242627419531345 -0.011494673788547516 -0.021146129816770554 -0.9996933341026306
1741640175.064471 -0.26884472370147705 -0.10368288308382034 0.010970829986035824 -0.006249947473406792 -0.022747540846467018 -0.02616712637245655 -0.9993792176246643
1741640175.464457 -0.2089415043592453 -0.34052732586860657 0.718937873840332 -0.0029739364981651306 -0.025581197813153267 -0.029583953320980072 -0.9992305040359497
1741640175.864412 -0.14312008023262024 -0.5896154642105103 1.4045125246047974 -0.007944130338728428 -0.029049668461084366 -0.030117860063910484 -0.9990925788879395
1741640176.264365 -0.07929278910160065 -0.8307449817657471 2.1016628742218018 -0.003795715980231762 -0.02866314724087715 -0.031218906864523888 -0.9990943074226379
1741640176.664358 -0.007224533706903458 -1.075929045677185 2.797431468963623 -0.005910922773182392 -0.031720858067274094 -0.03269587829709053 -0.9989443421363831
1741640177.064108 0.05880196392536163 -1.3230538368225098 3.4993081092834473 -0.006526145618408918 -0.033075034618377686 -0.030204718932509422 -0.9989750385284424
1741640177.46426 0.12812703847885132 -1.5597281455993652 4.1981706619262695 -0.00349449273198843 -0.03094831481575966 -0.03245588764548302 -0.9989878535270691
1741640177.864203 0.18920071423053741 -1.7852225303649902 4.846152305603027 -0.003981999587267637 -0.029911108314990997 -0.032640986144542694 -0.9990115761756897
1741640178.330827 0.25136616826057434 -2.0421462059020996 5.559824466705322 -0.0037301357369869947 -0.03412356600165367 -0.03265970200300217 -0.9988769292831421
1741640178.730775 0.32715287804603577 -2.258856773376465 6.182835578918457 -0.006154248956590891 -0.036374326795339584 -0.03501246124505997 -0.9987057447433472
1741640179.130774 0.39678439497947693 -2.466667890548706 6.778528690338135 -0.008184625767171383 -0.03702763468027115 -0.03555045649409294 -0.9986481666564941
1741640179.66404 0.4821818768978119 -2.7490575313568115 7.606783390045166 -0.0048698242753744125 -0.03972186520695686 -0.03426247462630272 -0.998611330986023
1741640179.997144 0.5480043888092041 -2.927968978881836 8.125907897949219 -0.006618359126150608 -0.039066579192876816 -0.035856522619724274 -0.9985711574554443
1741640180.264168 0.5928800702095032 -3.0731420516967773 8.539752006530762 -0.006514762062579393 -0.0384993702173233 -0.03527523949742317 -0.9986145496368408
1741640180.797241 0.6955992579460144 -3.361229419708252 9.379589080810547 -0.00505029084160924 -0.034822337329387665 -0.036436863243579865 -0.9987162947654724
1741640181.197219 0.7271994352340698 -3.5739939212799072 9.985148429870605 -0.009495279751718044 -0.011784310452640057 -0.029189439490437508 -0.9994593262672424
1741640181.797292 0.6679012775421143 -3.875356435775757 10.814468383789062 -0.0068873194977641106 0.041711464524269104 -0.010831940919160843 -0.9990473389625549
1741640182.397099 0.6272563338279724 -4.150581359863281 11.64659595489502 -0.001935912179760635 0.035021696239709854 -0.018323449417948723 -0.9992167353630066
1741640182.996875 0.6582168340682983 -4.378809928894043 12.294896125793457 -0.005022568162530661 0.001219722325913608 -0.02865680679678917 -0.9995759725570679
1741640183.596935 0.6891392469406128 -4.658590793609619 13.149917602539062 0.0019283037399873137 -0.0013837936567142606 -0.02749599702656269 -0.9996191263198853
1741640184.196914 0.7280987501144409 -4.947035789489746 13.98366928100586 -0.006391276139765978 -0.0020543159916996956 -0.03331339731812477 -0.9994224309921265
1741640184.730178 0.7592534422874451 -5.208745956420898 14.755598068237305 -0.0017846623668447137 0.0066260057501494884 -0.033266663551330566 -0.9994229674339294
1741640185.329932 0.7577491402626038 -5.516382694244385 15.618337631225586 -0.008212587796151638 0.026347758248448372 -0.029254311695694923 -0.9991909861564636
1741640185.92987 0.7159832715988159 -5.827664852142334 16.489788055419922 -0.010390128940343857 0.03768400102853775 -0.02934294380247593 -0.9988048076629639
1741640186.529965 0.672856867313385 -6.139667510986328 17.32929229736328 -0.009960334748029709 0.03700041398406029 -0.03009476512670517 -0.9988123774528503
1741640187.129924 0.6411431431770325 -6.445196628570557 18.133115768432617 -0.015540427528321743 0.03922697901725769 -0.029493805021047592 -0.9986740946769714
1741640188.129673 0.6065177321434021 -6.6977219581604 18.810632705688477 -0.014926153235137463 0.04493477940559387 -0.028117306530475616 -0.9984826445579529
1741640189.263041 0.5722467303276062 -6.975833415985107 19.55882453918457 -0.015696048736572266 0.045653436332941055 -0.028892630711197853 -0.9984161257743835
1741640191.062692 0.4977758824825287 -7.301122188568115 20.459386825561523 -0.01128170546144247 0.050288066267967224 -0.0223833080381155 -0.9984201788902283
1741640192.596028 0.4192524552345276 -7.622264862060547 21.349590301513672 -0.007859895937144756 0.05033877119421959 -0.01688941940665245 -0.9985584616661072
1741640197.062058 0.28917986154556274 -7.922407627105713 22.15658950805664 -0.012806417420506477 0.08057304471731186 -0.002636413788422942 -0.996662974357605
1741640198.662082 0.12968072295188904 -8.237381935119629 23.005598068237305 -0.011923149228096008 0.09162188321352005 0.0075639383867383 -0.9956938028335571
1741640199.795153 0.029106520116329193 -8.504693984985352 23.699586868286133 -0.017793582752346992 0.06546323001384735 0.00034990962012670934 -0.9976962804794312
1741640201.261808 -0.01835320144891739 -8.783656120300293 24.455976486206055 -0.017462560907006264 0.0331001952290535 -0.007355067413300276 -0.9992724061012268
1741640201.6618 -0.026440933346748352 -8.849472999572754 24.64520835876465 -0.015816619619727135 0.030863231047987938 -0.007695645559579134 -0.9993688464164734
