1758725107.475907 -0.0 -0.0 -0.0 -0.0 -0.0 -0.0 1.0
1758725109.209224 -0.0029392768628895283 -0.046039022505283356 0.0983731672167778 0.005565633065998554 -0.0012063771719112992 -0.0007522173691540956 0.999983549118042
1758725109.942501 0.002289747353643179 -0.2728126049041748 0.7775128483772278 0.002471404615789652 -0.001500265789218247 -0.00162068335339427 0.9999945759773254
1758725110.542819 0.0030065514147281647 -0.49841541051864624 1.4255214929580688 0.007119455374777317 -0.0015845323214307427 -0.003185876179486513 0.999968409538269
1758725111.142599 0.006068895570933819 -0.7404516339302063 2.0796635150909424 0.01230125967413187 -0.0007543087122030556 -0.004204231780022383 0.9999152421951294
1758725111.809162 0.012367569841444492 -1.000940203666687 2.8039703369140625 0.013553311116993427 -0.0012404511217027903 -0.005943879019469023 0.9998897314071655
1758725112.475769 0.016098298132419586 -1.2525832653045654 3.4994277954101562 0.012856906279921532 -0.0012558689340949059 -0.006638465449213982 0.9998946189880371
1758725113.075785 0.01872871443629265 -1.4960136413574219 4.151424884796143 0.016466673463582993 -0.0017491583712399006 -0.006981629878282547 0.9998385310173035
1758725113.742443 0.02234688028693199 -1.7514622211456299 4.861515998840332 0.015029334463179111 -0.002455199370160699 -0.006967530120164156 0.9998598098754883
1758725114.409058 0.024788441136479378 -2.01444411277771 5.563261985778809 0.017101263627409935 -0.003048266051337123 -0.0071921455673873425 0.999823272228241
1758725115.142402 0.0329134464263916 -2.3054397106170654 6.355403900146484 0.01720123179256916 -0.0038761578034609556 -0.007406897377222776 0.9998171329498291
1758725115.809054 0.022355549037456512 -2.5773680210113525 7.073829650878906 0.02116304636001587 -0.006517570465803146 -0.010277255438268185 0.999701976776123
1758725116.475691 -0.07366366684436798 -2.836225748062134 7.774404525756836 0.01981542631983757 -0.05316350609064102 -0.028078902512788773 0.9979943037033081
1758725117.142396 -0.19951121509075165 -3.086947441101074 8.479965209960938 0.016866512596607208 -0.07335100322961807 -0.0341058149933815 0.996580183506012
1758725117.875684 -0.3162367343902588 -3.3826780319213867 9.263840675354004 0.018234657123684883 -0.08070261776447296 -0.03346048668026924 0.9960095882415771
1758725118.542336 -0.4910341203212738 -3.635920524597168 9.955122947692871 0.018499067053198814 -0.11414822190999985 -0.04639676585793495 0.9922072887420654
1758725119.209 -0.6750307679176331 -3.8978617191314697 10.647607803344727 0.021094121038913727 -0.1212465912103653 -0.04642993211746216 0.9913115501403809
1758725119.875621 -0.8654078841209412 -4.156986713409424 11.343719482421875 0.021104028448462486 -0.13213980197906494 -0.04977389797568321 0.9897556900978088
1758725120.542277 -1.0913751125335693 -4.4230427742004395 12.001485824584961 0.030082492157816887 -0.15813103318214417 -0.05380014702677727 0.9854923486709595
1758725121.34225 -1.5143790245056152 -4.669118881225586 12.671463966369629 0.025621064007282257 -0.25640156865119934 -0.08819348365068436 0.9621973633766174
1758725122.008913 -1.96729576587677 -4.824346542358398 13.042550086975098 0.025094056501984596 -0.3595103323459625 -0.12727858126163483 0.924079418182373
1758725122.808874 -2.635615348815918 -4.986263275146484 13.438013076782227 0.024363959208130836 -0.44073331356048584 -0.1606236845254898 0.8828139901161194
1758725123.542386 -3.3360040187835693 -5.111270904541016 13.734893798828125 0.02486237697303295 -0.5154402256011963 -0.1888258308172226 0.8354927897453308
1758725124.142182 -3.973853588104248 -5.2060017585754395 13.966309547424316 0.02561645396053791 -0.5302202105522156 -0.19640010595321655 0.8244011402130127
1758725124.808815 -4.69977331161499 -5.308613300323486 14.197427749633789 0.026571519672870636 -0.5435726642608643 -0.20035043358802795 0.8146670460700989
1758725125.608846 -5.511925220489502 -5.415378093719482 14.419788360595703 0.02833559922873974 -0.5651507377624512 -0.20470088720321655 0.7986860275268555
1758725126.275471 -6.220307350158691 -5.492206573486328 14.579455375671387 0.027816837653517723 -0.581369161605835 -0.21121244132518768 0.7852550745010376
1758725126.942107 -6.944631099700928 -5.562891006469727 14.71227741241455 0.030895253643393517 -0.5970390439033508 -0.2151350975036621 0.7722090482711792
1758725127.942096 -7.9739580154418945 -5.623926162719727 14.831450462341309 0.02838604338467121 -0.6313063502311707 -0.23016102612018585 0.7400489449501038
1758725129.542072 -8.855100631713867 -5.60861349105835 14.660979270935059 0.03344037011265755 -0.7307462096214294 -0.26253965497016907 0.629257321357727
1758725131.342001 -9.592472076416016 -5.442294120788574 14.23388957977295 0.027287118136882782 -0.8165637850761414 -0.305135041475296 0.4892562925815582
1758725132.475852 -10.109506607055664 -5.315875053405762 13.842698097229004 0.03504879027605057 -0.8445363640785217 -0.30314362049102783 0.4400384724140167
1758725133.675295 -10.710411071777344 -5.139641761779785 13.310104370117188 0.03520775958895683 -0.8690605759620667 -0.30465632677078247 0.38817358016967773
1758725134.608627 -11.223262786865234 -4.930402755737305 12.701715469360352 0.032492995262145996 -0.8886369466781616 -0.31611958146095276 0.33066171407699585
1758725135.608578 -11.873458862304688 -4.667339324951172 11.881549835205078 0.03488302230834961 -0.8978022933006287 -0.31247544288635254 0.3083721101284027
1758725136.675216 -12.551202774047852 -4.439457416534424 11.148173332214355 0.03893113508820534 -0.8893072009086609 -0.2992039620876312 0.34364819526672363
1758725137.67519 -13.163917541503906 -4.228569984436035 10.375223159790039 0.04501017928123474 -0.9004902243614197 -0.28414544463157654 0.32611772418022156
1758725138.541849 -14.00777816772461 -3.986795425415039 9.530082702636719 0.03943827375769615 -0.8825379014015198 -0.2882693111896515 0.3694215416908264
1758725139.408477 -14.832963943481445 -3.779277801513672 8.700763702392578 0.04024863988161087 -0.8832434415817261 -0.28598710894584656 0.36942195892333984
1758725140.408493 -15.8385648727417 -3.500058889389038 7.706870079040527 0.04104005917906761 -0.8843568563461304 -0.28634968400001526 0.36637765169143677
1758725141.408423 -16.837631225585938 -3.219419240951538 6.690984725952148 0.038975343108177185 -0.8840516805648804 -0.29158520698547363 0.3631962537765503
1758725142.875105 -18.426841735839844 -2.773466110229492 5.25787353515625 0.04316015541553497 -0.8651005029678345 -0.2906021475791931 0.40655723214149475
1758725143.741756 -19.387928009033203 -2.5841445922851562 4.58050537109375 0.04365568235516548 -0.8507487177848816 -0.28269341588020325 0.44091418385505676
1758725144.54172 -20.316072463989258 -2.4349136352539062 3.9513626098632812 0.04335133731365204 -0.851418137550354 -0.28441187739372253 0.438540518283844
1758725145.341673 -21.172740936279297 -2.2394204139709473 3.2363452911376953 0.04595020040869713 -0.8630443811416626 -0.28991928696632385 0.4110836386680603
1758725146.34168 -22.176265716552734 -2.050614356994629 2.399883270263672 0.04749391973018646 -0.8662384152412415 -0.2824399769306183 0.4093934893608093
1758725147.208276 -23.027353286743164 -1.8793830871582031 1.6915340423583984 0.044551681727170944 -0.8664254546165466 -0.2837659418582916 0.40841037034988403
1758725148.074935 -23.87354278564453 -1.7010254859924316 0.9811134338378906 0.045605652034282684 -0.8672186732292175 -0.2830882966518402 0.4070786237716675
1758725148.94162 -24.60149574279785 -1.5184741020202637 0.3213939666748047 0.04446287453174591 -0.8797900080680847 -0.2949981689453125 0.37009280920028687
1758725150.14159 -25.478965759277344 -1.2525806427001953 -0.6069831848144531 0.03757653757929802 -0.8845438361167908 -0.2991292178630829 0.3559381663799286
1758725151.474868 -26.454574584960938 -0.996943473815918 -1.5248832702636719 0.03761029615998268 -0.8730157613754272 -0.29055264592170715 0.38988232612609863
1758725152.874842 -27.492523193359375 -0.7416143417358398 -2.481081008911133 0.037709254771471024 -0.8750188946723938 -0.289591908454895 0.3860783874988556
1758725155.341453 -28.950260162353516 -0.26978015899658203 -4.008792877197266 0.032034244388341904 -0.874363362789154 -0.28999680280685425 0.38776853680610657
1758725156.808074 -29.974172592163086 -0.00027751922607421875 -4.9650726318359375 0.036528974771499634 -0.8637938499450684 -0.28656354546546936 0.41280409693717957
1758725158.341401 -31.142942428588867 0.2552146911621094 -5.834541320800781 0.038375262171030045 -0.8535255193710327 -0.2872178554534912 0.4330443739891052
1758725160.141319 -32.130958557128906 0.4468259811401367 -6.610832214355469 0.04075158014893532 -0.8498549461364746 -0.28353723883628845 0.44237154722213745
1758725163.141272 -33.45761489868164 0.7342948913574219 -7.785335540771484 0.042433060705661774 -0.8741580843925476 -0.29387813806533813 0.3842952251434326
1758725165.074566 -34.3606071472168 0.9475631713867188 -8.60226058959961 0.042752791196107864 -0.8591020107269287 -0.28470757603645325 0.4231519401073456
1758725167.341162 -35.510833740234375 1.2108287811279297 -9.569026947021484 0.03898107632994652 -0.857472836971283 -0.2853596806526184 0.42636924982070923
1758725169.807803 -36.78199768066406 1.4679069519042969 -10.56964111328125 0.035758085548877716 -0.8532800674438477 -0.28342583775520325 0.4362387955188751
1758725171.874424 -37.921905517578125 1.6804580688476562 -11.449092864990234 0.034282855689525604 -0.8401644229888916 -0.27455592155456543 0.4664413034915924
1758725174.807667 -39.57014083862305 1.8921070098876953 -12.509063720703125 0.032017968595027924 -0.8343675136566162 -0.2694300413131714 0.4798053801059723
1758725176.874269 -40.9420166015625 2.0942859649658203 -13.310230255126953 0.026758519932627678 -0.8292366862297058 -0.2690925896167755 0.4891214370727539
1758725178.140933 -41.904090881347656 2.229616165161133 -13.84952163696289 0.02485170029103756 -0.827100396156311 -0.26872479915618896 0.4930255711078644
1758725179.474243 -42.678714752197266 2.331787109375 -14.287933349609375 0.024995556101202965 -0.8262928128242493 -0.26470762491226196 0.49653327465057373
1758725180.740845 -43.498069763183594 2.4443016052246094 -14.73940658569336 0.022297415882349014 -0.8237341642379761 -0.26629260182380676 0.5000530481338501
1758725182.207504 -44.49010467529297 2.586091995239258 -15.252147674560547 0.020899910479784012 -0.8215126991271973 -0.26757147908210754 0.5030761361122131
1758725183.607803 -45.280208587646484 2.7306652069091797 -15.797435760498047 0.023808805271983147 -0.8503697514533997 -0.2741667628288269 0.4484829902648926
1758725184.740755 -45.88225555419922 2.9012680053710938 -16.267749786376953 0.017417553812265396 -0.8524671196937561 -0.299568235874176 0.42808324098587036
1758725185.540748 -46.25279235839844 2.9768333435058594 -16.58226776123047 0.0337960384786129 -0.8632506728172302 -0.2803851068019867 0.4183782637119293
1758725186.74066 -46.785858154296875 3.116058349609375 -17.054218292236328 0.03049265779554844 -0.8703787922859192 -0.2886277437210083 0.39775002002716064
1758725187.807348 -47.26959991455078 3.2578697204589844 -17.502174377441406 0.03262592852115631 -0.8730866312980652 -0.297464519739151 0.38492873311042786
1758725188.674014 -47.74510192871094 3.383607864379883 -17.93765640258789 0.03414873778820038 -0.8719621300697327 -0.288774698972702 0.39385920763015747
1758725189.540645 -48.297950744628906 3.4698848724365234 -18.365123748779297 0.04047756642103195 -0.8667990565299988 -0.27651557326316833 0.41298919916152954
1758725190.540639 -48.94178009033203 3.6052494049072266 -18.910537719726562 0.04474165663123131 -0.8666415214538574 -0.27723562717437744 0.4123966097831726
1758725191.407409 -49.545631408691406 3.7644596099853516 -19.41876983642578 0.042384758591651917 -0.8609814047813416 -0.2941614091396332 0.41277560591697693
1758725192.140587 -50.08007049560547 3.8830413818359375 -19.859390258789062 0.03995407745242119 -0.8637722134590149 -0.2927287518978119 0.40818020701408386
1758725192.807284 -50.57705307006836 4.019779205322266 -20.28228759765625 0.04129401594400406 -0.8623319268226624 -0.29662278294563293 0.40828102827072144
1758725193.47387 -51.122962951660156 4.154474258422852 -20.744361877441406 0.04265442490577698 -0.8641420602798462 -0.2963660657405853 0.40448281168937683
1758725194.140556 -51.68623352050781 4.303829193115234 -21.20484161376953 0.0405360609292984 -0.8621762990951538 -0.3039926290512085 0.4032336175441742
1758725194.940537 -52.35554885864258 4.472682952880859 -21.755760192871094 0.04047089442610741 -0.8639857172966003 -0.30379247665405273 0.39950093626976013
1758725195.740696 -52.98851013183594 4.627115249633789 -22.296981811523438 0.0389399528503418 -0.8659071922302246 -0.3004695475101471 0.39800316095352173
1758725196.340508 -53.46910858154297 4.749195098876953 -22.705604553222656 0.036098022013902664 -0.8684489727020264 -0.29718056321144104 0.3951925039291382
1758725196.940594 -53.9601936340332 4.8642425537109375 -23.13238525390625 0.03247808292508125 -0.8720952272415161 -0.29071158170700073 0.39227795600891113
1758725197.740544 -54.57573699951172 5.028125762939453 -23.670059204101562 0.023811493068933487 -0.878532350063324 -0.29042768478393555 0.3785047233104706
1758725198.540438 -54.946075439453125 5.218748092651367 -24.285037994384766 0.027064336463809013 -0.9218664765357971 -0.3057331144809723 0.23655229806900024
1758725199.74039 -55.2509651184082 5.523221969604492 -25.227554321289062 0.029852351173758507 -0.9360730648040771 -0.31678372621536255 0.15008044242858887
1758725200.67372 -55.42491149902344 5.824357986450195 -26.090721130371094 0.032127898186445236 -0.9424452185630798 -0.31972864270210266 0.09240405261516571
1758725201.540331 -55.60332107543945 6.123273849487305 -26.968555450439453 0.032144758850336075 -0.9429358243942261 -0.3237892985343933 0.07070573419332504
1758725202.407004 -55.72633743286133 6.462672233581543 -27.90422821044922 0.032904207706451416 -0.9420222043991089 -0.3302222788333893 0.04964584857225418
1758725203.207007 -55.72123718261719 6.773927688598633 -28.753175735473633 0.029042266309261322 -0.9438682794570923 -0.328509122133255 -0.018735148012638092
1758725203.740293 -55.63616180419922 6.983829498291016 -29.32369613647461 0.026487374678254128 -0.941883385181427 -0.3287836015224457 -0.06368237733840942
1758725204.406969 -55.5207633972168 7.24830436706543 -30.034420013427734 0.025922678411006927 -0.9398608207702637 -0.3298674523830414 -0.08471807837486267
1758725204.940305 -55.39356994628906 7.47648286819458 -30.64227867126465 0.026064731180667877 -0.9385031461715698 -0.32982301712036133 -0.09873863309621811
1758725205.406938 -55.25005340576172 7.728011131286621 -31.311569213867188 0.020950134843587875 -0.9359718561172485 -0.3334778845310211 -0.11095179617404938
1758725205.80691 -55.11958312988281 7.929203987121582 -31.849546432495117 0.018467966467142105 -0.9366081953048706 -0.32715755701065063 -0.12406443059444427
1758725206.340589 -54.90056610107422 8.214534759521484 -32.6190299987793 0.013986368663609028 -0.934354841709137 -0.327236533164978 -0.1403626948595047
1758725206.806895 -54.685699462890625 8.485956192016602 -33.2988395690918 0.014846405014395714 -0.9309517741203308 -0.33189618587493896 -0.15150369703769684
1758725207.140231 -54.50196838378906 8.691779136657715 -33.81319808959961 0.016436027362942696 -0.9266314506530762 -0.3396863341331482 -0.16030360758304596
1758725207.540177 -54.264625549316406 8.956501960754395 -34.461612701416016 0.020664827898144722 -0.9255072474479675 -0.33881670236587524 -0.16796618700027466
1758725207.87353 -54.044036865234375 9.162089347839355 -35.01209259033203 0.020997216925024986 -0.9281864762306213 -0.3266611397266388 -0.17697905004024506
1758725208.206851 -53.80073547363281 9.393948554992676 -35.60506057739258 0.02890053205192089 -0.9269796013832092 -0.326281875371933 -0.18279452621936798
1758725208.540357 -53.536468505859375 9.645633697509766 -36.216949462890625 0.037643563002347946 -0.9233828186988831 -0.33187752962112427 -0.18922069668769836
1758725208.873511 -53.282752990722656 9.869941711425781 -36.81396484375 0.03793644905090332 -0.9237990975379944 -0.32669079303741455 -0.1960335224866867
1758725209.274289 -52.95979309082031 10.132823944091797 -37.50458908081055 0.03479773551225662 -0.9213802218437195 -0.3213275074958801 -0.21586166322231293
1758725209.540545 -52.69496154785156 10.30601692199707 -37.94330596923828 0.03054497204720974 -0.9117942452430725 -0.31910425424575806 -0.25665295124053955
1758725209.873464 -52.29369354248047 10.51266098022461 -38.447513580322266 0.025447092950344086 -0.890243411064148 -0.3179303705692291 -0.32517609000205994
1758725210.207067 -51.897789001464844 10.71037483215332 -38.92723083496094 0.024636005982756615 -0.8881358504295349 -0.3182268738746643 -0.33066508173942566
1758725210.540177 -51.50238800048828 10.893616676330566 -39.3940315246582 0.023066772148013115 -0.8864133954048157 -0.31335553526878357 -0.3399229943752289
1758725210.87347 -51.072906494140625 11.090417861938477 -39.87086486816406 0.022982528433203697 -0.882666289806366 -0.3159642219543457 -0.34718695282936096
1758725211.27347 -50.568145751953125 11.310230255126953 -40.40940856933594 0.023480378091335297 -0.8790445327758789 -0.3137500286102295 -0.35817623138427734
1758725211.60682 -50.14054870605469 11.488231658935547 -40.859004974365234 0.021198278293013573 -0.8776896595954895 -0.3105531930923462 -0.3643738627433777
1758725212.007116 -49.6038818359375 11.717631340026855 -41.39495086669922 0.022770235314965248 -0.8729226589202881 -0.31434911489486694 -0.3723871409893036
1758725212.340095 -49.157474517822266 11.897258758544922 -41.83863830566406 0.021155407652258873 -0.8715791702270508 -0.31082987785339355 -0.3785327076911926
1758725212.673422 -48.722389221191406 12.076204299926758 -42.25155258178711 0.01895877905189991 -0.8683910965919495 -0.3124709129333496 -0.3845769166946411
1758725213.073424 -48.17638397216797 12.291887283325195 -42.762298583984375 0.016759056597948074 -0.8657353520393372 -0.31226441264152527 -0.3907843828201294
1758725213.473423 -47.631439208984375 12.499991416931152 -43.2514533996582 0.01721552386879921 -0.862869143486023 -0.31337565183639526 -0.39617711305618286
1758725213.806722 -47.164268493652344 12.676656723022461 -43.66709899902344 0.018132951110601425 -0.8613888621330261 -0.31346458196640015 -0.39927494525909424
1758725214.140071 -46.698951721191406 12.854106903076172 -44.06486511230469 0.018106887117028236 -0.8587735295295715 -0.3139456808567047 -0.4044976532459259
1758725214.473372 -46.21544647216797 13.001104354858398 -44.4054069519043 0.019877830520272255 -0.8442035913467407 -0.30732953548431396 -0.438718318939209
1758725214.806701 -45.71392822265625 13.156582832336426 -44.74169158935547 0.021438531577587128 -0.8394594192504883 -0.30617624521255493 -0.44844669103622437
1758725215.140245 -45.19880294799805 13.317626953125 -45.07836151123047 0.02381351962685585 -0.836713433265686 -0.3059007525444031 -0.4536169171333313
1758725215.473399 -44.68826675415039 13.473602294921875 -45.401893615722656 0.024123992770910263 -0.8336662650108337 -0.3066433370113373 -0.4586813449859619
1758725215.806707 -44.160274505615234 13.62690544128418 -45.74174499511719 0.024145664647221565 -0.831463098526001 -0.30434650182724 -0.4641760289669037
1758725216.139982 -43.63348388671875 13.778732299804688 -46.05497741699219 0.024560922756791115 -0.8284111618995667 -0.30239760875701904 -0.4708370268344879
1758725216.608507 -42.97292709350586 13.98918342590332 -46.48533630371094 0.027291858568787575 -0.837739109992981 -0.30732980370521545 -0.4505516588687897
1758725217.006662 -42.45277404785156 14.163911819458008 -46.89640808105469 0.02681010589003563 -0.8510261178016663 -0.30808302760124207 -0.4244060814380646
1758725217.339983 -41.959388732910156 14.336265563964844 -47.27275466918945 0.029284222051501274 -0.8478805422782898 -0.3086966574192047 -0.43005505204200745
1758725217.673317 -41.462886810302734 14.507993698120117 -47.65095901489258 0.030754506587982178 -0.8473501801490784 -0.3072446286678314 -0.43203306198120117
1758725218.006641 -40.94884490966797 14.68027114868164 -48.0335807800293 0.031436216086149216 -0.8459289073944092 -0.308333158493042 -0.43398937582969666
1758725218.339965 -40.432289123535156 14.858513832092285 -48.424652099609375 0.03103887289762497 -0.8457432389259338 -0.3071279227733612 -0.43523266911506653
1758725218.673444 -39.91999816894531 15.027702331542969 -48.80428695678711 0.029034707695245743 -0.8439159989356995 -0.30736595392227173 -0.4387356638908386
1758725219.006598 -39.40894317626953 15.190107345581055 -49.178165435791016 0.028230223804712296 -0.8429328203201294 -0.30684584379196167 -0.44103631377220154
1758725219.33995 -38.87952423095703 15.362995147705078 -49.56127166748047 0.028001459315419197 -0.8421096205711365 -0.30588483810424805 -0.4432852566242218
1758725219.673941 -38.34357452392578 15.542535781860352 -49.938812255859375 0.027827000245451927 -0.840262770652771 -0.30647414922714233 -0.44638314843177795
1758725220.006603 -37.794654846191406 15.71603775024414 -50.32915115356445 0.026807092130184174 -0.8385251760482788 -0.30759358406066895 -0.44893571734428406
1758725220.339883 -37.27581787109375 15.889266967773438 -50.686805725097656 0.028102699667215347 -0.8355696201324463 -0.3103781044483185 -0.4524368941783905
1758725220.739891 -36.64904022216797 16.07675552368164 -51.09828567504883 0.024256674572825432 -0.8345027565956116 -0.30782026052474976 -0.45635905861854553
1758725221.073233 -36.10247802734375 16.253076553344727 -51.454410552978516 0.02541089616715908 -0.8322396874427795 -0.30864301323890686 -0.4598597288131714
1758725221.406582 -35.563438415527344 16.43545913696289 -51.81028747558594 0.026673167943954468 -0.830406129360199 -0.31069424748420715 -0.4617178440093994
1758725221.806558 -34.913246154785156 16.642822265625 -52.241878509521484 0.027726197615265846 -0.8289973735809326 -0.3104120194911957 -0.4643694758415222
1758725222.073231 -34.46892547607422 16.778532028198242 -52.526695251464844 0.025157306343317032 -0.8269765377044678 -0.311040461063385 -0.4676867127418518
1758725222.47318 -33.80498504638672 16.98866844177246 -52.94087219238281 0.025822198018431664 -0.8254779577255249 -0.312884658575058 -0.4690656363964081
1758725222.806523 -33.24268341064453 17.151357650756836 -53.285423278808594 0.025700604543089867 -0.8236722946166992 -0.3109152615070343 -0.47353482246398926
1758725223.206505 -32.53587341308594 17.324899673461914 -53.60362243652344 0.02096112072467804 -0.7865099906921387 -0.29864731431007385 -0.5401597619056702
1758725223.473178 -32.05120849609375 17.396604537963867 -53.7462158203125 0.01192433200776577 -0.754494309425354 -0.28394564986228943 -0.5915834903717041
1758725223.873168 -31.307910919189453 17.53976058959961 -53.9378776550293 0.016268040984869003 -0.7408395409584045 -0.2972109913825989 -0.6021277904510498
1758725224.206527 -30.704998016357422 17.644611358642578 -54.0946044921875 0.010160889476537704 -0.7368741035461426 -0.2972719371318817 -0.6070773005485535
1758725224.539832 -30.10755157470703 17.745899200439453 -54.25129699707031 0.00660288380458951 -0.7336713075637817 -0.2979382276535034 -0.6106681823730469
1758725224.873362 -29.513126373291016 17.835899353027344 -54.395172119140625 0.003496516030281782 -0.7316368818283081 -0.29607731103897095 -0.6140305995941162
1758725225.273115 -28.802982330322266 17.931655883789062 -54.560546875 -0.0018265764228999615 -0.7335604429244995 -0.2862078547477722 -0.6164177656173706
1758725225.473147 -28.442138671875 17.973848342895508 -54.652801513671875 -0.0035220410209149122 -0.7322237491607666 -0.28403639793395996 -0.6189987063407898
1758725225.939799 -27.63878631591797 18.048545837402344 -54.8146858215332 -0.015791334211826324 -0.7224584817886353 -0.2714972496032715 -0.6356836557388306
1758725226.273142 -27.055164337158203 18.095199584960938 -54.870948791503906 -0.00817512720823288 -0.6940938234329224 -0.270600825548172 -0.6670398116111755
1758725226.673071 -26.40692138671875 18.107120513916016 -54.8726921081543 -0.015158101916313171 -0.6584215760231018 -0.2569083869457245 -0.7072831392288208
1758725227.139853 -25.674938201904297 18.100467681884766 -54.78794860839844 -0.008569138124585152 -0.6169052124023438 -0.24002327024936676 -0.7494954466819763
1758725227.673101 -24.868614196777344 18.045257568359375 -54.59126281738281 -0.01068824715912342 -0.5662932395935059 -0.21831440925598145 -0.7946928143501282
1758725228.206429 -24.103145599365234 17.97848892211914 -54.31956481933594 -0.006957046687602997 -0.517967164516449 -0.209885373711586 -0.8292223215103149
1758725228.673022 -23.51874542236328 17.892192840576172 -54.04644012451172 -0.009771022945642471 -0.48472264409065247 -0.19927728176116943 -0.8516085147857666
1758725229.406569 -22.82461166381836 17.76463508605957 -53.68254089355469 -0.0174124576151371 -0.4659518003463745 -0.1881694793701172 -0.8643945455551147
1758725230.073039 -22.150711059570312 17.663604736328125 -53.29723358154297 -0.004189442377537489 -0.45223328471183777 -0.18995395302772522 -0.871427059173584
1758725230.606296 -21.6299991607666 17.577619552612305 -52.987037658691406 -0.004134805407375097 -0.44501203298568726 -0.18593624234199524 -0.875999391078949
1758725231.139633 -21.13166046142578 17.481752395629883 -52.68431854248047 -0.008574939332902431 -0.43562957644462585 -0.18185390532016754 -0.8815228939056396
1758725231.739637 -20.547636032104492 17.38475799560547 -52.2991828918457 0.00041425967356190085 -0.4231240749359131 -0.18587049841880798 -0.8868021368980408
1758725232.272972 -20.02642059326172 17.29241180419922 -51.93919372558594 0.0032512724865227938 -0.4172894358634949 -0.1853775829076767 -0.8896596431732178
1758725232.806242 -19.525588989257812 17.191909790039062 -51.58936309814453 -0.0003199679485987872 -0.41176125407218933 -0.18055889010429382 -0.8932250738143921
1758725233.339597 -19.008625030517578 17.09625244140625 -51.22077941894531 0.0026499342638999224 -0.4069226384162903 -0.1768459975719452 -0.8961766362190247
1758725233.872946 -18.494468688964844 16.99568748474121 -50.84484100341797 0.004717715550214052 -0.4014112055301666 -0.17379863560199738 -0.8992446660995483
1758725234.406258 -18.017501831054688 16.891660690307617 -50.47239685058594 0.002687250729650259 -0.39657047390937805 -0.16987594962120056 -0.9021457433700562
1758725234.939557 -17.48123550415039 16.782033920288086 -50.04130935668945 0.006100463215261698 -0.39218980073928833 -0.1676322966814041 -0.9044607877731323
1758725235.539574 -16.892358779907227 16.653892517089844 -49.565185546875 0.005995714571326971 -0.38612043857574463 -0.16554340720176697 -0.9074527621269226
1758725236.072883 -16.354347229003906 16.535892486572266 -49.119110107421875 0.008592859841883183 -0.38190793991088867 -0.16396677494049072 -0.9094984531402588
1758725236.60622 -15.762212753295898 16.394439697265625 -48.615543365478516 0.007423868402838707 -0.377532958984375 -0.16047285497188568 -0.9119552373886108
1758725237.139507 -15.150199890136719 16.25417709350586 -48.10540008544922 0.007259780541062355 -0.3761151432991028 -0.15962839126586914 -0.9126902222633362
1758725237.673431 -14.527856826782227 16.14392852783203 -47.659027099609375 0.008540301583707333 -0.40685027837753296 -0.17203159630298615 -0.89710932970047
1758725238.206167 -13.882187843322754 16.019393920898438 -47.173553466796875 0.009720453061163425 -0.40119075775146484 -0.16984902322292328 -0.9000570774078369
1758725238.606154 -13.376862525939941 15.923646926879883 -46.8000373840332 0.009103422053158283 -0.4020540714263916 -0.16711638867855072 -0.9001899361610413
1758725238.939428 -12.906685829162598 15.835058212280273 -46.440956115722656 0.010340522043406963 -0.40241679549217224 -0.16653303802013397 -0.9001225233078003
1758725239.272773 -12.391217231750488 15.75731086730957 -46.10057830810547 0.013848057016730309 -0.425219863653183 -0.17468956112861633 -0.8879639506340027
1758725239.6061 -11.887832641601562 15.694950103759766 -45.834842681884766 0.014478662982583046 -0.462103933095932 -0.18437902629375458 -0.8673262000083923
1758725240.006113 -11.256109237670898 15.620548248291016 -45.52165985107422 0.013686059974133968 -0.4726709723472595 -0.185664102435112 -0.861349880695343
1758725240.339437 -10.702446937561035 15.554946899414062 -45.23264694213867 0.013599579222500324 -0.4770149886608124 -0.18419168889522552 -0.8592702150344849
1758725240.672779 -10.127532005310059 15.493057250976562 -44.94798278808594 0.016015341505408287 -0.4806739389896393 -0.1848297417163849 -0.8570495843887329
1758725241.072729 -9.438756942749023 15.433765411376953 -44.6096305847168 0.021445078775286674 -0.4838894009590149 -0.18872323632240295 -0.8542685508728027
1758725241.406107 -8.886199951171875 15.362288475036621 -44.356475830078125 0.009021932259202003 -0.48873335123062134 -0.18301646411418915 -0.852973222732544
1758725241.739385 -8.343049049377441 15.290212631225586 -44.060302734375 0.014543558470904827 -0.46748247742652893 -0.178500235080719 -0.8656710386276245
1758725242.139376 -7.712579727172852 15.195075988769531 -43.654808044433594 0.015319951809942722 -0.4415425956249237 -0.17318587005138397 -0.8802341222763062
1758725242.473179 -7.18006706237793 15.113237380981445 -43.33319854736328 0.012924217619001865 -0.44872862100601196 -0.1730988770723343 -0.8766483664512634
1758725242.872739 -6.562098503112793 15.023012161254883 -42.96846008300781 0.012422611936926842 -0.44723695516586304 -0.17241959273815155 -0.8775513172149658
1758725243.139372 -6.136452674865723 14.957009315490723 -42.71780776977539 0.013300090096890926 -0.4460304081439972 -0.1739296019077301 -0.8778545260429382
1758725243.539339 -5.528200149536133 14.87278938293457 -42.364295959472656 0.011864223517477512 -0.4447729289531708 -0.17284119129180908 -0.8787275552749634
1758725243.872673 -4.987922668457031 14.793581008911133 -42.037757873535156 0.010935714468359947 -0.4417804181575775 -0.1758732795715332 -0.8796471953392029
1758725244.273157 -4.375856399536133 14.704532623291016 -41.67167663574219 0.008679780177772045 -0.44034790992736816 -0.17592239379882812 -0.8803805112838745
1758725244.739332 -3.663248062133789 14.59187126159668 -41.22515106201172 0.00817386619746685 -0.4377535879611969 -0.17329654097557068 -0.8821979761123657
1758725245.139336 -3.0765132904052734 14.48463249206543 -40.806339263916016 0.010307703167200089 -0.4138251543045044 -0.1664748638868332 -0.8949462175369263
1758725245.472625 -2.6202945709228516 14.379315376281738 -40.42768096923828 0.007056369911879301 -0.38510242104530334 -0.15607419610023499 -0.9095533490180969
1758725245.872622 -2.092832088470459 14.244392395019531 -39.95429992675781 0.005465522408485413 -0.3680647611618042 -0.14761917293071747 -0.9179908037185669
1758725246.339292 -1.47782564163208 14.090315818786621 -39.40095138549805 0.008481924422085285 -0.36558404564857483 -0.1476374864578247 -0.9189557433128357
1758725246.739288 -0.9481596946716309 13.958775520324707 -38.9091911315918 0.009285521693527699 -0.35997262597084045 -0.14533399045467377 -0.9215267896652222
1758725247.139296 -0.41945886611938477 13.823554039001465 -38.43048095703125 0.009021512232720852 -0.35511815547943115 -0.14332342147827148 -0.9237251877784729
1758725247.47256 0.020941734313964844 13.708343505859375 -38.01546859741211 0.010793870314955711 -0.3517681062221527 -0.14117100834846497 -0.9253180623054504
1758725247.872552 0.5458941459655762 13.56234359741211 -37.501609802246094 0.009746323339641094 -0.34691789746284485 -0.13865947723388672 -0.9275379180908203
1758725248.272591 1.053408145904541 13.409109115600586 -37.00672912597656 0.006612695753574371 -0.34069329500198364 -0.13643711805343628 -0.9301985502243042
1758725248.672601 1.5499224662780762 13.267200469970703 -36.50625991821289 0.006884754169732332 -0.3330192565917969 -0.1391058713197708 -0.9325773119926453
1758725249.005912 1.9713292121887207 13.154746055603027 -36.07729721069336 0.009911670349538326 -0.32816484570503235 -0.14194703102111816 -0.9338418841362
1758725249.339629 2.382767677307129 13.0374755859375 -35.632301330566406 0.012838329188525677 -0.3187272846698761 -0.13892845809459686 -0.937521755695343
1758725249.672527 2.743300437927246 12.902303695678711 -35.18065643310547 0.008580953814089298 -0.2923368811607361 -0.12940169870853424 -0.9474813342094421
1758725250.00583 3.078003406524658 12.767924308776855 -34.70931625366211 0.009265383705496788 -0.2703697383403778 -0.12087931483983994 -0.9550929665565491
1758725250.405876 3.4652795791625977 12.606727600097656 -34.17927932739258 0.006432313472032547 -0.2696765959262848 -0.1176820620894432 -0.955711305141449
1758725250.73921 3.7762646675109863 12.47072982788086 -33.73090744018555 0.005924978293478489 -0.2656048834323883 -0.11139804124832153 -0.9576060771942139
1758725251.072509 4.089689254760742 12.332501411437988 -33.26662063598633 0.007456731982529163 -0.2606911361217499 -0.10965035110712051 -0.9591462016105652
1758725251.472512 4.460757732391357 12.173381805419922 -32.722965240478516 0.008895739912986755 -0.25492170453071594 -0.10697773844003677 -0.9609847068786621
1758725251.8058 4.762353897094727 12.041537284851074 -32.27092742919922 0.011139445006847382 -0.25057360529899597 -0.10383641719818115 -0.9624483585357666
1758725252.205839 5.126808166503906 11.884284973144531 -31.711544036865234 0.011962030082941055 -0.2459901124238968 -0.10018780082464218 -0.9640063047409058
1758725252.672468 5.52235221862793 11.69306468963623 -31.054555892944336 0.0125162648037076 -0.2392449826002121 -0.09762853384017944 -0.965957522392273
1758725253.07256 5.852630138397217 11.534414291381836 -30.50674057006836 0.01144831907004118 -0.23453639447689056 -0.09494015574455261 -0.9673923254013062
1758725253.472624 6.180627822875977 11.37453842163086 -29.98536491394043 0.010394765995442867 -0.22983936965465546 -0.09215827286243439 -0.9687996506690979
1758725253.939084 6.549507141113281 11.173992156982422 -29.335079193115234 0.008363370783627033 -0.2245587557554245 -0.08891484886407852 -0.9703595638275146
1758725254.339107 6.854045867919922 11.004631042480469 -28.755155563354492 0.010340959765017033 -0.20460321009159088 -0.08310290426015854 -0.9752561450004578
1758725254.739073 7.1113691329956055 10.833924293518066 -28.1610050201416 0.013884590938687325 -0.17953766882419586 -0.0729011818766594 -0.9809479713439941
1758725255.139074 7.339288711547852 10.655466079711914 -27.56529998779297 0.01349657867103815 -0.15810827910900116 -0.06678555905818939 -0.9850682020187378
1758725255.472811 7.53928804397583 10.501989364624023 -27.07048797607422 0.012076061218976974 -0.1563282608985901 -0.06655209511518478 -0.9853864908218384
1758725255.939032 7.793868541717529 10.299564361572266 -26.394609451293945 0.012499229051172733 -0.1487395316362381 -0.06284885108470917 -0.9867980480194092
1758725256.272364 7.974339008331299 10.148305892944336 -25.89053726196289 0.012541660107672215 -0.14331559836864471 -0.06050277501344681 -0.9877463579177856
1758725256.605708 8.130668640136719 9.99821949005127 -25.405941009521484 0.011064410209655762 -0.13791844248771667 -0.057603854686021805 -0.9887051582336426
1758725257.005685 8.32508659362793 9.816625595092773 -24.804046630859375 0.010747946798801422 -0.13165445625782013 -0.0554991289973259 -0.9896824955940247
1758725257.339055 8.47404956817627 9.666259765625 -24.306238174438477 0.010156039148569107 -0.12626123428344727 -0.053775615990161896 -0.9904863834381104
1758725257.739035 8.653585433959961 9.486532211303711 -23.721065521240234 0.011059770360589027 -0.1205233708024025 -0.05187254771590233 -0.9912926554679871
1758725258.072327 8.796821594238281 9.325637817382812 -23.2049503326416 0.009664549492299557 -0.11595706641674042 -0.04897379130125046 -0.991999089717865
1758725258.405665 8.943120956420898 9.165935516357422 -22.678138732910156 0.0104322275146842 -0.11154194921255112 -0.04729851707816124 -0.9925786852836609
1758725258.805674 9.104612350463867 8.971708297729492 -22.05193519592285 0.010789703577756882 -0.1060713455080986 -0.045353762805461884 -0.9932651519775391
1758725259.139008 9.234453201293945 8.804977416992188 -21.5235538482666 0.009161774069070816 -0.10182251036167145 -0.04338650405406952 -0.9938138127326965
1758725259.538984 9.374670028686523 8.611001014709473 -20.907224655151367 0.008826982229948044 -0.09727500379085541 -0.04203854501247406 -0.9943302273750305
1758725259.939125 9.51828670501709 8.420719146728516 -20.293127059936523 0.009489964693784714 -0.09321435540914536 -0.03923048451542854 -0.9948276281356812
1758725260.405874 9.673803329467773 8.191793441772461 -19.56427001953125 0.00917237438261509 -0.08899126201868057 -0.03519731014966965 -0.9953681230545044
1758725260.805667 9.808012962341309 7.991732120513916 -18.945898056030273 0.007938502356410027 -0.08567528426647186 -0.03153640031814575 -0.9957922697067261
1758725261.272483 9.952980041503906 7.766438007354736 -18.213563919067383 0.012094546109437943 -0.08125217258930206 -0.029899567365646362 -0.9961716532707214
1758725261.672502 10.062933921813965 7.583902835845947 -17.578012466430664 0.017339715734124184 -0.07815930992364883 -0.027008293196558952 -0.9964240789413452
1758725262.13889 10.189558029174805 7.359407901763916 -16.882017135620117 0.00799893494695425 -0.07413080334663391 -0.02369772084057331 -0.9969348311424255
1758725262.538899 10.302733421325684 7.158580780029297 -16.25438117980957 0.008296269923448563 -0.070242740213871 -0.02362225204706192 -0.997215747833252
1758725263.005544 10.420586585998535 6.924063682556152 -15.537487983703613 0.005214835051447153 -0.06612791866064072 -0.021884609013795853 -0.9975575804710388
1758725263.338883 10.498324394226074 6.77141809463501 -15.01823902130127 0.010187351144850254 -0.06440775841474533 -0.019893653690814972 -0.9976733922958374
1758725263.738885 10.602388381958008 6.586531162261963 -14.414318084716797 0.01394458394497633 -0.06185951828956604 -0.0171011034399271 -0.997840940952301
1758725264.138897 10.680671691894531 6.384195804595947 -13.820144653320312 0.0015653701266273856 -0.06066921353340149 -0.011394847184419632 -0.9980916976928711
1758725264.605543 10.777605056762695 6.159473896026611 -13.128057479858398 0.004780729301273823 -0.057679835706949234 -0.00998514425009489 -0.9982737898826599
1758725265.072338 10.869244575500488 5.932737827301025 -12.417899131774902 0.008332801051437855 -0.05496713146567345 -0.007965749129652977 -0.9984216690063477
1758725265.472172 10.946866035461426 5.7339348793029785 -11.797471046447754 0.008733955211937428 -0.05229336395859718 -0.007341293618083 -0.9985666275024414
1758725265.872166 11.01878547668457 5.529287815093994 -11.175444602966309 0.00646977499127388 -0.04942406341433525 -0.006830756552517414 -0.9987335801124573
1758725266.338783 11.092531204223633 5.2918009757995605 -10.450653076171875 0.004359823651611805 -0.04685574769973755 -0.00525354128330946 -0.9988784193992615
1758725266.805463 11.174639701843262 5.05483341217041 -9.721517562866211 0.004965334665030241 -0.04398185759782791 -0.004260190296918154 -0.9990109801292419
1758725267.138792 11.24221134185791 4.878593444824219 -9.179311752319336 0.003653022227808833 -0.04189452528953552 -0.004184703808277845 -0.9991066455841064
1758725267.538773 11.309249877929688 4.675559043884277 -8.559425354003906 0.002276425715535879 -0.0389639288187027 -0.004340326879173517 -0.9992286562919617
1758725267.938787 11.363612174987793 4.4763336181640625 -7.932253837585449 0.008149374276399612 -0.03749067708849907 -0.0037672717589884996 -0.9992567300796509
1758725268.405521 11.422021865844727 4.2299580574035645 -7.198746681213379 0.005284091457724571 -0.032867394387722015 -0.003487898502498865 -0.9994397163391113
1758725268.93877 11.486589431762695 3.9518656730651855 -6.402956962585449 -0.004114995710551739 -0.031450800597667694 -0.003521645674481988 -0.9994906783103943
1758725269.472056 11.557324409484863 3.683281660079956 -5.583176612854004 0.0027509916108101606 -0.027939006686210632 -0.004455640446394682 -0.9995959401130676
1758725269.938722 11.623517990112305 3.457113027572632 -4.8681559562683105 0.010158457793295383 -0.04182850942015648 -0.011441904120147228 -0.9990076422691345
1758725270.472154 11.815671920776367 3.2015628814697266 -4.111999034881592 0.005733843427151442 -0.0945773720741272 -0.03074304200708866 -0.9950262308120728
1758725271.005357 11.992412567138672 2.942375898361206 -3.322096347808838 0.005868745502084494 -0.09429220110177994 -0.031399670988321304 -0.995032012462616
1758725271.405367 12.142192840576172 2.7456653118133545 -2.7089412212371826 0.006894559599459171 -0.0986441895365715 -0.031464848667383194 -0.994601309299469
1758725271.805354 12.300446510314941 2.5410921573638916 -2.0849461555480957 0.006764034274965525 -0.1015959158539772 -0.033827491104602814 -0.9942274689674377
1758725272.272016 12.49574089050293 2.303972005844116 -1.3662935495376587 0.003568752435967326 -0.1048700287938118 -0.035411570221185684 -0.9938488602638245
1758725272.671969 12.667289733886719 2.1053872108459473 -0.7522532939910889 0.003163906978443265 -0.10858485102653503 -0.035978250205516815 -0.9934308528900146
1758725273.071971 12.833060264587402 1.9031881093978882 -0.13765686750411987 0.0036213360726833344 -0.110699363052845 -0.03875910863280296 -0.993091344833374
1758725273.538635 13.034132957458496 1.6679977178573608 0.5822917222976685 0.0032103764824569225 -0.11245733499526978 -0.042980581521987915 -0.9927213788032532
1758725273.938636 13.20863151550293 1.4834331274032593 1.1737045049667358 0.006416104733943939 -0.11533580720424652 -0.046898260712623596 -0.99219810962677
1758725274.40537 13.400014877319336 1.2833800315856934 1.7827763557434082 0.006024444941431284 -0.11644336581230164 -0.04839734360575676 -0.9919992089271545
1758725275.005669 13.602436065673828 1.0508527755737305 2.4926867485046387 0.002464612713083625 -0.11860969662666321 -0.04900848865509033 -0.9917277693748474
1758725275.472241 13.77523422241211 0.8581721186637878 3.052823066711426 -0.00023742072517052293 -0.12023775279521942 -0.049264561384916306 -0.9915220141410828
1758725276.005253 13.97705364227295 0.6443654298782349 3.704057455062866 0.001580007839947939 -0.12298108637332916 -0.05079694837331772 -0.9911069273948669
1758725276.671925 14.197954177856445 0.40399956703186035 4.430994987487793 0.0003162055800203234 -0.12383121997117996 -0.05122869089245796 -0.9909800291061401
1758725277.205205 14.386655807495117 0.21541661024093628 5.007899284362793 0.001746387337334454 -0.12567603588104248 -0.05351110175251961 -0.9906256198883057
1758725277.938543 14.569384574890137 -0.03511795029044151 5.7625298500061035 0.0021761050447821617 -0.08705500513315201 -0.04152027890086174 -0.995335578918457
1758725278.805198 14.654565811157227 -0.27032172679901123 6.456686496734619 0.0016158709768205881 -0.04483335092663765 -0.027594642713665962 -0.9986120462417603
1758725279.938482 14.73498249053955 -0.5216068625450134 7.204462051391602 0.0001877407921710983 -0.037196915596723557 -0.025136280804872513 -0.9989917874336243
1758725280.871806 14.813809394836426 -0.7669857740402222 7.926793575286865 -0.00021747327991761267 -0.03375881537795067 -0.02389039658010006 -0.999144434928894
1758725281.80509 14.871377944946289 -1.0102204084396362 8.651392936706543 0.00021362137340474874 -0.025514045730233192 -0.018854694440960884 -0.9994966387748718
1758725282.871786 14.91186809539795 -1.265702247619629 9.400262832641602 -0.0018360118847340345 -0.017315508797764778 -0.013871602714061737 -0.9997522234916687
1758725284.005043 14.938631057739258 -1.5145692825317383 10.129039764404297 -0.0038053428288549185 -0.010874209925532341 -0.008565853349864483 -0.9998969435691833
1758725285.138539 14.976532936096191 -1.7400321960449219 10.784674644470215 -0.00284246145747602 -0.014217536896467209 -0.00882517360150814 -0.9998559951782227
1758725286.404999 15.034036636352539 -1.9653735160827637 11.43830680847168 -0.003161057597026229 -0.03328484669327736 -0.013419938273727894 -0.999350905418396
1758725287.804951 15.091230392456055 -2.209200382232666 12.151455879211426 -0.004051802214235067 -0.030426474288105965 -0.010697568766772747 -0.9994716048240662
1758725288.271676 15.10737133026123 -2.2770204544067383 12.345574378967285 -0.005116048734635115 -0.03149113059043884 -0.010060053318738937 -0.9994403719902039
1758725288.6716 15.120534896850586 -2.324050188064575 12.491154670715332 -0.002275568200275302 -0.032477837055921555 -0.009918314404785633 -0.9994206428527832
