1760456485.596576 -0.0 -0.0 -0.0 -0.0 -0.0 -0.0 1.0
1760456487.26309 0.003710889955982566 -0.03188471123576164 0.0709492564201355 0.004542164970189333 -4.719147545984015e-05 0.0006728641455993056 0.9999895095825195
1760456488.196389 -0.016728341579437256 -0.31051531434059143 0.8688666224479675 0.007115968968719244 -0.01720285601913929 -0.007506031543016434 0.9997985363006592
1760456488.796383 -0.07703978568315506 -0.5480784177780151 1.5401660203933716 0.009908463805913925 -0.0346246100962162 -0.015824154019355774 0.9992260336875916
1760456489.396615 -0.12247928231954575 -0.8049582242965698 2.2285656929016113 0.014615400694310665 -0.0362471342086792 -0.01568288914859295 0.9991129040718079
1760456489.996373 -0.17134250700473785 -1.0574589967727661 2.925274610519409 0.013949954882264137 -0.040179166942834854 -0.018777692690491676 0.9989186525344849
1760456490.596557 -0.23419947922229767 -1.3075758218765259 3.616929769515991 0.013594160787761211 -0.045312363654375076 -0.0201062373816967 0.9986780285835266
1760456491.196339 -0.30141928791999817 -1.552598476409912 4.273722171783447 0.017079979181289673 -0.04981086775660515 -0.021190941333770752 0.9983877539634705
1760456491.796997 -0.37507501244544983 -1.795711636543274 4.935656547546387 0.015736214816570282 -0.05357307568192482 -0.02290152944624424 0.9981772899627686
1760456492.396292 -0.4435046315193176 -2.0476603507995605 5.609468936920166 0.016156962141394615 -0.058512527495622635 -0.02298051491379738 0.997891366481781
1760456493.062911 -0.5323411226272583 -2.321107864379883 6.34443998336792 0.017957603558897972 -0.06260470300912857 -0.02514846809208393 0.9975599050521851
1760456493.662917 -0.6193558573722839 -2.5653185844421387 6.994998455047607 0.017972644418478012 -0.06574055552482605 -0.02705974690616131 0.9973078966140747
1760456494.396246 -0.7293462157249451 -2.8510727882385254 7.754997253417969 0.021369382739067078 -0.07050374150276184 -0.029950300231575966 0.9968327879905701
1760456495.062862 -0.8322777152061462 -3.1161859035491943 8.49142074584961 0.016568545252084732 -0.07527606934309006 -0.03137855604290962 0.9965312480926514
1760456495.596195 -0.9218906164169312 -3.330526113510132 9.066619873046875 0.018241917714476585 -0.07950755208730698 -0.02989853359758854 0.9962188005447388
1760456496.262866 -1.041788935661316 -3.5914576053619385 9.791069984436035 0.017745688557624817 -0.08427286148071289 -0.03077845089137554 0.9958091378211975
1760456496.99622 -1.2630478143692017 -3.8592305183410645 10.49973201751709 0.020492540672421455 -0.14413030445575714 -0.0523865781724453 0.987958550453186
1760456497.662954 -1.5751018524169922 -4.080028057098389 11.099559783935547 0.02162405289709568 -0.20895759761333466 -0.07460267841815948 0.9748351573944092
1760456498.262836 -1.9394958019256592 -4.275912284851074 11.597416877746582 0.022287853062152863 -0.27419888973236084 -0.09798391163349152 0.9564086198806763
1760456498.862833 -2.3607754707336426 -4.473290920257568 12.05351734161377 0.03172730654478073 -0.3228718042373657 -0.109290212392807 0.9395759105682373
1760456499.396098 -2.7868194580078125 -4.638011455535889 12.443781852722168 0.030594883486628532 -0.3630182445049286 -0.12419719249010086 0.9229609370231628
1760456500.062828 -3.39784574508667 -4.815813064575195 12.870756149291992 0.025236332789063454 -0.42154228687286377 -0.14617754518985748 0.8945934176445007
1760456500.662871 -3.9990363121032715 -4.95734167098999 13.22175121307373 0.023737357929348946 -0.44794341921806335 -0.16051416099071503 0.8792147040367126
1760456501.196077 -4.534494876861572 -5.0851664543151855 13.518820762634277 0.026639187708497047 -0.46584269404411316 -0.1664591282606125 0.8686612844467163
1760456501.796047 -5.158990859985352 -5.2066650390625 13.815498352050781 0.027956102043390274 -0.4841802418231964 -0.17628107964992523 0.8565705418586731
1760456502.39625 -5.799716949462891 -5.313693046569824 14.05251693725586 0.03177390992641449 -0.5223647952079773 -0.1882525533437729 0.8310754895210266
1760456502.996094 -6.446700572967529 -5.387646675109863 14.204301834106445 0.03233974426984787 -0.5723827481269836 -0.20504365861415863 0.7932776212692261
1760456503.596046 -7.116493225097656 -5.429940223693848 14.271391868591309 0.03266852721571922 -0.6190251111984253 -0.22342802584171295 0.7522105574607849
1760456504.196309 -7.794435501098633 -5.440181732177734 14.253941535949707 0.03150695934891701 -0.6647748351097107 -0.2429713010787964 0.7057242393493652
1760456504.796338 -8.4588623046875 -5.411594867706299 14.140565872192383 0.03434515371918678 -0.707392156124115 -0.25768420100212097 0.6572789549827576
1760456505.395987 -9.095478057861328 -5.363412857055664 13.9735746383667 0.031209556385874748 -0.7477551102638245 -0.2758954167366028 0.6031335592269897
1760456505.995981 -9.721835136413574 -5.308216571807861 13.743227005004883 0.038516607135534286 -0.7708205580711365 -0.2770204544067383 0.5723739266395569
1760456506.595933 -10.372772216796875 -5.203834533691406 13.470285415649414 0.03837110102176666 -0.7800936102867126 -0.29801371693611145 0.5487891435623169
1760456507.195945 -10.983745574951172 -5.099431037902832 13.169733047485352 0.048227809369564056 -0.7953716516494751 -0.3043094277381897 0.5219711065292358
1760456507.795939 -11.524089813232422 -5.059417247772217 12.864604949951172 0.059320107102394104 -0.8213087320327759 -0.28109151124954224 0.49286991357803345
1760456508.595964 -12.2796049118042 -4.942017078399658 12.4310302734375 0.040822744369506836 -0.8351254463195801 -0.2942922115325928 0.4629158675670624
1760456509.195887 -12.822418212890625 -4.831423759460449 12.04565715789795 0.041493840515613556 -0.846064567565918 -0.2937310039997101 0.44291675090789795
1760456509.795927 -13.322559356689453 -4.72282075881958 11.654579162597656 0.040762435644865036 -0.8567079305648804 -0.2926560640335083 0.4227794110774994
1760456510.395881 -13.815256118774414 -4.603631496429443 11.228026390075684 0.042292769998311996 -0.865276575088501 -0.2933742105960846 0.4042764902114868
1760456510.996133 -14.280529022216797 -4.481924533843994 10.804890632629395 0.04325134679675102 -0.8723754286766052 -0.2935699224472046 0.38846778869628906
1760456511.595828 -14.765056610107422 -4.395063400268555 10.415786743164062 0.044598400592803955 -0.8680717349052429 -0.28182876110076904 0.40624505281448364
1760456512.329426 -15.30461311340332 -4.274868488311768 9.889678001403809 0.04617500305175781 -0.8786083459854126 -0.28011760115623474 0.38399145007133484
1760456512.995799 -15.82278060913086 -4.130065441131592 9.395648956298828 0.04282940924167633 -0.8812595009803772 -0.2880535423755646 0.3722534477710724
1760456513.462471 -16.1723690032959 -4.03103494644165 9.026947021484375 0.04070913419127464 -0.884645938873291 -0.28904634714126587 0.3635885417461395
1760456514.129129 -16.629438400268555 -3.9062438011169434 8.523581504821777 0.041511714458465576 -0.889828085899353 -0.2867896854877472 0.35246914625167847
1760456514.52911 -16.95505142211914 -3.816847801208496 8.164989471435547 0.04356207326054573 -0.8944137692451477 -0.282030314207077 0.3443621098995209
1760456514.929218 -17.431533813476562 -3.6645314693450928 7.625157356262207 0.03902531787753105 -0.8952229619026184 -0.2915703058242798 0.33472320437431335
1760456515.329056 -17.91750717163086 -3.5081968307495117 7.045820236206055 0.03893781825900078 -0.8975192904472351 -0.29462727904319763 0.3257879614830017
1760456515.662494 -18.31003189086914 -3.3601808547973633 6.543097496032715 0.04054282605648041 -0.9011034965515137 -0.2924235463142395 0.31758034229278564
1760456515.995729 -18.747577667236328 -3.2073841094970703 6.006076812744141 0.03756989911198616 -0.902085542678833 -0.29806846380233765 0.30981528759002686
1760456516.329062 -19.168231964111328 -3.0432956218719482 5.450475692749023 0.03799621760845184 -0.9041509032249451 -0.29849591851234436 0.3032616972923279
1760456516.529073 -19.42704963684082 -2.9290876388549805 5.094143867492676 0.037082839757204056 -0.9042665362358093 -0.3033405840396881 0.2981802225112915
1760456516.795825 -19.773361206054688 -2.784653425216675 4.628190040588379 0.03517809137701988 -0.9055118560791016 -0.30491024255752563 0.29298555850982666
1760456517.129032 -20.195493698120117 -2.60429048538208 4.03232479095459 0.04072255641222 -0.9068628549575806 -0.3035251498222351 0.2895064651966095
1760456517.329015 -20.466800689697266 -2.494295597076416 3.6859941482543945 0.0414724200963974 -0.902030348777771 -0.30509331822395325 0.3025548458099365
1760456517.729013 -21.054889678955078 -2.299774169921875 3.017129898071289 0.04298591613769531 -0.8915284276008606 -0.2996685802936554 0.33693936467170715
1760456517.995678 -21.45146942138672 -2.171825408935547 2.5846614837646484 0.042717352509498596 -0.8898535966873169 -0.29814741015434265 0.3427010774612427
1760456518.329014 -21.934097290039062 -2.007114887237549 2.0466995239257812 0.043661464005708694 -0.8896681070327759 -0.3021443486213684 0.3395484685897827
1760456518.595712 -22.324356079101562 -1.871840476989746 1.6127605438232422 0.04324345290660858 -0.890326201915741 -0.30212968587875366 0.3378860652446747
1760456518.929007 -22.803142547607422 -1.7202258110046387 1.0783977508544922 0.047036800533533096 -0.8914576768875122 -0.2991325259208679 0.3370615243911743
1760456519.129147 -23.09992027282715 -1.6166467666625977 0.7412071228027344 0.04599648341536522 -0.8913323879241943 -0.3002537786960602 0.33653926849365234
1760456519.328992 -23.377586364746094 -1.540578842163086 0.42774200439453125 0.046684179455041885 -0.8938524723052979 -0.2935729920864105 0.33565348386764526
1760456519.528952 -23.646156311035156 -1.448615550994873 0.10724258422851562 0.04825514182448387 -0.8937638401985168 -0.29363903403282166 0.33560946583747864
1760456519.728958 -23.92365074157715 -1.355825424194336 -0.21009254455566406 0.04585548862814903 -0.8931307196617126 -0.29730263352394104 0.3344038724899292
1760456519.92896 -24.193035125732422 -1.2705821990966797 -0.5355510711669922 0.045433271676301956 -0.8944169282913208 -0.2938956618309021 0.33403539657592773
1760456520.195632 -24.58591079711914 -1.1431589126586914 -0.9641304016113281 0.0459633395075798 -0.8937532305717468 -0.29654812812805176 0.3333943486213684
1760456520.528945 -25.050424575805664 -0.9934954643249512 -1.5098228454589844 0.04557230696082115 -0.8944701552391052 -0.29589614272117615 0.3321021497249603
1760456520.795619 -25.38876724243164 -0.8884644508361816 -1.922872543334961 0.04771638661623001 -0.894644558429718 -0.2949526011943817 0.3321705460548401
1760456521.12895 -25.868066787719727 -0.7301836013793945 -2.4619293212890625 0.04653514176607132 -0.8931873440742493 -0.3004779517650604 0.33130642771720886
1760456521.329083 -26.140520095825195 -0.6391611099243164 -2.779796600341797 0.0476527214050293 -0.8934275507926941 -0.2995169758796692 0.3313700258731842
1760456521.528964 -26.420425415039062 -0.5490188598632812 -3.100635528564453 0.04537926986813545 -0.8928090333938599 -0.29772481322288513 0.33495190739631653
1760456521.728902 -26.706626892089844 -0.4521512985229492 -3.412952423095703 0.04413723573088646 -0.8876373767852783 -0.2995678186416626 0.34700295329093933
1760456521.928906 -26.990949630737305 -0.36492919921875 -3.7101917266845703 0.0442461296916008 -0.8830814957618713 -0.29877176880836487 0.35908883810043335
1760456522.195577 -27.379167556762695 -0.2515392303466797 -4.093469619750977 0.0408620685338974 -0.8812971711158752 -0.2989792227745056 0.36367157101631165
1760456522.528914 -27.828826904296875 -0.11169147491455078 -4.561794281005859 0.040298864245414734 -0.8818911910057068 -0.29755619168281555 0.36346161365509033
1760456522.728917 -28.126773834228516 -0.026586532592773438 -4.867641448974609 0.040025744587183 -0.8817243576049805 -0.29680514335632324 0.3645089864730835
1760456522.928909 -28.422353744506836 0.05110359191894531 -5.158824920654297 0.03904551640152931 -0.8826826810836792 -0.293794721364975 0.3647348880767822
1760456523.128909 -28.708662033081055 0.13953399658203125 -5.454502105712891 0.037767939269542694 -0.8824362754821777 -0.2935313582420349 0.3656764626502991
1760456523.329019 -29.010873794555664 0.2323751449584961 -5.75457763671875 0.03584389388561249 -0.8805367946624756 -0.2978530824184418 0.36695191264152527
1760456523.528884 -29.30272102355957 0.32040882110595703 -6.044563293457031 0.03472049906849861 -0.8812936544418335 -0.29596877098083496 0.3667677342891693
1760456523.728949 -29.590011596679688 0.40706825256347656 -6.335315704345703 0.03451778367161751 -0.8817217946052551 -0.2938699722290039 0.36744481325149536
1760456523.928876 -29.8762264251709 0.48172473907470703 -6.623889923095703 0.03592916578054428 -0.8820710182189941 -0.29207977652549744 0.36789849400520325
1760456524.328868 -30.43817138671875 0.639007568359375 -7.167919158935547 0.035135235637426376 -0.8797149658203125 -0.2899642586708069 0.37521716952323914
1760456524.92885 -31.333303451538086 0.8528909683227539 -7.9147491455078125 0.034266840666532516 -0.8651973605155945 -0.2872501611709595 0.4095689654350281
1760456525.528855 -32.07378387451172 1.0131845474243164 -8.493385314941406 0.031183289363980293 -0.8650059103965759 -0.2889064848423004 0.4090544283390045
1760456526.795492 -33.063228607177734 1.2318668365478516 -9.27725601196289 0.0340038426220417 -0.8632138967514038 -0.28363537788391113 0.41624101996421814
1760456528.328739 -34.22502899169922 1.453969955444336 -10.181049346923828 0.0350189171731472 -0.8624093532562256 -0.2836655378341675 0.4178009629249573
1760456530.128784 -35.5106315612793 1.7442874908447266 -11.281864166259766 0.03529103845357895 -0.8702194690704346 -0.2883252799510956 0.3979211449623108
1760456532.328798 -36.93761444091797 2.0993785858154297 -12.595687866210938 0.03559868782758713 -0.8720314502716064 -0.2909502387046814 0.3919718563556671
1760456533.72875 -37.80934524536133 2.3326892852783203 -13.437705993652344 0.0373992845416069 -0.87343829870224 -0.29117295145988464 0.38849103450775146
1760456534.528661 -38.31916046142578 2.4668045043945312 -13.927318572998047 0.03749707713723183 -0.8742217421531677 -0.29186487197875977 0.3861934244632721
1760456535.92864 -39.139251708984375 2.692567825317383 -14.76431655883789 0.03835196793079376 -0.8753818869590759 -0.2916635274887085 0.3836249113082886
1760456537.128542 -39.83390808105469 2.891794204711914 -15.451545715332031 0.03762408345937729 -0.8738812208175659 -0.291605681180954 0.38714638352394104
1760456537.995212 -40.434669494628906 3.040159225463867 -15.981185913085938 0.03710613772273064 -0.8664246797561646 -0.28895139694213867 0.4055100381374359
1760456538.528543 -40.846900939941406 3.1308250427246094 -16.314598083496094 0.03723171725869179 -0.8647228479385376 -0.2876931130886078 0.4100009799003601
1760456538.92854 -41.16736602783203 3.2038135528564453 -16.580841064453125 0.03564487770199776 -0.8638383746147156 -0.28843453526496887 0.4114829897880554
1760456539.328479 -41.500518798828125 3.279264450073242 -16.84775161743164 0.03535575792193413 -0.8627192378044128 -0.2888874411582947 0.4135330617427826
1760456539.928476 -41.986061096191406 3.390300750732422 -17.241390228271484 0.03517293184995651 -0.8617070913314819 -0.288137286901474 0.4161738455295563
1760456540.595142 -42.507476806640625 3.5182132720947266 -17.67188262939453 0.034040048718452454 -0.8602128624916077 -0.28847455978393555 0.4191153049468994
1760456541.195201 -43.00075912475586 3.630016326904297 -18.060279846191406 0.034370847046375275 -0.8591210246086121 -0.2883439064025879 0.421411395072937
1760456541.928433 -43.59514617919922 3.7611846923828125 -18.524307250976562 0.03301084041595459 -0.8581180572509766 -0.2873906195163727 0.42420563101768494
1760456542.528449 -44.14449691772461 3.887134552001953 -18.956676483154297 0.03312692046165466 -0.857208251953125 -0.28735166788101196 0.4260583817958832
1760456543.128424 -44.74681854248047 4.003368377685547 -19.409774780273438 0.032638125121593475 -0.8578078150749207 -0.28230154514312744 0.4282597005367279
1760456543.595136 -45.235023498535156 4.113725662231445 -19.782493591308594 0.02859628200531006 -0.8559281229972839 -0.28579142689704895 0.42999136447906494
1760456544.128381 -45.81970977783203 4.228944778442383 -20.2269287109375 0.03010331466794014 -0.8572410941123962 -0.2791004776954651 0.43166473507881165
1760456544.528403 -46.25497055053711 4.3157958984375 -20.540443420410156 0.029430214315652847 -0.8559311032295227 -0.28122496604919434 0.4329301416873932
1760456544.928387 -46.702613830566406 4.404903411865234 -20.873546600341797 0.029145963490009308 -0.8556932806968689 -0.2796504497528076 0.434436559677124
1760456545.328386 -47.18988800048828 4.50341796875 -21.237869262695312 0.02921540103852749 -0.8555338978767395 -0.278262734413147 0.4356352984905243
1760456545.795044 -47.75968551635742 4.618753433227539 -21.647811889648438 0.02871127799153328 -0.8546047210693359 -0.2790578305721283 0.43698200583457947
1760456546.261682 -48.33280944824219 4.726118087768555 -22.054428100585938 0.029023543000221252 -0.8544381856918335 -0.27802279591560364 0.437945693731308
1760456546.728347 -48.92416763305664 4.834850311279297 -22.47649383544922 0.026754122227430344 -0.8544113039970398 -0.2771565616130829 0.43869107961654663
1760456547.128333 -49.46089172363281 4.942985534667969 -22.869213104248047 0.025992518290877342 -0.8536709547042847 -0.2781888544559479 0.43952396512031555
1760456547.461664 -49.896202087402344 5.0230255126953125 -23.174884796142578 0.02479204535484314 -0.8534449338912964 -0.27738791704177856 0.4405372738838196
1760456547.861657 -50.390228271484375 5.118251800537109 -23.5313720703125 0.025173770263791084 -0.8540418744087219 -0.2758561670780182 0.4403206706047058
1760456548.261596 -50.87994384765625 5.211944580078125 -23.87833023071289 0.02278003841638565 -0.8537864685058594 -0.27602618932724 0.44083940982818604
1760456548.661599 -51.37262725830078 5.298620223999023 -24.219039916992188 0.02138352021574974 -0.853956401348114 -0.27453750371932983 0.44150933623313904
1760456549.061618 -51.86822509765625 5.39544677734375 -24.571727752685547 0.021495962515473366 -0.8538401126861572 -0.27407458424568176 0.442016065120697
1760456549.661597 -52.53131866455078 5.518863677978516 -25.03366470336914 0.020169438794255257 -0.8530605435371399 -0.27527865767478943 0.4428347647190094
1760456550.261603 -53.191078186035156 5.648275375366211 -25.483604431152344 0.019278936088085175 -0.8526912331581116 -0.2764745354652405 0.44284066557884216
1760456550.861545 -53.86101150512695 5.776556015014648 -25.96129608154297 0.020031271502375603 -0.8522960543632507 -0.27634385228157043 0.44364869594573975
1760456551.261534 -54.354366302490234 5.863859176635742 -26.31446075439453 0.021465560421347618 -0.8533849120140076 -0.2727091908454895 0.44373780488967896
1760456551.661543 -54.86979675292969 5.980009078979492 -26.669174194335938 0.012528995051980019 -0.8499324917793274 -0.28311869502067566 0.44418656826019287
1760456552.128209 -55.45325469970703 6.09709358215332 -27.084617614746094 0.01676703244447708 -0.8508870601654053 -0.28171485662460327 0.44311049580574036
1760456552.661513 -56.079627990722656 6.226970672607422 -27.53394317626953 0.027742668986320496 -0.849024772644043 -0.27941253781318665 0.4475667178630829
1760456553.261531 -56.752716064453125 6.376255035400391 -28.00890350341797 0.02287495881319046 -0.8429717421531677 -0.2922755479812622 0.4510548412799835
1760456553.861505 -57.307044982910156 6.463254928588867 -28.391159057617188 0.027944769710302353 -0.8481047749519348 -0.2773720920085907 0.450557678937912
1760456554.46149 -57.88296890258789 6.5633392333984375 -28.771652221679688 0.024519875645637512 -0.8474445939064026 -0.2763240933418274 0.45263832807540894
1760456555.061465 -58.42832565307617 6.652713775634766 -29.142967224121094 0.022531449794769287 -0.8496608734130859 -0.2716277837753296 0.4514279365539551
1760456555.661579 -58.98656463623047 6.738580703735352 -29.517539978027344 0.0197177454829216 -0.8521373271942139 -0.2650716304779053 0.4507884085178375
1760456556.261439 -59.55451202392578 6.81962776184082 -29.901947021484375 0.01776917092502117 -0.8544468283653259 -0.26123958826065063 0.4487301707267761
1760456556.861444 -60.09333801269531 6.935955047607422 -30.322341918945312 0.01938255876302719 -0.8617947101593018 -0.27241459488868713 0.42746293544769287
1760456557.461436 -60.60406494140625 7.063648223876953 -30.767417907714844 0.019014915451407433 -0.8722205758094788 -0.2817322015762329 0.399370402097702
1760456558.061414 -61.130008697509766 7.1839141845703125 -31.23193359375 0.016766110435128212 -0.87694251537323 -0.28178858757019043 0.38895511627197266
1760456558.661389 -61.639869689941406 7.32996940612793 -31.715103149414062 0.016351191326975822 -0.8801351189613342 -0.28447261452674866 0.3796975612640381
1760456559.261378 -62.15652084350586 7.481512069702148 -32.200523376464844 0.019162561744451523 -0.8794710636138916 -0.2939217984676361 0.3738628625869751
1760456559.861333 -62.66460037231445 7.628583908081055 -32.698219299316406 0.027174273505806923 -0.881131112575531 -0.2907921373844147 0.3718998432159424
1760456560.461394 -63.15787887573242 7.783470153808594 -33.20476531982422 0.03357219323515892 -0.8805626034736633 -0.2971985936164856 0.3676348626613617
1760456561.061343 -63.629058837890625 7.930540084838867 -33.70417785644531 0.03951851651072502 -0.8847652077674866 -0.300010085105896 0.3544331192970276
1760456561.661311 -64.063720703125 8.12945556640625 -34.23915100097656 0.031084535643458366 -0.894672691822052 -0.3172340989112854 0.312980979681015
1760456562.261304 -64.44097137451172 8.29616928100586 -34.787757873535156 0.03125731647014618 -0.9080170392990112 -0.3122113049030304 0.27758267521858215
1760456562.861285 -64.76143646240234 8.488306045532227 -35.37225341796875 0.03046029433608055 -0.9191423058509827 -0.3121563196182251 0.23834457993507385
1760456563.461301 -65.0302505493164 8.682971954345703 -35.97087097167969 0.033100999891757965 -0.9286463260650635 -0.31111249327659607 0.19932213425636292
1760456564.061245 -65.25389099121094 8.889928817749023 -36.622718811035156 0.03470489755272865 -0.9357091784477234 -0.3123071789741516 0.16033759713172913
1760456564.661443 -65.48484802246094 9.112178802490234 -37.28314208984375 0.03474115952849388 -0.9363225698471069 -0.31438905000686646 0.15248848497867584
1760456565.261255 -65.6924819946289 9.331916809082031 -37.91355895996094 0.033924736082553864 -0.9370424747467041 -0.31789469718933105 0.14051136374473572
1760456565.86123 -65.8846435546875 9.551338195800781 -38.561767578125 0.03439376875758171 -0.9388219118118286 -0.31753161549568176 0.1288575977087021
1760456566.461192 -66.05715942382812 9.771453857421875 -39.212013244628906 0.032985903322696686 -0.9400489330291748 -0.31881797313690186 0.11651203781366348
1760456567.061191 -66.21604919433594 9.995386123657227 -39.871219635009766 0.033707235008478165 -0.9406471848487854 -0.3209652602672577 0.10501468181610107
1760456567.661172 -66.32311248779297 10.232229232788086 -40.52988052368164 0.0333440937101841 -0.9421329498291016 -0.32674530148506165 0.06716574728488922
1760456568.261109 -66.35023498535156 10.461563110351562 -41.17951202392578 0.029351789504289627 -0.9450394511222839 -0.32503074407577515 0.019849328324198723
1760456568.861255 -66.32732391357422 10.70643424987793 -41.83548355102539 0.02746613323688507 -0.9427052736282349 -0.33189624547958374 -0.019931167364120483
1760456569.461129 -66.26480102539062 10.933485984802246 -42.485626220703125 0.02662566676735878 -0.9428279399871826 -0.3282449543476105 -0.05120351165533066
1760456570.061137 -66.13042449951172 11.17100715637207 -43.13017272949219 0.028584115207195282 -0.9393067955970764 -0.32772359251976013 -0.09738072752952576
1760456570.66116 -65.95866394042969 11.435626029968262 -43.791954040527344 0.027823431417346 -0.9345048069953918 -0.3339659869670868 -0.11997241526842117
1760456571.261127 -65.77909851074219 11.69735336303711 -44.46051788330078 0.019325312227010727 -0.9311806559562683 -0.3374403119087219 -0.13661333918571472
1760456571.86108 -65.58526611328125 11.943055152893066 -45.113956451416016 0.013527452945709229 -0.9314185380935669 -0.33058983087539673 -0.15161466598510742
1760456572.461132 -65.3580551147461 12.181963920593262 -45.75871658325195 0.014714544638991356 -0.9301342368125916 -0.32782813906669617 -0.16481056809425354
1760456573.061323 -65.12478637695312 12.422184944152832 -46.390892028808594 0.01440974697470665 -0.9280452132225037 -0.32729166746139526 -0.1772133857011795
1760456573.661049 -64.85650634765625 12.67833137512207 -47.023929595947266 0.019097981974482536 -0.9244891405105591 -0.33013924956321716 -0.18964003026485443
1760456574.261031 -64.57374572753906 12.92098617553711 -47.651065826416016 0.026596371084451675 -0.9225520491600037 -0.32960155606269836 -0.1988798826932907
1760456574.927873 -64.2547836303711 13.167913436889648 -48.318275451660156 0.034188661724328995 -0.9231442809104919 -0.32039251923561096 -0.20972475409507751
1760456575.660965 -63.897850036621094 13.449092864990234 -49.04932403564453 0.03836855664849281 -0.9208199381828308 -0.3200676739215851 -0.21948854625225067
1760456576.394311 -63.519920349121094 13.741182327270508 -49.76910400390625 0.034026626497507095 -0.9168432950973511 -0.32452288269996643 -0.23005540668964386
1760456576.99432 -63.209068298339844 13.97469711303711 -50.35881042480469 0.03121669590473175 -0.915088951587677 -0.32434386014938354 -0.23756873607635498
1760456577.594251 -62.899879455566406 14.194421768188477 -50.942100524902344 0.025441231206059456 -0.9140552878379822 -0.32084739208221436 -0.24680474400520325
1760456577.994263 -62.62115478515625 14.374709129333496 -51.406959533691406 0.0235877837985754 -0.9112050533294678 -0.32206690311431885 -0.25577688217163086
1760456578.394262 -62.28167724609375 14.607185363769531 -51.965576171875 0.020320996642112732 -0.9035852551460266 -0.32704395055770874 -0.27597665786743164
1760456578.794717 -61.88500213623047 14.807429313659668 -52.48435974121094 0.016869809478521347 -0.8943053483963013 -0.32018938660621643 -0.3121093213558197
1760456579.194255 -61.46234893798828 15.011028289794922 -52.971954345703125 0.016193700954318047 -0.8822289109230042 -0.31920695304870605 -0.3457121253013611
1760456579.594209 -61.007423400878906 15.20767879486084 -53.45228576660156 0.014295373111963272 -0.8773924708366394 -0.3176160156726837 -0.3593023717403412
1760456579.994207 -60.5545654296875 15.398428916931152 -53.94337463378906 0.007846245542168617 -0.8752031326293945 -0.3150428831577301 -0.3670230507850647
1760456580.394222 -60.08921813964844 15.605535507202148 -54.4112548828125 0.009293343871831894 -0.8709744811058044 -0.3190963566303253 -0.373489648103714
1760456580.794213 -59.621177673339844 15.79367446899414 -54.87932586669922 0.007612625136971474 -0.8683622479438782 -0.3178632855415344 -0.3805943727493286
1760456581.194357 -59.16099548339844 15.974379539489746 -55.32876205444336 0.0038747594226151705 -0.8658318519592285 -0.31669241189956665 -0.38733187317848206
1760456581.594153 -58.67640686035156 16.173871994018555 -55.7729377746582 0.0073353988118469715 -0.8611255884170532 -0.32105374336242676 -0.39412352442741394
1760456581.994153 -58.21295166015625 16.332298278808594 -56.193321228027344 0.0024746526032686234 -0.8611378073692322 -0.314152330160141 -0.39967969059944153
1760456582.394147 -57.73749542236328 16.5168514251709 -56.60045623779297 0.005385652184486389 -0.8568961024284363 -0.31778910756111145 -0.4058450162410736
1760456582.794166 -57.26173400878906 16.691495895385742 -57.01570510864258 0.0037888316437602043 -0.8548762798309326 -0.316569060087204 -0.4110429584980011
1760456583.194297 -56.74021911621094 16.858684539794922 -57.4486198425293 0.0027682343497872353 -0.8532713651657104 -0.3120708465576172 -0.41777047514915466
1760456583.594144 -56.16627502441406 17.064077377319336 -57.91952896118164 0.003762647742405534 -0.850587785243988 -0.3135158121585846 -0.42213043570518494
1760456583.994108 -55.59107971191406 17.268085479736328 -58.372894287109375 0.0035124823916703463 -0.847319483757019 -0.31586968898773193 -0.4269237220287323
1760456584.394147 -54.985145568847656 17.467683792114258 -58.838687896728516 0.00694756954908371 -0.8456766605377197 -0.31515008211135864 -0.4306544363498688
1760456584.660778 -54.532745361328125 17.620235443115234 -59.18293762207031 0.007344061508774757 -0.8449482917785645 -0.3132469058036804 -0.4334568977355957
1760456584.99411 -53.974159240722656 17.799415588378906 -59.60014343261719 0.009182737208902836 -0.8425773978233337 -0.3140607178211212 -0.437429815530777
1760456585.260765 -53.50825500488281 17.957901000976562 -59.945682525634766 0.012453285045921803 -0.8409497141838074 -0.3141705095767975 -0.440392404794693
1760456585.594087 -52.911773681640625 18.1359920501709 -60.38407897949219 0.012605642899870872 -0.8410852551460266 -0.30856314301490784 -0.4440782964229584
1760456585.860767 -52.43157196044922 18.29600715637207 -60.729095458984375 0.013200633227825165 -0.8385472893714905 -0.3108845353126526 -0.44723039865493774
1760456586.194038 -51.81616973876953 18.495708465576172 -61.1520881652832 0.01361730694770813 -0.8367531895637512 -0.3114067614078522 -0.450204998254776
1760456586.460724 -51.31395721435547 18.65227699279785 -61.496341705322266 0.013995210640132427 -0.8352232575416565 -0.3119402527809143 -0.452658474445343
1760456586.794137 -50.6900634765625 18.852346420288086 -61.92247009277344 0.015115427784621716 -0.8332992792129517 -0.3123721778392792 -0.4558591842651367
1760456587.06073 -50.18428039550781 19.01295280456543 -62.263240814208984 0.011688189581036568 -0.8312464952468872 -0.31420865654945374 -0.4584381580352783
1760456587.394041 -49.597679138183594 19.191064834594727 -62.66914749145508 0.00930697564035654 -0.8320598602294922 -0.3095424175262451 -0.4601883888244629
1760456587.660737 -49.07844543457031 19.356420516967773 -63.011775970458984 0.009825057350099087 -0.829319179058075 -0.3130699396133423 -0.46273142099380493
1760456587.99404 -48.466644287109375 19.544837951660156 -63.42210388183594 0.009824755601584911 -0.828702986240387 -0.31175222992897034 -0.46472078561782837
1760456588.260685 -47.949745178222656 19.708110809326172 -63.751583099365234 0.008889530785381794 -0.8261657953262329 -0.31509074568748474 -0.4669998586177826
1760456588.594023 -47.30451202392578 19.905405044555664 -64.16661834716797 0.010336332954466343 -0.8253753781318665 -0.31366366147994995 -0.46932271122932434
1760456588.860658 -46.76038360595703 20.0792236328125 -64.49727630615234 0.013338780030608177 -0.823631763458252 -0.31600478291511536 -0.47073760628700256
1760456589.260662 -46.05671691894531 20.30284881591797 -64.92432403564453 0.01944129541516304 -0.8178676962852478 -0.3205166459083557 -0.4774762690067291
1760456589.794238 -45.456031799316406 20.481115341186523 -65.29437255859375 0.016027120873332024 -0.8200700879096985 -0.3139391541481018 -0.4781949818134308
1760456590.393995 -44.851951599121094 20.663387298583984 -65.64318084716797 0.017875589430332184 -0.8156558871269226 -0.3152144253253937 -0.48479458689689636
1760456590.993949 -44.231842041015625 20.83025360107422 -65.96431732177734 0.016126129776239395 -0.8048441410064697 -0.3084051012992859 -0.5068058371543884
1760456591.593945 -43.594261169433594 20.99077606201172 -66.2923812866211 0.014761325903236866 -0.8020914196968079 -0.30629241466522217 -0.512461245059967
1760456592.193939 -42.966529846191406 21.15652847290039 -66.60393524169922 0.01420050859451294 -0.8005945682525635 -0.30249902606010437 -0.5170505046844482
1760456592.793895 -42.33946990966797 21.317411422729492 -66.9007797241211 0.017972782254219055 -0.7982610464096069 -0.30252861976623535 -0.5205119252204895
1760456593.393918 -41.68975830078125 21.481393814086914 -67.19729614257812 0.020971354097127914 -0.7956560850143433 -0.3024097681045532 -0.5244425535202026
1760456593.993891 -41.01643371582031 21.63556671142578 -67.43297576904297 0.02379978820681572 -0.7711196541786194 -0.3015948534011841 -0.5602219700813293
1760456594.593881 -40.35383224487305 21.728500366210938 -67.58734893798828 0.013362056575715542 -0.7406325936317444 -0.2865949273109436 -0.6075757741928101
1760456595.193849 -39.65578079223633 21.83074378967285 -67.68185424804688 0.020328901708126068 -0.7152690291404724 -0.28009283542633057 -0.639941394329071
1760456595.793847 -38.92832565307617 21.91128158569336 -67.72482299804688 0.027267973870038986 -0.694433331489563 -0.27082374691963196 -0.6660880446434021
1760456596.393825 -38.248207092285156 21.984107971191406 -67.77586364746094 0.022970344871282578 -0.6859065890312195 -0.26703140139579773 -0.6765343546867371
1760456596.993825 -37.54341506958008 22.04958724975586 -67.82814025878906 0.013606925494968891 -0.6717256307601929 -0.27009427547454834 -0.6896728873252869
1760456597.593766 -36.88494873046875 22.07052230834961 -67.85379028320312 -0.012300023809075356 -0.6650853753089905 -0.2570093870162964 -0.7010394930839539
1760456598.193783 -36.20426559448242 22.082605361938477 -67.84736633300781 -0.015020214021205902 -0.6441289186477661 -0.25322484970092773 -0.721629798412323
1760456598.793787 -35.565521240234375 22.055377960205078 -67.75772094726562 -0.0197354257106781 -0.6081812977790833 -0.2329779714345932 -0.7585824131965637
1760456599.593714 -34.747840881347656 21.983638763427734 -67.50627899169922 -0.01583600975573063 -0.5461251735687256 -0.21121583878993988 -0.8104841113090515
1760456600.193882 -34.1313591003418 21.904438018798828 -67.24937438964844 -0.013372467830777168 -0.5014822483062744 -0.2014845609664917 -0.841273307800293
1760456600.793753 -33.51238250732422 21.82489585876465 -66.96350860595703 -0.012092354707419872 -0.48669570684432983 -0.19713279604911804 -0.8509522676467896
1760456601.393717 -32.885093688964844 21.746925354003906 -66.64724731445312 -0.006330179050564766 -0.472787082195282 -0.19678136706352234 -0.8589001893997192
1760456601.993668 -32.30430603027344 21.644405364990234 -66.34325408935547 -0.013795089907944202 -0.4648304879665375 -0.18869686126708984 -0.8649485111236572
1760456602.593677 -31.72499656677246 21.53488540649414 -66.0009765625 -0.011240564286708832 -0.4410445988178253 -0.1803048700094223 -0.8791151642799377
1760456603.193678 -31.164329528808594 21.430023193359375 -65.61392211914062 -0.004838107619434595 -0.4126110076904297 -0.1794687658548355 -0.8930396437644958
1760456603.793618 -30.60577964782715 21.325773239135742 -65.21260833740234 0.0025780361611396074 -0.4067426025867462 -0.17545434832572937 -0.8965319395065308
1760456604.393622 -30.085386276245117 21.195404052734375 -64.83452606201172 -0.012407724745571613 -0.39802905917167664 -0.1634279489517212 -0.9026130437850952
1760456604.993632 -29.523746490478516 21.089920043945312 -64.41015625 0.0027489690110087395 -0.3851456642150879 -0.17394644021987915 -0.9063100814819336
1760456605.593612 -28.996227264404297 20.975492477416992 -64.00057983398438 0.0031290871556848288 -0.3864140510559082 -0.17359919846057892 -0.9058353900909424
1760456606.193569 -28.47745132446289 20.870885848999023 -63.603355407714844 0.0015949300723150373 -0.39065173268318176 -0.17184922099113464 -0.9043542146682739
1760456606.793558 -27.94729995727539 20.759550094604492 -63.188262939453125 0.004729350097477436 -0.38400620222091675 -0.16987313330173492 -0.9075571894645691
1760456607.39356 -27.405895233154297 20.655073165893555 -62.79282760620117 0.004471885971724987 -0.3961900472640991 -0.17345812916755676 -0.9016239643096924
1760456607.993572 -26.88803482055664 20.558101654052734 -62.41389083862305 0.004258482716977596 -0.4018212556838989 -0.17485131323337555 -0.8988595604896545
1760456608.593521 -26.346973419189453 20.451663970947266 -62.00667953491211 0.00495315995067358 -0.39937299489974976 -0.1739623248577118 -0.9001188278198242
1760456609.193514 -25.801734924316406 20.35300064086914 -61.60253143310547 0.005652160383760929 -0.39680784940719604 -0.17532970011234283 -0.9009833931922913
1760456609.793519 -25.240497589111328 20.253398895263672 -61.2364387512207 0.0036980705335736275 -0.41320791840553284 -0.1792377233505249 -0.8928154706954956
1760456610.393529 -24.701082229614258 20.15831756591797 -60.845977783203125 0.008220977149903774 -0.41166773438453674 -0.17776472866535187 -0.8937907218933105
1760456610.993453 -24.125898361206055 20.062284469604492 -60.4543342590332 0.0063799284398555756 -0.4118671715259552 -0.17755438387393951 -0.8937556743621826
1760456611.593454 -23.580930709838867 19.962032318115234 -60.071773529052734 0.006102871149778366 -0.4139353930950165 -0.17619462311267853 -0.8930709362030029
1760456612.193505 -22.891494750976562 19.842784881591797 -59.59796142578125 0.004693859256803989 -0.4157019555568695 -0.17466330528259277 -0.8925596475601196
1760456612.660102 -22.25800132751465 19.739013671875 -59.17292404174805 0.0085195517167449 -0.41706547141075134 -0.17371079325675964 -0.8920809626579285
1760456613.060081 -21.65814971923828 19.63489532470703 -58.7519645690918 0.008406463079154491 -0.41817301511764526 -0.17150725424289703 -0.8919898867607117
1760456613.460085 -21.000099182128906 19.514137268066406 -58.31100845336914 0.007541893050074577 -0.42058876156806946 -0.16818341612815857 -0.8914945721626282
1760456613.793446 -20.36465072631836 19.40822982788086 -57.878089904785156 0.009979144670069218 -0.4206496775150299 -0.1689451038837433 -0.8912978172302246
1760456613.993405 -19.968795776367188 19.338584899902344 -57.606529235839844 0.010312431491911411 -0.42077481746673584 -0.1686922162771225 -0.891282856464386
1760456614.260106 -19.441173553466797 19.251758575439453 -57.250831604003906 0.010703143663704395 -0.42006534337997437 -0.16900907456874847 -0.8915529251098633
1760456614.593436 -18.803394317626953 19.155818939208984 -56.82912063598633 0.015144417062401772 -0.41879594326019287 -0.17315231263637543 -0.891290545463562
1760456614.860004 -18.29305076599121 19.046241760253906 -56.50537109375 -0.001851184293627739 -0.420454204082489 -0.1671527475118637 -0.8917818665504456
1760456615.193357 -17.659423828125 18.955400466918945 -56.062042236328125 0.012497332878410816 -0.418479859828949 -0.17365293204784393 -0.8913826942443848
1760456615.460944 -17.15487289428711 18.86336326599121 -55.72269058227539 0.008333718404173851 -0.41841208934783936 -0.17306984961032867 -0.8915765285491943
1760456615.793357 -16.514713287353516 18.748945236206055 -55.30243682861328 0.009573384188115597 -0.4189712107181549 -0.1721988022327423 -0.891470193862915
1760456616.060031 -16.001672744750977 18.656597137451172 -54.95732879638672 0.0070116217248141766 -0.4183751940727234 -0.17034411430358887 -0.8921300172805786
1760456616.326691 -15.485352516174316 18.570526123046875 -54.60369873046875 0.010661106556653976 -0.4172075688838959 -0.17187581956386566 -0.8923468589782715
1760456616.660016 -14.833998680114746 18.454984664916992 -54.17083740234375 0.0072130546905100346 -0.41545578837394714 -0.17224088311195374 -0.893127977848053
1760456616.926688 -14.348073959350586 18.36410140991211 -53.80253982543945 0.00734353344887495 -0.39573147892951965 -0.1651545763015747 -0.9033641219139099
1760456617.259955 -13.769754409790039 18.23406410217285 -53.3218994140625 0.007126472890377045 -0.3709869980812073 -0.15790191292762756 -0.9150873422622681
1760456617.593298 -13.218015670776367 18.095529556274414 -52.84012222290039 0.005491478368639946 -0.36994487047195435 -0.15450476109981537 -0.9160998463630676
1760456617.926671 -12.643296241760254 17.961782455444336 -52.342811584472656 0.007893908768892288 -0.3649614155292511 -0.1536799967288971 -0.9182175397872925
1760456618.193316 -12.18277359008789 17.840152740478516 -51.94029998779297 0.0030091090593487024 -0.36601436138153076 -0.15009494125843048 -0.9184203743934631
1760456618.393295 -11.835929870605469 17.756900787353516 -51.630950927734375 0.005915624555200338 -0.36369118094444275 -0.148605078458786 -0.9195707440376282
1760456618.726625 -11.271953582763672 17.608436584472656 -51.13502883911133 0.0008869606535881758 -0.35929301381111145 -0.14880478382110596 -0.9212843179702759
1760456618.993303 -10.831546783447266 17.495149612426758 -50.73889923095703 0.004040408413857222 -0.3569277226924896 -0.14568883180618286 -0.9226922988891602
1760456619.326568 -10.259944915771484 17.35809326171875 -50.22040557861328 0.007403967436403036 -0.3533308804035187 -0.14512108266353607 -0.9241441488265991
1760456619.593228 -9.82083511352539 17.240785598754883 -49.812843322753906 0.00757772708311677 -0.34930485486984253 -0.14366571605205536 -0.9258989691734314
1760456619.926837 -9.339341163635254 17.089067459106445 -49.29851531982422 0.006798418238759041 -0.3152395486831665 -0.13295845687389374 -0.9396275281906128
1760456620.193255 -8.978940963745117 16.952159881591797 -48.84598159790039 0.0050947158597409725 -0.29120126366615295 -0.12137474119663239 -0.9489173889160156
1760456620.526581 -8.546402931213379 16.768661499023438 -48.28248596191406 0.0027839087415486574 -0.28084897994995117 -0.11798857152462006 -0.9524677991867065
1760456620.793249 -8.179218292236328 16.626354217529297 -47.81944274902344 -0.0005282597849145532 -0.27426958084106445 -0.11819244921207428 -0.9543618559837341
1760456621.126573 -7.724289417266846 16.4591121673584 -47.211910247802734 0.007260724902153015 -0.26511549949645996 -0.12196478247642517 -0.9564443230628967
1760456621.326593 -7.467831611633301 16.34931182861328 -46.848541259765625 0.008188054896891117 -0.26298224925994873 -0.11949954181909561 -0.9573364853858948
1760456621.593187 -7.126296043395996 16.207618713378906 -46.36517333984375 0.007741977926343679 -0.2575645446777344 -0.11785591393709183 -0.959015429019928
1760456621.793199 -6.876532077789307 16.092958450317383 -46.00114822387695 0.0035107394214719534 -0.2544914484024048 -0.1156478300690651 -0.9601288437843323
1760456622.126529 -6.47514533996582 15.915092468261719 -45.40813446044922 0.004679843317717314 -0.25136157870292664 -0.11127334833145142 -0.9614644050598145
1760456622.393193 -6.16305685043335 15.766743659973145 -44.93570327758789 0.0037010374944657087 -0.24699042737483978 -0.10781002789735794 -0.9629948139190674
1760456622.726521 -5.778845310211182 15.582030296325684 -44.349422454833984 0.0006336600054055452 -0.24360626935958862 -0.10237739235162735 -0.9644555449485779
1760456622.993189 -5.483727931976318 15.441431999206543 -43.86571502685547 0.005009057000279427 -0.23843152821063995 -0.10232176631689072 -0.965740978717804
1760456623.193369 -5.261364936828613 15.330601692199707 -43.497459411621094 0.0053040580824017525 -0.23766417801380157 -0.10013503581285477 -0.9661576747894287
1760456623.526522 -4.889163017272949 15.155106544494629 -42.8983039855957 0.00870056264102459 -0.23299643397331238 -0.09631114453077316 -0.9676575660705566
1760456623.793142 -4.610617160797119 15.00845718383789 -42.427860260009766 0.0073662870563566685 -0.22978171706199646 -0.09415865689516068 -0.9686487317085266
1760456624.126476 -4.272344589233398 14.838129043579102 -41.85587692260742 0.006539077963680029 -0.22535167634487152 -0.0923696905374527 -0.9698668718338013
1760456624.393136 -3.9958696365356445 14.694892883300781 -41.38092803955078 0.006702460814267397 -0.22283220291137695 -0.08988957107067108 -0.9706805944442749
1760456624.726464 -3.6559951305389404 14.511813163757324 -40.79450988769531 0.005294170696288347 -0.2183898538351059 -0.08806277066469193 -0.9718656539916992
1760456624.993139 -3.3925061225891113 14.354889869689941 -40.319053649902344 0.0023145016748458147 -0.21475210785865784 -0.08780493587255478 -0.972710907459259
1760456625.326469 -3.068169593811035 14.172822952270508 -39.717132568359375 0.004853755701333284 -0.2103574573993683 -0.08747738599777222 -0.9736908674240112
1760456625.726472 -2.7057950496673584 13.974286079406738 -39.06467056274414 0.008642411790788174 -0.20704279839992523 -0.08524270355701447 -0.9745728969573975
1760456626.126413 -2.3833096027374268 13.759820938110352 -38.36372756958008 0.008131686598062515 -0.17673656344413757 -0.07260837405920029 -0.981542706489563
1760456626.393097 -2.1948530673980713 13.612221717834473 -37.905879974365234 0.004433908499777317 -0.15561114251613617 -0.06531686335802078 -0.985646665096283
1760456626.726437 -1.980088233947754 13.422883987426758 -37.2957649230957 0.005866609513759613 -0.14804309606552124 -0.060010090470314026 -0.9871411919593811
1760456626.993105 -1.801189661026001 13.266694068908691 -36.795509338378906 0.00727371871471405 -0.1443587690591812 -0.05857592821121216 -0.9877634048461914
1760456627.326468 -1.5805370807647705 13.06374454498291 -36.17733383178711 0.004735165741294622 -0.13867203891277313 -0.0553521066904068 -0.9887789487838745
1760456627.526416 -1.4553263187408447 12.9450044631958 -35.788818359375 0.006194706540554762 -0.13475282490253448 -0.05562025308609009 -0.98929762840271
1760456627.72642 -1.328747272491455 12.815201759338379 -35.404354095458984 0.004299177322536707 -0.1317066103219986 -0.054317373782396317 -0.9897902011871338
1760456627.993251 -1.1596448421478271 12.652975082397461 -34.876731872558594 0.007182883098721504 -0.12573134899139404 -0.052907899022102356 -0.9906265139579773
1760456628.326365 -0.9775230884552002 12.446991920471191 -34.26484680175781 0.002998830284923315 -0.1229233667254448 -0.05137449502944946 -0.9910809993743896
1760456628.726579 -0.7469384670257568 12.201828002929688 -33.50738525390625 0.006294879596680403 -0.1158534586429596 -0.048112902790308 -0.9920804500579834
1760456628.926374 -0.6378172636032104 12.072951316833496 -33.12294006347656 0.0040648020803928375 -0.11453597247600555 -0.04592980071902275 -0.9923484921455383
1760456629.193112 -0.5027527213096619 11.895652770996094 -32.604286193847656 0.0014272519620135427 -0.11104429513216019 -0.04286915436387062 -0.9928894639015198
1760456629.526362 -0.3250869810581207 11.684172630310059 -31.94225311279297 0.005034391302615404 -0.1061282753944397 -0.0419500470161438 -0.9934543967247009
1760456629.726389 -0.22527305781841278 11.548425674438477 -31.548667907714844 0.0024387564044445753 -0.1032983660697937 -0.04044876620173454 -0.9938246607780457
1760456629.993296 -0.08991999179124832 11.370627403259277 -30.99097442626953 0.0036969759967178106 -0.09911387413740158 -0.03897520899772644 -0.9943056702613831
1760456630.326377 0.06950949132442474 11.151663780212402 -30.341053009033203 0.001037901733070612 -0.09521689265966415 -0.03863343223929405 -0.9947060942649841
1760456630.526357 0.17346008121967316 11.016219139099121 -29.921241760253906 0.00447476003319025 -0.09171182662248611 -0.03823348879814148 -0.9950412511825562
1760456630.793014 0.2988054156303406 10.84110164642334 -29.37936782836914 0.005393280182033777 -0.0884113535284996 -0.03709486871957779 -0.9953785538673401
1760456631.12633 0.44108065962791443 10.626795768737793 -28.72722816467285 0.00394628569483757 -0.085873544216156 -0.03382621705532074 -0.9957238435745239
1760456631.393134 0.5464320182800293 10.456879615783691 -28.20212173461914 0.002578579355031252 -0.08373711258172989 -0.030594605952501297 -0.9960148334503174
1760456631.72632 0.6957786679267883 10.244414329528809 -27.578338623046875 0.003129564458504319 -0.07943391054868698 -0.02974405325949192 -0.9963914155960083
1760456631.993053 0.7934026122093201 10.069406509399414 -27.05365753173828 0.0002784615207929164 -0.07655200362205505 -0.026991041377186775 -0.9967001676559448
1760456632.328625 0.9066889882087708 9.851381301879883 -26.424192428588867 -0.0006978085148148239 -0.07352534681558609 -0.024822447448968887 -0.9969841837882996
1760456632.593019 1.0029261112213135 9.684654235839844 -25.927433013916016 -0.0002541793801356107 -0.07034219056367874 -0.024749306961894035 -0.9972158074378967
1760456632.926253 1.10631263256073 9.46011734008789 -25.288480758666992 -0.004415915813297033 -0.06730009615421295 -0.023293500766158104 -0.9974510669708252
1760456633.192935 1.1915967464447021 9.289750099182129 -24.781789779663086 -0.006311309058219194 -0.06438051164150238 -0.023837406188249588 -0.9976207613945007
1760456633.52626 1.3064374923706055 9.073705673217773 -24.126846313476562 0.0016589900478720665 -0.06127956137061119 -0.021602215245366096 -0.9978854656219482
1760456633.792936 1.3839302062988281 8.89777946472168 -23.622310638427734 0.0002841404057107866 -0.05884186923503876 -0.02007981948554516 -0.9980652928352356
1760456634.126463 1.4811179637908936 8.672892570495605 -22.95613670349121 0.0008734875009395182 -0.05617521330714226 -0.018648119643330574 -0.998246431350708
1760456634.392931 1.5650373697280884 8.488395690917969 -22.41394805908203 0.0008463242556899786 -0.054045774042606354 -0.016252638772130013 -0.9984058737754822
1760456634.726287 1.6497074365615845 8.264618873596191 -21.752147674560547 -0.0010799368610605597 -0.05152033641934395 -0.014885901473462582 -0.9985604286193848
1760456634.99286 1.7154489755630493 8.074910163879395 -21.20541763305664 -0.00012200780474813655 -0.04851427674293518 -0.01320037990808487 -0.9987353086471558
1760456635.326215 1.7507762908935547 7.855402946472168 -20.550983428955078 0.0013680945849046111 -0.021069394424557686 -0.004146612249314785 -0.9997684955596924
1760456635.7262 1.7668371200561523 7.607338905334473 -19.805526733398438 0.00304363458417356 -0.007448637392371893 -0.0004458116600289941 -0.9999675750732422
1760456636.126195 1.7950445413589478 7.343303203582764 -19.02782440185547 0.003505202243104577 -0.005305970553308725 -0.0002395037008682266 -0.9999797940254211
1760456636.459549 1.8152559995651245 7.0939555168151855 -18.297767639160156 -0.0030743174720555544 -0.0004456607857719064 -0.0014010522281751037 -0.9999942779541016
1760456636.726218 1.8184623718261719 6.898297309875488 -17.703350067138672 -0.0009989342652261257 0.004390798043459654 -0.0013947808183729649 -0.9999889135360718
1760456637.059534 1.8134673833847046 6.6471686363220215 -16.96112632751465 2.8614003895199858e-05 0.009309408254921436 -0.0018137339502573013 -0.9999550580978394
1760456637.326141 1.7988479137420654 6.453369617462158 -16.371469497680664 0.004904857836663723 0.01396013144403696 -0.0003006476035807282 -0.9998905062675476
1760456637.659477 1.7836660146713257 6.24378776550293 -15.7650146484375 0.002186116296797991 0.019640039652585983 0.0015713697066530585 -0.9998034834861755
1760456638.12615 1.7652995586395264 6.024068355560303 -15.122635841369629 0.0004120680969208479 0.021679524332284927 0.0008162882295437157 -0.9997645616531372
1760456638.659474 1.7390841245651245 5.76731538772583 -14.361234664916992 0.0024352255277335644 0.028840137645602226 0.0012085862690582871 -0.9995803833007812
1760456639.259484 1.7001043558120728 5.504814624786377 -13.574033737182617 0.007820253260433674 0.0305147897452116 0.005349727813154459 -0.9994894862174988
1760456639.859423 1.666698932647705 5.280762195587158 -12.94767951965332 -0.0015589763643220067 0.03400813788175583 0.004181938245892525 -0.9994115829467773
1760456640.459423 1.6682504415512085 5.070076942443848 -12.348379135131836 -0.0012331986799836159 0.017527982592582703 -0.00353812612593174 -0.9998393654823303
1760456641.059435 1.689947485923767 4.874513149261475 -11.749114990234375 0.002667688298970461 0.0017750158440321684 -0.010435323230922222 -0.9999404549598694
1760456641.726042 1.7012428045272827 4.6375298500061035 -11.062667846679688 0.0016000390751287341 0.0018684143433347344 -0.011842165142297745 -0.9999269247055054
1760456642.459382 1.7303608655929565 4.371881008148193 -10.291044235229492 -0.0001592815387994051 0.0005805269465781748 -0.013276753015816212 -0.9999117255210876
1760456643.128142 1.752030372619629 4.125214576721191 -9.556111335754395 -0.000925472064409405 -0.001976658357307315 -0.014242376200854778 -0.999896228313446
1760456643.726056 1.7707351446151733 3.8919076919555664 -8.908536911010742 -0.004231755621731281 -0.004794036038219929 -0.014699110761284828 -0.999871551990509
1760456644.459323 1.8102267980575562 3.6204941272735596 -8.12985610961914 -0.005211031995713711 -0.006744466722011566 -0.01563490368425846 -0.9998415112495422
1760456645.126254 1.8430726528167725 3.3726284503936768 -7.407746315002441 -0.004467878956347704 -0.008645969443023205 -0.01676625944674015 -0.999812126159668
1760456645.72603 1.8830549716949463 3.144667863845825 -6.7445831298828125 -0.0026677530258893967 -0.008967612870037556 -0.01917588710784912 -0.9997723698616028
1760456646.45943 1.9277576208114624 2.8671767711639404 -5.943450450897217 -0.004242884460836649 -0.010961336083710194 -0.02144385688006878 -0.9997009634971619
1760456647.059278 1.9660292863845825 2.636972665786743 -5.287234783172607 -0.003099228721112013 -0.01159352995455265 -0.022373273968696594 -0.9996777176856995
1760456647.859297 1.9715276956558228 2.371028423309326 -4.512312412261963 -0.001936697051860392 0.0031144381500780582 -0.01847120188176632 -0.9998226761817932
1760456648.459263 1.991693377494812 2.148541212081909 -3.897367477416992 -0.005661201197654009 0.004272895399481058 -0.018092287704348564 -0.9998111724853516
1760456649.059216 2.0282487869262695 1.9243671894073486 -3.243011713027954 -0.001856784918345511 -0.016755588352680206 -0.023202665150165558 -0.999588668346405
1760456649.859226 2.119917631149292 1.647632122039795 -2.4629921913146973 -0.005675269290804863 -0.03288969770073891 -0.026542842388153076 -0.9990903735160828
1760456650.459166 2.1205923557281494 1.4221901893615723 -1.8232342004776 -0.005217057187110186 -0.000587207090575248 -0.01123991422355175 -0.999923050403595
1760456651.259169 2.11793851852417 1.1446528434753418 -1.0555938482284546 -0.006754114292562008 0.002195592736825347 -0.006569329649209976 -0.9999532103538513
1760456652.05917 2.115483283996582 0.8836684226989746 -0.32627490162849426 -0.010348858311772346 0.005655481945723295 -0.0030845478177070618 -0.9999257326126099
1760456652.659345 2.122682571411133 0.6861562132835388 0.24288120865821838 -0.00759209506213665 0.005705514922738075 -0.0009331898181699216 -0.9999544620513916
1760456653.0591 2.117081880569458 0.5682685375213623 0.5796101689338684 -0.004470678977668285 0.01008080504834652 0.0007410040707327425 -0.99993896484375
1760456653.259273 2.1164262294769287 0.523499071598053 0.7008450031280518 -0.00606956984847784 0.009568998590111732 0.001008681021630764 -0.9999353289604187
