1744746716.134416 -0.0 -0.0 -0.0 -0.0 -0.0 -0.0 1.0
1744746718.13433 0.009113197214901447 -0.06284021586179733 0.16700780391693115 0.00276860105805099 0.007861839607357979 0.0012499933363869786 0.9999644756317139
1744746719.600927 0.0698680430650711 -0.364327609539032 1.0098809003829956 0.00858600065112114 0.023921223357319832 0.005595018155872822 0.999661386013031
1744746721.334196 0.12368722259998322 -0.6430326104164124 1.778653621673584 0.008998344652354717 0.027649736031889915 0.0037392289377748966 0.9995702505111694
1744746722.734278 0.13422325253486633 -0.8796155452728271 2.4371771812438965 0.010041600093245506 0.01481360848993063 -0.0033960158471018076 0.9998341798782349
1744746724.334289 0.10382477194070816 -1.1513653993606567 3.1779425144195557 0.011129472404718399 -0.0167461559176445 -0.01570136286318302 0.9996745586395264
1744746725.734089 0.014831384643912315 -1.4268172979354858 3.9481449127197266 0.00964406505227089 -0.05536586046218872 -0.02798307314515114 0.9980274438858032
1744746727.134219 -0.1208609938621521 -1.686768651008606 4.678316116333008 0.010622488334774971 -0.08739721775054932 -0.03619733080267906 0.9954590797424316
1744746728.734008 -0.27741459012031555 -1.960507869720459 5.420433044433594 0.011504342779517174 -0.09941521286964417 -0.03767963871359825 0.9942657947540283
1744746730.334544 -0.43269914388656616 -2.238647222518921 6.169377326965332 0.012495651841163635 -0.09266357123851776 -0.03513786196708679 0.9949988722801208
1744746731.73401 -0.5297111868858337 -2.5086305141448975 6.8932037353515625 0.013390611857175827 -0.07259497791528702 -0.02682345174252987 0.996910810470581
1744746733.200654 -0.5987144112586975 -2.8188726902008057 7.754460334777832 0.012047747150063515 -0.04498410224914551 -0.016094861552119255 0.9987854361534119
1744746734.60052 -0.6258323192596436 -3.0981316566467285 8.508269309997559 0.01258607767522335 -0.027400344610214233 -0.008627567440271378 0.9995081424713135
1744746736.133888 -0.6411159038543701 -3.3695080280303955 9.249896049499512 0.01292620599269867 -0.025339631363749504 -0.007340883370488882 0.9995684027671814
1744746737.733887 -0.7042649388313293 -3.6462318897247314 9.983393669128418 0.015158141031861305 -0.04402121528983116 -0.012958643026649952 0.998831570148468
1744746739.067214 -0.8145561218261719 -3.8943755626678467 10.638544082641602 0.01644071377813816 -0.0729231908917427 -0.022442998364567757 0.9969495534896851
1744746740.467162 -1.0121850967407227 -4.1898298263549805 11.388461112976074 0.01655176281929016 -0.12095741182565689 -0.03655198588967323 0.9918464422225952
1744746741.867167 -1.3362823724746704 -4.458171367645264 12.073391914367676 0.018110625445842743 -0.20541030168533325 -0.06133856251835823 0.9765839576721191
1744746743.067149 -1.7843788862228394 -4.678640365600586 12.58338451385498 0.018254371359944344 -0.2944961190223694 -0.09060162305831909 0.9511730670928955
1744746744.267042 -2.345677375793457 -4.868993759155273 13.058465003967285 0.01875521056354046 -0.3780241012573242 -0.12286923080682755 0.9174144268035889
1744746745.067026 -2.783200740814209 -4.980175971984863 13.305532455444336 0.01850525476038456 -0.43196535110473633 -0.14332318305969238 0.890237033367157
1744746746.266989 -3.4618444442749023 -5.125259876251221 13.640178680419922 0.01726793684065342 -0.48301851749420166 -0.1641254723072052 0.8599173426628113
1744746747.466932 -4.1289262771606445 -5.245643615722656 13.901166915893555 0.020848099142313004 -0.5173682570457458 -0.17554116249084473 0.8373056650161743
1744746748.733754 -4.8640666007995605 -5.35081672668457 14.131980895996094 0.020409993827342987 -0.5436200499534607 -0.18468792736530304 0.8185054063796997
1744746750.066865 -5.633360385894775 -5.447696685791016 14.334256172180176 0.022785309702157974 -0.5734545588493347 -0.193357452750206 0.7957659959793091
1744746751.266917 -6.317809104919434 -5.502752780914307 14.424306869506836 0.024133993312716484 -0.6120073795318604 -0.20872938632965088 0.7624281048774719
1744746752.666878 -7.037412166595459 -5.521399974822998 14.420095443725586 0.025448745116591454 -0.6617330312728882 -0.2276451289653778 0.7138904333114624
1744746753.866802 -7.756863594055176 -5.506458759307861 14.322226524353027 0.02369893528521061 -0.7080157399177551 -0.24505926668643951 0.6618897914886475
1744746755.066801 -8.489035606384277 -5.453624725341797 14.122663497924805 0.022559581324458122 -0.75120609998703 -0.2613000273704529 0.6057249307632446
1744746756.466765 -9.254021644592285 -5.367365837097168 13.785656929016113 0.027878589928150177 -0.7937459945678711 -0.2689688801765442 0.5448355078697205
1744746758.066733 -9.979761123657227 -5.272045612335205 13.440572738647461 0.026825107634067535 -0.8030861020088196 -0.27598610520362854 0.5274133682250977
1744746759.53338 -10.666723251342773 -5.193358898162842 13.139028549194336 0.02964983507990837 -0.8028955459594727 -0.27171918749809265 0.5297624468803406
1744746760.866649 -11.36629867553711 -5.139095306396484 12.859804153442383 0.030764970928430557 -0.7984021902084351 -0.2582067847251892 0.5430808067321777
1744746762.266574 -12.047700881958008 -5.079983711242676 12.573707580566406 0.027420513331890106 -0.7940029501914978 -0.25819656252861023 0.5496744513511658
1744746764.866513 -12.745716094970703 -5.01473331451416 12.250527381896973 0.03225332126021385 -0.805463969707489 -0.2589457333087921 0.5321040153503418
1744746767.266527 -13.149576187133789 -4.930807590484619 11.931201934814453 0.03546997904777527 -0.8419705033302307 -0.27467966079711914 0.46301043033599854
1744746768.866486 -13.586763381958008 -4.754579544067383 11.339945793151855 0.03687213361263275 -0.8914432525634766 -0.2890583574771881 0.34700807929039
1744746770.266383 -14.064289093017578 -4.602375030517578 10.774542808532715 0.037433870136737823 -0.8972653746604919 -0.28674712777137756 0.3336009979248047
1744746771.666345 -14.544069290161133 -4.468879699707031 10.248237609863281 0.038738399744033813 -0.8962783813476562 -0.2793485224246979 0.34227028489112854
1744746773.266294 -15.1361083984375 -4.351614475250244 9.662006378173828 0.04168713465332985 -0.8867285251617432 -0.2657199203968048 0.3759889602661133
1744746774.666291 -15.74644947052002 -4.243783950805664 9.157129287719727 0.03595738485455513 -0.8708779215812683 -0.2693934738636017 0.40951892733573914
1744746776.266256 -16.298492431640625 -4.157459259033203 8.725083351135254 0.03448103368282318 -0.8659917116165161 -0.2644166350364685 0.42302876710891724
1744746778.599549 -16.86357879638672 -4.0568928718566895 8.236063003540039 0.03655245155096054 -0.8753001689910889 -0.2652127146720886 0.402710497379303
1744746780.466101 -17.374265670776367 -3.918938159942627 7.648593902587891 0.03678910806775093 -0.8964107036590576 -0.27629637718200684 0.3446081280708313
1744746781.866072 -17.741117477416992 -3.76509165763855 7.058359146118164 0.0388525053858757 -0.9168972969055176 -0.2837846279144287 0.2779499590396881
1744746783.066062 -18.059513092041016 -3.5992071628570557 6.460394382476807 0.0387524776160717 -0.9242965579032898 -0.2905435264110565 0.24445581436157227
1744746784.399341 -18.396610260009766 -3.4365317821502686 5.837357997894287 0.037831101566553116 -0.9264945983886719 -0.2911112606525421 0.23543787002563477
1744746785.666019 -18.764543533325195 -3.2830653190612793 5.239380359649658 0.03552916273474693 -0.9232863187789917 -0.2881651520729065 0.25147759914398193
1744746787.199234 -19.20374298095703 -3.1317760944366455 4.640210151672363 0.0335102342069149 -0.9136706590652466 -0.2823900282382965 0.29041165113449097
1744746788.665895 -19.749553680419922 -2.976274013519287 4.025276184082031 0.03167141228914261 -0.8948518633842468 -0.27908676862716675 0.3469114303588867
1744746790.068244 -20.322582244873047 -2.8521995544433594 3.4773502349853516 0.03530019521713257 -0.8828887343406677 -0.2714337110519409 0.3815562129020691
1744746791.265854 -20.79627227783203 -2.761874198913574 3.0667667388916016 0.038055744022130966 -0.8794176578521729 -0.2713986933231354 0.3892545700073242
1744746792.865764 -21.38424301147461 -2.616706371307373 2.474027633666992 0.03972331061959267 -0.8861802220344543 -0.2771149277687073 0.3692072927951813
1744746794.199041 -21.895462036132812 -2.4849696159362793 1.9260177612304688 0.040859948843717575 -0.8948681950569153 -0.28197091817855835 0.34356045722961426
1744746795.465906 -22.343748092651367 -2.323528289794922 1.315134048461914 0.04152700677514076 -0.9033949375152588 -0.2881717085838318 0.3148176968097687
1744746796.865633 -22.80592918395996 -2.156240463256836 0.6790962219238281 0.04388870671391487 -0.909272313117981 -0.2885279357433319 0.29673078656196594
1744746798.265638 -23.2409610748291 -1.9952316284179688 0.053699493408203125 0.04474237561225891 -0.9103738069534302 -0.2868559956550598 0.29484128952026367
1744746799.665645 -23.71926498413086 -1.8482184410095215 -0.5690879821777344 0.04341728240251541 -0.9060736894607544 -0.2820143401622772 0.3124311864376068
1744746800.865573 -24.17053985595703 -1.7197718620300293 -1.1032695770263672 0.04182647541165352 -0.8988463282585144 -0.27891966700553894 0.3354543447494507
1744746801.998889 -24.6384334564209 -1.607522964477539 -1.5970287322998047 0.04055077210068703 -0.8911612033843994 -0.2750956118106842 0.35848256945610046
1744746803.198835 -25.155397415161133 -1.4916648864746094 -2.112398147583008 0.04020395874977112 -0.8839572072029114 -0.2729712128639221 0.3774784505367279
1744746804.665585 -25.798873901367188 -1.3701610565185547 -2.685394287109375 0.04171320050954819 -0.879790186882019 -0.26948630809783936 0.3893667459487915
1744746805.998864 -26.366483688354492 -1.253657341003418 -3.203126907348633 0.04035485163331032 -0.8779302835464478 -0.27262166142463684 0.39151936769485474
1744746807.198732 -26.886486053466797 -1.1467628479003906 -3.6753711700439453 0.04011804237961769 -0.8788911700248718 -0.2725309133529663 0.3894455134868622
1744746808.665239 -27.55202865600586 -1.0069971084594727 -4.26373291015625 0.035911690443754196 -0.8799304962158203 -0.2767309844493866 0.38451623916625977
1744746810.065354 -28.137563705444336 -0.8659343719482422 -4.828926086425781 0.032567523419857025 -0.8828714489936829 -0.2766340672969818 0.3780885934829712
1744746811.465259 -28.723251342773438 -0.7253665924072266 -5.421875 0.03179844096302986 -0.8855295777320862 -0.27651169896125793 0.37197786569595337
1744746812.798577 -29.23123550415039 -0.5943260192871094 -5.966468811035156 0.032920535653829575 -0.8896678686141968 -0.27616074681282043 0.36213603615760803
1744746814.198784 -29.77724838256836 -0.45348167419433594 -6.5425872802734375 0.03271882236003876 -0.8906802535057068 -0.2803661823272705 0.35638901591300964
1744746815.532003 -30.29737663269043 -0.32666969299316406 -7.086803436279297 0.033574823290109634 -0.8909413814544678 -0.2802579998970032 0.355741024017334
1744746816.931831 -30.827428817749023 -0.19514179229736328 -7.649913787841797 0.03558642044663429 -0.8887332081794739 -0.27735522389411926 0.3632645010948181
1744746818.331846 -31.39345359802246 -0.05113029479980469 -8.23971939086914 0.034614354372024536 -0.8839844465255737 -0.2775966227054596 0.37458446621894836
1744746819.531727 -31.90509605407715 0.06014251708984375 -8.715206146240234 0.03267272561788559 -0.8811736702919006 -0.2765817642211914 0.38205766677856445
1744746820.798423 -32.440589904785156 0.176055908203125 -9.202980041503906 0.03222493454813957 -0.8795960545539856 -0.27521833777427673 0.38668763637542725
1744746822.131697 -32.99983215332031 0.3045492172241211 -9.732501983642578 0.03073582611978054 -0.8801433444023132 -0.275910347700119 0.3850668966770172
1744746823.531473 -33.5550651550293 0.44817543029785156 -10.301612854003906 0.030456293374300003 -0.8819192051887512 -0.2790467143058777 0.37871357798576355
1744746824.731631 -34.039283752441406 0.5644445419311523 -10.785335540771484 0.03282243758440018 -0.8863900899887085 -0.2771610915660858 0.36934682726860046
1744746825.998083 -34.525264739990234 0.6930036544799805 -11.299026489257812 0.03339439257979393 -0.8884615302085876 -0.2799079120159149 0.3621775507926941
1744746827.331558 -35.04313278198242 0.8280620574951172 -11.848243713378906 0.034929778426885605 -0.8892377614974976 -0.2805057466030121 0.35965633392333984
1744746828.531346 -35.52437210083008 0.9501199722290039 -12.331199645996094 0.03539086505770683 -0.8883192539215088 -0.28026434779167175 0.3620610237121582
1744746829.998174 -36.09184265136719 1.1054401397705078 -12.919475555419922 0.035408053547143936 -0.8844043612480164 -0.2797609269618988 0.37189921736717224
1744746831.331422 -36.639957427978516 1.2259302139282227 -13.420635223388672 0.03581038862466812 -0.8774620890617371 -0.2769547700881958 0.38996660709381104
1744746832.731393 -37.213958740234375 1.3414306640625 -13.88460922241211 0.03552088513970375 -0.8657702207565308 -0.2727244794368744 0.41809287667274475
1744746834.131462 -37.83130645751953 1.43988037109375 -14.312217712402344 0.03464263305068016 -0.8534463047981262 -0.2676883935928345 0.4458388090133667
1744746835.531326 -38.48894500732422 1.5406627655029297 -14.742149353027344 0.0366487056016922 -0.8449493050575256 -0.26321184635162354 0.4641520082950592
1744746836.931306 -39.11627960205078 1.6231403350830078 -15.151134490966797 0.03686190024018288 -0.8443862199783325 -0.2619968354701996 0.46584418416023254
1744746837.997949 -39.60550308227539 1.688669204711914 -15.468902587890625 0.03710416331887245 -0.8479924201965332 -0.2631622850894928 0.45856061577796936
1744746839.331228 -40.15111541748047 1.773773193359375 -15.884651184082031 0.037912432104349136 -0.858086347579956 -0.2679162323474884 0.43643030524253845
1744746840.664368 -40.640594482421875 1.8792972564697266 -16.328800201416016 0.039501965045928955 -0.8683398962020874 -0.27378302812576294 0.4116653501987457
1744746842.131149 -41.156951904296875 2.003660202026367 -16.868297576904297 0.04138103500008583 -0.8783708810806274 -0.27832090854644775 0.38638031482696533
1744746843.664474 -41.70592498779297 2.1343135833740234 -17.40279769897461 0.041596028953790665 -0.8813832998275757 -0.2820090353488922 0.3767017126083374
1744746845.264403 -42.30312728881836 2.265277862548828 -17.962535858154297 0.0409495010972023 -0.8788697719573975 -0.27982884645462036 0.384196400642395
1744746846.731097 -42.90290832519531 2.3774051666259766 -18.46875762939453 0.039547473192214966 -0.8686410188674927 -0.27437934279441833 0.4106273353099823
1744746848.330965 -43.622528076171875 2.496469497680664 -18.989749908447266 0.03749554604291916 -0.8546014428138733 -0.26940619945526123 0.4423469603061676
1744746849.46428 -44.15468215942383 2.5745201110839844 -19.347206115722656 0.03589378297328949 -0.8462888598442078 -0.26631495356559753 0.459981769323349
1744746850.664097 -44.6717414855957 2.6466445922851562 -19.680206298828125 0.03661251813173294 -0.8412327766418457 -0.26337048411369324 0.470768541097641
1744746852.130941 -45.26652908325195 2.737598419189453 -20.080692291259766 0.034852534532547 -0.8411497473716736 -0.26732587814331055 0.4688168466091156
1744746853.864158 -45.95903778076172 2.8475303649902344 -20.57259750366211 0.0359838604927063 -0.851619303226471 -0.27047833800315857 0.44753891229629517
1744746855.330648 -46.54475402832031 2.9663314819335938 -21.06865692138672 0.03715392202138901 -0.8665232062339783 -0.2752402126789093 0.41472887992858887
1744746856.664094 -47.07063293457031 3.09320068359375 -21.581645965576172 0.03631848469376564 -0.8790037631988525 -0.27709683775901794 0.3863297402858734
1744746858.330787 -47.65644836425781 3.249361038208008 -22.180877685546875 0.03273870423436165 -0.8825131058692932 -0.27992871403694153 0.37648218870162964
1744746860.263841 -48.309852600097656 3.386066436767578 -22.737831115722656 0.030324695631861687 -0.8763588666915894 -0.27327680587768555 0.395468533039093
1744746861.664054 -48.9101448059082 3.4941139221191406 -23.1864013671875 0.028783511370420456 -0.860919713973999 -0.2673547863960266 0.4318682551383972
1744746863.063809 -49.599769592285156 3.5781288146972656 -23.608631134033203 0.027396611869335175 -0.8437236547470093 -0.25928059220314026 0.46920499205589294
1744746864.530588 -50.32130432128906 3.6474342346191406 -23.987613677978516 0.028495755046606064 -0.832753598690033 -0.2530668377876282 0.4915960729122162
1744746866.130544 -51.0507926940918 3.7234725952148438 -24.396453857421875 0.028050590306520462 -0.8340069651603699 -0.2546839714050293 0.48865291476249695
1744746867.663697 -51.73114776611328 3.81524658203125 -24.838260650634766 0.02637701854109764 -0.8466529846191406 -0.2609419822692871 0.46302512288093567
1744746868.930659 -52.320011138916016 3.9167728424072266 -25.290592193603516 0.026726603507995605 -0.8592685461044312 -0.26512449979782104 0.4366374611854553
1744746870.26358 -52.921478271484375 4.033231735229492 -25.79755401611328 0.027047624811530113 -0.8703930377960205 -0.26803234219551086 0.4121200442314148
1744746871.530414 -53.46498107910156 4.152990341186523 -26.290924072265625 0.026441054418683052 -0.8756077289581299 -0.2717297375202179 0.3984657824039459
1744746872.730179 -53.93156814575195 4.250934600830078 -26.714508056640625 0.028121331706643105 -0.8774738311767578 -0.26877880096435547 0.39624086022377014
1744746874.063686 -54.516178131103516 4.365594863891602 -27.197296142578125 0.026253988966345787 -0.8713995218276978 -0.2676963210105896 0.4102589190006256
1744746875.530127 -55.149173736572266 4.473958969116211 -27.6588134765625 0.021824520081281662 -0.8601822257041931 -0.2655017673969269 0.43487828969955444
1744746876.663603 -55.72200012207031 4.548858642578125 -28.013587951660156 0.01861925795674324 -0.8478224873542786 -0.2589307725429535 0.46239084005355835
1744746877.796719 -56.34098815917969 4.615083694458008 -28.348346710205078 0.015139232389628887 -0.8352100253105164 -0.25451165437698364 0.4872565269470215
1744746878.996877 -56.960418701171875 4.674093246459961 -28.679603576660156 0.0180660393089056 -0.8297637701034546 -0.248098686337471 0.49961259961128235
1744746880.46332 -57.70701217651367 4.816017150878906 -29.087413787841797 0.00492324260994792 -0.822342574596405 -0.28035998344421387 0.49510273337364197
1744746881.596825 -58.22586441040039 4.869089126586914 -29.424720764160156 0.020590296015143394 -0.8382667303085327 -0.2649228274822235 0.4761312007904053
1744746882.863618 -58.82461929321289 4.995565414428711 -29.86528778076172 0.027656493708491325 -0.8505018949508667 -0.2824113667011261 0.4428604245185852
1744746884.196735 -59.410247802734375 5.132295608520508 -30.388931274414062 0.04280383139848709 -0.8657263517379761 -0.2865216135978699 0.40815579891204834
1744746885.396541 -59.85845947265625 5.210102081298828 -30.816795349121094 0.04482365772128105 -0.8825915455818176 -0.26877379417419434 0.38312357664108276
1744746886.996668 -60.47411346435547 5.33094596862793 -31.331520080566406 0.030300652608275414 -0.8742117285728455 -0.27307358384132385 0.4003329277038574
1744746888.396618 -61.05048370361328 5.413841247558594 -31.739402770996094 0.0318664126098156 -0.8583037853240967 -0.2638057768344879 0.4389825761318207
1744746889.596679 -61.671600341796875 5.471508026123047 -32.105140686035156 0.030775247141718864 -0.8428133726119995 -0.2498396784067154 0.47570860385894775
1744746891.06322 -62.431480407714844 5.550409317016602 -32.509559631347656 0.024146603420376778 -0.8290841579437256 -0.25294291973114014 0.4980524778366089
1744746892.396339 -63.067848205566406 5.626989364624023 -32.87085723876953 0.026513217017054558 -0.8315426111221313 -0.25594985485076904 0.49226388335227966
1744746893.86322 -63.741249084472656 5.721269607543945 -33.319236755371094 0.031624745577573776 -0.8458216786384583 -0.2626064121723175 0.46327468752861023
1744746895.196279 -64.36640930175781 5.82899284362793 -33.80839538574219 0.029524900019168854 -0.8631364703178406 -0.2671480178833008 0.42749929428100586
1744746896.596415 -64.9758071899414 5.969259262084961 -34.315155029296875 0.025740742683410645 -0.8673883080482483 -0.2813984751701355 0.40962159633636475
1744746898.19635 -65.5684585571289 6.103916168212891 -34.8328857421875 0.03791908174753189 -0.8690742254257202 -0.2827402651309967 0.4041411280632019
1744746899.396357 -66.06920623779297 6.213050842285156 -35.24439239501953 0.036160923540592194 -0.8653256297111511 -0.2847137749195099 0.4109041392803192
1744746900.596286 -66.60543823242188 6.30695915222168 -35.64867401123047 0.041117843240499496 -0.8591139316558838 -0.2758244574069977 0.4291309714317322
1744746901.862942 -67.23974609375 6.406023025512695 -36.05970001220703 0.03614626079797745 -0.8478599190711975 -0.271994948387146 0.4537023603916168
1744746903.26291 -67.95784759521484 6.512731552124023 -36.500892639160156 0.03062591515481472 -0.8424874544143677 -0.27185750007629395 0.4640803635120392
1744746905.396008 -68.6019287109375 6.603460311889648 -36.971275329589844 0.037517249584198 -0.8571970462799072 -0.26121804118156433 0.4422339200973511
1744746907.262613 -69.22834777832031 6.751005172729492 -37.538780212402344 0.026970550417900085 -0.8799743056297302 -0.27514106035232544 0.38628384470939636
1744746908.462755 -69.69569396972656 6.881097793579102 -38.044464111328125 0.023135824128985405 -0.8912891149520874 -0.28189656138420105 0.354405015707016
1744746909.596285 -70.17066955566406 7.03350830078125 -38.56898498535156 0.0223572738468647 -0.894424319267273 -0.28754743933677673 0.3417920470237732
1744746910.796317 -70.70088195800781 7.205066680908203 -39.127586364746094 0.017113754525780678 -0.8932048678398132 -0.2897273600101471 0.34343886375427246
1744746912.196021 -71.267333984375 7.385860443115234 -39.732452392578125 0.014388706535100937 -0.8948302865028381 -0.28941574692726135 0.33957380056381226
1744746913.595982 -71.76271057128906 7.556880950927734 -40.30657958984375 0.018063079565763474 -0.8977605104446411 -0.29182058572769165 0.32945510745048523
1744746914.862636 -72.17554473876953 7.742290496826172 -40.88801574707031 0.020601890981197357 -0.9083634614944458 -0.3009893596172333 0.2895802855491638
1744746916.395961 -72.37971496582031 7.959342956542969 -41.54994201660156 0.02197473868727684 -0.9375666975975037 -0.313110888004303 0.14982473850250244
1744746917.795674 -72.36400604248047 8.18766975402832 -42.30098342895508 0.024546289816498756 -0.9499132037162781 -0.3114824891090393 0.006405904423445463
1744746918.995837 -72.25688171386719 8.453766822814941 -43.03358459472656 0.024139225482940674 -0.9427236914634705 -0.32526952028274536 -0.06992272287607193
1744746920.395783 -72.12179565429688 8.700214385986328 -43.67391586303711 0.01686842367053032 -0.9351699352264404 -0.33580687642097473 -0.11138414591550827
1744746921.862442 -71.9873046875 8.972989082336426 -44.39134216308594 0.007352395448833704 -0.9358823895454407 -0.3357309401035309 -0.10655916482210159
1744746923.129048 -71.91353607177734 9.228052139282227 -45.123779296875 0.01144473161548376 -0.9427099227905273 -0.3272705376148224 -0.06372693926095963
1744746924.329019 -71.86077880859375 9.466876029968262 -45.77544021606445 0.024137074127793312 -0.9439638257026672 -0.32665127515792847 -0.040604282170534134
1744746926.928955 -71.71770477294922 9.726902961730957 -46.52476119995117 0.031233344227075577 -0.9411611557006836 -0.32188189029693604 -0.0981440618634224
1744746928.928918 -71.45661163330078 9.848420143127441 -46.85615921020508 0.028608286753296852 -0.9223796725273132 -0.31803759932518005 -0.2173694670200348
1744746930.328694 -70.93610382080078 10.080307006835938 -47.418006896972656 0.02970982901751995 -0.8857274651527405 -0.31719791889190674 -0.33762359619140625
1744746932.128635 -70.3652572631836 10.259108543395996 -47.87706756591797 0.019060809165239334 -0.8551779985427856 -0.30069446563720703 -0.42177027463912964
1744746944.528302 -69.77110290527344 10.420576095581055 -48.257774353027344 0.017040900886058807 -0.8380850553512573 -0.2979825735092163 -0.4566503167152405
1744746951.928121 -69.66151428222656 10.563775062561035 -48.62976837158203 0.01933336816728115 -0.9078196883201599 -0.31791844964027405 -0.27279579639434814
1744746952.728116 -69.75672912597656 10.666080474853516 -48.950477600097656 0.02096017450094223 -0.9419353008270264 -0.3220767080783844 -0.0926557406783104
1744746954.128241 -69.89942932128906 10.802709579467773 -49.36322784423828 0.022275716066360474 -0.9440041780471802 -0.321839302778244 0.06913398206233978
1744746968.461179 -69.90294647216797 11.07093334197998 -50.11101531982422 0.019018881022930145 -0.9381042122840881 -0.32967445254325867 -0.10446778684854507
1744746969.261201 -69.60980224609375 11.198234558105469 -50.42448806762695 0.015602665953338146 -0.9052818417549133 -0.3254745900630951 -0.27255767583847046
1744746970.327647 -68.98345947265625 11.424391746520996 -50.934051513671875 0.01436195895075798 -0.8625354766845703 -0.32022491097450256 -0.39151281118392944
1744746971.127788 -68.42134094238281 11.624191284179688 -51.37898635864258 0.011126143857836723 -0.8494030833244324 -0.3147330582141876 -0.4234781265258789
1744746973.727784 -67.77588653564453 11.8549165725708 -51.89985656738281 0.0103077944368124 -0.8561115860939026 -0.31600964069366455 -0.4087843596935272
1744746975.12751 -67.41199493408203 12.131204605102539 -52.53213119506836 0.01772797666490078 -0.8957918882369995 -0.33439841866493225 -0.29226765036582947
1744746977.327453 -67.15727233886719 12.392688751220703 -53.15180969238281 0.01594638079404831 -0.912009060382843 -0.3406022787094116 -0.22798094153404236
1744746986.927196 -66.79817199707031 12.667072296142578 -53.81439971923828 0.006991371978074312 -0.9076886773109436 -0.33673715591430664 -0.25032079219818115
1744746988.127344 -66.42879486083984 12.817535400390625 -54.11988830566406 0.001635800814256072 -0.8655761480331421 -0.33562108874320984 -0.37166357040405273
1744746989.260473 -65.88336181640625 13.002708435058594 -54.54082489013672 -0.0017363401129841805 -0.8494199514389038 -0.32393333315849304 -0.4165932834148407
1744746990.127133 -65.26134490966797 13.219351768493652 -54.98797607421875 -0.0011375145986676216 -0.8377628922462463 -0.32354941964149475 -0.4398498833179474
1744746990.860632 -64.72237396240234 13.388235092163086 -55.36208724975586 -0.001650882069952786 -0.8329843282699585 -0.3184308707714081 -0.4524778127670288
1744746991.660609 -64.09437561035156 13.582174301147461 -55.75784683227539 0.002914678305387497 -0.8253634572029114 -0.31811171770095825 -0.4664457440376282
1744746992.460403 -63.444252014160156 13.764418601989746 -56.136207580566406 0.0034250696189701557 -0.8191860318183899 -0.3123455047607422 -0.48100194334983826
1744746993.26057 -62.76588821411133 13.954734802246094 -56.51271057128906 0.005962079390883446 -0.8136132955551147 -0.31500130891799927 -0.4886431396007538
1744746994.06058 -62.176544189453125 14.120155334472656 -56.8668212890625 0.005843429360538721 -0.8210765719413757 -0.31276747584342957 -0.47746795415878296
1744746994.86036 -61.54286193847656 14.332015991210938 -57.30615997314453 0.009413891471922398 -0.8335152864456177 -0.3207080364227295 -0.44978898763656616
1744746995.660468 -60.9908447265625 14.53194522857666 -57.71516799926758 0.014957779087126255 -0.8387606739997864 -0.32267865538597107 -0.4383324086666107
1744746996.460478 -60.480918884277344 14.706323623657227 -58.10243225097656 0.011774638667702675 -0.8425484299659729 -0.3153897225856781 -0.4364663362503052
1744746997.260262 -59.96935272216797 14.900283813476562 -58.49242401123047 0.013058722019195557 -0.8412644863128662 -0.32276442646980286 -0.43350520730018616
1744746998.060514 -59.47541809082031 15.071563720703125 -58.872623443603516 0.012883850373327732 -0.8440290093421936 -0.31827425956726074 -0.431451678276062
1744746999.127048 -58.816131591796875 15.320503234863281 -59.382999420166016 0.015982771292328835 -0.8425355553627014 -0.32464924454689026 -0.4295128285884857
1744747002.193479 -58.34619140625 15.396991729736328 -59.50625991821289 0.006148684304207563 -0.7647665143013 -0.2967759966850281 -0.5718553066253662
1744747003.460283 -57.94843292236328 15.369077682495117 -59.36956787109375 -0.0007675425731576979 -0.6221924424171448 -0.25033679604530334 -0.741759717464447
1744747004.793412 -57.26721954345703 15.47392463684082 -59.48044967651367 0.016501134261488914 -0.7140944600105286 -0.28283068537712097 -0.6401591300964355
1744747005.393565 -56.98430633544922 15.606426239013672 -59.77732849121094 0.029110314324498177 -0.8323965072631836 -0.3103199899196625 -0.4582251012325287
1744747006.193539 -56.49107360839844 15.816604614257812 -60.217918395996094 0.03178898245096207 -0.851815938949585 -0.31634801626205444 -0.41632089018821716
1744747006.793338 -56.00647735595703 16.031103134155273 -60.6729850769043 0.03301766514778137 -0.860891580581665 -0.3191939890384674 -0.3948300778865814
1744747007.393342 -55.531944274902344 16.254854202270508 -61.12622833251953 0.03351406380534172 -0.8612620234489441 -0.32647809386253357 -0.38796466588974
1744747007.993482 -55.06861114501953 16.461261749267578 -61.58811950683594 0.028668638318777084 -0.8659341335296631 -0.3233928978443146 -0.38046446442604065
1744747008.66013 -54.563026428222656 16.69572639465332 -62.10371017456055 0.026858476921916008 -0.8685317039489746 -0.3238540589809418 -0.37423232197761536
1744747009.393308 -54.020111083984375 16.955860137939453 -62.666316986083984 0.027545763179659843 -0.8698044419288635 -0.3275936543941498 -0.3679184019565582
1744747009.993265 -53.56224060058594 17.16848373413086 -63.12709426879883 0.026759963482618332 -0.8686009049415588 -0.3269338607788086 -0.371390163898468
1744747010.793407 -52.94001770019531 17.4320125579834 -63.64142990112305 0.022831009700894356 -0.8440194725990295 -0.3279801309108734 -0.4237205386161804
1744747011.46007 -52.40422821044922 17.635650634765625 -64.04959869384766 0.020102588459849358 -0.8424739241600037 -0.3251177668571472 -0.4291061460971832
1744747012.059921 -51.886024475097656 17.822444915771484 -64.44868469238281 0.017976097762584686 -0.8424398899078369 -0.3232649564743042 -0.4306641221046448
1744747012.659903 -51.34672546386719 18.030895233154297 -64.86521911621094 0.018918829038739204 -0.8406760692596436 -0.32554349303245544 -0.43235093355178833
1744747013.193352 -50.877037048339844 18.21306610107422 -65.21934509277344 0.017837587743997574 -0.8395630717277527 -0.32743555307388306 -0.43313005566596985
1744747013.660099 -50.459144592285156 18.3734073638916 -65.54280853271484 0.01635160483419895 -0.8396170139312744 -0.32724517583847046 -0.433228075504303
1744747014.193145 -50.000701904296875 18.54773712158203 -65.8873062133789 0.015352685935795307 -0.8396656513214111 -0.3269558250904083 -0.4333888590335846
1744747014.793335 -49.48908996582031 18.750999450683594 -66.27006530761719 0.017952676862478256 -0.8377529978752136 -0.33048880100250244 -0.4343095123767853
1744747015.593289 -48.866172790527344 18.98421859741211 -66.73956298828125 0.01459384523332119 -0.8378942012786865 -0.32792314887046814 -0.4361041486263275
1744747016.25994 -48.33723449707031 19.19590187072754 -67.12996673583984 0.0184469074010849 -0.8347374796867371 -0.33513253927230835 -0.4365309476852417
1744747016.993084 -47.77776336669922 19.39826011657715 -67.53524780273438 0.016079900786280632 -0.8343450427055359 -0.32890230417251587 -0.44207826256752014
1744747017.859745 -47.10908508300781 19.644315719604492 -67.99055480957031 0.019569097086787224 -0.8310624361038208 -0.32927700877189636 -0.4478045701980591
1744747018.459924 -46.62187194824219 19.81684112548828 -68.30065155029297 0.020155875012278557 -0.8245705962181091 -0.32724106311798096 -0.4610752761363983
1744747019.193016 -46.01905059814453 20.008211135864258 -68.63829040527344 0.02164893038570881 -0.8137565851211548 -0.32290902733802795 -0.48276421427726746
1744747019.993037 -45.340980529785156 20.20846176147461 -68.95936584472656 0.02343478985130787 -0.7971282601356506 -0.31616905331611633 -0.5138819217681885
1744747020.859826 -44.5728759765625 20.393449783325195 -69.2513656616211 0.023096857592463493 -0.7749310731887817 -0.3064839541912079 -0.5522826313972473
1744747021.659807 -43.867103576660156 20.53835105895996 -69.43489074707031 0.02324736677110195 -0.7440775036811829 -0.29696476459503174 -0.5980136394500732
1744747022.39298 -43.191307067871094 20.640066146850586 -69.52606201171875 0.02251087874174118 -0.7098311185836792 -0.28516146540641785 -0.6436738967895508
1744747023.193304 -42.434906005859375 20.7303524017334 -69.5400161743164 0.02291138842701912 -0.6747112274169922 -0.27791520953178406 -0.6833761930465698
1744747023.993089 -41.62345886230469 20.795820236206055 -69.52257537841797 0.01822998747229576 -0.6551716923713684 -0.265190988779068 -0.7071715593338013
1744747024.792879 -40.82611083984375 20.820819854736328 -69.4554443359375 0.012098392471671104 -0.6417531967163086 -0.24359752237796783 -0.7270947694778442
1744747025.392924 -40.15668487548828 20.84245491027832 -69.3885498046875 0.014931334182620049 -0.6345193386077881 -0.2381225973367691 -0.7351598143577576
1744747026.19301 -39.33924865722656 20.849802017211914 -69.3021469116211 0.005799733567982912 -0.6203893423080444 -0.23642104864120483 -0.7477890849113464
1744747026.992828 -38.575138092041016 20.86441421508789 -69.13754272460938 0.012319905683398247 -0.5803457498550415 -0.2390560507774353 -0.7783953547477722
1744747027.792995 -37.906883239746094 20.835857391357422 -68.88591766357422 0.01292696874588728 -0.517266571521759 -0.22449441254138947 -0.8257544636726379
1744747028.592974 -37.26091766357422 20.77342414855957 -68.4906234741211 0.013275997713208199 -0.4412745535373688 -0.2070041000843048 -0.8730692863464355
1744747029.392753 -36.67856979370117 20.66816520690918 -68.1015853881836 -0.002692732959985733 -0.4185663163661957 -0.19214291870594025 -0.8876238465309143
1744747033.059491 -36.00099182128906 20.540481567382812 -67.68522644042969 -0.012524668127298355 -0.427918016910553 -0.18981651961803436 -0.8835717439651489
1744747034.793271 -35.37750244140625 20.441312789916992 -67.24380493164062 -0.00251185754314065 -0.40522313117980957 -0.19172047078609467 -0.8938854336738586
1744747035.992762 -34.86933898925781 20.307376861572266 -66.84101867675781 -0.017225999385118484 -0.3824758529663086 -0.1749574840068817 -0.907086193561554
1744747037.259214 -34.26844024658203 20.171207427978516 -66.36122131347656 -0.006828518118709326 -0.3895110487937927 -0.1764197051525116 -0.9039417505264282
1744747038.79272 -33.616676330566406 20.06517791748047 -65.90560913085938 0.0037599748466163874 -0.4058254659175873 -0.19200178980827332 -0.8935473561286926
1744747040.12582 -32.9393424987793 19.97821617126465 -65.52165985107422 -0.0020294678397476673 -0.43814146518707275 -0.20201744139194489 -0.875909149646759
1744747041.525974 -32.189815521240234 19.90799331665039 -65.09677124023438 0.010990312322974205 -0.4452894926071167 -0.21130776405334473 -0.870026171207428
1744747042.592417 -31.610408782958984 19.856956481933594 -64.77601623535156 0.0129030030220747 -0.4522928297519684 -0.21467117965221405 -0.8655523657798767
1744747043.792562 -30.961231231689453 19.80501937866211 -64.4176025390625 0.016145924106240273 -0.4530932903289795 -0.21556976437568665 -0.8648557066917419
1744747045.125693 -30.306644439697266 19.727497100830078 -64.01664733886719 0.01066818181425333 -0.43652278184890747 -0.206511989235878 -0.8756065964698792
1744747046.392533 -29.688594818115234 19.646390914916992 -63.578712463378906 0.012107279151678085 -0.40908536314964294 -0.201556995511055 -0.8898749351501465
1744747047.725621 -29.06827163696289 19.550983428955078 -63.116065979003906 0.0071008517406880856 -0.3859806954860687 -0.1947278082370758 -0.9016926288604736
1744747049.192418 -28.405738830566406 19.44146728515625 -62.59849548339844 0.00783050712198019 -0.3810858428478241 -0.19671353697776794 -0.9033360481262207
1744747050.525556 -27.804325103759766 19.349651336669922 -62.15275192260742 0.012163546867668629 -0.3957042694091797 -0.20100709795951843 -0.8960281014442444
1744747051.925497 -27.07562828063965 19.26266860961914 -61.696739196777344 0.01157766580581665 -0.42220574617385864 -0.2069166749715805 -0.8824929594993591
1744747053.125649 -26.44938850402832 19.202836990356445 -61.343116760253906 0.012461691163480282 -0.44204333424568176 -0.21409986913204193 -0.870978593826294
1744747054.525455 -25.681169509887695 19.1514835357666 -60.94493865966797 0.012617820873856544 -0.4542141258716583 -0.21718811988830566 -0.8639211654663086
1744747055.792209 -25.025684356689453 19.093326568603516 -60.57126235961914 0.011045238003134727 -0.4502265453338623 -0.21512626111507416 -0.866541862487793
1744747057.125366 -24.367856979370117 19.0183162689209 -60.15703582763672 0.009357697330415249 -0.4253075122833252 -0.20858240127563477 -0.8806357383728027
1744747058.725487 -23.715646743774414 18.889434814453125 -59.5878791809082 0.005108734592795372 -0.3608415722846985 -0.18556608259677887 -0.9139653444290161
1744747060.125303 -23.197481155395508 18.72409439086914 -58.963314056396484 0.0046072532422840595 -0.2957386076450348 -0.16091935336589813 -0.9416062831878662
1744747061.925267 -22.7330265045166 18.544189453125 -58.30265808105469 0.00713336793705821 -0.262466698884964 -0.1438038945198059 -0.9541388154029846
1744747064.125358 -22.2607421875 18.339609146118164 -57.58460998535156 0.005438604857772589 -0.23833458125591278 -0.13155026733875275 -0.9622170329093933
1744747066.525372 -21.796030044555664 18.16103172302246 -56.90190124511719 0.011857649311423302 -0.253659188747406 -0.13819164037704468 -0.9572980403900146
1744747068.925224 -21.237152099609375 18.03147315979004 -56.39673614501953 0.009760350920259953 -0.35383474826812744 -0.16344432532787323 -0.9208646416664124
1744747070.125204 -20.628873825073242 17.977516174316406 -56.055931091308594 0.02063390426337719 -0.438975065946579 -0.1906454861164093 -0.8777981400489807
1744747071.391998 -19.950687408447266 17.93653106689453 -55.73957824707031 0.021666336804628372 -0.4750959575176239 -0.20400752127170563 -0.8556841611862183
1744747073.52799 -19.216339111328125 17.878372192382812 -55.39325714111328 0.01529012806713581 -0.46992966532707214 -0.20175597071647644 -0.8592013716697693
1744747075.458237 -18.532503128051758 17.811424255371094 -54.979217529296875 0.014811438508331776 -0.4344002306461334 -0.19427567720413208 -0.8793941140174866
1744747077.258171 -17.922618865966797 17.685108184814453 -54.442684173583984 0.011315004900097847 -0.3491574227809906 -0.16909360885620117 -0.9216118454933167
1744747078.458286 -17.484100341796875 17.538711547851562 -53.87644958496094 0.009899578057229519 -0.29052734375 -0.1495286524295807 -0.9450592398643494
1744747080.058109 -17.027667999267578 17.345897674560547 -53.2164421081543 0.005865615326911211 -0.2551920711994171 -0.13552410900592804 -0.9573274254798889
1744747081.724895 -16.597158432006836 17.173078536987305 -52.60251235961914 0.006452103611081839 -0.2573045790195465 -0.13579563796520233 -0.9567195773124695
1744747083.324738 -16.11888885498047 17.02537727355957 -52.031978607177734 0.00705287791788578 -0.289987713098526 -0.14512760937213898 -0.9459362626075745
1744747084.657979 -15.579034805297852 16.89910316467285 -51.54127502441406 0.00875676330178976 -0.3417162001132965 -0.1623658984899521 -0.9256299138069153
1744747085.924763 -14.993242263793945 16.800519943237305 -51.12199783325195 0.008896268904209137 -0.38925617933273315 -0.17546789348125458 -0.9042187929153442
1744747087.258361 -14.408899307250977 16.721479415893555 -50.72488021850586 0.013392568565905094 -0.40699148178100586 -0.18128076195716858 -0.8951625227928162
1744747088.9247 -13.74139404296875 16.614242553710938 -50.24369812011719 0.010870360769331455 -0.4006413221359253 -0.17760907113552094 -0.8987900018692017
1744747090.657834 -13.106173515319824 16.48650360107422 -49.70887756347656 0.0125958863645792 -0.3671017289161682 -0.16756609082221985 -0.9148766994476318
1744747091.92444 -12.628629684448242 16.354753494262695 -49.196468353271484 0.011568092741072178 -0.32459044456481934 -0.1527143120765686 -0.933373212814331
1744747093.257773 -12.141594886779785 16.18145751953125 -48.579524993896484 0.009508714079856873 -0.28391632437705994 -0.1372610479593277 -0.9489260315895081
1744747094.65816 -11.729005813598633 16.005830764770508 -47.96671676635742 0.005219394341111183 -0.25761598348617554 -0.12926644086837769 -0.9575473666191101
1744747096.257836 -11.257923126220703 15.824865341186523 -47.36212158203125 0.0037376817781478167 -0.26642054319381714 -0.13621275126934052 -0.9541761875152588
1744747097.857657 -10.70651626586914 15.658470153808594 -46.73753356933594 0.009567169472575188 -0.29341474175453186 -0.15139564871788025 -0.9438726902008057
1744747099.257895 -10.108055114746094 15.51242446899414 -46.12621307373047 0.009948305785655975 -0.31997159123420715 -0.1633078157901764 -0.9331933856010437
1744747100.924257 -9.558401107788086 15.369009971618652 -45.56233215332031 0.006118967663496733 -0.327291339635849 -0.16115504503250122 -0.9310596585273743
1744747102.657787 -9.055350303649902 15.219046592712402 -45.002784729003906 0.006341108586639166 -0.3111423850059509 -0.15292693674564362 -0.9379571080207825
1744747104.45764 -8.55274772644043 15.04250717163086 -44.38985061645508 0.004458170384168625 -0.28804776072502136 -0.13857559859752655 -0.9475259780883789
1744747106.057471 -8.196198463439941 14.856895446777344 -43.77001190185547 0.004353803116828203 -0.2065243422985077 -0.10990157723426819 -0.9722399115562439
1744747107.457386 -7.949747562408447 14.629430770874023 -43.04420471191406 0.005685550160706043 -0.14606130123138428 -0.08628266304731369 -0.9854893088340759
1744747109.057527 -7.698787689208984 14.398420333862305 -42.31842803955078 0.004228956997394562 -0.13843628764152527 -0.08205842971801758 -0.9869569540023804
1744747110.657482 -7.340028762817383 14.173605918884277 -41.57733154296875 0.0058723390102386475 -0.18734851479530334 -0.09982655942440033 -0.9771902561187744
1744747112.190706 -6.851088523864746 13.976380348205566 -40.890281677246094 0.008683447726070881 -0.2591312527656555 -0.12420938163995743 -0.9577827453613281
1744747115.39051 -6.2689924240112305 13.871827125549316 -40.46657180786133 0.009064709767699242 -0.3828877806663513 -0.16414287686347961 -0.9090499877929688
1744747117.590453 -5.794303894042969 13.894257545471191 -40.445892333984375 0.013085192069411278 -0.5454673767089844 -0.21584267914295197 -0.8097568154335022
1744747123.590343 -5.298774719238281 13.84189224243164 -40.192630767822266 0.013395385816693306 -0.4806131422519684 -0.19739693403244019 -0.8543219566345215
1744747124.19044 -5.196369171142578 13.757316589355469 -39.917476654052734 0.00967439915984869 -0.34397080540657043 -0.15478257834911346 -0.9260846972465515
1744747124.857098 -5.183277130126953 13.627511024475098 -39.53269958496094 0.002153845736756921 -0.16252298653125763 -0.094902403652668 -0.9821279644966125
1744747125.456926 -5.18290376663208 13.480669975280762 -39.09980392456055 0.000667554559186101 -0.05352724716067314 -0.058224402368068695 -0.9968672394752502
1744747126.190249 -5.145071983337402 13.270378112792969 -38.44527816772461 0.005348775070160627 -0.020271094515919685 -0.04623071849346161 -0.9987107515335083
1744747126.990374 -5.122429847717285 13.027520179748535 -37.715362548828125 0.00202366360463202 0.006831019651144743 -0.038604073226451874 -0.9992291927337646
1744747127.990209 -5.081552028656006 12.740846633911133 -36.86261749267578 0.0008365159737877548 -0.01231544092297554 -0.044884271919727325 -0.99891597032547
1744747129.590303 -4.944511413574219 12.47891902923584 -36.063846588134766 0.0031423638574779034 -0.0664486512541771 -0.06209661811590195 -0.9958507418632507
1744747131.59024 -4.65000057220459 12.374061584472656 -35.6873664855957 0.006630738731473684 -0.20314951241016388 -0.1069294810295105 -0.973268985748291
1744747132.590097 -4.277442932128906 12.29703426361084 -35.39445495605469 0.0097932368516922 -0.3385871946811676 -0.151508629322052 -0.9286054372787476
1744747134.590199 -3.5917491912841797 12.185014724731445 -34.91862869262695 0.015105750411748886 -0.3739915192127228 -0.16183213889598846 -0.9130786061286926
1744747135.390013 -3.5948920249938965 12.06100082397461 -34.5607795715332 0.007618083152920008 -0.18980559706687927 -0.09920023381710052 -0.9767677187919617
1744747136.456784 -3.598778247833252 11.820734977722168 -33.86779022216797 -0.00015208484546747059 -0.06814906746149063 -0.057511553168296814 -0.9960161447525024
1744747137.256622 -3.5937421321868896 11.573180198669434 -33.1400032043457 -0.00039001766708679497 0.001917851623147726 -0.03445076942443848 -0.9994045495986938
1744747137.989931 -3.6007702350616455 11.313023567199707 -32.40895462036133 -0.0013413577107712626 0.013121802359819412 -0.02904127538204193 -0.999491274356842
1744747138.789916 -3.574894428253174 11.031736373901367 -31.584930419921875 0.00047503929818049073 -0.00843407679349184 -0.03690240532159805 -0.9992831945419312
1744747141.18998 -3.501734733581543 10.775904655456543 -30.835193634033203 -0.0008299765759147704 -0.06309865415096283 -0.056727923452854156 -0.9963934421539307
1744747142.189975 -3.1868112087249756 10.700838088989258 -30.564197540283203 0.009044411592185497 -0.25897952914237976 -0.1220773458480835 -0.9580944180488586
1744747142.856475 -2.907992362976074 10.725557327270508 -30.59845542907715 0.01328341569751501 -0.4553544521331787 -0.18583624064922333 -0.8705980181694031
1744747144.789735 -2.425619125366211 10.751243591308594 -30.605052947998047 0.01191524975001812 -0.5725836157798767 -0.21747423708438873 -0.7903866171836853
1744747146.456408 -2.0621767044067383 10.682228088378906 -30.342849731445312 0.010134920477867126 -0.4822820723056793 -0.1889335960149765 -0.8553393483161926
1744747147.189863 -1.745610237121582 10.586368560791016 -29.997310638427734 0.007489175535738468 -0.3824319839477539 -0.15677978098392487 -0.9105547070503235
1744747147.656513 -1.634074330329895 10.469825744628906 -29.631929397583008 0.006034127436578274 -0.22902046144008636 -0.10654374957084656 -0.96755450963974
1744747148.056334 -1.675747036933899 10.362566947937012 -29.31734848022461 0.0017398158088326454 -0.07380882650613785 -0.05469658970832825 -0.9957698583602905
1744747148.589674 -1.710144281387329 10.212047576904297 -28.884206771850586 -0.0008623444009572268 0.00589887285605073 -0.026498090475797653 -0.9996311664581299
1744747149.189776 -1.7559778690338135 10.01638126373291 -28.327560424804688 -0.0020436751656234264 0.03676029294729233 -0.015887053683400154 -0.9991957545280457
1744747149.856268 -1.8369659185409546 9.791379928588867 -27.68772315979004 -0.002179838949814439 0.06129618361592293 -0.006022417917847633 -0.9980990886688232
1744747150.589612 -1.8877898454666138 9.540156364440918 -26.96079444885254 -0.0011463348055258393 0.04933377727866173 -0.010441127233207226 -0.9987272024154663
1744747151.389625 -1.886433720588684 9.278644561767578 -26.2131404876709 -0.003022534307092428 0.01230577938258648 -0.022887395694851875 -0.9996578097343445
1744747152.189723 -1.8079379796981812 9.018685340881348 -25.456289291381836 -0.00323990685865283 -0.025160634890198708 -0.03409135714173317 -0.999096691608429
1744747152.923047 -1.7622710466384888 8.759836196899414 -24.715044021606445 -0.003772697178646922 -0.018000055104494095 -0.03055202029645443 -0.9993639588356018
1744747153.789528 -1.7012995481491089 8.438103675842285 -23.812728881835938 -0.009637652896344662 -0.016047634184360504 -0.02850918285548687 -0.9994182586669922
1744747154.522981 -1.65663480758667 8.173126220703125 -23.065616607666016 -0.00423995777964592 -0.014752766117453575 -0.027963874861598015 -0.9994911551475525
1744747155.322795 -1.6160905361175537 7.889770030975342 -22.247682571411133 -0.0024006080348044634 -0.014562522061169147 -0.027476312592625618 -0.9995135068893433
1744747156.056136 -1.5528407096862793 7.618188858032227 -21.493362426757812 -0.0022759565617889166 -0.025664784014225006 -0.029585933312773705 -0.9992300868034363
1744747156.922916 -1.4208118915557861 7.305080413818359 -20.609594345092773 -0.004302770830690861 -0.04869570955634117 -0.03994205966591835 -0.9980055093765259
1744747157.522794 -1.3474255800247192 7.087193965911865 -19.986793518066406 -0.004902595654129982 -0.04070219025015831 -0.03710300475358963 -0.9984701871871948
1744747158.122742 -1.3018244504928589 6.872125625610352 -19.368432998657227 -0.004434135276824236 -0.021480057388544083 -0.030515355989336967 -0.9992936253547668
1744747158.722721 -1.2610628604888916 6.650248050689697 -18.741151809692383 -0.007538266479969025 -0.020112166181206703 -0.030768273398280144 -0.9992957711219788
1744747159.52289 -1.2067618370056152 6.368563652038574 -17.88279914855957 0.0007486941176466644 -0.019451502710580826 -0.02938155271112919 -0.9993787407875061
1744747160.3229 -1.1174728870391846 6.064194679260254 -17.06821632385254 -0.008150138892233372 -0.03326454386115074 -0.03587811812758446 -0.9987691640853882
1744747160.922689 -1.0472469329833984 5.848836898803711 -16.440752029418945 -0.003384053474292159 -0.034753523766994476 -0.038001563400030136 -0.9986674189567566
1744747161.522657 -0.9718367457389832 5.636458873748779 -15.819339752197266 -0.0026360605843365192 -0.0353088416159153 -0.03918572887778282 -0.9986044764518738
1744747162.122823 -0.9021261930465698 5.427584171295166 -15.190861701965332 0.0004297363630030304 -0.03667674586176872 -0.03892919048666954 -0.9985685348510742
1744747162.722598 -0.8485478162765503 5.2067999839782715 -14.57935619354248 -0.0039099399000406265 -0.033474382013082504 -0.0373481921851635 -0.9987338781356812
1744747163.322599 -0.7826806306838989 4.993309020996094 -13.952109336853027 -0.004621822386980057 -0.03382033482193947 -0.037685900926589966 -0.9987065196037292
1744747163.922594 -0.7201148867607117 4.783102512359619 -13.32438850402832 0.0003824090526904911 -0.03472817689180374 -0.03751005604863167 -0.9986925721168518
1744747164.72276 -0.6353099346160889 4.507170677185059 -12.505949974060059 -0.0016459112521260977 -0.034492675215005875 -0.039139628410339355 -0.9986369609832764
1744747165.322937 -0.5684401392936707 4.297999858856201 -11.8986234664917 -0.00480347964912653 -0.03381703048944473 -0.04260764271020889 -0.9985079169273376
1744747165.989193 -0.5098072290420532 4.072717189788818 -11.23167896270752 -0.00014123560686130077 -0.024213513359427452 -0.04025312513113022 -0.9988961815834045
1744747166.589203 -0.4528793394565582 3.8613052368164062 -10.612586975097656 -0.0021637140307575464 -0.01950828731060028 -0.041022464632987976 -0.9989655017852783
1744747167.122652 -0.41973423957824707 3.670790672302246 -10.067859649658203 -0.0018918422283604741 -0.018049446865916252 -0.0417705737054348 -0.99896240234375
1744747167.722748 -0.3723425567150116 3.4549667835235596 -9.463822364807129 -0.0033952456433326006 -0.018019748851656914 -0.042162951081991196 -0.998942494392395
1744747168.322469 -0.3351610004901886 3.2457239627838135 -8.866594314575195 -0.00386204500682652 -0.01626209355890751 -0.04224257171154022 -0.9989675879478455
1744747168.922465 -0.293661892414093 3.029083251953125 -8.271340370178223 -0.00758031802251935 -0.015575423836708069 -0.041808485984802246 -0.9989754557609558
1744747169.7226 -0.22525973618030548 2.736161470413208 -7.445501804351807 -0.005953448824584484 -0.013901622034609318 -0.040150463581085205 -0.9990792870521545
1744747170.32246 -0.17683285474777222 2.5080478191375732 -6.811303615570068 -0.00930162612348795 -0.013914856128394604 -0.040959134697914124 -0.9990206956863403
1744747170.989284 -0.10241730511188507 2.271096706390381 -6.131106853485107 -0.006184645928442478 -0.020819177851080894 -0.045638151466846466 -0.9987219572067261
1744747171.722398 -0.036175865679979324 1.9980881214141846 -5.364512920379639 -0.00846528448164463 -0.019655153155326843 -0.047488804906606674 -0.9986425638198853
1744747172.322517 0.024433951824903488 1.777421236038208 -4.714150905609131 -0.005717605352401733 -0.019647611305117607 -0.047920290380716324 -0.9986415505409241
1744747172.989206 0.0932435393333435 1.519850730895996 -3.9841601848602295 -0.008230767212808132 -0.019875414669513702 -0.04846847057342529 -0.9985930323600769
1744747173.72234 0.14120015501976013 1.2415587902069092 -3.2029898166656494 -0.006905253976583481 -0.01937820576131344 -0.04542604461312294 -0.998755931854248
1744747174.32234 0.1502690613269806 1.0006935596466064 -2.562626600265503 -0.009563244879245758 0.0024377310182899237 -0.035802118480205536 -0.9993101954460144
1744747175.122293 0.1883838176727295 0.6897088289260864 -1.7317261695861816 -0.011895330622792244 -0.002413711976259947 -0.03395295888185501 -0.9993497133255005
1744747175.922285 0.2503505349159241 0.4102778136730194 -0.9427347779273987 -0.00889059342443943 -0.019133668392896652 -0.03738255053758621 -0.9990783333778381
1744747176.722278 0.2711949348449707 0.17382732033729553 -0.2964250147342682 -0.012028095312416553 -0.006402404513210058 -0.029650257900357246 -0.9994674921035767
1744747177.722193 0.2900641858577728 -0.08929372578859329 0.44627630710601807 -0.011302616447210312 -0.0015308823203667998 -0.025716952979564667 -0.9996041655540466
1744747178.188875 0.2962576746940613 -0.19442608952522278 0.7562102675437927 -0.00436582462862134 0.0021285766270011663 -0.02413233369588852 -0.9996970295906067
1744747178.589312 0.30071428418159485 -0.23108887672424316 0.8229790925979614 -0.013719365000724792 -0.0012327973963692784 -0.024822097271680832 -0.9995970129966736
