1750948304.149872 -0.0 -0.0 -0.0 -0.0 -0.0 -0.0 1.0
1750948305.949816 -0.006714778486639261 -0.04958333820104599 0.1067330539226532 0.00958984438329935 -0.007427277509123087 -0.003094851039350033 0.9999216794967651
1750948306.349826 -0.03508804365992546 -0.19810448586940765 0.5674909949302673 0.00025896457373164594 -0.022743983194231987 -0.008712857961654663 0.9997033476829529
1750948307.016625 -0.10813570022583008 -0.4438963532447815 1.2536873817443848 0.006894618272781372 -0.04499819502234459 -0.01913588121533394 0.9987799525260925
1750948307.749767 -0.21023863554000854 -0.7023991346359253 1.9749698638916016 0.005748264957219362 -0.05630948022007942 -0.023851687088608742 0.99811190366745
1750948308.41664 -0.27516552805900574 -0.9640519022941589 2.6766555309295654 0.012206748127937317 -0.04641558229923248 -0.021282365545630455 0.998620867729187
1750948308.949782 -0.3253389298915863 -1.227563738822937 3.409508228302002 0.011341150850057602 -0.03557545319199562 -0.01971883326768875 0.9991081357002258
1750948309.416565 -0.35700684785842896 -1.4604274034500122 4.0274658203125 0.015842579305171967 -0.030290303751826286 -0.0172983780503273 0.9992659091949463
1750948310.016397 -0.39251431822776794 -1.753881573677063 4.837435722351074 0.014175930060446262 -0.024702750146389008 -0.015102783218026161 0.9994802474975586
1750948310.616399 -0.4248059391975403 -2.0592007637023926 5.643158435821533 0.017912356182932854 -0.023550521582365036 -0.014088453724980354 0.999462902545929
1750948311.216516 -0.45927053689956665 -2.364375352859497 6.438933372497559 0.016795530915260315 -0.023221777752041817 -0.015195957385003567 0.9994738101959229
1750948311.749847 -0.487846702337265 -2.632215738296509 7.141396522521973 0.019359411671757698 -0.028026577085256577 -0.017695261165499687 0.9992631077766418
1750948312.34966 -0.5456628799438477 -2.933321952819824 7.92397403717041 0.019436480477452278 -0.037628404796123505 -0.022535961121320724 0.9988486170768738
1750948312.949676 -0.6213409304618835 -3.217302083969116 8.700675010681152 0.017124654725193977 -0.054826799780130386 -0.026848934590816498 0.9979879856109619
1750948313.54981 -0.7480311393737793 -3.496788263320923 9.451434135437012 0.016523128375411034 -0.08199498057365417 -0.03493482246994972 0.9958832859992981
1750948314.016302 -0.9015779495239258 -3.7092087268829346 10.034449577331543 0.016356805339455605 -0.1131661981344223 -0.04451487958431244 0.9924436211585999
1750948314.616281 -1.1574108600616455 -3.9672327041625977 10.739492416381836 0.018283650279045105 -0.15828785300254822 -0.060935597866773605 0.9853413701057434
1750948315.216282 -1.48890221118927 -4.210874557495117 11.408163070678711 0.019832855090498924 -0.20266000926494598 -0.07565413415431976 0.9761209487915039
1750948315.816444 -1.8948076963424683 -4.449843883514404 12.020851135253906 0.023801157251000404 -0.25310108065605164 -0.09199830144643784 0.9627615213394165
1750948316.416237 -2.356924533843994 -4.6839985847473145 12.583639144897461 0.030667729675769806 -0.31010010838508606 -0.10688897967338562 0.94417804479599
1750948317.016654 -2.9181666374206543 -4.8818745613098145 13.094955444335938 0.022923357784748077 -0.370746910572052 -0.12881268560886383 0.9194719195365906
1750948317.616232 -3.545565128326416 -5.047904968261719 13.51813793182373 0.023734034970402718 -0.43011295795440674 -0.15318939089775085 0.8893664479255676
1750948318.216372 -4.238099575042725 -5.192282676696777 13.889989852905273 0.023969639092683792 -0.47312358021736145 -0.17168891429901123 0.8637722730636597
1750948318.816186 -4.977019309997559 -5.308340072631836 14.17822265625 0.024539021775126457 -0.522258996963501 -0.19141729176044464 0.8306641578674316
1750948319.349522 -5.64905309677124 -5.395339488983154 14.380348205566406 0.028045665472745895 -0.5497419238090515 -0.1990799605846405 0.8107800483703613
1750948319.949658 -6.42432165145874 -5.47327184677124 14.549517631530762 0.028664808720350266 -0.584990382194519 -0.2099774181842804 0.7828628420829773
1750948320.416311 -7.038564205169678 -5.516490936279297 14.632843017578125 0.029280290007591248 -0.6103129982948303 -0.21941670775413513 0.760603129863739
1750948321.016151 -7.827614784240723 -5.553081512451172 14.688623428344727 0.029000302776694298 -0.6404755711555481 -0.23098766803741455 0.7318433523178101
1750948321.616124 -8.609474182128906 -5.569331169128418 14.67135238647461 0.03005792759358883 -0.6687090992927551 -0.24203257262706757 0.7023851275444031
1750948322.216271 -9.386855125427246 -5.54784631729126 14.57009506225586 0.03263033553957939 -0.7126806974411011 -0.25442126393318176 0.6529099345207214
1750948322.816083 -10.135986328125 -5.483218669891357 14.342268943786621 0.03286489471793175 -0.7554605007171631 -0.2705118954181671 0.5958378314971924
1750948323.416079 -10.821858406066895 -5.392011642456055 14.062673568725586 0.03286424279212952 -0.791625440120697 -0.28879663348197937 0.5374437570571899
1750948324.016076 -11.455472946166992 -5.272097587585449 13.651041984558105 0.03775746375322342 -0.830132007598877 -0.2906833291053772 0.4742979109287262
1750948324.616193 -12.039796829223633 -5.126469135284424 13.189273834228516 0.037012454122304916 -0.8577668070793152 -0.29887479543685913 0.4165814518928528
1750948325.216026 -12.566486358642578 -4.945474624633789 12.662837982177734 0.03582177311182022 -0.8766980171203613 -0.3084094524383545 0.367424875497818
1750948325.749373 -13.026082992553711 -4.787758827209473 12.160693168640137 0.03805413842201233 -0.8891990184783936 -0.30801284313201904 0.3361622989177704
1750948326.34952 -13.49673080444336 -4.588578224182129 11.545196533203125 0.04084716737270355 -0.8997098803520203 -0.3080129325389862 0.30656442046165466
1750948326.949304 -13.962087631225586 -4.398065567016602 10.934089660644531 0.040107112377882004 -0.9021019339561462 -0.30767175555229187 0.29990270733833313
1750948327.415978 -14.310321807861328 -4.2665300369262695 10.453959465026855 0.042308446019887924 -0.9063040614128113 -0.29694896936416626 0.2977317273616791
1750948328.016261 -14.752143859863281 -4.128910541534424 9.891152381896973 0.04368426278233528 -0.9023241400718689 -0.2889330983161926 0.316892147064209
1750948328.616145 -15.259796142578125 -3.9755606651306152 9.32690715789795 0.03889355808496475 -0.8997782468795776 -0.29340261220932007 0.32062646746635437
1750948329.216142 -15.737171173095703 -3.8146133422851562 8.730484962463379 0.03936959430575371 -0.9001757502555847 -0.29295748472213745 0.3198588490486145
1750948329.815949 -16.210811614990234 -3.656857490539551 8.152429580688477 0.03926372528076172 -0.9017948508262634 -0.29071739315986633 0.3173450529575348
1750948330.415942 -16.685829162597656 -3.5068905353546143 7.60037899017334 0.03741114214062691 -0.8958066701889038 -0.2940986752510071 0.3311145305633545
1750948331.016038 -17.181930541992188 -3.357379674911499 7.03167724609375 0.03769868239760399 -0.8950446844100952 -0.2908056378364563 0.3360147774219513
1750948331.616069 -17.68974494934082 -3.2039225101470947 6.462099075317383 0.03728201240301132 -0.8924968838691711 -0.2901955246925354 0.3432869613170624
1750948332.215941 -18.21892547607422 -3.0497896671295166 5.910774230957031 0.03625159710645676 -0.8881045579910278 -0.29221397638320923 0.35294079780578613
1750948332.749276 -18.705936431884766 -2.919461250305176 5.425802230834961 0.0375015065073967 -0.8843521475791931 -0.2911480963230133 0.3629707992076874
1750948333.34935 -19.261043548583984 -2.7643728256225586 4.900712013244629 0.03672127425670624 -0.880275309085846 -0.29358795285224915 0.3709084987640381
1750948333.949668 -19.814979553222656 -2.620720863342285 4.389139175415039 0.039451874792575836 -0.8797084093093872 -0.28875431418418884 0.37573620676994324
1750948334.549168 -20.36976432800293 -2.468111515045166 3.857187271118164 0.039906010031700134 -0.8770401477813721 -0.2919471263885498 0.3794403076171875
1750948335.149318 -20.91809844970703 -2.320488929748535 3.331514358520508 0.04017498716711998 -0.8763805031776428 -0.29110953211784363 0.38157355785369873
1750948335.74911 -21.46286392211914 -2.1739273071289062 2.8092479705810547 0.042802970856428146 -0.8771353960037231 -0.29165413975715637 0.37912970781326294
1750948336.349111 -22.016366958618164 -2.030223846435547 2.2982444763183594 0.04267670214176178 -0.8770913481712341 -0.29551225900650024 0.3762472867965698
1750948336.949114 -22.555896759033203 -1.8881449699401855 1.7747039794921875 0.0455607995390892 -0.8811684846878052 -0.294344037771225 0.3671891689300537
1750948337.549234 -23.078746795654297 -1.7204136848449707 1.2241687774658203 0.04566497728228569 -0.8864366412162781 -0.29787477850914 0.3513055145740509
1750948338.149065 -23.550891876220703 -1.5729708671569824 0.6580314636230469 0.0476313941180706 -0.8946095108985901 -0.2937505543231964 0.3333403170108795
1750948338.750093 -24.02477264404297 -1.394782543182373 0.053539276123046875 0.044831596314907074 -0.8989914059638977 -0.2998957633972168 0.31601768732070923
1750948339.349062 -24.520654678344727 -1.221635341644287 -0.5521144866943359 0.04445711523294449 -0.8973557949066162 -0.29587072134017944 0.3244020640850067
1750948339.949011 -25.023563385009766 -1.052577018737793 -1.144073486328125 0.045019712299108505 -0.894422173500061 -0.2962418794631958 0.33199843764305115
1750948340.549 -25.529834747314453 -0.8992385864257812 -1.7094459533691406 0.04516870900988579 -0.8903763890266418 -0.2922435700893402 0.3460974395275116
1750948341.149008 -26.063417434692383 -0.7448148727416992 -2.2601184844970703 0.04427099600434303 -0.8843066096305847 -0.29413679242134094 0.3598964810371399
1750948341.749142 -26.604202270507812 -0.6010723114013672 -2.7911605834960938 0.04294693097472191 -0.8796082139015198 -0.2910403907299042 0.3738187849521637
1750948342.349384 -27.158647537231445 -0.45478343963623047 -3.290264129638672 0.04039474204182625 -0.8745685815811157 -0.2927055060863495 0.3844756782054901
1750948342.81565 -27.585830688476562 -0.34396934509277344 -3.6822586059570312 0.03710884228348732 -0.8742771148681641 -0.29179710149765015 0.38615670800209045
1750948343.41562 -28.16328239440918 -0.20660018920898438 -4.190891265869141 0.03489396721124649 -0.8734458684921265 -0.28965988755226135 0.38983577489852905
1750948343.949097 -28.65966796875 -0.08314990997314453 -4.643547058105469 0.03487834706902504 -0.8733444213867188 -0.28740525245666504 0.3917286694049835
1750948344.54891 -29.221038818359375 0.05295753479003906 -5.136451721191406 0.033390406519174576 -0.8748616576194763 -0.29132014513015747 0.3855319321155548
1750948345.148917 -29.756505966186523 0.20719528198242188 -5.671165466308594 0.03473920002579689 -0.8776766657829285 -0.2924818694591522 0.37806251645088196
1750948345.682229 -30.235340118408203 0.34230995178222656 -6.157489776611328 0.037353724241256714 -0.8824138045310974 -0.29233285784721375 0.366731733083725
1750948346.282347 -30.749038696289062 0.4929647445678711 -6.706573486328125 0.0366830974817276 -0.8831812739372253 -0.29177048802375793 0.36539751291275024
1750948346.882188 -31.273733139038086 0.6390676498413086 -7.222587585449219 0.03498823568224907 -0.8835240006446838 -0.29413172602653503 0.36283302307128906
1750948347.48223 -31.78887939453125 0.7922878265380859 -7.750148773193359 0.0334431491792202 -0.8846279978752136 -0.2931675314903259 0.36106476187705994
1750948348.082188 -32.29942321777344 0.9371347427368164 -8.278511047363281 0.031148871406912804 -0.885751485824585 -0.29235976934432983 0.35916557908058167
1750948348.682141 -32.82815933227539 1.0977153778076172 -8.82010269165039 0.029829876497387886 -0.8840956091880798 -0.2946226894855499 0.3615005910396576
1750948349.282136 -33.34244155883789 1.246424674987793 -9.336559295654297 0.03138558194041252 -0.8806414008140564 -0.2899168133735657 0.37340864539146423
1750948349.882134 -33.90752029418945 1.3880558013916016 -9.872123718261719 0.0338948592543602 -0.8800881505012512 -0.2883475720882416 0.3757016062736511
1750948350.482297 -34.46159362792969 1.5292854309082031 -10.396965026855469 0.03326244279742241 -0.8790507316589355 -0.28952622413635254 0.37727707624435425
1750948351.082088 -35.035186767578125 1.681631088256836 -10.942352294921875 0.0347243994474411 -0.8782612681388855 -0.2894010841846466 0.37907570600509644
1750948351.548756 -35.4610481262207 1.7951135635375977 -11.348514556884766 0.034291788935661316 -0.8776292204856873 -0.28986063599586487 0.3802262544631958
1750948352.148754 -36.02678680419922 1.9449281692504883 -11.88033676147461 0.03458593040704727 -0.8771108984947205 -0.2899973392486572 0.38128986954689026
1750948352.682206 -36.53106689453125 2.081827163696289 -12.357975006103516 0.03543432429432869 -0.875697672367096 -0.29002249240875244 0.38442811369895935
1750948353.282232 -37.08515930175781 2.2253713607788086 -12.869377136230469 0.03694073483347893 -0.8745858073234558 -0.2883671522140503 0.38804566860198975
1750948353.748694 -37.526161193847656 2.347829818725586 -13.275825500488281 0.036424923688173294 -0.8721349835395813 -0.2893803119659424 0.39282679557800293
1750948354.348876 -38.093868255615234 2.483196258544922 -13.788490295410156 0.03820975497364998 -0.8707255721092224 -0.28745296597480774 0.39717477560043335
1750948354.948847 -38.66231155395508 2.6238842010498047 -14.273509979248047 0.03807033598423004 -0.8680099248886108 -0.28784430027008057 0.4028089642524719
1750948355.548972 -39.23595428466797 2.7531490325927734 -14.768013000488281 0.03777879476547241 -0.8663482069969177 -0.2856486141681671 0.4079442024230957
1750948356.148666 -39.82710266113281 2.8796863555908203 -15.242385864257812 0.038277868181467056 -0.8640116453170776 -0.2851930260658264 0.4131387770175934
1750948356.682003 -40.35499572753906 2.997041702270508 -15.669784545898438 0.03810800611972809 -0.8617954850196838 -0.284072607755661 0.4185202121734619
1750948357.082099 -40.755008697509766 3.078929901123047 -15.986927032470703 0.038521215319633484 -0.8611226081848145 -0.2821851074695587 0.42113620042800903
1750948357.681957 -41.3093376159668 3.201995849609375 -16.453350067138672 0.03698386251926422 -0.8617070913314819 -0.2834096848964691 0.4192518889904022
1750948358.282027 -41.908199310302734 3.3416671752929688 -16.9649658203125 0.03733629733324051 -0.8656441569328308 -0.2861221730709076 0.40914595127105713
1750948358.881959 -42.48289489746094 3.475435256958008 -17.475387573242188 0.036645304411649704 -0.8704023957252502 -0.2876535952091217 0.397884726524353
1750948359.481907 -43.06829071044922 3.620960235595703 -17.991016387939453 0.036596473306417465 -0.8698140382766724 -0.2887631952762604 0.39837172627449036
1750948360.082042 -43.656673431396484 3.762247085571289 -18.502696990966797 0.035188350826501846 -0.868584394454956 -0.287971168756485 0.4017406105995178
1750948360.549024 -44.12937927246094 3.8799190521240234 -18.902359008789062 0.03584373742341995 -0.8663365244865417 -0.288578599691391 0.4060773253440857
1750948361.082073 -44.682373046875 4.004974365234375 -19.349472045898438 0.03492250666022301 -0.864157497882843 -0.28787919878959656 0.41126370429992676
1750948361.681991 -45.276763916015625 4.143070220947266 -19.844348907470703 0.03507281094789505 -0.8629052042961121 -0.28648674488067627 0.41483718156814575
1750948362.281871 -45.879276275634766 4.279537200927734 -20.340316772460938 0.03410371392965317 -0.862264096736908 -0.286136269569397 0.41648969054222107
1750948362.88186 -46.496673583984375 4.409023284912109 -20.827552795410156 0.03451240062713623 -0.8622497916221619 -0.2844255864620209 0.4176558256149292
1750948363.481947 -47.108489990234375 4.536623001098633 -21.317359924316406 0.03272286802530289 -0.8624367117881775 -0.28205960988998413 0.4190160036087036
1750948363.949173 -47.60503387451172 4.647680282592773 -21.706249237060547 0.03100280836224556 -0.8619300127029419 -0.28290772438049316 0.4196173846721649
1750948364.549084 -48.20330810546875 4.765604019165039 -22.176570892333984 0.030127203091979027 -0.8605860471725464 -0.2799656093120575 0.42438584566116333
1750948365.148587 -48.815834045410156 4.888759613037109 -22.63525390625 0.029079731553792953 -0.8585693836212158 -0.2784292995929718 0.4295231103897095
1750948365.74866 -49.434200286865234 5.004108428955078 -23.090877532958984 0.028699414804577827 -0.8556596040725708 -0.277129590511322 0.43614470958709717
1750948366.348797 -50.04865264892578 5.121709823608398 -23.543869018554688 0.028481068089604378 -0.854124128818512 -0.2757711112499237 0.44001269340515137
1750948366.948508 -50.699466705322266 5.238740921020508 -24.00860595703125 0.027965281158685684 -0.853287935256958 -0.27518805861473083 0.44202858209609985
1750948367.481777 -51.27337646484375 5.3431549072265625 -24.421981811523438 0.026415124535560608 -0.8538998365402222 -0.2742117941379547 0.44154876470565796
1750948368.081701 -51.930015563964844 5.468753814697266 -24.90567398071289 0.025428345426917076 -0.8545846343040466 -0.2758825719356537 0.43923503160476685
1750948368.6817 -52.59540939331055 5.597862243652344 -25.392452239990234 0.02511139214038849 -0.8561895489692688 -0.275216668844223 0.4365372359752655
1750948369.281703 -53.23689270019531 5.717226028442383 -25.857402801513672 0.02337997406721115 -0.855635404586792 -0.27483493089675903 0.4379580020904541
1750948369.881855 -53.882015228271484 5.845554351806641 -26.346839904785156 0.02251048944890499 -0.8593408465385437 -0.27413952350616455 0.4311313331127167
1750948370.481643 -54.523826599121094 5.972787857055664 -26.831680297851562 0.021144140511751175 -0.8592723608016968 -0.2754783630371094 0.4304831326007843
1750948371.081655 -55.16337966918945 6.106777191162109 -27.301544189453125 0.020109113305807114 -0.8576687574386597 -0.2777903974056244 0.4322412312030792
1750948371.681664 -55.80389404296875 6.2294769287109375 -27.766159057617188 0.01891983486711979 -0.8561373949050903 -0.2755568027496338 0.4367371201515198
1750948372.215076 -56.37102508544922 6.33372688293457 -28.171913146972656 0.01924542523920536 -0.8541479706764221 -0.2733449339866638 0.44197678565979004
1750948372.814946 -57.031837463378906 6.4656982421875 -28.611083984375 0.015233208425343037 -0.850151777267456 -0.2754756212234497 0.4484676122665405
1750948373.414953 -57.7027587890625 6.603801727294922 -29.06688690185547 0.019305694848299026 -0.8475401401519775 -0.27438780665397644 0.4538881480693817
1750948374.014934 -58.336891174316406 6.723478317260742 -29.512290954589844 0.02813170850276947 -0.8457515835762024 -0.27683737874031067 0.45527347922325134
1750948374.614938 -58.98461151123047 6.862688064575195 -29.991806030273438 0.029055839404463768 -0.851864755153656 -0.2819223403930664 0.4404565393924713
1750948375.214878 -59.58783721923828 6.996772766113281 -30.484283447265625 0.028758583590388298 -0.8630637526512146 -0.2791215181350708 0.4199821949005127
1750948375.815283 -60.19977569580078 7.116794586181641 -30.97748565673828 0.029980797320604324 -0.8659888505935669 -0.27639734745025635 0.41565486788749695
1750948376.41504 -60.80120086669922 7.262939453125 -31.467056274414062 0.026445426046848297 -0.8663493394851685 -0.2819485366344452 0.4113933742046356
1750948377.014894 -61.417449951171875 7.3654632568359375 -31.96845245361328 0.028456712141633034 -0.8677768707275391 -0.2695100009441376 0.4165547788143158
1750948377.614998 -62.05130386352539 7.494424819946289 -32.45368957519531 0.025451630353927612 -0.862122654914856 -0.27561283111572266 0.4244222939014435
1750948378.214825 -62.71076202392578 7.646940231323242 -32.96253967285156 0.025972913950681686 -0.8594755530357361 -0.2814159691333771 0.42594870924949646
1750948378.814954 -63.35197448730469 7.783437728881836 -33.467674255371094 0.031558770686388016 -0.8594117760658264 -0.2831428050994873 0.4245535731315613
1750948379.414783 -63.96849060058594 7.941307067871094 -33.99064636230469 0.028750337660312653 -0.8700869679450989 -0.28726038336753845 0.39950430393218994
1750948380.014777 -64.54691314697266 8.116092681884766 -34.55620574951172 0.03301354497671127 -0.8814775943756104 -0.2940210998058319 0.3680475950241089
1750948380.614953 -65.10396575927734 8.299507141113281 -35.15662384033203 0.03284287452697754 -0.8865288496017456 -0.30329975485801697 0.3478465676307678
1750948381.214721 -65.6086654663086 8.503328323364258 -35.78734588623047 0.031630825251340866 -0.8966856598854065 -0.30761584639549255 0.31674396991729736
1750948381.814724 -66.0740737915039 8.733047485351562 -36.444190979003906 0.031013241037726402 -0.9050450325012207 -0.31481730937957764 0.28429165482521057
1750948382.214728 -66.35774230957031 8.863367080688477 -36.892860412597656 0.03596697002649307 -0.9143006801605225 -0.3059731125831604 0.2629470229148865
1750948382.814724 -66.76251220703125 9.067367553710938 -37.57684326171875 0.02857775054872036 -0.9221420884132385 -0.3013334572315216 0.24090556800365448
1750948383.414819 -67.12793731689453 9.293281555175781 -38.27058410644531 0.02653391659259796 -0.9263646602630615 -0.306522011756897 0.21722985804080963
1750948384.014667 -67.43675994873047 9.523923873901367 -38.99597930908203 0.031297195702791214 -0.9318994879722595 -0.3095645308494568 0.1864234358072281
1750948384.614741 -67.67643737792969 9.768661499023438 -39.727272033691406 0.030926091596484184 -0.9377130270004272 -0.3138172924518585 0.14579658210277557
1750948385.214675 -67.85562896728516 10.0125732421875 -40.4732666015625 0.031086275354027748 -0.9406852722167969 -0.3199072480201721 0.10864744335412979
1750948385.814621 -67.98371124267578 10.266683578491211 -41.233707427978516 0.034349504858255386 -0.945061445236206 -0.3176804780960083 0.0689784362912178
1750948386.41462 -68.05509948730469 10.543062210083008 -41.999515533447266 0.03458309918642044 -0.9434093236923218 -0.32708939909935 0.042373429983854294
1750948387.014626 -68.0924072265625 10.821307182312012 -42.78346633911133 0.03193953260779381 -0.9446883797645569 -0.32590246200561523 0.01820264384150505
1750948387.614758 -68.0890884399414 11.101293563842773 -43.563072204589844 0.0240163616836071 -0.9457376003265381 -0.3238053321838379 -0.012399394996464252
1750948388.214583 -68.02853393554688 11.385120391845703 -44.349029541015625 0.025265933945775032 -0.9440659284591675 -0.3260496258735657 -0.04234232008457184
1750948388.814588 -67.9197006225586 11.6722993850708 -45.121337890625 0.025590721517801285 -0.9405639171600342 -0.3305111825466156 -0.07380391657352448
1750948389.414733 -67.7537841796875 11.960237503051758 -45.89592742919922 0.020637867972254753 -0.9364626407623291 -0.3329571485519409 -0.10840386897325516
1750948389.814657 -67.61100769042969 12.149827003479004 -46.405357360839844 0.018610499799251556 -0.9348642826080322 -0.3298901617527008 -0.12982647120952606
1750948390.41451 -67.36883544921875 12.429182052612305 -47.15682601928711 0.012073112651705742 -0.9333423972129822 -0.3242098391056061 -0.15366928279399872
1750948391.014521 -67.10681915283203 12.716187477111816 -47.91941833496094 0.01416216604411602 -0.9297935962677002 -0.3288174867630005 -0.1648102104663849
1750948391.614513 -66.80547332763672 13.000739097595215 -48.65810012817383 0.020768366754055023 -0.9253987073898315 -0.32817378640174866 -0.18843530118465424
1750948392.214411 -66.44454956054688 13.275774955749512 -49.37596893310547 0.026497919112443924 -0.922119140625 -0.3209192156791687 -0.21448759734630585
1750948392.814473 -66.06011199951172 13.530786514282227 -50.08122253417969 0.03130693361163139 -0.9185107350349426 -0.315644770860672 -0.23606428503990173
1750948393.41455 -65.67250061035156 13.810995101928711 -50.77203369140625 0.03643113002181053 -0.9120247960090637 -0.3241906762123108 -0.248563751578331
1750948394.014625 -65.26966857910156 14.084052085876465 -51.446983337402344 0.035519685596227646 -0.9079439640045166 -0.32592976093292236 -0.2610478401184082
1750948394.41544 -64.98925018310547 14.255086898803711 -51.89910888671875 0.03327709436416626 -0.9077880382537842 -0.3196163475513458 -0.2695533335208893
1750948395.014454 -64.55320739746094 14.510924339294434 -52.55221939086914 0.03445763513445854 -0.9056393504142761 -0.3170252740383148 -0.2795087397098541
1750948395.614488 -64.0530014038086 14.760856628417969 -53.18820571899414 0.03258230909705162 -0.8922035098075867 -0.3146975338459015 -0.3222993314266205
1750948396.214414 -63.50764465332031 14.996967315673828 -53.778411865234375 0.030014265328645706 -0.8824350833892822 -0.31123682856559753 -0.3514813482761383
1750948396.814359 -62.922279357910156 15.234710693359375 -54.33858108520508 0.030224749818444252 -0.8721250295639038 -0.3094700574874878 -0.37777334451675415
1750948397.41436 -62.31317138671875 15.450275421142578 -54.86985778808594 0.026898134499788284 -0.8654289841651917 -0.3026600480079651 -0.39837944507598877
1750948398.014443 -61.707481384277344 15.66019058227539 -55.37180709838867 0.026185184717178345 -0.8573742508888245 -0.30535924434661865 -0.41349664330482483
1750948398.61446 -61.06977081298828 15.863065719604492 -55.873531341552734 0.02367798052728176 -0.8526223301887512 -0.3020847737789154 -0.42569872736930847
1750948399.214408 -60.43628692626953 16.067943572998047 -56.35041809082031 0.023285921663045883 -0.848082959651947 -0.30059465765953064 -0.43572473526000977
1750948399.814312 -59.79450225830078 16.27263641357422 -56.830780029296875 0.019912036135792732 -0.844044029712677 -0.30440688133239746 -0.4410552680492401
1750948400.41431 -59.16272735595703 16.485321044921875 -57.30865478515625 0.021298550069332123 -0.8468772172927856 -0.3056313097476959 -0.43466636538505554
1750948401.014243 -58.50874328613281 16.703893661499023 -57.8021125793457 0.022069619968533516 -0.8447074890136719 -0.3087683320045471 -0.4366283118724823
1750948401.614361 -57.84563446044922 16.911212921142578 -58.276100158691406 0.02235710620880127 -0.846000075340271 -0.3030458986759186 -0.43811795115470886
1750948402.214262 -57.20446014404297 17.120338439941406 -58.737701416015625 0.026390431448817253 -0.8444573879241943 -0.30426862835884094 -0.44001805782318115
1750948402.814276 -56.55413055419922 17.32915496826172 -59.199275970458984 0.030344529077410698 -0.8436488509178162 -0.30166253447532654 -0.4430978298187256
1750948403.414709 -55.88829040527344 17.54050636291504 -59.66663360595703 0.03410249203443527 -0.8427473306655884 -0.3000381290912628 -0.4456356465816498
1750948404.014223 -55.232666015625 17.7464599609375 -60.120601654052734 0.03590371087193489 -0.8407245874404907 -0.30153265595436096 -0.4482981562614441
1750948404.614207 -54.566261291503906 17.958946228027344 -60.57555389404297 0.03645893186330795 -0.8398676514625549 -0.300778329372406 -0.4503614008426666
1750948405.014236 -54.10845184326172 18.106361389160156 -60.89273452758789 0.036622241139411926 -0.8393601179122925 -0.3033842146396637 -0.44954586029052734
1750948405.614357 -53.45658874511719 18.318824768066406 -61.37508773803711 0.034071631729602814 -0.8438613414764404 -0.3030815124511719 -0.44145065546035767
1750948406.214174 -52.83880615234375 18.531539916992188 -61.85610580444336 0.03232194855809212 -0.849137008190155 -0.3042764365673065 -0.430508553981781
1750948406.814161 -52.20817565917969 18.748910903930664 -62.34513473510742 0.03333383426070213 -0.8500213623046875 -0.3050042986869812 -0.42816469073295593
1750948407.214223 -51.77668762207031 18.896100997924805 -62.68674087524414 0.03209240734577179 -0.8522323966026306 -0.30535921454429626 -0.423586905002594
1750948407.814256 -51.129417419433594 19.138469696044922 -63.207054138183594 0.03385499119758606 -0.8532984852790833 -0.31120598316192627 -0.4169969856739044
1750948408.414178 -50.525917053222656 19.360591888427734 -63.716434478759766 0.031385552138090134 -0.8572569489479065 -0.3087005913257599 -0.4108886420726776
1750948409.014104 -49.90943908691406 19.5896053314209 -64.23725128173828 0.03222746029496193 -0.8586593866348267 -0.30841025710105896 -0.4081037938594818
1750948409.614191 -49.30891418457031 19.814847946166992 -64.73873138427734 0.03089657798409462 -0.8550084233283997 -0.3096608817577362 -0.4148687720298767
1750948410.214049 -48.66107940673828 20.057348251342773 -65.2459716796875 0.031684357672929764 -0.8502809405326843 -0.31076106429100037 -0.4236105680465698
1750948410.814118 -48.00279998779297 20.277576446533203 -65.68203735351562 0.03205792233347893 -0.8358246684074402 -0.30823907256126404 -0.453164666891098
1750948411.414049 -47.307098388671875 20.4779052734375 -66.08328247070312 0.03308986872434616 -0.8223726153373718 -0.30418628454208374 -0.47966569662094116
1750948412.013991 -46.59117889404297 20.675716400146484 -66.46031951904297 0.030536560341715813 -0.8124072551727295 -0.30253586173057556 -0.49752798676490784
1750948412.414081 -46.09130096435547 20.815614700317383 -66.71989440917969 0.0289054773747921 -0.8074837923049927 -0.30442625284194946 -0.5044392943382263
1750948413.014078 -45.34172058105469 21.005626678466797 -67.08484649658203 0.02543576806783676 -0.7979210019111633 -0.30212122201919556 -0.520958662033081
1750948413.614011 -44.56133270263672 21.183765411376953 -67.3912353515625 0.02257210947573185 -0.7802516222000122 -0.2981932759284973 -0.5493438243865967
1750948414.213947 -43.76726531982422 21.3441162109375 -67.6412353515625 0.022482888773083687 -0.7622992992401123 -0.2934194803237915 -0.5764541625976562
1750948414.813951 -42.96768569946289 21.478282928466797 -67.85578918457031 0.01794799603521824 -0.7482158541679382 -0.28653284907341003 -0.5981220006942749
1750948415.413954 -42.15806198120117 21.605331420898438 -68.06935119628906 0.010506234131753445 -0.7369677424430847 -0.2862415909767151 -0.6122368574142456
1750948415.947272 -41.41337966918945 21.73052215576172 -68.21197509765625 0.014753776602447033 -0.721267819404602 -0.2904154658317566 -0.6286605000495911
1750948416.413956 -40.78291702270508 21.809520721435547 -68.32359313964844 0.00997908879071474 -0.7152952551841736 -0.28126099705696106 -0.6396447420120239
1750948417.013914 -39.98732376098633 21.90169906616211 -68.4241943359375 0.0118448780849576 -0.6972414255142212 -0.2754603922367096 -0.6616914868354797
1750948417.613886 -39.17448043823242 21.942859649658203 -68.45844268798828 0.0012930731754750013 -0.6714290380477905 -0.26082220673561096 -0.6936520338058472
1750948418.213902 -38.37898254394531 21.942752838134766 -68.43890380859375 -0.017055725678801537 -0.6502485871315002 -0.24317538738250732 -0.7195495963096619
1750948418.747327 -37.647239685058594 21.93572998046875 -68.37123107910156 -0.01412011869251728 -0.6257710456848145 -0.24126186966896057 -0.7416225671768188
1750948419.347314 -36.85430908203125 21.918333053588867 -68.24347686767578 -0.009128876961767673 -0.5981996059417725 -0.23372484743595123 -0.7664507031440735
1750948419.947272 -36.029685974121094 21.895069122314453 -68.07022094726562 -0.004882308188825846 -0.5822262167930603 -0.22880518436431885 -0.7801519632339478
1750948420.547271 -35.228363037109375 21.856964111328125 -67.8782730102539 -0.006349781062453985 -0.5631723403930664 -0.22405438125133514 -0.7953592538833618
1750948421.147244 -34.45256042480469 21.809833526611328 -67.66400146484375 -0.005869983229786158 -0.5475385785102844 -0.21916912496089935 -0.8075469136238098
1750948421.747217 -33.687435150146484 21.747596740722656 -67.40707397460938 -0.004484776873141527 -0.5275303721427917 -0.21072928607463837 -0.8229730725288391
1750948422.347348 -32.939945220947266 21.675617218017578 -67.09368896484375 0.0010122755775228143 -0.5019155144691467 -0.20552928745746613 -0.8401413559913635
1750948422.947202 -32.20743942260742 21.58847999572754 -66.73713684082031 0.004788222257047892 -0.47927847504615784 -0.1972866952419281 -0.8551884293556213
1750948423.547205 -31.510292053222656 21.494314193725586 -66.35423278808594 0.00616413913667202 -0.45922350883483887 -0.1915658712387085 -0.8673973679542542
1750948424.14717 -30.82048797607422 21.403324127197266 -65.94867706298828 0.009246580302715302 -0.4393292963504791 -0.19245195388793945 -0.8774204254150391
1750948424.747201 -30.173355102539062 21.296592712402344 -65.53141784667969 0.0064798323437571526 -0.42313528060913086 -0.18463918566703796 -0.8870303630828857
1750948425.347139 -29.53673553466797 21.186256408691406 -65.08070373535156 0.008880212903022766 -0.40905165672302246 -0.1791990101337433 -0.8946985602378845
1750948425.947146 -28.890460968017578 21.066715240478516 -64.62355041503906 0.00691820727661252 -0.40298593044281006 -0.17572306096553802 -0.8981513381004333
1750948426.547326 -28.22356414794922 20.953115463256836 -64.15474700927734 0.008155887946486473 -0.40863996744155884 -0.17729249596595764 -0.8952732682228088
1750948427.147279 -27.56688690185547 20.850109100341797 -63.68927764892578 0.010113703086972237 -0.4094041883945465 -0.17855003476142883 -0.8946540355682373
1750948427.747107 -26.930076599121094 20.729310989379883 -63.229705810546875 0.009584778919816017 -0.4046516716480255 -0.17526714503765106 -0.897466778755188
1750948428.347102 -26.27841567993164 20.62716293334961 -62.791221618652344 0.011381980963051319 -0.41535985469818115 -0.17929241061210632 -0.8917403221130371
1750948428.947068 -25.59164047241211 20.526954650878906 -62.33619689941406 0.010734089650213718 -0.42133986949920654 -0.17991666495800018 -0.8888124823570251
1750948429.54708 -24.939943313598633 20.42059326171875 -61.889556884765625 0.011257813312113285 -0.41768574714660645 -0.17966441810131073 -0.890579879283905
1750948430.147007 -24.279376983642578 20.30677604675293 -61.42523956298828 0.009554311633110046 -0.41141432523727417 -0.17447718977928162 -0.8945416212081909
1750948430.747026 -23.646095275878906 20.193241119384766 -60.95855712890625 0.011981891468167305 -0.40505093336105347 -0.17130577564239502 -0.8980225920677185
1750948431.347012 -23.013736724853516 20.07928466796875 -60.48027801513672 0.012109381146728992 -0.4009186327457428 -0.16899695992469788 -0.9003097414970398
1750948431.946959 -22.366607666015625 19.960948944091797 -59.99626922607422 0.011687800288200378 -0.39769047498703003 -0.16777580976486206 -0.9019739627838135
1750948432.546957 -21.72801971435547 19.849760055541992 -59.52526092529297 0.011083275079727173 -0.40096038579940796 -0.1661319136619568 -0.9008374810218811
1750948433.147061 -21.102325439453125 19.740217208862305 -59.08921813964844 0.012383592315018177 -0.40828827023506165 -0.16717229783535004 -0.8973297476768494
1750948433.74699 -20.460838317871094 19.63083267211914 -58.63346862792969 0.014441507868468761 -0.41369515657424927 -0.16540232300758362 -0.8951479196548462
1750948434.346911 -19.82728385925293 19.518766403198242 -58.17847442626953 0.015016901306807995 -0.41475704312324524 -0.16435730457305908 -0.8948395848274231
1750948434.74692 -19.38785743713379 19.442506790161133 -57.86445617675781 0.013225579634308815 -0.41374021768569946 -0.16478298604488373 -0.895260214805603
1750948435.346914 -18.740924835205078 19.319387435913086 -57.412506103515625 0.013327457010746002 -0.4109284579753876 -0.16529914736747742 -0.8964577913284302
1750948435.946916 -18.09897232055664 19.2045841217041 -56.96084213256836 0.011429096572101116 -0.41147148609161377 -0.16505469381809235 -0.8962798714637756
1750948436.546852 -17.461814880371094 19.088762283325195 -56.52170944213867 0.013092643581330776 -0.4112924635410309 -0.1670336127281189 -0.8959726691246033
1750948437.14685 -16.84779930114746 18.97354507446289 -56.09235763549805 0.009036651812493801 -0.4099958539009094 -0.16658002138137817 -0.8967011570930481
1750948437.746901 -16.218320846557617 18.85350799560547 -55.64337921142578 0.007276538759469986 -0.40858349204063416 -0.16882595419883728 -0.8969416618347168
1750948438.346856 -15.55770492553711 18.73253059387207 -55.169960021972656 0.007993405684828758 -0.40837910771369934 -0.17164140939712524 -0.8964942097663879
1750948438.94683 -14.901826858520508 18.611915588378906 -54.70204544067383 0.009035221301019192 -0.40928003191947937 -0.1712663322687149 -0.8961451649665833
1750948439.546828 -14.256231307983398 18.497291564941406 -54.23349380493164 0.006840894464403391 -0.4105414152145386 -0.16935767233371735 -0.8959503173828125
1750948440.147026 -13.616361618041992 18.366235733032227 -53.74711990356445 0.006571535021066666 -0.3966262936592102 -0.1622547209262848 -0.9035031199455261
1750948440.746625 -13.000665664672852 18.22981834411621 -53.240760803222656 0.008619976229965687 -0.37831640243530273 -0.15745289623737335 -0.9121463894844055
1750948441.346777 -12.417644500732422 18.08867645263672 -52.7109375 0.008846108801662922 -0.3590219020843506 -0.15319356322288513 -0.9206284880638123
1750948441.946763 -11.821287155151367 17.938215255737305 -52.18231964111328 0.007446399889886379 -0.3592657446861267 -0.15366202592849731 -0.9204676747322083
1750948442.546742 -11.246459007263184 17.782907485961914 -51.62591552734375 0.007489880546927452 -0.346403032541275 -0.14835324883460999 -0.9262506365776062
1750948443.146753 -10.710689544677734 17.626705169677734 -51.05304718017578 0.011138246394693851 -0.3318365514278412 -0.14516739547252655 -0.9320337176322937
1750948443.746727 -10.196170806884766 17.4490966796875 -50.50129699707031 -0.0033658703323453665 -0.3165546953678131 -0.14006511867046356 -0.9381703734397888
1750948444.346817 -9.662434577941895 17.284656524658203 -49.90392303466797 0.008450259454548359 -0.3059278726577759 -0.14348050951957703 -0.9411429166793823
1750948444.946693 -9.158920288085938 17.112232208251953 -49.292808532714844 0.006351407151669264 -0.2906401455402374 -0.13901372253894806 -0.9466589689254761
1750948445.546694 -8.676900863647461 16.930021286010742 -48.664581298828125 0.005773929413408041 -0.27697503566741943 -0.13379931449890137 -0.9514983892440796
1750948446.146697 -8.233604431152344 16.75165367126465 -48.06833267211914 0.0036923596635460854 -0.26298055052757263 -0.12688402831554413 -0.9564141631126404
1750948446.746678 -7.833096504211426 16.55171012878418 -47.432762145996094 0.0021782591938972473 -0.2508654296398163 -0.11727485805749893 -0.9608893990516663
1750948447.346457 -7.441004753112793 16.368680953979492 -46.829254150390625 0.0051488690078258514 -0.23545818030834198 -0.11127449572086334 -0.9654796123504639
1750948447.94662 -7.075865745544434 16.160865783691406 -46.143516540527344 0.006759595591574907 -0.21986261010169983 -0.10317055135965347 -0.9700363874435425
1750948448.546606 -6.743181228637695 15.966611862182617 -45.50115966796875 0.009342164732515812 -0.2042553871870041 -0.09603448957204819 -0.9741508960723877
1750948449.146607 -6.426013469696045 15.769940376281738 -44.87399673461914 0.006894057150930166 -0.1931728571653366 -0.09188644587993622 -0.9768283367156982
1750948449.746592 -6.090620040893555 15.554847717285156 -44.17406463623047 0.007444384973496199 -0.18901020288467407 -0.09046883136034012 -0.9777705669403076
1750948450.346568 -5.761050224304199 15.347251892089844 -43.512786865234375 0.005684548988938332 -0.18853431940078735 -0.08986875414848328 -0.9779295325279236
1750948450.946569 -5.433132648468018 15.132853507995605 -42.8247184753418 0.003913376946002245 -0.18964475393295288 -0.08655747026205063 -0.9780221581459045
1750948451.546577 -5.111903190612793 14.92879867553711 -42.153141021728516 0.008491880260407925 -0.18876135349273682 -0.08543828874826431 -0.9782624244689941
1750948452.146522 -4.787022113800049 14.721781730651855 -41.45140075683594 0.011054097674787045 -0.18493598699569702 -0.0859551653265953 -0.9789220094680786
1750948452.746522 -4.4558186531066895 14.514690399169922 -40.76482009887695 0.00740031199529767 -0.18101654946804047 -0.08548855781555176 -0.9797295928001404
1750948453.213319 -4.209603309631348 14.346772193908691 -40.22270584106445 0.007857956923544407 -0.17831170558929443 -0.08392076194286346 -0.9803573489189148
1750948453.813165 -3.9075045585632324 14.141475677490234 -39.53893280029297 0.0076026818715035915 -0.17539085447788239 -0.0827268585562706 -0.9809874892234802
1750948454.413114 -3.5995097160339355 13.921453475952148 -38.8509407043457 0.005891426932066679 -0.17199231684207916 -0.08168689906597137 -0.9816879630088806
1750948454.879799 -3.3651270866394043 13.753933906555176 -38.32154846191406 0.004242041148245335 -0.16927798092365265 -0.08172857016324997 -0.9821646809577942
1750948455.413112 -3.103102684020996 13.56010627746582 -37.696998596191406 0.006121846381574869 -0.16268669068813324 -0.07975602149963379 -0.983430027961731
1750948455.946456 -2.889374017715454 13.36267375946045 -37.06736373901367 0.004102266393601894 -0.13683518767356873 -0.07170139253139496 -0.9879869818687439
1750948456.546406 -2.6670923233032227 13.140904426574707 -36.36500930786133 0.00486493157222867 -0.12271295487880707 -0.06708277016878128 -0.9901605248451233
1750948457.146419 -2.483893394470215 12.917620658874512 -35.66264724731445 0.00425766222178936 -0.10626482218503952 -0.060829583555459976 -0.9924663305282593
1750948457.746697 -2.335911750793457 12.679757118225098 -34.950801849365234 0.002804568037390709 -0.08352610468864441 -0.05298594385385513 -0.99509197473526
1750948458.346421 -2.1885077953338623 12.450238227844238 -34.25424575805664 0.0016272220527753234 -0.07421527802944183 -0.05075560882687569 -0.9959484934806824
1750948458.946315 -2.0556416511535645 12.203412055969238 -33.50682067871094 0.0036145655903965235 -0.06823717057704926 -0.04570859670639038 -0.9966149926185608
1750948459.47969 -1.9458613395690918 11.98304557800293 -32.84343719482422 0.0018561718752607703 -0.06422507762908936 -0.04213307797908783 -0.9970439076423645
1750948460.079653 -1.830267310142517 11.737395286560059 -32.085662841796875 0.0017287806840613484 -0.05863068997859955 -0.038702256977558136 -0.9975277185440063
1750948460.679473 -1.7237495183944702 11.494535446166992 -31.310762405395508 0.010395502671599388 -0.056179229170084 -0.03690151497721672 -0.9976843595504761
1750948461.079657 -1.635024070739746 11.325798034667969 -30.789880752563477 0.007380606606602669 -0.06635741889476776 -0.038067735731601715 -0.997042179107666
1750948461.546278 -1.5227850675582886 11.126340866088867 -30.21143913269043 0.0015492320526391268 -0.06981261819601059 -0.03961155563592911 -0.9967721700668335
1750948462.146305 -1.3873240947723389 10.878244400024414 -29.470815658569336 0.00043580340570770204 -0.0735010951757431 -0.04041244462132454 -0.9964759945869446
1750948462.746303 -1.2534373998641968 10.631791114807129 -28.721920013427734 -0.00012575497385114431 -0.07565943151712418 -0.04106711223721504 -0.9962877631187439
1750948463.346267 -1.099453091621399 10.379578590393066 -27.960308074951172 0.0032877891790121794 -0.07756296545267105 -0.03717963024973869 -0.9962885975837708
1750948463.946231 -0.9562863707542419 10.125504493713379 -27.21916389465332 -0.0037637664936482906 -0.07728591561317444 -0.034511979669332504 -0.9964044094085693
1750948464.546214 -0.8005061149597168 9.867115020751953 -26.469316482543945 -0.004547047894448042 -0.07749899476766586 -0.03253849595785141 -0.9964510202407837
1750948465.146055 -0.6398279666900635 9.604232788085938 -25.689884185791016 0.0005096806562505662 -0.08156004548072815 -0.034192848950624466 -0.9960816502571106
1750948465.746209 -0.48799169063568115 9.341120719909668 -24.92997932434082 -0.0010830073151737452 -0.08387597650289536 -0.03618064895272255 -0.9958186149597168
1750948466.346187 -0.3151390850543976 9.082700729370117 -24.1549072265625 -0.0007839541649445891 -0.08632048964500427 -0.03852381557226181 -0.9955220818519592
1750948466.879527 -0.1646127998828888 8.846392631530762 -23.475568771362305 -0.004033639095723629 -0.08602975308895111 -0.04088664427399635 -0.9954450726509094
1750948467.479502 -0.000550784170627594 8.586688041687012 -22.723554611206055 -0.002126299077644944 -0.08800753951072693 -0.041408710181713104 -0.9952564835548401
1750948468.079504 0.15144407749176025 8.31828784942627 -21.96468162536621 -0.003918074537068605 -0.08808726072311401 -0.04299839958548546 -0.9951766133308411
1750948468.679506 0.32914477586746216 8.075460433959961 -21.204174041748047 0.0023159112315624952 -0.08940309286117554 -0.04309297725558281 -0.9950602054595947
1750948469.146107 0.4627775549888611 7.87535285949707 -20.614303588867188 -0.00046162938815541565 -0.08930440247058868 -0.043999083340168 -0.995032012462616
1750948469.745927 0.6375927329063416 7.607219696044922 -19.858356475830078 -0.006771501619368792 -0.08966154605150223 -0.045372672379016876 -0.994915246963501
1750948470.346072 0.8017405271530151 7.3540472984313965 -19.113384246826172 -0.002300456166267395 -0.07615108042955399 -0.04408322274684906 -0.9961186647415161
1750948470.879445 0.9428157806396484 7.125233173370361 -18.43302345275879 -0.0004226993478368968 -0.0765194520354271 -0.044572614133358 -0.9960712790489197
1750948471.479419 1.0976099967956543 6.869150638580322 -17.66527557373047 -0.0007598134106956422 -0.07594496756792068 -0.04367899149656296 -0.9961546063423157
1750948472.079413 1.2577215433120728 6.615468502044678 -16.914926528930664 -0.002718389965593815 -0.07421774417161942 -0.04337789863348007 -0.9962944984436035
1750948472.679379 1.4202715158462524 6.369095325469971 -16.157690048217773 -0.002163818571716547 -0.07156573235988617 -0.04148989915847778 -0.9965702891349792
1750948473.279394 1.5564396381378174 6.118855953216553 -15.391570091247559 0.002339208498597145 -0.06455960869789124 -0.04053584113717079 -0.9970875382423401
1750948473.879398 1.6765410900115967 5.857187271118164 -14.6504487991333 -0.0037939974572509527 -0.056770969182252884 -0.04093966633081436 -0.997540295124054
1750948474.479324 1.794381022453308 5.601339340209961 -13.90013599395752 -0.0016982347005978227 -0.048033345490694046 -0.04075435921549797 -0.9980126023292542
1750948475.079311 1.9110642671585083 5.355892658233643 -13.14775562286377 0.0005858065560460091 -0.051791753619909286 -0.043121736496686935 -0.9977263808250427
1750948475.545981 1.996343731880188 5.154699802398682 -12.5773344039917 -0.0035724604967981577 -0.04906466230750084 -0.04490285739302635 -0.997779369354248
1750948476.145985 2.1017768383026123 4.904993534088135 -11.835679054260254 -0.0026865359395742416 -0.047617148607969284 -0.04330814257264137 -0.9979227781295776
1750948476.745972 2.2095866203308105 4.651220321655273 -11.110867500305176 -0.005418806802481413 -0.04621133953332901 -0.04269900545477867 -0.9980040192604065
1750948477.345945 2.2848129272460938 4.392477512359619 -10.397269248962402 -0.008350841701030731 -0.031977828592061996 -0.03637634590268135 -0.9987915754318237
1750948477.945942 2.354795455932617 4.135571002960205 -9.668756484985352 -0.006154789123684168 -0.026414833962917328 -0.03591211512684822 -0.9989868998527527
1750948478.545772 2.424823760986328 3.871593475341797 -8.916117668151855 -0.00648487126454711 -0.02113065868616104 -0.03570966795086861 -0.9991177320480347
1750948479.145906 2.481989860534668 3.6048598289489746 -8.163125038146973 -0.007066919934004545 -0.016434703022241592 -0.036717645823955536 -0.9991655945777893
1750948479.679223 2.543592929840088 3.3616974353790283 -7.492469310760498 -0.008735575713217258 -0.013324796222150326 -0.03699575364589691 -0.9991884231567383
1750948480.279216 2.5896904468536377 3.0929360389709473 -6.72250509262085 -0.004558548331260681 -0.009845335967838764 -0.03756984323263168 -0.9992351531982422
1750948480.879038 2.6505346298217773 2.8177554607391357 -5.940284729003906 -0.008551637642085552 -0.016299128532409668 -0.03909572586417198 -0.9990659952163696
1750948481.479147 2.726241111755371 2.5390360355377197 -5.151224136352539 -0.0057318066246807575 -0.02446083165705204 -0.038937948644161224 -0.9989257454872131
1750948482.079166 2.76667857170105 2.264909029006958 -4.370116710662842 -0.008664445020258427 -0.0038575909566134214 -0.029898421838879585 -0.9995080232620239
1750948482.679287 2.7851781845092773 1.9866249561309814 -3.5982320308685303 -0.010571332648396492 0.0008203331381082535 -0.024578507989645004 -0.9996417164802551
1750948483.27897 2.8041343688964844 1.6999766826629639 -2.7880911827087402 -0.010698044672608376 0.004285581409931183 -0.0217728428542614 -0.9996965527534485
1750948483.679108 2.817552089691162 1.508876919746399 -2.2552547454833984 -0.009102224372327328 0.003718131920322776 -0.01910947822034359 -0.9997690916061401
1750948484.079101 2.8286144733428955 1.3181267976760864 -1.7285479307174683 -0.011119506321847439 0.006342229899019003 -0.01864626631140709 -0.9997442364692688
1750948484.545833 2.8331477642059326 1.0949718952178955 -1.1127287149429321 -0.01232118159532547 0.006361005827784538 -0.01629427634179592 -0.9997711181640625
1750948485.079125 2.8305904865264893 0.9020769596099854 -0.548398494720459 -0.0018880413845181465 0.010011612437665462 -0.012713143602013588 -0.99986732006073
1750948485.545561 2.8350489139556885 0.8874273896217346 -0.5494483709335327 -0.012802684679627419 0.007592699024826288 -0.013546964153647423 -0.9997974634170532
