1762212615.166659 -0.0 -0.0 -0.0 -0.0 -0.0 -0.0 1.0
1762212617.166618 -0.053710728883743286 -0.05325772613286972 0.08795773237943649 0.008337710984051228 -0.03201262280344963 -0.010503066703677177 0.9993975162506104
1762212619.366625 -0.3160572946071625 -0.38907793164253235 1.0331257581710815 0.013175067491829395 -0.03742411360144615 -0.013442573137581348 0.9991222023963928
1762212622.56659 -0.3845035135746002 -0.9622640013694763 2.542890787124634 0.015037409029901028 -0.007642121519893408 -0.006892431527376175 0.9998340010643005
1762212624.433226 -0.6385143399238586 -1.226808786392212 3.391071081161499 0.018037905916571617 -0.06733423471450806 -0.02673077955842018 0.9972091913223267
1762212626.499859 -0.6640337109565735 -1.6575521230697632 4.533432960510254 0.020168162882328033 -0.16170388460159302 -0.05839165300130844 0.984903872013092
1762212627.366517 -0.7821061611175537 -1.8433785438537598 5.0740180015563965 0.03756222873926163 -0.24195531010627747 -0.07971950620412827 0.9662771821022034
1762212628.166534 -0.9858778715133667 -2.0169291496276855 5.675267219543457 0.03868091106414795 -0.3895670473575592 -0.1369803547859192 0.9099328517913818
1762212629.099839 -1.3497283458709717 -1.975990653038025 5.9504194259643555 0.058544229716062546 -0.5207101702690125 -0.18722215294837952 0.8308919668197632
1762212687.565968 -1.3141849040985107 -1.9192609786987305 5.786338806152344 0.062183380126953125 -0.5031936168670654 -0.21258482336997986 0.8353066444396973
1762212688.099256 -1.4242990016937256 -1.9830105304718018 5.869102954864502 0.056104421615600586 -0.5043232440948486 -0.21293631196022034 0.834966242313385
1762212688.699288 -1.502466082572937 -2.005988121032715 5.886733055114746 0.05546245723962784 -0.501688539981842 -0.21002811193466187 0.8373295664787292
1762212689.699273 -1.419618010520935 -2.0119290351867676 5.842734336853027 0.05062209814786911 -0.5048689246177673 -0.20888502895832062 0.8360095024108887
1762212802.164855 -1.7452868223190308 -2.2161693572998047 5.774536609649658 -0.06040588393807411 -0.3843855559825897 -0.2914031147956848 0.873889684677124
1762212803.298165 -2.343829870223999 -2.2126383781433105 6.33564567565918 -0.05887201428413391 -0.3829815983772278 -0.29024234414100647 0.8749963641166687
1762212804.564811 -2.708998680114746 -2.207644462585449 6.6915693283081055 -0.05610089376568794 -0.3827629089355469 -0.2884821891784668 0.8758558034896851
