1760456485.596576 -0.0 -0.0 -0.0 -0.0 -0.0 -0.0 1.0
1760456487.26309 0.004923386033624411 -0.03180844336748123 0.07265389710664749 0.004693468101322651 2.7210675398237072e-05 0.00067922193557024 0.9999887943267822
1760456488.196389 -0.01375434547662735 -0.32320085167884827 0.9040853977203369 0.007325499784201384 -0.017121804878115654 -0.0075655970722436905 0.9997979402542114
1760456488.796383 -0.0747128427028656 -0.5681102275848389 1.5945953130722046 0.010190810076892376 -0.034470777958631516 -0.015887510031461716 0.9992275238037109
1760456489.396615 -0.12017304450273514 -0.8302796483039856 2.2954821586608887 0.014948219992220402 -0.03610176220536232 -0.015778034925460815 0.9991117715835571
1760456489.996373 -0.1686612069606781 -1.085526466369629 2.997687339782715 0.014314957894384861 -0.039984554052352905 -0.018941428512334824 0.9989181756973267
1760456490.596557 -0.23090358078479767 -1.3373883962631226 3.690624237060547 0.013979697600007057 -0.04508230462670326 -0.020312584936618805 0.998678982257843
1760456491.196339 -0.29743659496307373 -1.5831408500671387 4.346052169799805 0.01749151386320591 -0.04955121874809265 -0.021483317017555237 0.9983872771263123
1760456491.796997 -0.3709111511707306 -1.8266263008117676 5.007843494415283 0.01613222435116768 -0.053304728120565414 -0.023143094033002853 0.9981797337532043
1760456492.396292 -0.4389890134334564 -2.078620195388794 5.680298805236816 0.0165567584335804 -0.05823395773768425 -0.02322137914597988 0.9978955984115601
1760456493.062911 -0.5271647572517395 -2.3514068126678467 6.4116950035095215 0.01835692673921585 -0.06231730058789253 -0.025389250367879868 0.9975644946098328
1760456493.662917 -0.6134597659111023 -2.5949559211730957 7.05892276763916 0.018369244411587715 -0.06545116007328033 -0.027299074456095695 0.9973131418228149
1760456494.396246 -0.722723126411438 -2.8797130584716797 7.814277648925781 0.021759536117315292 -0.07021526247262955 -0.03018871881067753 0.9968375563621521
1760456495.062862 -0.8247944712638855 -3.1438000202178955 8.545856475830078 0.01695122756063938 -0.07499375939369202 -0.031611114740371704 0.9965386986732483
1760456495.596195 -0.9136074185371399 -3.3572282791137695 9.117337226867676 0.018620608374476433 -0.0792350322008133 -0.03013145923614502 0.9962264895439148
1760456496.262866 -1.0324394702911377 -3.61702561378479 9.836840629577637 0.01811584271490574 -0.08401691168546677 -0.031007323414087296 0.9958170652389526
1760456496.99622 -1.2517800331115723 -3.8837008476257324 10.540949821472168 0.020827077329158783 -0.14390452206134796 -0.052626196295022964 0.9879717826843262
1760456497.662954 -1.5615546703338623 -4.1038031578063965 11.137481689453125 0.021920420229434967 -0.20876750349998474 -0.07485111802816391 0.9748502373695374
1760456498.262836 -1.9234888553619385 -4.299078941345215 11.632854461669922 0.02254599519073963 -0.27404704689979553 -0.09824232757091522 0.9564195871353149
1760456498.862833 -2.342560291290283 -4.495837211608887 12.086992263793945 0.03196173161268234 -0.32274824380874634 -0.10955730080604553 0.9395793080329895
1760456499.396098 -2.766669988632202 -4.660139083862305 12.475737571716309 0.030804000794887543 -0.36291781067848206 -0.12446478009223938 0.9229573607444763
1760456500.062828 -3.3754658699035645 -4.837370872497559 12.901281356811523 0.025415897369384766 -0.4214614927768707 -0.14644843339920044 0.8945820927619934
1760456500.662871 -3.9747300148010254 -4.978439807891846 13.25112533569336 0.023901529610157013 -0.4478764533996582 -0.16078481078147888 0.8791949152946472
1760456501.196077 -4.508829116821289 -5.105863571166992 13.547296524047852 0.026795247569680214 -0.4657875895500183 -0.16673117876052856 0.8686338067054749
1760456501.796047 -5.132103443145752 -5.227166175842285 13.843469619750977 0.028097447007894516 -0.4841420352458954 -0.17655207216739655 0.8565316200256348
1760456502.39625 -5.7720537185668945 -5.333950042724609 14.080222129821777 0.031899914145469666 -0.5223405957221985 -0.18852123618125916 0.8310250043869019
1760456502.996094 -6.41854190826416 -5.407651901245117 14.231863021850586 0.03244101256132126 -0.5723670721054077 -0.20530667901039124 0.7932165861129761
1760456503.596046 -7.088347911834717 -5.44971227645874 14.298944473266602 0.0327494814991951 -0.6190149188041687 -0.2236865758895874 0.7521385550498962
1760456504.196309 -7.76682186126709 -5.4596405029296875 14.281450271606445 0.0315670371055603 -0.664768397808075 -0.24322094023227692 0.7056416869163513
1760456504.796338 -8.431780815124512 -5.430739879608154 14.167974472045898 0.03438417986035347 -0.7073913216590881 -0.2579268515110016 0.6571825742721558
1760456505.395987 -9.069085121154785 -5.38205623626709 14.000653266906738 0.031230470165610313 -0.7477543354034424 -0.27612701058387756 0.6030274033546448
1760456505.995981 -9.696029663085938 -5.326361179351807 13.769957542419434 0.03852441906929016 -0.7708249688148499 -0.27724239230155945 0.5722600221633911
1760456506.595933 -10.34760856628418 -5.221376895904541 13.496496200561523 0.03837324306368828 -0.7800973653793335 -0.2982252240180969 0.548668622970581
1760456507.195945 -10.958895683288574 -5.116820335388184 13.196001052856445 0.048216063529253006 -0.7953826785087585 -0.3045187294483185 0.5218333005905151
1760456507.795939 -11.499908447265625 -5.076388835906982 12.890134811401367 0.059299878776073456 -0.8213247060775757 -0.28129518032073975 0.4927293658256531
1760456508.595964 -12.256494522094727 -4.957716464996338 12.454866409301758 0.040803760290145874 -0.8351308107376099 -0.29448413848876953 0.46278584003448486
1760456509.195887 -12.799491882324219 -4.846558094024658 12.069391250610352 0.04146303981542587 -0.8460795283317566 -0.29391103982925415 0.44277143478393555
1760456509.795927 -13.300270080566406 -4.737240314483643 11.67756462097168 0.04073452204465866 -0.8567228317260742 -0.29283273220062256 0.42262956500053406
1760456510.395881 -13.793813705444336 -4.617681980133057 11.250203132629395 0.042252685874700546 -0.8652928471565247 -0.2935502529144287 0.40411806106567383
1760456510.996133 -14.260421752929688 -4.495367050170898 10.825773239135742 0.04321186989545822 -0.8723911046981812 -0.2937421500682831 0.38830673694610596
1760456511.595828 -14.746152877807617 -4.408095836639404 10.435612678527832 0.04455618932843208 -0.868094265460968 -0.2820007801055908 0.4060821831226349
1760456512.329426 -15.287038803100586 -4.28725004196167 9.908076286315918 0.046129778027534485 -0.8786298632621765 -0.2802833616733551 0.3838266432285309
1760456512.995799 -15.80640983581543 -4.141754627227783 9.412872314453125 0.04278913885354996 -0.8812828660011292 -0.28820928931236267 0.37208181619644165
1760456513.462471 -16.1564998626709 -4.042436599731445 9.04388427734375 0.04066910967230797 -0.8846732974052429 -0.28920212388038635 0.36340242624282837
1760456514.129129 -16.614437103271484 -3.917034864425659 8.539554595947266 0.04148105904459953 -0.8898562788963318 -0.28693389892578125 0.3522842824459076
1760456514.52911 -16.940610885620117 -3.827460765838623 8.180580139160156 0.04352393373847008 -0.8944445252418518 -0.28217679262161255 0.34416696429252625
1760456514.929218 -17.418020248413086 -3.674509048461914 7.639612197875977 0.038999106734991074 -0.8952494263648987 -0.29171329736709595 0.33453086018562317
1760456515.329056 -17.904420852661133 -3.5176591873168945 7.059221267700195 0.03890468552708626 -0.8975382447242737 -0.2947675883769989 0.32561251521110535
1760456515.662494 -18.297657012939453 -3.368980884552002 6.556279182434082 0.040526583790779114 -0.9011287093162537 -0.29254376888275146 0.31740015745162964
1760456515.995729 -18.735347747802734 -3.215959072113037 6.018543243408203 0.03755321726202965 -0.9021060466766357 -0.2981928586959839 0.3096376955509186
1760456516.329062 -19.156005859375 -3.0515732765197754 5.462759017944336 0.0379781574010849 -0.9041693806648254 -0.29861924052238464 0.30308741331100464
1760456516.529073 -19.41485595703125 -2.9371979236602783 5.106178283691406 0.037064701318740845 -0.9042837619781494 -0.30346229672431946 0.2980063855648041
1760456516.795825 -19.761011123657227 -2.792538642883301 4.640277862548828 0.035166990011930466 -0.905531644821167 -0.3050280809402466 0.29280295968055725
1760456517.129032 -20.182788848876953 -2.6120553016662598 4.04498291015625 0.04069548845291138 -0.9068918228149414 -0.3036271631717682 0.28931230306625366
1760456517.329015 -20.453784942626953 -2.5017013549804688 3.698422431945801 0.04145888611674309 -0.9020573496818542 -0.30519866943359375 0.3023698031902313
1760456517.729013 -21.04027557373047 -2.3076047897338867 3.0314083099365234 0.042964864522218704 -0.8915734887123108 -0.2997729778289795 0.3367297351360321
1760456517.995678 -21.43621826171875 -2.179539203643799 2.599142074584961 0.04269331321120262 -0.8899015784263611 -0.2982473075389862 0.34249240159988403
1760456518.329014 -21.918075561523438 -2.014824390411377 2.061708450317383 0.043638162314891815 -0.8897217512130737 -0.30223971605300903 0.33932584524154663
1760456518.595712 -22.30783462524414 -1.879560947418213 1.6280040740966797 0.04321564361453056 -0.8903802633285522 -0.3022242784500122 0.3376624286174774
1760456518.929007 -22.78607940673828 -1.7279815673828125 1.0940494537353516 0.04700697958469391 -0.8915152549743652 -0.2992251515388489 0.33683115243911743
1760456519.129147 -23.082326889038086 -1.6243386268615723 0.7570552825927734 0.045968346297740936 -0.8913907408714294 -0.3003441393375397 0.3363076448440552
1760456519.328992 -23.35938835144043 -1.5483827590942383 0.4442577362060547 0.04664960503578186 -0.893917441368103 -0.29366570711135864 0.33540424704551697
1760456519.528952 -23.627586364746094 -1.4563078880310059 0.123748779296875 0.04822363331913948 -0.8938288688659668 -0.29372885823249817 0.33536213636398315
1760456519.728958 -23.904502868652344 -1.3635129928588867 -0.193115234375 0.0458272248506546 -0.8931967616081238 -0.2973928451538086 0.3341512084007263
1760456519.92896 -24.173412322998047 -1.2783150672912598 -0.5182609558105469 0.04539971426129341 -0.894487202167511 -0.29398515820503235 0.3337728679180145
1760456520.195632 -24.565505981445312 -1.150589942932129 -0.9467697143554688 0.04594044014811516 -0.8938202857971191 -0.29663318395614624 0.33314192295074463
1760456520.528945 -25.029233932495117 -1.0009174346923828 -1.4919147491455078 0.04554649814963341 -0.8945418000221252 -0.29597896337509155 0.3318388760089874
1760456520.795619 -25.36716651916504 -0.895899772644043 -1.9044456481933594 0.047691162675619125 -0.8947198390960693 -0.2950373589992523 0.33189597725868225
1760456521.12895 -25.845783233642578 -0.7376184463500977 -2.443269729614258 0.046507664024829865 -0.8932653069496155 -0.3005651831626892 0.3310207724571228
1760456521.329083 -26.11776351928711 -0.6465749740600586 -2.7609615325927734 0.047626957297325134 -0.8935051560401917 -0.29960256814956665 0.3310871124267578
1760456521.528964 -26.397335052490234 -0.556309700012207 -3.0819358825683594 0.04535596817731857 -0.892885684967041 -0.2978099584579468 0.3346749246120453
1760456521.728902 -26.683181762695312 -0.4594573974609375 -3.3940582275390625 0.0441153310239315 -0.8877180814743042 -0.29965269565582275 0.3467257022857666
1760456521.928906 -26.967191696166992 -0.37210655212402344 -3.6913700103759766 0.04422437399625778 -0.8831644654273987 -0.2988576591014862 0.35881590843200684
1760456522.195577 -27.35492706298828 -0.25872230529785156 -4.074647903442383 0.04083744436502457 -0.8813811540603638 -0.29906463623046875 0.3634004294872284
1760456522.528914 -27.80414390563965 -0.1186990737915039 -4.542869567871094 0.04028075560927391 -0.8819754719734192 -0.2976396381855011 0.3631904125213623
1760456522.728917 -28.101736068725586 -0.033431053161621094 -4.848712921142578 0.040006089955568314 -0.8818076252937317 -0.29688382148742676 0.3642454147338867
1760456522.928909 -28.396892547607422 0.04419994354248047 -5.139553070068359 0.03902111575007439 -0.8827686309814453 -0.29387688636779785 0.36446309089660645
1760456523.128909 -28.68264389038086 0.13297462463378906 -5.4354095458984375 0.03775562345981598 -0.8825153708457947 -0.2936107814311981 0.3654228150844574
1760456523.329019 -28.984607696533203 0.22564220428466797 -5.735176086425781 0.035830140113830566 -0.8806185126304626 -0.29793795943260193 0.36668825149536133
1760456523.528884 -29.275556564331055 0.3140583038330078 -6.025218963623047 0.034711264073848724 -0.88136887550354 -0.29604196548461914 0.36652871966362
1760456523.728949 -29.56231689453125 0.40077877044677734 -6.316062927246094 0.03451201692223549 -0.8817973136901855 -0.2939450442790985 0.367203950881958
1760456523.928876 -29.847978591918945 0.47566986083984375 -6.604698181152344 0.03592855855822563 -0.8821473121643066 -0.29214906692504883 0.3676605224609375
1760456524.328868 -30.40874671936035 0.6330738067626953 -7.148597717285156 0.03514963388442993 -0.8797862529754639 -0.2900421917438507 0.374988317489624
1760456524.92885 -31.303569793701172 0.8466253280639648 -7.894889831542969 0.03426932170987129 -0.8652886748313904 -0.28732436895370483 0.40932372212409973
1760456525.528855 -32.043128967285156 1.0072145462036133 -8.473304748535156 0.031186535954475403 -0.8650869727134705 -0.2889743745326996 0.4088345468044281
1760456526.795492 -33.03451156616211 1.224752426147461 -9.257610321044922 0.03400725498795509 -0.8633122444152832 -0.28370577096939087 0.4159887135028839
1760456528.328739 -34.192108154296875 1.448587417602539 -10.158935546875 0.03508410602807999 -0.8625040054321289 -0.28370070457458496 0.41757628321647644
1760456530.128784 -35.477596282958984 1.738412857055664 -11.25592041015625 0.03540203720331192 -0.8702805638313293 -0.2883632481098175 0.3977501392364502
1760456532.328798 -36.91718292236328 2.095621109008789 -12.579505920410156 0.03564644232392311 -0.8720971345901489 -0.29095521569252014 0.391817569732666
1760456533.72875 -37.792633056640625 2.327840805053711 -13.425132751464844 0.03744734451174736 -0.8735204935073853 -0.29120224714279175 0.3882794976234436
1760456534.528661 -38.31241226196289 2.4620323181152344 -13.92373275756836 0.03747387230396271 -0.874296247959137 -0.2919081151485443 0.38599422574043274
1760456535.92864 -39.13860321044922 2.6883888244628906 -14.764457702636719 0.03827999532222748 -0.8754811882972717 -0.29173168540000916 0.383353590965271
1760456537.128542 -39.839385986328125 2.8889331817626953 -15.458183288574219 0.03759777173399925 -0.8739432692527771 -0.29168033599853516 0.3869524300098419
1760456537.995212 -40.442474365234375 3.0378971099853516 -15.989067077636719 0.03709894418716431 -0.8664976358413696 -0.289022296667099 0.4053044319152832
1760456538.528543 -40.85516357421875 3.128633499145508 -16.323638916015625 0.037203267216682434 -0.8647871017456055 -0.2877712845802307 0.4098133444786072
1760456538.92854 -41.17552185058594 3.2018280029296875 -16.59015655517578 0.03562220558524132 -0.8639029860496521 -0.2885144054889679 0.4112933278083801
1760456539.328479 -41.50925827026367 3.2774658203125 -16.857620239257812 0.035330306738615036 -0.8627822399139404 -0.2889668047428131 0.41334813833236694
1760456539.928476 -41.9952507019043 3.3887596130371094 -17.251995086669922 0.03514912351965904 -0.8617651462554932 -0.28822019696235657 0.4159981310367584
1760456540.595142 -42.51643371582031 3.5169334411621094 -17.68307876586914 0.034011874347925186 -0.860267162322998 -0.28856009244918823 0.4189472198486328
1760456541.195201 -43.01014709472656 3.629060745239258 -18.072147369384766 0.03434501960873604 -0.8591710925102234 -0.28843027353286743 0.4212522506713867
1760456541.928433 -43.604881286621094 3.7605953216552734 -18.537097930908203 0.0329885259270668 -0.8581610918045044 -0.2874767780303955 0.4240618348121643
1760456542.528449 -44.15522003173828 3.886892318725586 -18.969970703125 0.03310687467455864 -0.8572476506233215 -0.2874375879764557 0.425922691822052
1760456543.128424 -44.75849914550781 4.003351211547852 -19.423839569091797 0.032617926597595215 -0.8578388690948486 -0.282388299703598 0.42814183235168457
1760456543.595136 -45.247154235839844 4.113908767700195 -19.796977996826172 0.02857889048755169 -0.8559539318084717 -0.2858803868293762 0.4298819899559021
1760456544.128381 -45.832611083984375 4.229616165161133 -20.24280548095703 0.03009105660021305 -0.8572518825531006 -0.2791869640350342 0.43158814311027527
1760456544.528403 -46.26862335205078 4.31682014465332 -20.55731201171875 0.029423557221889496 -0.8559295535087585 -0.28131258487701416 0.4328766465187073
1760456544.928387 -46.717567443847656 4.406330108642578 -20.891708374023438 0.029146308079361916 -0.8556811809539795 -0.27973395586013794 0.4344067871570587
1760456545.328386 -47.206661224365234 4.50556755065918 -21.257923126220703 0.02922644652426243 -0.8554964065551758 -0.2783385217189789 0.4356597661972046
1760456545.795044 -47.77971649169922 4.620973587036133 -21.668922424316406 0.028732433915138245 -0.8545513153076172 -0.27915024757385254 0.4370259642601013
1760456546.261682 -48.35972595214844 4.729259490966797 -22.080303192138672 0.029020676389336586 -0.8543339371681213 -0.2780908942222595 0.4381060004234314
1760456546.728347 -48.95684814453125 4.839839935302734 -22.506961822509766 0.026737945154309273 -0.8542685508728027 -0.2771707773208618 0.4389610290527344
1760456547.261672 -49.68050765991211 4.976783752441406 -23.016551971435547 0.024146869778633118 -0.85372394323349 -0.2782929539680481 0.4394603669643402
1760456547.661691 -50.18315887451172 5.070150375366211 -23.382915496826172 0.025206372141838074 -0.8536531925201416 -0.2767787277698517 0.4404933452606201
1760456548.061683 -50.672698974609375 5.165544509887695 -23.738018035888672 0.02489013783633709 -0.8531965613365173 -0.2768653333187103 0.441340833902359
1760456548.461588 -51.15331268310547 5.250558853149414 -24.068862915039062 0.02290455810725689 -0.8533869385719299 -0.2756793200969696 0.4418223202228546
1760456548.861599 -51.63478088378906 5.34083366394043 -24.406513214111328 0.022278370335698128 -0.8538485169410706 -0.27391067147254944 0.4420625865459442
1760456549.328264 -52.178253173828125 5.446224212646484 -24.788589477539062 0.01966588757932186 -0.8527361750602722 -0.276261568069458 0.4428699314594269
1760456549.861603 -52.738800048828125 5.549783706665039 -25.181468963623047 0.020165082067251205 -0.8527485132217407 -0.27607089281082153 0.44294264912605286
1760456550.46175 -53.39337158203125 5.681632995605469 -25.627601623535156 0.01956186443567276 -0.8520627617835999 -0.2769148051738739 0.4437619149684906
1760456550.861545 -53.86157989501953 5.769580841064453 -25.95673370361328 0.019901756197214127 -0.8523387312889099 -0.2763884961605072 0.44354483485221863
1760456551.261534 -54.360816955566406 5.860467910766602 -26.315834045410156 0.021359968930482864 -0.8534647822380066 -0.27273330092430115 0.44357427954673767
1760456551.661543 -54.8741340637207 5.976253509521484 -26.667709350585938 0.01244574785232544 -0.8500240445137024 -0.28315553069114685 0.4439900517463684
1760456552.128209 -55.459110260009766 6.0937652587890625 -27.08348846435547 0.01667158678174019 -0.8509818911552429 -0.28173673152923584 0.44291794300079346
1760456552.661513 -56.08533477783203 6.223987579345703 -27.53253936767578 0.02764798142015934 -0.849129319190979 -0.27942752838134766 0.4473649263381958
1760456553.261531 -56.758487701416016 6.373537063598633 -28.007736206054688 0.022784607484936714 -0.8430805802345276 -0.2922810912132263 0.4508521556854248
1760456553.861505 -57.31221008300781 6.460783004760742 -28.390335083007812 0.02785281091928482 -0.8482112288475037 -0.27738070487976074 0.45035749673843384
1760456554.46149 -57.88733673095703 6.5611419677734375 -28.771041870117188 0.024428777396678925 -0.8475477695465088 -0.2763293385505676 0.452446848154068
1760456555.061465 -58.43220520019531 6.650386810302734 -29.142303466796875 0.022438112646341324 -0.8497606515884399 -0.2716352641582489 0.4512402415275574
1760456555.661579 -58.989280700683594 6.7364044189453125 -29.51696014404297 0.01962701417505741 -0.8522305488586426 -0.2650814652442932 0.4506104290485382
1760456556.261439 -59.55657196044922 6.817455291748047 -29.901260375976562 0.017677828669548035 -0.8545355200767517 -0.26124948263168335 0.4485592246055603
1760456556.861444 -60.094757080078125 6.933771133422852 -30.321632385253906 0.019295092672109604 -0.8618767261505127 -0.27242138981819153 0.4272971749305725
1760456557.461436 -60.604827880859375 7.061374664306641 -30.76641845703125 0.018930824473500252 -0.8722949028015137 -0.28173619508743286 0.3992091119289398
1760456558.061414 -61.130035400390625 7.181667327880859 -31.23082733154297 0.01668372191488743 -0.8770108819007874 -0.2817906439304352 0.38880273699760437
1760456558.661389 -61.639095306396484 7.327604293823242 -31.713706970214844 0.016271498054265976 -0.8801982402801514 -0.2844739556312561 0.37955358624458313
1760456559.261378 -62.15504455566406 7.479091644287109 -32.199073791503906 0.019085798412561417 -0.8795295357704163 -0.2939221262931824 0.3737289309501648
1760456559.861333 -62.66232681274414 7.626079559326172 -32.69647216796875 0.027099192142486572 -0.88118577003479 -0.290790855884552 0.37177687883377075
1760456560.461394 -63.15482711791992 7.780860900878906 -33.20265197753906 0.03350016847252846 -0.880613386631012 -0.29719632863998413 0.3675217926502228
1760456561.061343 -63.62507629394531 7.927772521972656 -33.701576232910156 0.039448801428079605 -0.884810209274292 -0.30000659823417664 0.35433146357536316
1760456561.661311 -64.05902099609375 8.126445770263672 -34.23603057861328 0.03102025017142296 -0.8947097659111023 -0.317227840423584 0.3128877580165863
1760456562.261304 -64.43568420410156 8.293006896972656 -34.78412628173828 0.031194783747196198 -0.9080477356910706 -0.312201589345932 0.2775003910064697
1760456562.861285 -64.75553131103516 8.484861373901367 -35.36784362792969 0.030400261282920837 -0.9191673994064331 -0.31214314699172974 0.23827241361141205
1760456563.461301 -65.02384185791016 8.679323196411133 -35.96582794189453 0.03304291516542435 -0.9286668300628662 -0.3110956847667694 0.1992625892162323
1760456564.061245 -65.2469482421875 8.886001586914062 -36.616943359375 0.03465105593204498 -0.9357254505157471 -0.31228798627853394 0.16029202938079834
1760456564.661443 -65.47737884521484 9.107954025268555 -37.276695251464844 0.03469095006585121 -0.9363357424736023 -0.31437012553215027 0.1524578034877777
1760456565.261255 -65.68450927734375 9.327449798583984 -37.906700134277344 0.03387758135795593 -0.9370530843734741 -0.317874550819397 0.14049769937992096
1760456565.86123 -65.87620544433594 9.546558380126953 -38.55426025390625 0.03434916213154793 -0.9388298392295837 -0.31751182675361633 0.1288600116968155
1760456566.461192 -66.04839324951172 9.766427993774414 -39.20391845703125 0.03294404223561287 -0.9400548934936523 -0.3187975287437439 0.11653170734643936
1760456567.061191 -66.20703125 9.990152359008789 -39.86259460449219 0.0336679108440876 -0.9406517744064331 -0.32094427943229675 0.10505029559135437
1760456567.661172 -66.31393432617188 10.226789474487305 -40.5208625793457 0.03330936282873154 -0.9421382546424866 -0.3267229199409485 0.06721722334623337
1760456568.261109 -66.34086608886719 10.45598030090332 -41.170284271240234 0.029319867491722107 -0.9450469017028809 -0.3250076174736023 0.019917717203497887
1760456568.861255 -66.31792449951172 10.700704574584961 -41.82589340209961 0.027439430356025696 -0.9427163004875183 -0.33187228441238403 -0.01984667405486107
1760456569.461129 -66.25544738769531 10.927577018737793 -42.4756965637207 0.026602905243635178 -0.9428425431251526 -0.3282206356525421 -0.051103625446558
1760456570.061137 -66.1210708618164 11.164920806884766 -43.11989212036133 0.028567442670464516 -0.9393279552459717 -0.32769957184791565 -0.09726202487945557
1760456570.66116 -65.94939422607422 11.429305076599121 -43.78126907348633 0.027811044827103615 -0.9345310926437378 -0.3339429795742035 -0.11983510106801987
1760456571.261127 -65.7698974609375 11.690738677978516 -44.44939422607422 0.01931736245751381 -0.9312117099761963 -0.33741772174835205 -0.13645848631858826
1760456571.86108 -65.57611083984375 11.936235427856445 -45.102359771728516 0.013525525107979774 -0.9314551949501038 -0.3305666744709015 -0.1514398753643036
1760456572.461132 -65.34896087646484 12.174945831298828 -45.74662780761719 0.014719697646796703 -0.9301756620407104 -0.32780611515045166 -0.16462001204490662
1760456573.061323 -65.11585235595703 12.41494369506836 -46.37847137451172 0.014418043196201324 -0.928091824054718 -0.32727205753326416 -0.17700505256652832
1760456573.661049 -64.8477554321289 12.670880317687988 -47.011165618896484 0.019111474975943565 -0.9245407581329346 -0.33012306690216064 -0.189414843916893
1760456574.261031 -64.56523895263672 12.913360595703125 -47.63798522949219 0.026613369584083557 -0.9226082563400269 -0.3295883536338806 -0.19863875210285187
1760456574.927873 -64.24654388427734 13.16012191772461 -48.30481719970703 0.034211136400699615 -0.9232050180435181 -0.3203834295272827 -0.20946741104125977
1760456575.660965 -63.89008331298828 13.441046714782715 -49.035369873046875 0.03839400038123131 -0.9208852648735046 -0.32006263732910156 -0.219217449426651
1760456576.394311 -63.512481689453125 13.732929229736328 -49.75459671020508 0.03405727818608284 -0.9169170260429382 -0.32451513409614563 -0.2297678142786026
1760456576.99432 -63.201995849609375 13.966264724731445 -50.34393310546875 0.031252384185791016 -0.915168285369873 -0.3243367373943329 -0.23726768791675568
1760456577.594251 -62.89318084716797 14.185866355895996 -50.92693328857422 0.025483334437012672 -0.9141424894332886 -0.32083895802497864 -0.24648848176002502
1760456577.994263 -62.614830017089844 14.366050720214844 -51.39158630371094 0.023633427917957306 -0.9112984538078308 -0.32205861806869507 -0.25545036792755127
1760456578.394262 -62.275787353515625 14.598393440246582 -51.94991683959961 0.02037018910050392 -0.9036900401115417 -0.3270360231399536 -0.2756388485431671
1760456578.794717 -61.87962341308594 14.798563957214355 -52.468544006347656 0.016926100477576256 -0.8944262862205505 -0.3201843500137329 -0.31176459789276123
1760456579.194255 -61.457496643066406 15.002108573913574 -52.956031799316406 0.01625700108706951 -0.8823663592338562 -0.31920501589775085 -0.34536004066467285
1760456579.594209 -61.00311279296875 15.19870662689209 -53.436248779296875 0.014366056770086288 -0.8775397539138794 -0.31761327385902405 -0.35894209146499634
1760456579.994207 -60.55088806152344 15.389412879943848 -53.92731475830078 0.007922428660094738 -0.8753583431243896 -0.31503748893737793 -0.3666558265686035
1760456580.394222 -60.08611297607422 15.596500396728516 -54.39521026611328 0.009372804313898087 -0.8711363673210144 -0.31908974051475525 -0.3731156289577484
1760456580.794213 -59.61872100830078 15.78462028503418 -54.86327362060547 0.0076972017996013165 -0.8685311079025269 -0.3178533613681793 -0.3802153766155243
1760456581.194357 -59.15919494628906 15.96534538269043 -55.31269073486328 0.003965520299971104 -0.866010308265686 -0.3166784346103668 -0.386943519115448
1760456581.594153 -58.67523193359375 16.16480255126953 -55.75684356689453 0.007429724093526602 -0.8613115549087524 -0.3210391700267792 -0.39372724294662476
1760456581.994153 -58.2122802734375 16.323205947875977 -56.17717361450195 0.0025762326549738646 -0.8613321185112 -0.3141341507434845 -0.3992743492126465
1760456582.394147 -57.737464904785156 16.50775146484375 -56.5843391418457 0.0054915170185267925 -0.8570979833602905 -0.31776881217956543 -0.4054330289363861
1760456582.794166 -57.26226043701172 16.68239974975586 -56.99960708618164 0.003900803392753005 -0.8550875186920166 -0.3165441155433655 -0.41062143445014954
1760456583.194297 -56.74153137207031 16.849565505981445 -57.43240737915039 0.002887725830078125 -0.8534910082817078 -0.312041312456131 -0.4173429310321808
1760456583.594144 -56.168434143066406 17.054767608642578 -57.90291213989258 0.003890297142788768 -0.8508167266845703 -0.31348299980163574 -0.4216919243335724
1760456583.994108 -55.59403991699219 17.25873565673828 -58.35622024536133 0.003645695745944977 -0.8475590348243713 -0.3158338963985443 -0.4264731705188751
1760456584.394147 -54.989105224609375 17.458341598510742 -58.821964263916016 0.007088048383593559 -0.8459250926971436 -0.3151102066040039 -0.4301929771900177
1760456584.660778 -54.5374755859375 17.610876083374023 -59.166358947753906 0.007488328497856855 -0.8452028036117554 -0.3132058084011078 -0.43298766016960144
1760456584.99411 -53.97975158691406 17.790027618408203 -59.583675384521484 0.00933106243610382 -0.8428398370742798 -0.31401899456977844 -0.4369509220123291
1760456585.260765 -53.51446533203125 17.9484920501709 -59.92931365966797 0.012604955583810806 -0.8412186503410339 -0.314129501581192 -0.4399034082889557
1760456585.594087 -52.918739318847656 18.126802444458008 -60.36811447143555 0.012763720005750656 -0.8413623571395874 -0.30851900577545166 -0.44357919692993164
1760456585.860767 -52.43907928466797 18.286937713623047 -60.713401794433594 0.013360906392335892 -0.8388327956199646 -0.3108382523059845 -0.4467220604419708
1760456586.194038 -51.82463073730469 18.486692428588867 -61.136627197265625 0.013781393878161907 -0.8370489478111267 -0.3113594949245453 -0.44968265295028687
1760456586.460724 -51.32317352294922 18.64327621459961 -61.48100280761719 0.014162183739244938 -0.8355273008346558 -0.31189173460006714 -0.4521251320838928
1760456586.794137 -50.7000732421875 18.843469619750977 -61.907596588134766 0.015285548754036427 -0.8336142897605896 -0.3123224377632141 -0.45531120896339417
1760456587.06073 -50.19493865966797 19.004117965698242 -62.24864196777344 0.01186020951718092 -0.8315725326538086 -0.3141553997993469 -0.4578787088394165
1760456587.394041 -49.609535217285156 19.182180404663086 -62.654544830322266 0.009483705274760723 -0.8323954343795776 -0.3094840943813324 -0.45961669087409973
1760456587.660737 -49.09124755859375 19.347564697265625 -62.99729919433594 0.010002640075981617 -0.8296647071838379 -0.31300896406173706 -0.4621492624282837
1760456587.99404 -48.480690002441406 19.535911560058594 -63.40755844116211 0.010006289929151535 -0.8290579319000244 -0.31168851256370544 -0.4641261696815491
1760456588.260685 -47.96455383300781 19.699249267578125 -63.73728561401367 0.009071475826203823 -0.8265314698219299 -0.3150235116481781 -0.4663942754268646
1760456588.594023 -47.32012939453125 19.896644592285156 -64.15255737304688 0.010522151365876198 -0.8257521986961365 -0.31359267234802246 -0.4687027931213379
1760456588.860658 -46.77667999267578 20.070560455322266 -64.48352813720703 0.013524957932531834 -0.8240194916725159 -0.31593212485313416 -0.4701019525527954
1760456589.260662 -46.074005126953125 20.29436492919922 -64.91097259521484 0.01962731033563614 -0.8182693123817444 -0.32044482231140137 -0.47682836651802063
1760456589.794238 -45.47417449951172 20.472822189331055 -65.2814712524414 0.01621939055621624 -0.8204812407493591 -0.3138597011566162 -0.4775348901748657
1760456590.393995 -44.87071990966797 20.655426025390625 -65.63094329833984 0.01806795224547386 -0.8160820007324219 -0.3151329755783081 -0.4841228127479553
1760456590.993949 -44.250885009765625 20.822696685791016 -65.95286560058594 0.016326164826750755 -0.8052939772605896 -0.3083251118659973 -0.5061330199241638
1760456591.593945 -43.61365509033203 20.983556747436523 -66.28170776367188 0.014963817782700062 -0.8025562763214111 -0.3062082529067993 -0.511777400970459
1760456592.193939 -42.98631286621094 21.14968490600586 -66.5941390991211 0.014405382797122002 -0.8010740876197815 -0.3024112582206726 -0.5163528323173523
1760456592.793895 -42.35950469970703 21.310972213745117 -66.8919677734375 0.01817939430475235 -0.7987549901008606 -0.30244094133377075 -0.5197976231575012
1760456593.393918 -41.70996856689453 21.47540855407715 -67.1894302368164 0.021179022267460823 -0.7961676120758057 -0.3023209571838379 -0.5237085223197937
1760456593.993891 -41.03675842285156 21.629989624023438 -67.42613220214844 0.02401844598352909 -0.7716724276542664 -0.30152300000190735 -0.5594896674156189
1760456594.593881 -40.374061584472656 21.72337532043457 -67.58151245117188 0.013604145497083664 -0.7412365674972534 -0.2865331172943115 -0.6068625450134277
1760456595.193849 -39.675777435302734 21.82610511779785 -67.67708587646484 0.020588742569088936 -0.7159116268157959 -0.2800493836402893 -0.6392331123352051
1760456595.793847 -38.94804382324219 21.907154083251953 -67.72114562988281 0.027542483061552048 -0.6951139569282532 -0.27079564332962036 -0.6653779745101929
1760456596.393825 -38.26752471923828 21.98047637939453 -67.77323913574219 0.023253990337252617 -0.6866135597229004 -0.2670038640499115 -0.675818145275116
1760456596.993825 -37.56209945678711 22.046531677246094 -67.82661437988281 0.013891610316932201 -0.6724659204483032 -0.27006494998931885 -0.6889569163322449
1760456597.593766 -36.903011322021484 22.06800079345703 -67.85324096679688 -0.011999305337667465 -0.6658551692962646 -0.2569595277309418 -0.7003319263458252
1760456598.193783 -36.22163391113281 22.080669403076172 -67.84785461425781 -0.014713874086737633 -0.6449297666549683 -0.2531823217868805 -0.7209354639053345
1760456598.793787 -35.582035064697266 22.054012298583984 -67.75904083251953 -0.019391492009162903 -0.609024167060852 -0.23294350504875183 -0.7579253911972046
1760456599.593714 -34.762786865234375 21.98309326171875 -67.50834655761719 -0.015454282984137535 -0.5470162034034729 -0.21119798719882965 -0.8098949790000916
1760456600.193882 -34.14501190185547 21.90450668334961 -67.25205993652344 -0.012976217083632946 -0.502407968044281 -0.20149721205234528 -0.8407239317893982
1760456600.793753 -33.52470397949219 21.825632095336914 -66.96675872802734 -0.011688781902194023 -0.487632155418396 -0.19714485108852386 -0.8504188656806946
1760456601.393717 -32.895999908447266 21.74842071533203 -66.65119934082031 -0.005924318451434374 -0.4737333655357361 -0.1968032419681549 -0.8583764433860779
1760456601.993668 -32.31413269042969 21.646591186523438 -66.347900390625 -0.013382483273744583 -0.4657919704914093 -0.1886974275112152 -0.8644374012947083
1760456602.593677 -31.73356056213379 21.537900924682617 -66.0062255859375 -0.010817516595125198 -0.44202688336372375 -0.18029442429542542 -0.8786291480064392
1760456603.193678 -31.171737670898438 21.433815002441406 -65.61993408203125 -0.004410177934914827 -0.4136078953742981 -0.1794615536928177 -0.8925820589065552
1760456603.793618 -30.612064361572266 21.330394744873047 -65.21920013427734 0.0030034997034817934 -0.4077652394771576 -0.17544184625148773 -0.8960684537887573
1760456604.393622 -30.09060287475586 21.200794219970703 -64.84172821044922 -0.01196333672851324 -0.3990701735019684 -0.1633879691362381 -0.9021664261817932
1760456604.993632 -29.5279541015625 21.096317291259766 -64.41813659667969 0.003176666796207428 -0.38621193170547485 -0.17390936613082886 -0.9058619737625122
1760456605.593612 -28.999309539794922 20.98278045654297 -64.00943756103516 0.003558992873877287 -0.38748055696487427 -0.1735403835773468 -0.9053893685340881
1760456606.193569 -28.479305267333984 20.87900161743164 -63.612876892089844 0.0020312159322202206 -0.39172840118408203 -0.17175406217575073 -0.9039055705070496
1760456606.793558 -27.947811126708984 20.76846694946289 -63.19853973388672 0.005170391406863928 -0.38508790731430054 -0.16975755989551544 -0.9071179628372192
1760456607.39356 -27.4051513671875 20.664756774902344 -62.80387878417969 0.0049022794701159 -0.3972783386707306 -0.17330418527126312 -0.9011722803115845
1760456607.993572 -26.88618278503418 20.5684871673584 -62.42561340332031 0.004682835657149553 -0.4029170870780945 -0.17466792464256287 -0.8984025716781616
1760456608.593521 -26.34349822998047 20.46274185180664 -62.01892852783203 0.00537616154178977 -0.40047985315322876 -0.17375656962394714 -0.8996642231941223
1760456609.193514 -25.796560287475586 20.364776611328125 -61.61548614501953 0.006072347052395344 -0.39791029691696167 -0.1751137524843216 -0.9005364179611206
1760456609.793519 -25.23375701904297 20.265914916992188 -61.24998474121094 0.004104635212570429 -0.414313942193985 -0.17897821962833405 -0.8923530578613281
1760456610.393529 -24.692527770996094 20.17156219482422 -60.86004638671875 0.008620022796094418 -0.412771075963974 -0.17747317254543304 -0.8933359384536743
1760456610.993453 -24.11558723449707 20.076189041137695 -60.469207763671875 0.006771035026758909 -0.41295894980430603 -0.1772436648607254 -0.8933106064796448
1760456611.593454 -23.56902313232422 19.976520538330078 -60.08732223510742 0.006487047299742699 -0.4150131046772003 -0.17586277425289154 -0.8926334381103516
1760456612.193505 -22.877105712890625 19.858051300048828 -59.61426544189453 0.005067663267254829 -0.416757196187973 -0.1743125170469284 -0.8921340107917786
1760456612.660102 -22.241302490234375 19.75487518310547 -59.18975067138672 0.008882862515747547 -0.41809922456741333 -0.17334289848804474 -0.891664981842041
1760456613.060081 -21.639507293701172 19.65129280090332 -58.76924133300781 0.008754625916481018 -0.4191887080669403 -0.17112110555171967 -0.8915838599205017
1760456613.460085 -20.979026794433594 19.53097915649414 -58.32880401611328 0.007883250713348389 -0.4215751886367798 -0.1677752286195755 -0.8911025524139404
1760456613.793446 -20.340986251831055 19.42561912536621 -57.89604568481445 0.010303872637450695 -0.4216081202030182 -0.16851922869682312 -0.8909217715263367
1760456613.993405 -19.94382095336914 19.356210708618164 -57.62474060058594 0.010625780560076237 -0.421719491481781 -0.16825298964977264 -0.8909156918525696
1760456614.260106 -19.41434097290039 19.269699096679688 -57.269317626953125 0.011006128042936325 -0.42097964882850647 -0.16855263710021973 -0.891204297542572
1760456614.593436 -18.773927688598633 19.174232482910156 -56.84785079956055 0.015427980571985245 -0.4196831285953522 -0.1726759523153305 -0.8909608125686646
1760456614.860004 -18.261402130126953 19.06492042541504 -56.52431869506836 -0.0015753485495224595 -0.4213043451309204 -0.16663877665996552 -0.8914772868156433
1760456615.193357 -17.625734329223633 18.974563598632812 -56.081111907958984 0.012748358771204948 -0.4193020164966583 -0.17311735451221466 -0.8910969495773315
1760456615.460944 -17.119367599487305 18.882827758789062 -55.742103576660156 0.008576358668506145 -0.41920435428619385 -0.17250917851924896 -0.8913107514381409
1760456615.793357 -16.47677230834961 18.768571853637695 -55.32217025756836 0.009797770529985428 -0.41972672939300537 -0.171613410115242 -0.8912252187728882
1760456616.060031 -15.96208381652832 18.676456451416016 -54.9769172668457 0.007213464472442865 -0.41912150382995605 -0.16970257461071014 -0.8919004201889038
1760456616.326691 -15.444509506225586 18.59050941467285 -54.6234130859375 0.01086009107530117 -0.41790950298309326 -0.17123596370220184 -0.8921390175819397
1760456616.660016 -14.789523124694824 18.47313117980957 -54.188514709472656 0.007376574911177158 -0.416140079498291 -0.17156651616096497 -0.8929378390312195
1760456616.993349 -14.180109977722168 18.356801986694336 -53.726417541503906 0.007385772652924061 -0.39127305150032043 -0.16526241600513458 -0.9052839875221252
1760456617.193333 -13.832923889160156 18.272123336791992 -53.424285888671875 0.005412487778812647 -0.3766944408416748 -0.15831662714481354 -0.912692666053772
1760456617.526708 -13.277379035949707 18.137989044189453 -52.94329833984375 0.00457174563780427 -0.3689444661140442 -0.1522577702999115 -0.9168842434883118
1760456617.593298 -13.162435531616211 18.111391067504883 -52.840084075927734 0.005555091891437769 -0.37056002020835876 -0.15362875163555145 -0.9159982204437256
1760456617.926671 -12.575865745544434 17.977848052978516 -52.335296630859375 0.007840809412300587 -0.3652310371398926 -0.15303641557693481 -0.9182182550430298
1760456618.126638 -12.226622581481934 17.881351470947266 -52.027435302734375 0.004187225829809904 -0.36607301235198975 -0.15091899037361145 -0.9182572960853577
1760456618.326659 -11.870988845825195 17.792709350585938 -51.719947814941406 0.004163451958447695 -0.36383339762687683 -0.14909414947032928 -0.9194449186325073
1760456618.593319 -11.415452003479004 17.676860809326172 -51.312767028808594 0.004357393831014633 -0.3599749505519867 -0.14960353076457977 -0.9208788871765137
1760456618.926772 -10.843294143676758 17.533039093017578 -50.811912536621094 0.004030073992908001 -0.35748520493507385 -0.14715515077114105 -0.9222437143325806
1760456619.193294 -10.391637802124023 17.41946029663086 -50.406158447265625 0.005773726385086775 -0.3555619716644287 -0.1453222632408142 -0.9232680201530457
1760456619.393244 -10.048626899719238 17.339719772338867 -50.09254837036133 0.00799889862537384 -0.3517892062664032 -0.1449839025735855 -0.9247485995292664
1760456619.726601 -9.531044960021973 17.186031341552734 -49.58982849121094 0.0057648769579827785 -0.3370882272720337 -0.13805726170539856 -0.931277871131897
1760456619.993265 -9.151893615722656 17.05860137939453 -49.15950012207031 0.0042359670624136925 -0.3078119158744812 -0.12965254485607147 -0.9425625801086426
1760456620.326583 -8.713102340698242 16.891313552856445 -48.57756042480469 0.011004007421433926 -0.27663740515708923 -0.11953650414943695 -0.9534472823143005
1760456620.593243 -8.350622177124023 16.73215675354004 -48.12089538574219 -0.0021023480221629143 -0.2798636555671692 -0.11812885105609894 -0.9527420997619629
1760456620.92658 -7.884512901306152 16.558671951293945 -47.508201599121094 0.006301486864686012 -0.2694559693336487 -0.11910298466682434 -0.9555984139442444
1760456621.126573 -7.6062912940979 16.449993133544922 -47.13883590698242 0.006642636377364397 -0.26438289880752563 -0.12065163999795914 -0.9568180441856384
1760456621.393255 -7.2515668869018555 16.301429748535156 -46.63941955566406 0.00503122340887785 -0.2609710097312927 -0.1173657774925232 -0.9581723213195801
1760456621.726519 -6.832791805267334 16.11958122253418 -46.0363655090332 0.0029682740569114685 -0.25472164154052734 -0.11454757302999496 -0.9602015018463135
1760456621.993208 -6.490168571472168 15.968439102172852 -45.53274917602539 0.003737867809832096 -0.25180503726005554 -0.11274859309196472 -0.961180567741394
1760456622.193188 -6.2447662353515625 15.855426788330078 -45.16432571411133 0.003443365450948477 -0.24907872080802917 -0.10857240110635757 -0.9623720645904541
1760456622.393193 -5.998119354248047 15.741500854492188 -44.79595184326172 0.002880330430343747 -0.24559420347213745 -0.10639066249132156 -0.9635124802589417
1760456622.726521 -5.603107452392578 15.547317504882812 -44.18910598754883 -0.00021086241758894175 -0.24202361702919006 -0.10103073716163635 -0.9649960398674011
1760456622.993189 -5.304477214813232 15.403139114379883 -43.69590377807617 0.004091154783964157 -0.23683679103851318 -0.10076211392879486 -0.9663015604019165
1760456623.193369 -5.07735013961792 15.28902530670166 -43.319847106933594 0.004359499551355839 -0.2359030842781067 -0.0985862985253334 -0.9667530655860901
1760456623.526522 -4.696550369262695 15.10811710357666 -42.70816421508789 0.007690139580518007 -0.2308734655380249 -0.09473150223493576 -0.9683306813240051
1760456623.726525 -4.472311019897461 14.990707397460938 -42.326969146728516 0.006436312571167946 -0.22808532416820526 -0.09334506094455719 -0.9691348671913147
1760456623.993157 -4.189773082733154 14.843128204345703 -41.84907531738281 0.00495717441663146 -0.22520354390144348 -0.09078910201787949 -0.9700599312782288
1760456624.32647 -3.8438611030578613 14.65934944152832 -41.250545501708984 0.005135398358106613 -0.22031977772712708 -0.09002725034952164 -0.9712507128715515
1760456624.593166 -3.571475028991699 14.510363578796387 -40.78013610839844 0.002471672371029854 -0.21836751699447632 -0.08635339885950089 -0.9720353484153748
1760456624.793137 -3.36993408203125 14.396784782409668 -40.43428039550781 0.003521754639223218 -0.2147568315267563 -0.08573690056800842 -0.9728906750679016
1760456625.126469 -3.0376312732696533 14.202709197998047 -39.81753921508789 0.0036442631389945745 -0.20945404469966888 -0.08692428469657898 -0.9739404320716858
1760456625.393137 -2.7755308151245117 14.051558494567871 -39.344120025634766 0.00422893138602376 -0.2061464488506317 -0.08611812442541122 -0.9747151136398315
1760456625.593241 -2.5869479179382324 13.937784194946289 -38.98237228393555 0.0036478417459875345 -0.20521661639213562 -0.08367925882339478 -0.9751259684562683
1760456625.926489 -2.2771642208099365 13.764952659606934 -38.392635345458984 0.010574549436569214 -0.19853858649730682 -0.0789208933711052 -0.9768531918525696
1760456626.193088 -2.073808193206787 13.611601829528809 -37.915557861328125 0.004807445220649242 -0.16604599356651306 -0.06996633857488632 -0.9836210608482361
1760456626.52643 -1.8555594682693481 13.42061996459961 -37.31850051879883 0.0033745993860065937 -0.14315025508403778 -0.05826353654265404 -0.9879786968231201
1760456626.726437 -1.7206451892852783 13.299922943115234 -36.94160079956055 0.004346517845988274 -0.14460350573062897 -0.05746340751647949 -0.9878101944923401
1760456626.993105 -1.5411882400512695 13.137970924377441 -36.43116760253906 0.005762198939919472 -0.1407051533460617 -0.05597439408302307 -0.9884511828422546
1760456627.326468 -1.3187636137008667 12.929666519165039 -35.799434661865234 0.0031866305507719517 -0.1348688155412674 -0.0527176596224308 -0.989454984664917
1760456627.593093 -1.1611396074295044 12.762328147888184 -35.27732467651367 0.004607276525348425 -0.13057675957679749 -0.05214998126029968 -0.9900550246238708
1760456627.793088 -1.034202218055725 12.631190299987793 -34.87662124633789 0.0031079587060958147 -0.1264343410730362 -0.05170264467597008 -0.99062180519104
1760456627.993251 -0.9143881797790527 12.507379531860352 -34.479736328125 0.005574233829975128 -0.12192241847515106 -0.05004424601793289 -0.9912615418434143
1760456628.326365 -0.7280889749526978 12.295297622680664 -33.8570442199707 0.0013801835011690855 -0.11896750330924988 -0.048573192209005356 -0.9917083978652954
1760456628.593035 -0.5686171054840088 12.126623153686523 -33.327423095703125 0.0044159418903291225 -0.11370840668678284 -0.04597611725330353 -0.9924399852752686
1760456628.926374 -0.38467803597450256 11.910338401794434 -32.69900131225586 0.0024395387154072523 -0.11026710271835327 -0.04314250871539116 -0.9929622411727905
1760456629.193112 -0.2484903633594513 11.72951602935791 -32.17356491088867 -0.0002445485151838511 -0.10665106028318405 -0.04006827995181084 -0.9934888482093811
1760456629.393054 -0.1435057520866394 11.603242874145508 -31.7755184173584 0.0012587342644110322 -0.10353119671344757 -0.03988117352128029 -0.9938255548477173
1760456629.726389 0.02372497320175171 11.385941505432129 -31.132007598876953 0.0007663537398912013 -0.09872664511203766 -0.037629082798957825 -0.9944026470184326
1760456629.993296 0.1497708559036255 11.207406997680664 -30.580463409423828 0.0020365247037261724 -0.09452713280916214 -0.03608487918972969 -0.9948660135269165
1760456630.326377 0.30180272459983826 10.986931800842285 -29.933019638061523 -0.0006422687438316643 -0.09060041606426239 -0.035751696676015854 -0.9952452182769775
1760456630.526357 0.40250539779663086 10.849641799926758 -29.512910842895508 0.0027995887212455273 -0.08701284229755402 -0.03532302752137184 -0.9955768585205078
1760456630.793014 0.5229998826980591 10.672050476074219 -28.969751358032227 0.0037091451231390238 -0.08364954590797424 -0.03415122628211975 -0.995902955532074
1760456631.12633 0.6597424149513245 10.454575538635254 -28.315689086914062 0.002243268070742488 -0.08101755380630493 -0.03087855502963066 -0.9962317943572998
1760456631.393134 0.7603099346160889 10.28211498260498 -27.789445877075195 0.0008537269313819706 -0.07882104814052582 -0.027634117752313614 -0.9965053200721741
1760456631.72632 0.9041582942008972 10.066354751586914 -27.16378402709961 0.0014055899810045958 -0.07443815469741821 -0.026761094108223915 -0.9968655109405518
1760456631.993053 0.9970911741256714 9.888449668884277 -26.636837005615234 -0.0014611771330237389 -0.07148989289999008 -0.024006806313991547 -0.9971513152122498
1760456632.328625 1.103990077972412 9.6669340133667 -26.004928588867188 -0.00244664098136127 -0.0683957189321518 -0.021818267181515694 -0.9974166750907898
1760456632.593019 1.1944347620010376 9.49708366394043 -25.504589080810547 -0.0020052799955010414 -0.06517744064331055 -0.02173350378870964 -0.9976349472999573
1760456632.926253 1.2901006937026978 9.269042015075684 -24.864173889160156 -0.006166933570057154 -0.06205298751592636 -0.02027851715683937 -0.9978477954864502
1760456633.192935 1.3707324266433716 9.096294403076172 -24.354936599731445 -0.008057599887251854 -0.05907970294356346 -0.020818011835217476 -0.9980037212371826
1760456633.52626 1.4777086973190308 8.876434326171875 -23.697330474853516 -9.402297291671857e-05 -0.0559445358812809 -0.018516818061470985 -0.9982622265815735
1760456633.792936 1.549878478050232 8.69716739654541 -23.18967056274414 -0.001470100716687739 -0.053466618061065674 -0.01699196919798851 -0.9984240531921387
1760456634.126463 1.6382668018341064 8.468414306640625 -22.521015167236328 -0.000874050019774586 -0.05076412856578827 -0.01552683487534523 -0.9985896348953247
1760456634.392931 1.716874361038208 8.280506134033203 -21.976675033569336 -0.000898111320566386 -0.04860571026802063 -0.01315377652645111 -0.9987310767173767
1760456634.726287 1.792949914932251 8.051631927490234 -21.308624267578125 -0.0028354076202958822 -0.04606839641928673 -0.011781560257077217 -0.9988647699356079
1760456634.99286 1.8463190793991089 7.859859943389893 -20.766550064086914 -0.001844546990469098 -0.04312657564878464 -0.009957936592400074 -0.9990183115005493
1760456635.193011 1.8712536096572876 7.719831943511963 -20.357126235961914 -0.0006792697822675109 -0.027793334797024727 -0.004500017035752535 -0.9996033310890198
1760456635.526202 1.872035026550293 7.490838527679443 -19.7130126953125 -0.0035504261031746864 -0.0035258170682936907 0.002939044963568449 -0.9999831914901733
1760456635.792905 1.8919559717178345 7.331179618835449 -19.203107833862305 0.000643328414298594 -0.005268029402941465 0.0027607784140855074 -0.9999821186065674
1760456636.126195 1.901029109954834 7.104709625244141 -18.555511474609375 0.0017399500356987119 -0.00010900057532126084 0.003424355760216713 -0.9999926686286926
1760456636.459549 1.9108258485794067 6.849951267242432 -17.816478729248047 -0.004825476557016373 0.0047204638831317425 0.002192417159676552 -0.9999748468399048
1760456636.726218 1.9073094129562378 6.650634765625 -17.214677810668945 -0.002798108384013176 0.009564190171658993 0.0022652235347777605 -0.9999477863311768
1760456637.059534 1.893919825553894 6.393445014953613 -16.462461471557617 -0.0017926900181919336 0.014524147845804691 0.0019167603459209204 -0.9998911023139954
1760456637.326141 1.8737484216690063 6.196018218994141 -15.865283012390137 0.003058175090700388 0.019130641594529152 0.003570363624021411 -0.9998059272766113
1760456637.726184 1.850447654724121 5.949868202209473 -15.156131744384766 -0.0005103345611132681 0.025502506643533707 0.004658501595258713 -0.9996638298034668
1760456638.259484 1.8237159252166748 5.693493366241455 -14.419189453125 -0.0027401878032833338 0.02954527735710144 0.004266342613846064 -0.9995506405830383
1760456638.726142 1.785176157951355 5.4707818031311035 -13.74480152130127 0.002029190771281719 0.034133147448301315 0.0059142266400158405 -0.9993978142738342
1760456639.259484 1.743682861328125 5.234135150909424 -13.056547164916992 0.005786780267953873 0.03578373044729233 0.009486919268965721 -0.9992977976799011
1760456639.859423 1.7026411294937134 5.008861064910889 -12.431693077087402 -0.003587497631087899 0.039377208799123764 0.008313290774822235 -0.9991834163665771
1760456640.459423 1.6946460008621216 4.797082901000977 -11.836103439331055 -0.0033392594195902348 0.022930076345801353 0.0006367850000970066 -0.9997313618659973
1760456641.059435 1.7074140310287476 4.599592208862305 -11.240045547485352 0.0005336068570613861 0.007211837451905012 -0.006283685099333525 -0.9999541640281677
1760456641.726042 1.7089509963989258 4.3603010177612305 -10.556543350219727 -0.0005346963880583644 0.007352724205702543 -0.0076694791205227375 -0.9999434351921082
1760456642.459382 1.7254124879837036 4.092017650604248 -9.788026809692383 -0.00230602640658617 0.006086598616093397 -0.009090561419725418 -0.9999375343322754
1760456643.128142 1.7361423969268799 3.842517614364624 -9.055811882019043 -0.0030882367864251137 0.0035583856515586376 -0.010051785968244076 -0.999938428401947
1760456643.726056 1.7448116540908813 3.607067584991455 -8.410591125488281 -0.006418602541089058 0.0007629882893525064 -0.010500174015760422 -0.9999240636825562
1760456644.459323 1.7717435359954834 3.3327434062957764 -7.634828567504883 -0.007417081855237484 -0.0011753587750717998 -0.011417587287724018 -0.9999066591262817
1760456645.126254 1.7933224439620972 3.0824525356292725 -6.9157023429870605 -0.006693217437714338 -0.0030702855437994003 -0.012521028518676758 -0.9998944997787476
1760456645.72603 1.82268226146698 2.852172374725342 -6.255669116973877 -0.004893515724688768 -0.003391979029402137 -0.014897328801453114 -0.9998713135719299
1760456646.45943 1.854694128036499 2.571897029876709 -5.458499908447266 -0.006481564603745937 -0.005363070406019688 -0.017144927754998207 -0.9998176097869873
1760456647.059278 1.8827030658721924 2.3392670154571533 -4.805593013763428 -0.005347119644284248 -0.005989018827676773 -0.01803719252347946 -0.9998050928115845
1760456647.859297 1.876077651977539 2.0708885192871094 -4.0353803634643555 -0.004156697075814009 0.008705494925379753 -0.01404491811990738 -0.9998548626899719
1760456648.459263 1.8866182565689087 1.8464938402175903 -3.4243149757385254 -0.007888021878898144 0.009873850271105766 -0.01364339329302311 -0.9998270273208618
1760456649.059216 1.9128397703170776 1.6200361251831055 -2.774285078048706 -0.0041514006443321705 -0.011186760850250721 -0.018743092194199562 -0.9997531175613403
1760456649.859226 1.9917932748794556 1.340441346168518 -1.9993398189544678 -0.008041654713451862 -0.027332164347171783 -0.022082673385739326 -0.9993501305580139
1760456650.459166 1.9824602603912354 1.1130958795547485 -1.3642340898513794 -0.007549837697297335 0.0048904139548540115 -0.006628377828747034 -0.9999375939369202
1760456651.259169 1.9676860570907593 0.8333530426025391 -0.6026491522789001 -0.009130235761404037 0.007637343369424343 -0.001877442467957735 -0.9999274015426636
1760456652.05917 1.9538692235946655 0.5704630017280579 0.12039554119110107 -0.01276844646781683 0.011063083074986935 0.0016932161524891853 -0.9998559355735779
1760456652.659345 1.9523309469223022 0.3711119294166565 0.6849098801612854 -0.010057242587208748 0.011046508327126503 0.003935872111469507 -0.9998806715011597
1760456653.0591 1.9418680667877197 0.25214606523513794 1.0187268257141113 -0.0069237761199474335 0.01539035513997078 0.005644382908940315 -0.9998416900634766
1760456653.259273 1.9392281770706177 0.20711511373519897 1.1387847661972046 -0.008517717011272907 0.014859921298921108 0.005928576458245516 -0.999835729598999
