1741639992.621248 -0.0 -0.0 -0.0 -0.0 -0.0 -0.0 1.0
1741639997.953276 0.004070268012583256 -0.05983351916074753 0.17126579582691193 -0.00019730685744434595 0.0010706139728426933 0.00033898797119036317 0.9999994039535522
1741639998.753113 0.005205767694860697 -0.18054816126823425 0.5422001481056213 -0.0050153909251093864 0.0012996920850127935 -0.0014575414825230837 0.9999855160713196
1741639999.68608 -0.005272696726024151 -0.3246190547943115 0.9828420877456665 -0.003284949343651533 -0.01047606859356165 -0.002782791620120406 0.9999359250068665
1741640000.419405 -0.023706482723355293 -0.4879815876483917 1.4691779613494873 -0.0035266911145299673 -0.022048210725188255 -0.0026746210642158985 0.9997471570968628
1741640001.019264 -0.04822533205151558 -0.6355305314064026 1.8749812841415405 0.006164212245494127 -0.03047659434378147 -0.004818657413125038 0.9995048642158508
1741640001.619168 -0.08929881453514099 -0.7817263007164001 2.262023448944092 0.01252450980246067 -0.04857494309544563 -0.008333906531333923 0.9987063407897949
1741640002.685555 -0.17321792244911194 -1.0380852222442627 2.973834753036499 0.011692401021718979 -0.05406048148870468 -0.01282105315476656 0.9983868598937988
1741640003.618754 -0.25171810388565063 -1.276471495628357 3.622797727584839 0.012842252850532532 -0.05910494923591614 -0.01535805407911539 0.9980510473251343
1741640004.618299 -0.3465615510940552 -1.552916407585144 4.361842632293701 0.015952210873365402 -0.0616130456328392 -0.0173416119068861 0.9978219866752625
1741640005.551625 -0.4578937292098999 -1.8666051626205444 5.203950881958008 0.01809277944266796 -0.06411649286746979 -0.018762974068522453 0.9976019859313965
1741640006.418365 -0.5608399510383606 -2.1550610065460205 5.979660987854004 0.016790615394711494 -0.06543807685375214 -0.02013326808810234 0.9975122213363647
1741640007.351103 -0.6852375268936157 -2.4689061641693115 6.790585994720459 0.020192543044686317 -0.07101596891880035 -0.022966958582401276 0.9970062971115112
1741640008.284451 -0.8157814741134644 -2.7839291095733643 7.601079940795898 0.020132919773459435 -0.0756237655878067 -0.025268184021115303 0.9966129064559937
1741640009.284262 -0.9500352144241333 -3.0996267795562744 8.423968315124512 0.018965335562825203 -0.081659696996212 -0.02537495642900467 0.9961566925048828
1741640010.2172 -1.0817756652832031 -3.3921725749969482 9.192489624023438 0.018628297373652458 -0.08555025607347488 -0.0242651104927063 0.9958641529083252
1741640011.217295 -1.2280911207199097 -3.709167003631592 10.008788108825684 0.019705504179000854 -0.09083793312311172 -0.024943407624959946 0.9953582882881165
1741640012.017058 -1.3644788265228271 -3.9852442741394043 10.743979454040527 0.022186338901519775 -0.09639124572277069 -0.023636752739548683 0.9948155283927917
1741640012.883395 -1.4966083765029907 -4.276349067687988 11.532608985900879 0.02137245610356331 -0.10020294040441513 -0.02095695212483406 0.9945167303085327
1741640014.016675 -1.6702487468719482 -4.568944454193115 12.322031021118164 0.01994018629193306 -0.11724334210157394 -0.028370393440127373 0.9924976825714111
1741640015.616625 -2.0994348526000977 -4.879949569702148 13.0729398727417 0.022938508540391922 -0.22954683005809784 -0.07272975891828537 0.9703053832054138
1741640016.816179 -2.603822708129883 -5.126770973205566 13.687097549438477 0.021801969036459923 -0.3098996877670288 -0.09866963326931 0.9453842043876648
1741640017.882478 -3.1405515670776367 -5.303967475891113 14.049044609069824 0.03597397729754448 -0.38858678936958313 -0.12787529826164246 0.9117861390113831
1741640019.015819 -3.8273041248321533 -5.467275619506836 14.443002700805664 0.029659807682037354 -0.449882447719574 -0.15435999631881714 0.8791468739509583
1741640020.082309 -4.4768242835998535 -5.6121721267700195 14.716043472290039 0.04809991642832756 -0.48814502358436584 -0.1709451675415039 0.8545048236846924
1741640021.01546 -5.118683338165283 -5.700263977050781 14.920989990234375 0.036632321774959564 -0.5279930830001831 -0.19557304680347443 0.8256104588508606
1741640021.949267 -5.737545967102051 -5.79473352432251 15.090871810913086 0.03849978372454643 -0.5542317628860474 -0.19793102145195007 0.8075693845748901
1741640023.148303 -6.554169654846191 -5.8355302810668945 15.144067764282227 0.033591147512197495 -0.6305884718894958 -0.22911028563976288 0.7407686710357666
1741640024.281597 -7.307463645935059 -5.85706901550293 15.136083602905273 0.02618420496582985 -0.6673417687416077 -0.2407267689704895 0.7042869329452515
1741640025.348327 -8.023756980895996 -5.847685813903809 15.066507339477539 0.02689962275326252 -0.7028035521507263 -0.24932551383972168 0.6657180190086365
1741640026.347934 -8.701464653015137 -5.810595512390137 14.913293838500977 0.027951713651418686 -0.7409844398498535 -0.26302024722099304 0.6172367334365845
1741640027.281176 -9.302251815795898 -5.733721733093262 14.669296264648438 0.030416816473007202 -0.7781976461410522 -0.2797052562236786 0.5614697933197021
1741640028.480808 -10.078164100646973 -5.640879154205322 14.355657577514648 0.03109036199748516 -0.7841175198554993 -0.28089991211891174 0.5525290966033936
1741640029.480798 -10.734708786010742 -5.5797553062438965 14.114171981811523 0.031948287039995193 -0.7848541140556335 -0.27553054690361023 0.5541356801986694
1741640030.613986 -11.459905624389648 -5.496542453765869 13.807575225830078 0.036773037165403366 -0.7923137545585632 -0.273438036441803 0.5441676378250122
1741640031.813788 -12.17265510559082 -5.409649848937988 13.427200317382812 0.04158224165439606 -0.8182472586631775 -0.2759108543395996 0.5026088356971741
1741640032.813691 -12.707220077514648 -5.287907123565674 12.98924446105957 0.03986580669879913 -0.8513053059577942 -0.28335511684417725 0.4397726058959961
1741640033.346946 -13.157632827758789 -5.176101207733154 12.588089942932129 0.03703882545232773 -0.8668401837348938 -0.2876420319080353 0.4055592119693756
1741640033.813319 -13.583333969116211 -5.062865257263184 12.202539443969727 0.03591207414865494 -0.8708903789520264 -0.289455384016037 0.39557039737701416
1741640034.346738 -14.071338653564453 -4.9345293045043945 11.751452445983887 0.03591972589492798 -0.8747202157974243 -0.2919432520866394 0.3851539194583893
1741640035.013364 -14.663991928100586 -4.792648792266846 11.200284957885742 0.03652056306600571 -0.8789454102516174 -0.2861747443675995 0.37977010011672974
1741640035.746591 -15.262521743774414 -4.637157917022705 10.5792236328125 0.04117347672581673 -0.8852438926696777 -0.2797965407371521 0.3692720830440521
1741640036.213006 -15.691444396972656 -4.531350135803223 10.139545440673828 0.04233662411570549 -0.8871132731437683 -0.2766893804073334 0.3669886887073517
1741640036.746264 -16.281160354614258 -4.369899272918701 9.480524063110352 0.042904049158096313 -0.8975778222084045 -0.2832227349281311 0.3351092040538788
1741640037.146378 -16.662609100341797 -4.233339309692383 8.950536727905273 0.04192862659692764 -0.9062040448188782 -0.287116676568985 0.30757153034210205
1741640037.412986 -16.942964553833008 -4.13106632232666 8.570640563964844 0.04226752743124962 -0.9069140553474426 -0.2886831760406494 0.3039446175098419
1741640037.746281 -17.27541160583496 -4.013417720794678 8.106489181518555 0.043543390929698944 -0.9084758162498474 -0.2886258363723755 0.29911673069000244
1741640038.146253 -17.6672306060791 -3.851374387741089 7.543841361999512 0.043567340821027756 -0.9096516966819763 -0.29139232635498047 0.29279062151908875
1741640038.479642 -18.00105094909668 -3.7195966243743896 7.060471534729004 0.04394204542040825 -0.9100885987281799 -0.2929892838001251 0.28976741433143616
1741640038.812652 -18.32738494873047 -3.589498996734619 6.585390090942383 0.04424506053328514 -0.9115480780601501 -0.29198262095451355 0.28612709045410156
1741640039.279226 -18.787364959716797 -3.397848129272461 5.903676986694336 0.041317347437143326 -0.9114704132080078 -0.2967894971370697 0.2818344235420227
1741640039.679551 -19.18604850769043 -3.2357192039489746 5.320222854614258 0.041532937437295914 -0.9109051823616028 -0.29554373025894165 0.2849225103855133
1741640040.079335 -19.591552734375 -3.0811550617218018 4.759246826171875 0.04239872843027115 -0.9078319072723389 -0.293885737657547 0.2960991859436035
1741640040.479239 -19.9996337890625 -2.91552734375 4.183575630187988 0.04292399436235428 -0.907927393913269 -0.29588350653648376 0.2937318682670593
1741640040.87923 -20.411327362060547 -2.759415626525879 3.611347198486328 0.04396739974617958 -0.908786952495575 -0.29530879855155945 0.29148903489112854
1741640041.279146 -20.82760238647461 -2.600384473800659 3.0271244049072266 0.044140901416540146 -0.9077825546264648 -0.29510489106178284 0.2947807013988495
1741640041.678904 -21.240550994873047 -2.4288101196289062 2.447610855102539 0.04545337334275246 -0.905530571937561 -0.29709357023239136 0.29947271943092346
1741640042.07889 -21.678504943847656 -2.27490234375 1.8905982971191406 0.04619468376040459 -0.8995091319084167 -0.29413023591041565 0.3197450637817383
1741640042.479046 -22.123699188232422 -2.128755569458008 1.344350814819336 0.047299373894929886 -0.9002407789230347 -0.29181933403015137 0.3196418583393097
1741640042.87927 -22.569091796875 -1.9744701385498047 0.7906246185302734 0.0472041480243206 -0.898226261138916 -0.2949675917625427 0.3224213421344757
1741640043.27935 -23.011547088623047 -1.8243651390075684 0.23160552978515625 0.04716850817203522 -0.8985425233840942 -0.2939947843551636 0.32243382930755615
1741640043.678834 -23.448749542236328 -1.6768112182617188 -0.3170661926269531 0.046872008591890335 -0.898979127407074 -0.29173922538757324 0.3233078420162201
1741640044.078776 -23.886066436767578 -1.5302491188049316 -0.8608856201171875 0.046909917145967484 -0.8997336626052856 -0.29080334305763245 0.3220439553260803
1741640044.411871 -24.251483917236328 -1.4118528366088867 -1.324972152709961 0.04468105360865593 -0.9013711810112 -0.2879098355770111 0.3203772008419037
1741640044.8787 -24.773109436035156 -1.241769790649414 -1.962930679321289 0.04372183233499527 -0.9007716774940491 -0.2885480523109436 0.32161909341812134
1741640045.278595 -25.230426788330078 -1.1012401580810547 -2.4950942993164062 0.04581230506300926 -0.8963401317596436 -0.28896230459213257 0.333131343126297
1741640045.678551 -25.678363800048828 -0.9679689407348633 -3.017498016357422 0.0464550144970417 -0.8936802744865417 -0.28571033477783203 0.34285157918930054
1741640046.211851 -26.25387954711914 -0.8094520568847656 -3.6414833068847656 0.04361391440033913 -0.8857658505439758 -0.2885594069957733 0.36090198159217834
1741640046.611874 -26.731666564941406 -0.6903867721557617 -4.118762969970703 0.04401786997914314 -0.883484959602356 -0.28271979093551636 0.37092623114585876
1741640047.078384 -27.311616897583008 -0.5424566268920898 -4.679569244384766 0.03884400799870491 -0.8798540234565735 -0.28427714109420776 0.37885960936546326
1741640047.611613 -27.914669036865234 -0.3763904571533203 -5.297126770019531 0.03753134235739708 -0.8876370787620544 -0.2873266637325287 0.3579597771167755
1741640048.144891 -28.47652244567871 -0.21012210845947266 -5.9113616943359375 0.038524311035871506 -0.8898851871490479 -0.28804880380630493 0.35163643956184387
1741640048.54485 -28.88722038269043 -0.09376144409179688 -6.379791259765625 0.039261240512132645 -0.8928530216217041 -0.28330928087234497 0.3478621244430542
1741640048.944805 -29.305320739746094 0.02394866943359375 -6.841621398925781 0.038752954453229904 -0.8911925554275513 -0.2846311926841736 0.3510829210281372
1741640049.34483 -29.71294403076172 0.13614273071289062 -7.281501770019531 0.037557028234004974 -0.8906819224357605 -0.2848185896873474 0.3523542881011963
1741640050.011154 -30.217464447021484 0.28487300872802734 -7.866294860839844 0.03852207958698273 -0.8905569911003113 -0.2862318754196167 0.3514194190502167
1741640051.077897 -30.951807022094727 0.5049915313720703 -8.698074340820312 0.03574448451399803 -0.8902152180671692 -0.28388267755508423 0.354471355676651
1741640051.677925 -31.392864227294922 0.622614860534668 -9.19173812866211 0.03664153814315796 -0.8904644846916199 -0.28225618600845337 0.35505181550979614
1741640052.877612 -32.07804870605469 0.8176136016845703 -10.011428833007812 0.03556642681360245 -0.8884420394897461 -0.2853337824344635 0.3577575385570526
1741640054.477501 -32.49565124511719 0.9793310165405273 -10.567131042480469 0.03370051085948944 -0.874733030796051 -0.28324463963508606 0.3917638957500458
1741640057.277112 -33.09507751464844 1.1907339096069336 -11.295158386230469 0.041184958070516586 -0.8684579133987427 -0.277200847864151 0.40895530581474304
1741640059.076871 -33.4525260925293 1.3127031326293945 -11.76706314086914 0.03886755183339119 -0.865369439125061 -0.2758823037147522 0.4165502190589905
1741640061.743312 -33.98207473754883 1.498122215270996 -12.404586791992188 0.0370081327855587 -0.8630739450454712 -0.2759678065776825 0.42139723896980286
1741640063.209549 -34.41364288330078 1.6179533004760742 -12.84048843383789 0.03547779098153114 -0.8539406061172485 -0.26964545249938965 0.44364187121391296
1741640066.209342 -35.29998779296875 1.714385986328125 -13.530731201171875 0.028686916455626488 -0.8544381856918335 -0.2657548189163208 0.44551846385002136
1741640068.609034 -36.00818634033203 1.754446029663086 -13.993400573730469 0.028586454689502716 -0.8449021577835083 -0.2696947157382965 0.4610726833343506
1741640070.475569 -36.62481689453125 1.7790660858154297 -14.253650665283203 0.02268623188138008 -0.8450285196304321 -0.2827702760696411 0.4532693922519684
1741640073.341907 -37.31869125366211 1.7972240447998047 -14.588176727294922 0.03078167326748371 -0.8494206666946411 -0.2751382887363434 0.4492616057395935
1741640076.474679 -38.646728515625 1.9806652069091797 -15.464149475097656 0.03804923593997955 -0.8473837971687317 -0.27768197655677795 0.4509830176830292
1741640078.607983 -39.725921630859375 2.1626014709472656 -16.16952133178711 0.03846437856554985 -0.8451169729232788 -0.2791013717651367 0.45431286096572876
1741640079.941118 -40.399940490722656 2.277029037475586 -16.60873794555664 0.03831429034471512 -0.8440015912055969 -0.28170832991600037 0.45478978753089905
1741640080.741057 -40.82975769042969 2.3575820922851562 -16.90304946899414 0.03753398358821869 -0.8446046113967896 -0.2837684750556946 0.4524485468864441
1741640081.740784 -41.367347717285156 2.461545944213867 -17.267589569091797 0.038187310099601746 -0.8438147902488708 -0.28484565019607544 0.4531901478767395
1741640083.074112 -42.033294677734375 2.6027088165283203 -17.74559783935547 0.034408342093229294 -0.8506222367286682 -0.2898942828178406 0.43728622794151306
1741640084.473787 -42.50513458251953 2.7497596740722656 -18.201221466064453 0.0336824469268322 -0.8714924454689026 -0.2999550402164459 0.3865145444869995
1741640085.673862 -43.073768615722656 2.933561325073242 -18.75708770751953 0.03368831053376198 -0.8742244243621826 -0.30660200119018555 0.3749561011791229
1741640086.807053 -43.593658447265625 3.0990982055664062 -19.2841796875 0.033170782029628754 -0.8821479082107544 -0.3001110255718231 0.36145299673080444
1741640088.140284 -44.219200134277344 3.3068618774414062 -19.930255889892578 0.024781648069620132 -0.8851104378700256 -0.30322539806365967 0.3521644175052643
1741640089.140408 -44.62116241455078 3.4580116271972656 -20.420791625976562 0.02209937945008278 -0.8985568284988403 -0.30428245663642883 0.3154670298099518
1741640090.340088 -45.108619689941406 3.6604652404785156 -21.05902862548828 0.02246866188943386 -0.9039131999015808 -0.30311691761016846 0.30092567205429077
1741640091.739835 -45.55224609375 3.893697738647461 -21.787281036376953 0.021673930808901787 -0.9213182330131531 -0.3048637807369232 0.24033531546592712
1741640093.339643 -45.81032943725586 4.244415283203125 -22.649330139160156 0.011753041297197342 -0.9334675073623657 -0.33947429060935974 0.11514104157686234
1741640094.806176 -45.86042785644531 4.568757057189941 -23.502260208129883 0.015425149351358414 -0.9390283823013306 -0.3425515592098236 0.025421040132641792
1741640095.80606 -45.86090850830078 4.877813339233398 -24.212284088134766 0.014558859169483185 -0.9343380928039551 -0.3560827672481537 -0.002364377724006772
1741640096.739516 -45.814090728759766 5.122499465942383 -24.837200164794922 0.013364531099796295 -0.9376800656318665 -0.34507107734680176 -0.03877557814121246
1741640097.939005 -45.72060012817383 5.431498050689697 -25.613113403320312 0.006824162323027849 -0.9355512261390686 -0.343887597322464 -0.08024146407842636
1741640099.205722 -45.5369873046875 5.723076820373535 -26.39654541015625 0.010488726198673248 -0.9338047504425049 -0.3339305818080902 -0.12801989912986755
1741640100.538758 -45.186546325683594 5.998631954193115 -27.142627716064453 0.014388724230229855 -0.9222086668014526 -0.3246745765209198 -0.20954883098602295
1741640101.738749 -44.804622650146484 6.280793190002441 -27.834613800048828 0.013275462202727795 -0.909525454044342 -0.3337005376815796 -0.24744953215122223
1741640102.938667 -44.40510177612305 6.536694526672363 -28.503971099853516 0.012782655656337738 -0.9114912152290344 -0.32402777671813965 -0.25303447246551514
1741640104.20518 -44.05792236328125 6.843905448913574 -29.262117385864258 0.01693101041018963 -0.9170078039169312 -0.33452484011650085 -0.21657145023345947
1741640105.005096 -43.81723403930664 7.042567729949951 -29.750646591186523 0.016197890043258667 -0.9163338541984558 -0.33366602659225464 -0.22076447308063507
1741640106.271442 -43.451751708984375 7.349479675292969 -30.51234245300293 0.01313965953886509 -0.9134860038757324 -0.33709433674812317 -0.22746020555496216
1741640107.471635 -43.10369873046875 7.647072792053223 -31.209529876708984 0.012714593671262264 -0.9112398624420166 -0.34075361490249634 -0.23101334273815155
1741640108.672923 -42.75554275512695 7.931028366088867 -31.879314422607422 0.008000092580914497 -0.9081819653511047 -0.3417404294013977 -0.2415677011013031
1741640109.937926 -42.335060119628906 8.198881149291992 -32.49395751953125 0.003530687652528286 -0.8909305930137634 -0.33985623717308044 -0.30121076107025146
1741640110.671207 -41.86851119995117 8.443519592285156 -33.0110969543457 -0.0013893130235373974 -0.8742154240608215 -0.33753329515457153 -0.3490228056907654
1741640111.337568 -41.29291534423828 8.681836128234863 -33.526458740234375 -0.004865461494773626 -0.8527697920799255 -0.33359649777412415 -0.401837557554245
1741640111.737587 -40.85000228881836 8.843263626098633 -33.86817932128906 -0.007201196160167456 -0.8416830897331238 -0.3298826515674591 -0.42742839455604553
1741640112.071256 -40.4408073425293 8.979752540588379 -34.16285705566406 -0.008039767853915691 -0.838853120803833 -0.32587093114852905 -0.4359690546989441
1741640112.471009 -39.967830657958984 9.1384916305542 -34.50398254394531 -0.008592197671532631 -0.8354814648628235 -0.32546958327293396 -0.44268089532852173
1741640112.870994 -39.4943733215332 9.289029121398926 -34.8359375 -0.0091626001521945 -0.8342118859291077 -0.3236948549747467 -0.4463498890399933
1741640113.270876 -39.0268440246582 9.433958053588867 -35.16083526611328 -0.010427102446556091 -0.8322457075119019 -0.32185128331184387 -0.45129823684692383
1741640113.737532 -38.495750427246094 9.598931312561035 -35.518280029296875 -0.008182195015251637 -0.8279403448104858 -0.3232387602329254 -0.45821887254714966
1741640114.070613 -38.08700180053711 9.717037200927734 -35.776466369628906 -0.006471999455243349 -0.8273959159851074 -0.3194165825843811 -0.4618951380252838
1741640114.470566 -37.607975006103516 9.859613418579102 -36.07310485839844 -0.004328808281570673 -0.8246572613716125 -0.3207651674747467 -0.465866357088089
1741640114.870702 -37.125205993652344 9.994335174560547 -36.354576110839844 -0.0009989941027015448 -0.8223756551742554 -0.31938818097114563 -0.47083809971809387
1741640116.603659 -36.60614013671875 10.065799713134766 -36.51197052001953 0.009203717112541199 -0.8298823833465576 -0.3229951560497284 -0.4548459053039551
1741640124.803084 -36.631202697753906 9.83258056640625 -36.301918029785156 0.018777169287204742 -0.8539103269577026 -0.3396943211555481 -0.3938177525997162
1741640125.269649 -36.04715347290039 10.10103702545166 -36.82834243774414 0.015937717631459236 -0.8513534665107727 -0.34296703338623047 -0.3966318368911743
1741640125.469785 -35.775760650634766 10.231799125671387 -37.06599426269531 0.017931556329131126 -0.8500444293022156 -0.3447425365447998 -0.3978135287761688
1741640125.936546 -35.1566162109375 10.504907608032227 -37.602943420410156 0.016039609909057617 -0.851922333240509 -0.34010323882102966 -0.39787036180496216
1741640126.402911 -34.576942443847656 10.771068572998047 -38.135589599609375 0.009427706710994244 -0.853661060333252 -0.33680620789527893 -0.3971593976020813
1741640126.736134 -34.1413688659668 10.973828315734863 -38.52433776855469 0.012126186862587929 -0.8525004386901855 -0.3403606116771698 -0.39654839038848877
1741640127.069446 -33.72856903076172 11.140932083129883 -38.889381408691406 0.008799980394542217 -0.8525887131690979 -0.3343808650970459 -0.4015028178691864
1741640127.735833 -33.07080078125 11.429216384887695 -39.4439582824707 0.012222825549542904 -0.8501223921775818 -0.3366638123989105 -0.40472212433815
1741640128.469295 -32.47919464111328 11.653258323669434 -39.90036392211914 0.01163760107010603 -0.8445019721984863 -0.3301049470901489 -0.4215587079524994
1741640129.669167 -31.762149810791016 11.919502258300781 -40.42216873168945 0.011004823260009289 -0.8251639604568481 -0.32933273911476135 -0.45882824063301086
1741640131.135921 -30.998756408691406 12.039695739746094 -40.593013763427734 0.010070564225316048 -0.7424511909484863 -0.3009778559207916 -0.5983955264091492
1741640132.402208 -30.274112701416016 12.09272575378418 -40.59630584716797 0.0054157148115336895 -0.6586443185806274 -0.2714628577232361 -0.7017594575881958
1741640133.601919 -29.521577835083008 12.093753814697266 -40.444915771484375 0.004164301324635744 -0.5805642604827881 -0.24859781563282013 -0.775323748588562
1741640134.801963 -28.822935104370117 12.00890064239502 -40.17500305175781 -0.009662330150604248 -0.5230991244316101 -0.21090775728225708 -0.8257068991661072
1741640136.201639 -28.053634643554688 11.87411880493164 -39.8255615234375 -0.030418897047638893 -0.48432645201683044 -0.1923106610774994 -0.8529473543167114
1741640137.601683 -27.217796325683594 11.759991645812988 -39.37583541870117 -0.019483737647533417 -0.44226938486099243 -0.20613780617713928 -0.8726542592048645
1741640138.934685 -26.52195930480957 11.597906112670898 -38.83456802368164 -0.01527997013181448 -0.3784652650356293 -0.18358157575130463 -0.9070988893508911
1741640139.601534 -26.10722541809082 11.475288391113281 -38.47214126586914 -0.017304079607129097 -0.36979424953460693 -0.1727900207042694 -0.9127411246299744
1741640140.134712 -25.590816497802734 11.32288932800293 -38.00878143310547 -0.019710546359419823 -0.3609268367290497 -0.16724424064159393 -0.9172637462615967
1741640140.534723 -25.132051467895508 11.203603744506836 -37.5897331237793 -0.008352954871952534 -0.35903623700141907 -0.16678288578987122 -0.9182628393173218
1741640140.934682 -24.657997131347656 11.097393035888672 -37.222599029541016 -0.008208119310438633 -0.38892340660095215 -0.17377477884292603 -0.9046952724456787
1741640141.33445 -24.15716552734375 11.003284454345703 -36.898311614990234 -0.008716564625501633 -0.41141483187675476 -0.18634642660617828 -0.8921529650688171
1741640141.801123 -23.546977996826172 10.923784255981445 -36.55072021484375 -0.003877997864037752 -0.4420851171016693 -0.2036244422197342 -0.8735461235046387
1741640142.401169 -22.811782836914062 10.82269287109375 -36.11088562011719 -0.0028801513835787773 -0.43905243277549744 -0.20322276651859283 -0.8751714825630188
1741640142.934452 -22.114999771118164 10.722302436828613 -35.68486404418945 0.0027727524284273386 -0.43944573402404785 -0.2035248875617981 -0.8749042749404907
1741640143.334415 -21.512454986572266 10.644659042358398 -35.32476806640625 0.0027327099815011024 -0.4384835362434387 -0.20305922627449036 -0.875495195388794
1741640143.735993 -20.909881591796875 10.568063735961914 -34.96137619018555 0.004579903557896614 -0.4379003942012787 -0.20290638506412506 -0.87581467628479
1741640144.134333 -20.32172203063965 10.492767333984375 -34.60619354248047 0.0024887160398066044 -0.4361514151096344 -0.20244468748569489 -0.8768021464347839
1741640144.534323 -19.733299255371094 10.413711547851562 -34.24312973022461 0.004695008508861065 -0.43546348810195923 -0.20085430145263672 -0.8775004744529724
1741640144.93428 -19.152759552001953 10.33509635925293 -33.8828010559082 0.005084129050374031 -0.43306586146354675 -0.19852276146411896 -0.879213809967041
1741640145.334207 -18.57715606689453 10.258835792541504 -33.52482604980469 0.004889213014394045 -0.4315827190876007 -0.19911745190620422 -0.8798094987869263
1741640145.734166 -18.001495361328125 10.175999641418457 -33.164546966552734 0.005140276160091162 -0.43164774775505066 -0.19792835414409637 -0.8800444602966309
1741640146.134124 -17.447845458984375 10.097220420837402 -32.822784423828125 0.006731746252626181 -0.4309810698032379 -0.19693073630332947 -0.8805840611457825
1741640146.534095 -16.90741539001465 10.026247024536133 -32.47087860107422 0.007283878047019243 -0.4301236867904663 -0.19756904244422913 -0.8808558583259583
1741640147.067199 -16.246110916137695 9.937097549438477 -32.061424255371094 0.0070723616518080235 -0.4319329559803009 -0.19755028188228607 -0.8799760341644287
1741640147.467313 -15.75705337524414 9.867618560791016 -31.751646041870117 0.0036308355629444122 -0.4335901737213135 -0.19507913291454315 -0.8797332048416138
1741640147.867268 -15.277929306030273 9.797022819519043 -31.445919036865234 0.005649493541568518 -0.43154552578926086 -0.1939294934272766 -0.8809812664985657
1741640148.267239 -14.834230422973633 9.722994804382324 -31.13908576965332 0.007773667573928833 -0.4189043343067169 -0.18904124200344086 -0.8881003260612488
1741640148.800791 -14.302216529846191 9.628130912780762 -30.772045135498047 0.007121034432202578 -0.4105272591114044 -0.18273572623729706 -0.8933221101760864
1741640149.400284 -13.737579345703125 9.535170555114746 -30.385452270507812 0.007243635132908821 -0.407571941614151 -0.17975039780139923 -0.8952779173851013
1741640150.267086 -13.024101257324219 9.434015274047852 -29.92691421508789 0.00730125280097127 -0.4024903476238251 -0.17842726409435272 -0.8978374600410461
1741640151.666898 -11.827162742614746 9.281234741210938 -29.478851318359375 0.0040649971924722195 -0.38935592770576477 -0.1756722331047058 -0.9041707515716553
1741640153.133385 -10.784143447875977 9.094785690307617 -28.817977905273438 0.011095666326582432 -0.35155969858169556 -0.15444567799568176 -0.9232709407806396
1741640154.000018 -10.188065528869629 8.94987678527832 -28.31386375427246 0.005541612394154072 -0.3359024226665497 -0.14949992299079895 -0.9299401044845581
1741640155.06636 -9.420489311218262 8.756969451904297 -27.641841888427734 0.00023966128355823457 -0.32073697447776794 -0.151331827044487 -0.9350007772445679
1741640156.599918 -8.394503593444824 8.465051651000977 -26.65871810913086 0.002301097847521305 -0.31278058886528015 -0.15055201947689056 -0.9378150701522827
1741640156.999678 -8.084306716918945 8.374608993530273 -26.3452091217041 0.002289838856086135 -0.30961886048316956 -0.14964762330055237 -0.9390082955360413
1741640157.39965 -7.761904239654541 8.274967193603516 -25.997180938720703 0.004201692529022694 -0.308305948972702 -0.1473923921585083 -0.9397900104522705
1741640158.066074 -7.227334022521973 8.10600757598877 -25.42179298400879 0.006164273247122765 -0.3089466691017151 -0.14168711006641388 -0.9404460787773132
1741640158.59959 -6.753347396850586 7.951171398162842 -24.8651123046875 0.0064538917504251 -0.28882986307144165 -0.13764195144176483 -0.9474124312400818
1741640158.999498 -6.430725574493408 7.818071365356445 -24.41996955871582 0.0034877213183790445 -0.25964799523353577 -0.12844033539295197 -0.95711749792099
1741640159.53275 -6.010997772216797 7.629949569702148 -23.741657257080078 0.010824447497725487 -0.22815611958503723 -0.1205502524971962 -0.9660720825195312
1741640159.732735 -5.843757152557373 7.53826904296875 -23.472774505615234 0.0007307833293452859 -0.2216194123029709 -0.12018116563558578 -0.9676986932754517
1741640160.13288 -5.511382579803467 7.376111030578613 -22.923946380615234 0.0001428802643204108 -0.2180519551038742 -0.11927060782909393 -0.9686216711997986
1741640160.532459 -5.181984901428223 7.200361251831055 -22.354290008544922 -0.0005345393437892199 -0.21287961304187775 -0.11872009932994843 -0.9698389172554016
1741640160.932871 -4.842710494995117 7.024426460266113 -21.744861602783203 0.006080182269215584 -0.21083225309848785 -0.12085841596126556 -0.9700031876564026
1741640161.265913 -4.557828903198242 6.874484539031982 -21.241304397583008 0.003516098251566291 -0.20972643792629242 -0.11827477812767029 -0.970573902130127
1741640161.732561 -4.164020538330078 6.666196346282959 -20.520666122436523 0.006226598285138607 -0.20447780191898346 -0.11486726999282837 -0.9720882773399353
1741640162.066619 -3.884333610534668 6.507959842681885 -20.000566482543945 0.003011775901541114 -0.20332272350788116 -0.11343444138765335 -0.9725140333175659
1741640162.532456 -3.532986879348755 6.290018558502197 -19.30661964416504 -0.00015934543625917286 -0.18318843841552734 -0.10945576429367065 -0.9769654273986816
1741640162.999115 -3.2421517372131348 6.065304756164551 -18.60686492919922 -0.0026393942534923553 -0.14936785399913788 -0.09865012764930725 -0.9838447570800781
1741640163.398841 -3.037921905517578 5.876869201660156 -18.011131286621094 -0.0016133084427565336 -0.12958022952079773 -0.09036581218242645 -0.98744136095047
1741640163.732274 -2.848267078399658 5.708013534545898 -17.46735954284668 -0.0001831027475418523 -0.12633346021175385 -0.08911371976137161 -0.9879770278930664
1741640164.132261 -2.639218330383301 5.496692180633545 -16.807958602905273 -0.0014390795258805156 -0.11954336613416672 -0.08613456785678864 -0.9890845417976379
1741640164.532217 -2.430229902267456 5.284737586975098 -16.138408660888672 0.0006661926745437086 -0.1161833107471466 -0.08209612965583801 -0.989828884601593
1741640164.865529 -2.2589144706726074 5.102149486541748 -15.589290618896484 0.0006937031866982579 -0.1118050143122673 -0.08003269881010056 -0.9905018210411072
1741640165.265526 -2.07063889503479 4.898959159851074 -14.942951202392578 0.0025762682780623436 -0.10888487845659256 -0.07863214612007141 -0.9909361600875854
1741640165.665492 -1.8997282981872559 4.7046380043029785 -14.356165885925293 0.0003774221695493907 -0.10631976276636124 -0.07699761539697647 -0.9913462996482849
1741640166.065227 -1.7409948110580444 4.5227251052856445 -13.77195930480957 0.0034350408241152763 -0.10323990136384964 -0.07559825479984283 -0.9917734861373901
1741640166.665195 -1.5378996133804321 4.263710975646973 -13.00627613067627 -0.0014133116928860545 -0.09870220720767975 -0.07272296398878098 -0.9924551844596863
1741640167.265281 -1.3231102228164673 4.0089898109436035 -12.229856491088867 -0.0007900681812316179 -0.09350653737783432 -0.07463055104017258 -0.9928172826766968
1741640167.665354 -1.1745612621307373 3.8183887004852295 -11.66640567779541 -0.002497730078175664 -0.09288343042135239 -0.07418288290500641 -0.9929065108299255
1741640168.065243 -1.0052944421768188 3.6083431243896484 -11.008898735046387 0.0013675611699 -0.09010402113199234 -0.07289113849401474 -0.9932604432106018
1741640168.398539 -0.8716330528259277 3.4207370281219482 -10.458959579467773 -0.002000778680667281 -0.09090111404657364 -0.07241485267877579 -0.9932215809822083
1741640168.798468 -0.6925788521766663 3.1990082263946533 -9.810855865478516 -0.004764009267091751 -0.08914190530776978 -0.07524117827415466 -0.9931614995002747
1741640169.198252 -0.5673119425773621 2.9915668964385986 -9.180084228515625 -0.0035527178552001715 -0.06178828701376915 -0.06625977903604507 -0.9958811402320862
1741640169.598359 -0.5015596151351929 2.789546012878418 -8.587467193603516 -0.004724606871604919 -0.027752237394452095 -0.052914343774318695 -0.9982022047042847
1741640169.998324 -0.4954748749732971 2.581528425216675 -8.004905700683594 -0.007634102366864681 0.012588132172822952 -0.03937642276287079 -0.9991160035133362
1741640170.398288 -0.4974234104156494 2.3594460487365723 -7.36452579498291 -0.004104177933186293 0.01847674883902073 -0.03209958225488663 -0.9993054866790771
1741640170.798262 -0.5073221921920776 2.1259608268737793 -6.68869161605835 -0.005669159349054098 0.024641383439302444 -0.028615860268473625 -0.9992706775665283
1741640171.198236 -0.5207512378692627 1.8914060592651367 -6.004140377044678 -0.001448774361051619 0.021685956045985222 -0.025228988379240036 -0.9994454383850098
1741640171.598119 -0.5365974307060242 1.6733763217926025 -5.372395992279053 -0.0015396703965961933 0.02299339883029461 -0.022007565945386887 -0.9994921684265137
1741640172.197981 -0.5171265602111816 1.4119459390640259 -4.638994216918945 -0.004398710560053587 -0.0020898336078971624 -0.02938232012093067 -0.9995564818382263
1741640172.798115 -0.4955880343914032 1.1367448568344116 -3.8631808757781982 -0.007415793836116791 -0.00033349491422995925 -0.02924320474267006 -0.9995448589324951
1741640173.199356 -0.4762327969074249 0.9001244306564331 -3.1880531311035156 -0.007961816154420376 7.103522511897609e-05 -0.028372017666697502 -0.9995657801628113
1741640173.531317 -0.4569852650165558 0.6988592147827148 -2.610778570175171 -0.007453183643519878 0.0004572416073642671 -0.029005156829953194 -0.9995514154434204
1741640173.864619 -0.4449155628681183 0.4926440119743347 -2.029397964477539 -0.0073293051682412624 0.00030248877010308206 -0.026777904480695724 -0.9996145367622375
1741640174.264381 -0.4273868501186371 0.24174106121063232 -1.3428845405578613 -0.01218013372272253 0.0004005173104815185 -0.025057319551706314 -0.9996117949485779
1741640174.664392 -0.3927021324634552 0.005066676065325737 -0.6592621207237244 -0.007959873415529728 -0.009736712090671062 -0.025758294388651848 -0.9995890855789185
1741640175.064471 -0.3434301018714905 -0.23603814840316772 0.023195307701826096 -0.008313873782753944 -0.020951351150870323 -0.03085363656282425 -0.9992697834968567
1741640175.464457 -0.28272581100463867 -0.4794721305370331 0.7421758770942688 -0.005031147040426731 -0.02377442829310894 -0.034270644187927246 -0.9991171360015869
1741640175.864412 -0.21894517540931702 -0.7345584034919739 1.4427372217178345 -0.010065561160445213 -0.027389099821448326 -0.034811340272426605 -0.9989678859710693
1741640176.264365 -0.15757383406162262 -0.9811928272247314 2.154031276702881 -0.0060039483942091465 -0.02712341584265232 -0.03591106832027435 -0.9989688396453857
1741640176.664358 -0.08400009572505951 -1.230337142944336 2.855633020401001 -0.008114504627883434 -0.030204622074961662 -0.03738772124052048 -0.9988113045692444
1741640177.064108 -0.01738426275551319 -1.480148196220398 3.5602524280548096 -0.008767201565206051 -0.031617917120456696 -0.03490079194307327 -0.998852014541626
1741640177.46426 0.05203210189938545 -1.7196305990219116 4.259634971618652 -0.005753848701715469 -0.029543712735176086 -0.03715214133262634 -0.998856246471405
1741640177.864203 0.11307977139949799 -1.9472311735153198 4.905792236328125 -0.006241154856979847 -0.028576042503118515 -0.037356533110141754 -0.9988738298416138
1741640178.330827 0.1751636564731598 -2.205946207046509 5.616020679473877 -0.005979255773127079 -0.032856088131666183 -0.03740760311484337 -0.9987419247627258
1741640178.730775 0.25126874446868896 -2.4247801303863525 6.2372331619262695 -0.008387370966374874 -0.0351390540599823 -0.039765629917383194 -0.9985557794570923
1741640179.130774 0.3211824893951416 -2.634422540664673 6.830812454223633 -0.01041694451123476 -0.03584480285644531 -0.04031782224774361 -0.998489499092102
1741640179.66404 0.4068180024623871 -2.9194726943969727 7.655878067016602 -0.007085411809384823 -0.03857946768403053 -0.03904440626502037 -0.9984673857688904
1741640179.997144 0.47291725873947144 -3.0999574661254883 8.173240661621094 -0.008837619796395302 -0.03795846179127693 -0.04064484313130379 -0.9984132647514343
1741640180.264168 0.5180449485778809 -3.2464075088500977 8.585525512695312 -0.008736217394471169 -0.03741816431283951 -0.04006866738200188 -0.9984579086303711
1741640180.797241 0.6212634444236755 -3.5367517471313477 9.422216415405273 -0.0073005640879273415 -0.033767204731702805 -0.04122294485569 -0.9985525608062744
1741640181.197219 0.6536776423454285 -3.751579523086548 10.025285720825195 -0.011867135763168335 -0.010781925171613693 -0.033924367278814316 -0.9992958307266235
1741640181.797292 0.5958983898162842 -4.056883811950684 10.850785255432129 -0.009519674815237522 0.042675405740737915 -0.015422611497342587 -0.9989246726036072
1741640182.397099 0.5557825565338135 -4.335545063018799 11.679728507995605 -0.0045637330040335655 0.03598369285464287 -0.022940728813409805 -0.9990786910057068
1741640182.996875 0.5874654054641724 -4.566037654876709 12.325504302978516 -0.007497493177652359 0.002178714144974947 -0.033369749784469604 -0.9994125962257385
1741640183.596935 0.6192625164985657 -4.8491902351379395 13.177699089050293 -0.0005364727112464607 -0.0004466042446438223 -0.03222433477640152 -0.9994803667068481
1741640184.196914 0.6598018407821655 -5.1408185958862305 14.008149147033691 -0.008849572390317917 -0.001132083940319717 -0.03804760053753853 -0.9992361664772034
1741640184.730178 0.6920785903930664 -5.405580043792725 14.777267456054688 -0.004284905735403299 0.007566810119897127 -0.03797777742147446 -0.9992408156394958
1741640185.329932 0.6919272541999817 -5.717392921447754 15.637161254882812 -0.010803048498928547 0.027237581089138985 -0.033930160105228424 -0.9989946484565735
1741640185.92987 0.6511971950531006 -6.032515525817871 16.50513458251953 -0.013038690201938152 0.038543179631233215 -0.03398612514138222 -0.9985937476158142
1741640186.529965 0.610038161277771 -6.348591327667236 17.341703414916992 -0.01260865293443203 0.037876829504966736 -0.034738149493932724 -0.9985988140106201
1741640187.129924 0.5801202654838562 -6.658048152923584 18.142824172973633 -0.018196744844317436 0.040082842111587524 -0.034135304391384125 -0.9984473586082458
1741640188.129673 0.5468302965164185 -6.914002895355225 18.81826400756836 -0.017611907795071602 0.04579111188650131 -0.03274328634142876 -0.9982589483261108
1741640189.263041 0.5140109658241272 -7.195910930633545 19.564348220825195 -0.018384838476777077 0.04650793597102165 -0.03351466730237007 -0.9981862306594849
1741640191.062692 0.44117411971092224 -7.526041507720947 20.462427139282227 -0.014001321978867054 0.05114417523145676 -0.026992589235305786 -0.9982282519340515
1741640192.596028 0.36427393555641174 -7.8521409034729 21.35042953491211 -0.010587888769805431 0.05118987336754799 -0.021500863134860992 -0.9984013438224792
1741640197.062058 0.23588253557682037 -8.157320022583008 22.15534019470215 -0.015686973929405212 0.08137481659650803 -0.007175596896559 -0.9965342879295349
1741640198.662082 0.07805526256561279 -8.477935791015625 23.0022029876709 -0.014868555590510368 0.09240101277828217 0.003052177606150508 -0.9956061840057373
1741640199.795153 -0.021156128495931625 -8.749659538269043 23.694578170776367 -0.020612847059965134 0.06622608751058578 -0.004243495874106884 -0.997582733631134
1741640201.261808 -0.06716953217983246 -9.032838821411133 24.449447631835938 -0.020129472017288208 0.03389592096209526 -0.012037454172968864 -0.9991501569747925
1741640201.6618 -0.0749511867761612 -9.09968376159668 24.63832664489746 -0.01847042143344879 0.03166603669524193 -0.012382645159959793 -0.999251127243042
