1732804200.043661 -0.0 -0.0 -0.0 -0.0 -0.0 -0.0 1.0
1732804202.577015 0.0151805579662323 -0.06389874219894409 0.16876640915870667 0.0068602836690843105 0.006861740257591009 0.003977219108492136 0.9999450445175171
1732804203.177027 0.04550040140748024 -0.2893233895301819 0.78413987159729 0.013100448995828629 0.01409845519810915 0.0031385356560349464 0.9998098611831665
1732804203.776717 0.08624176681041718 -0.5352960228919983 1.4824007749557495 0.012589739635586739 0.02116958610713482 0.0015494885155931115 0.9996954202651978
1732804204.176877 0.1141803041100502 -0.7316882610321045 2.040699005126953 0.010373265482485294 0.017910543829202652 0.003782321000471711 0.9997786283493042
1732804204.710227 0.087025947868824 -0.9619386792182922 2.6473023891448975 0.015170581638813019 -0.009223232045769691 -0.010875518433749676 0.9997832775115967
1732804205.243655 0.042110178619623184 -1.1904741525650024 3.2423629760742188 0.022047091275453568 -0.02484799735248089 -0.017112568020820618 0.9993016123771667
1732804205.776853 -0.0008338422048836946 -1.430280327796936 3.900968313217163 0.019491633400321007 -0.02930275909602642 -0.019099056720733643 0.9991980195045471
1732804206.17684 -0.043231066316366196 -1.6257346868515015 4.4119439125061035 0.02285594306886196 -0.037122778594493866 -0.02160298079252243 0.9988157153129578
1732804206.776896 -0.19941526651382446 -1.9109249114990234 5.189703941345215 0.020607605576515198 -0.08597198873758316 -0.04195807874202728 0.9952003955841064
1732804207.376773 -0.3469279706478119 -2.181215524673462 5.918929576873779 0.019907811656594276 -0.09372541308403015 -0.04035518318414688 0.9945806860923767
1732804207.97684 -0.49496597051620483 -2.42781400680542 6.5669965744018555 0.021407360211014748 -0.09984244406223297 -0.04265769198536873 0.9938579201698303
1732804208.576807 -0.646321177482605 -2.6718697547912598 7.206705570220947 0.025601882487535477 -0.1041158065199852 -0.04469240829348564 0.9932306408882141
1732804209.176767 -0.7999370694160461 -2.9254214763641357 7.859934329986572 0.02502920851111412 -0.10884349793195724 -0.046355005353689194 0.9926620721817017
1732804209.776755 -0.9284010529518127 -3.177460193634033 8.5155611038208 0.023880593478679657 -0.0939640998840332 -0.03943980857729912 0.9945074319839478
1732804210.376745 -1.0663362741470337 -3.4274063110351562 9.161046981811523 0.02523191086947918 -0.09958338737487793 -0.0388794019818306 0.9939491748809814
1732804210.97728 -1.2092862129211426 -3.683426856994629 9.826912879943848 0.025940556079149246 -0.10198460519313812 -0.03791516646742821 0.9937246441841125
1732804211.576741 -1.3506959676742554 -3.9405553340911865 10.491907119750977 0.026991326361894608 -0.10646182298660278 -0.03481687605381012 0.9933404326438904
1732804212.17668 -1.5118061304092407 -4.192588806152344 11.142601013183594 0.027758894488215446 -0.11798245459794998 -0.03891419991850853 0.9918645620346069
1732804212.776882 -1.7555043697357178 -4.422539234161377 11.775588989257812 0.022028932347893715 -0.17219962179660797 -0.06161493435502052 0.9828864336013794
1732804213.176656 -1.9918681383132935 -4.572126388549805 12.105291366577148 0.03179313614964485 -0.25773414969444275 -0.09206219017505646 0.961294412612915
1732804213.776623 -2.4059762954711914 -4.763949871063232 12.54640007019043 0.03462328761816025 -0.34935930371284485 -0.111348956823349 0.9297046661376953
1732804214.376638 -2.893338680267334 -4.94873046875 12.98874568939209 0.02743828110396862 -0.38813385367393494 -0.11730922758579254 0.9136946201324463
1732804214.976715 -3.5056610107421875 -5.064012050628662 13.273536682128906 0.019100988283753395 -0.5033698081970215 -0.17053824663162231 0.8468592762947083
1732804215.576542 -4.173871040344238 -5.160186767578125 13.500864028930664 0.02545679360628128 -0.5327489376068115 -0.18553397059440613 0.8252925276756287
1732804216.176562 -4.818004608154297 -5.2913408279418945 13.88210678100586 0.02360393851995468 -0.43493208289146423 -0.16054609417915344 0.8857212066650391
1732804216.576668 -5.029945373535156 -5.429431915283203 14.189584732055664 0.03322913497686386 -0.2727902829647064 -0.09405352175235748 0.9568883180618286
1732804217.376511 -5.386308670043945 -5.481355667114258 14.348052978515625 0.026617320254445076 -0.4338972866535187 -0.15829186141490936 0.8865485787391663
1732804218.176493 -6.118264675140381 -5.536925792694092 14.483920097351074 0.02140888385474682 -0.53252112865448 -0.19489599764347076 0.8233944773674011
1732804218.776419 -6.747512340545654 -5.626039981842041 14.683937072753906 0.027290260419249535 -0.5494062304496765 -0.19866204261779785 0.8111358284950256
1732804219.376458 -7.204590797424316 -5.640632629394531 14.702523231506348 0.026312142610549927 -0.6497087478637695 -0.23248669505119324 0.7232815027236938
1732804220.24319 -7.863936424255371 -5.6392741203308105 14.665903091430664 0.030963554978370667 -0.6729068160057068 -0.24242672324180603 0.6981884241104126
1732804220.976385 -8.572607040405273 -5.628906726837158 14.632936477661133 0.027624405920505524 -0.6778805255889893 -0.25423088669776917 0.6892616748809814
1732804221.77639 -9.260025978088379 -5.631493091583252 14.572237968444824 0.03992578014731407 -0.6937189698219299 -0.2536124587059021 0.672934353351593
1732804222.376563 -9.582680702209473 -5.554849624633789 14.363627433776855 0.03920716047286987 -0.7607981562614441 -0.2779034972190857 0.5851655602455139
1732804223.043057 -9.900423049926758 -5.396194934844971 13.994613647460938 0.03576967492699623 -0.8217424154281616 -0.31001490354537964 0.47681310772895813
1732804223.709607 -10.479867935180664 -5.241886138916016 13.634696960449219 0.03513564541935921 -0.8227243423461914 -0.3226184546947479 0.466698557138443
1732804224.509643 -10.94140625 -5.144076824188232 13.287088394165039 0.04328570514917374 -0.8511975407600403 -0.3059845566749573 0.42422008514404297
1732804225.709597 -11.438295364379883 -5.0267415046691895 12.770795822143555 0.02496660128235817 -0.8963567614555359 -0.27980321645736694 0.34297433495521545
1732804226.976394 -12.158963203430176 -4.913739204406738 12.443238258361816 0.0045049358159303665 -0.8233963251113892 -0.2682873606681824 0.5000202059745789
1732804227.709537 -12.863064765930176 -4.7653117179870605 12.05718994140625 0.015389321371912956 -0.8174221515655518 -0.28488826751708984 0.5004227757453918
1732804228.509678 -13.518340110778809 -4.658556938171387 11.664968490600586 0.03677492216229439 -0.8248513340950012 -0.2771015763282776 0.49140891432762146
1732804229.509481 -14.12172794342041 -4.527791500091553 11.240321159362793 0.03581621125340462 -0.851058304309845 -0.2918488085269928 0.4350186288356781
1732804230.309437 -14.681307792663574 -4.401604652404785 10.776723861694336 0.03990243002772331 -0.8596014380455017 -0.28748008608818054 0.4205334484577179
1732804230.909403 -15.160357475280762 -4.317113876342773 10.382881164550781 0.044604621827602386 -0.8661308884620667 -0.27525070309638977 0.41480714082717896
1732804231.576101 -15.683782577514648 -4.204773426055908 9.944809913635254 0.04268904775381088 -0.8681437969207764 -0.27699095010757446 0.40960967540740967
1732804232.175898 -16.161468505859375 -4.100164413452148 9.555656433105469 0.03547506406903267 -0.8691353797912598 -0.2811054587364197 0.40537014603614807
1732804232.77625 -16.593448638916016 -4.0009236335754395 9.187712669372559 0.03497942164540291 -0.8700072765350342 -0.28296926617622375 0.40223419666290283
1732804233.376019 -17.006046295166016 -3.903139114379883 8.830289840698242 0.03528207167983055 -0.8713576793670654 -0.2824198007583618 0.39966240525245667
1732804234.309344 -17.637557983398438 -3.754915237426758 8.284441947937012 0.03422214090824127 -0.8724179863929749 -0.2845931053161621 0.39588186144828796
1732804235.175831 -18.198348999023438 -3.6174585819244385 7.773902893066406 0.03636695444583893 -0.8734782338142395 -0.2828652858734131 0.3945889472961426
1732804236.109269 -18.792938232421875 -3.4714338779449463 7.243505477905273 0.03453192859888077 -0.8754936456680298 -0.28577086329460144 0.388141006231308
1732804236.975971 -19.279644012451172 -3.319145679473877 6.718729019165039 0.033710986375808716 -0.885620653629303 -0.2909627854824066 0.36038926243782043
1732804237.909046 -19.803539276123047 -3.1551260948181152 6.156415939331055 0.03404121473431587 -0.8903970122337341 -0.29256361722946167 0.3470458686351776
1732804238.57586 -20.1940975189209 -3.02470326423645 5.721924781799316 0.03188091516494751 -0.8930116295814514 -0.29482167959213257 0.33851736783981323
1732804239.309201 -20.633045196533203 -2.8635106086730957 5.212320327758789 0.032225288450717926 -0.8939014673233032 -0.3000018894672394 0.3315126597881317
1732804240.176481 -21.157201766967773 -2.6781117916107178 4.584420204162598 0.03647593408823013 -0.896525502204895 -0.2991633713245392 0.32467353343963623
1732804240.776048 -21.550418853759766 -2.541515827178955 4.101715087890625 0.038959771394729614 -0.8998584747314453 -0.2951206564903259 0.3188113868236542
1732804241.309121 -22.045772552490234 -2.338430404663086 3.4875621795654297 0.03794477507472038 -0.8997637629508972 -0.3018169701099396 0.31287670135498047
1732804241.709219 -22.443662643432617 -2.1799049377441406 2.9764175415039062 0.04218146577477455 -0.9016640186309814 -0.3001722991466522 0.308414489030838
1732804242.109144 -22.84524917602539 -2.0147500038146973 2.461742401123047 0.04186071828007698 -0.9007583260536194 -0.3078131675720215 0.30353468656539917
1732804242.5091 -23.236217498779297 -1.8384947776794434 1.943105697631836 0.042740195989608765 -0.9010180830955505 -0.3111169934272766 0.2992424964904785
1732804242.909091 -23.623207092285156 -1.6734447479248047 1.4168205261230469 0.04671483114361763 -0.9035505652427673 -0.3079434037208557 0.2942531406879425
1732804243.309164 -24.018810272216797 -1.501481056213379 0.8827228546142578 0.045739758759737015 -0.9046726226806641 -0.30799099802970886 0.2908898890018463
1732804243.709057 -24.39419937133789 -1.3391737937927246 0.35292625427246094 0.04883911460638046 -0.906907320022583 -0.304149329662323 0.2874494791030884
1732804244.10914 -24.792980194091797 -1.1752982139587402 -0.17899703979492188 0.04464155063033104 -0.9046339988708496 -0.30428802967071533 0.29504790902137756
1732804244.442356 -25.143856048583984 -1.0468649864196777 -0.6192436218261719 0.045114513486623764 -0.9025325179100037 -0.2982427179813385 0.3073290288448334
1732804244.909044 -25.656980514526367 -0.8753585815429688 -1.1900787353515625 0.04094319045543671 -0.8914125561714172 -0.2983461916446686 0.33866944909095764
1732804245.384233 -26.167789459228516 -0.7101535797119141 -1.7592544555664062 0.03947005793452263 -0.8918124437332153 -0.295461505651474 0.34031638503074646
1732804245.842408 -26.664527893066406 -0.5566673278808594 -2.3070240020751953 0.03684241324663162 -0.8917492628097534 -0.2942419946193695 0.341829776763916
1732804246.309003 -27.17344093322754 -0.39505577087402344 -2.8407230377197266 0.03761054575443268 -0.8861142992973328 -0.2967813313007355 0.353988379240036
1732804246.842272 -27.74636459350586 -0.23221588134765625 -3.4223899841308594 0.03658025711774826 -0.8861855268478394 -0.292605459690094 0.357378214597702
1732804247.242308 -28.16758155822754 -0.10126495361328125 -3.8494110107421875 0.03648695349693298 -0.8845903873443604 -0.29460465908050537 0.3596898317337036
1732804247.642266 -28.58260726928711 0.021562576293945312 -4.270057678222656 0.03503117337822914 -0.8832370042800903 -0.29605069756507874 0.36196577548980713
1732804248.042261 -28.996496200561523 0.15123844146728516 -4.6899261474609375 0.03772509843111038 -0.8834430575370789 -0.2936573028564453 0.3631399869918823
1732804248.442276 -29.423112869262695 0.2884387969970703 -5.11297607421875 0.034481294453144073 -0.882156252861023 -0.29719990491867065 0.3637081980705261
1732804248.842254 -29.84397315979004 0.4053936004638672 -5.525215148925781 0.0323588103055954 -0.8836765289306641 -0.2921532094478607 0.3643009662628174
1732804249.442048 -30.46211814880371 0.5931158065795898 -6.144039154052734 0.02657916769385338 -0.8833251595497131 -0.2933206558227539 0.36468231678009033
1732804249.842289 -30.898357391357422 0.7174978256225586 -6.551486968994141 0.025614621117711067 -0.8797037601470947 -0.2918732166290283 0.3745333254337311
1732804250.242198 -31.329273223876953 0.8454885482788086 -6.969036102294922 0.028021756559610367 -0.8793715238571167 -0.29088258743286133 0.37590938806533813
1732804250.642194 -31.751222610473633 0.9593505859375 -7.373455047607422 0.02830832079052925 -0.8800858855247498 -0.2870813012123108 0.37713634967803955
1732804251.042245 -32.1741828918457 1.0802726745605469 -7.779045104980469 0.03086520917713642 -0.8790408372879028 -0.2887837588787079 0.37807223200798035
1732804251.442149 -32.600990295410156 1.201085090637207 -8.179901123046875 0.032713811844587326 -0.8776595592498779 -0.2913987338542938 0.379117876291275
1732804251.842356 -33.02640914916992 1.3238506317138672 -8.580745697021484 0.03264535591006279 -0.8766444325447083 -0.29284903407096863 0.38035276532173157
1732804252.24196 -33.457763671875 1.4323711395263672 -8.961273193359375 0.034385379403829575 -0.8723148703575134 -0.2886888086795807 0.3931199312210083
1732804252.642107 -33.89695739746094 1.538609504699707 -9.340084075927734 0.032286759465932846 -0.8707139492034912 -0.2894236743450165 0.39629366993904114
1732804253.04231 -34.32503890991211 1.6492977142333984 -9.718677520751953 0.0325889028608799 -0.8704496622085571 -0.2885686159133911 0.39747151732444763
1732804253.442132 -34.75456237792969 1.757920265197754 -10.086505889892578 0.03110031969845295 -0.870168924331665 -0.28799018263816833 0.39862313866615295
1732804253.842093 -35.193138122558594 1.868351936340332 -10.458534240722656 0.031473543494939804 -0.8697659373283386 -0.28637468814849854 0.4006323516368866
1732804254.242205 -35.629573822021484 1.9777717590332031 -10.839851379394531 0.03557252511382103 -0.8687971234321594 -0.2843254506587982 0.40383827686309814
1732804254.642134 -36.150550842285156 2.1003618240356445 -11.27633285522461 0.03543078899383545 -0.8672609925270081 -0.2842947840690613 0.4071604609489441
1732804255.042104 -36.6935920715332 2.2283010482788086 -11.73141098022461 0.03551115840673447 -0.8661445379257202 -0.2856447398662567 0.4085826873779297
1732804255.442066 -37.23188018798828 2.358041763305664 -12.182056427001953 0.0343625433743 -0.8641844987869263 -0.28772878646850586 0.41135942935943604
1732804255.842084 -37.75588607788086 2.480544090270996 -12.61288070678711 0.03674560412764549 -0.8630308508872986 -0.28803113102912903 0.41335901618003845
1732804256.242026 -38.262630462646484 2.5945777893066406 -13.022529602050781 0.037174493074417114 -0.8626266717910767 -0.2866547703742981 0.4151173233985901
1732804256.642715 -38.757965087890625 2.7074527740478516 -13.413871765136719 0.03473836928606033 -0.8616366386413574 -0.28751981258392334 0.416782945394516
1732804257.04203 -39.258934020996094 2.817279815673828 -13.807884216308594 0.035196080803871155 -0.8614850640296936 -0.2855924069881439 0.4183800220489502
1732804257.442004 -39.75336456298828 2.9262123107910156 -14.195114135742188 0.0353517159819603 -0.8602306842803955 -0.2877562344074249 0.41946378350257874
1732804257.842041 -40.25447082519531 3.0362491607666016 -14.588436126708984 0.03741656243801117 -0.8591599464416504 -0.28860244154930115 0.42089521884918213
1732804258.241994 -40.762046813964844 3.1371326446533203 -14.98052978515625 0.038021959364414215 -0.8601988554000854 -0.28437376022338867 0.42159685492515564
1732804258.642174 -41.25320816040039 3.2490177154541016 -15.368080139160156 0.03812076151371002 -0.8606635332107544 -0.2858906090259552 0.41960883140563965
1732804259.041935 -41.72984313964844 3.356260299682617 -15.742988586425781 0.03735949844121933 -0.8620878458023071 -0.2868329882621765 0.4160958230495453
1732804259.441941 -42.204429626464844 3.475149154663086 -16.136241912841797 0.0365985631942749 -0.8645111322402954 -0.2894444763660431 0.40927132964134216
1732804259.841926 -42.649208068847656 3.5838088989257812 -16.528221130371094 0.03744526952505112 -0.8692928552627563 -0.28810423612594604 0.399904727935791
1732804260.242024 -43.09048080444336 3.697134017944336 -16.921932220458984 0.03771325945854187 -0.8731376528739929 -0.2892238199710846 0.3905865252017975
1732804260.642025 -43.50431823730469 3.819347381591797 -17.321155548095703 0.03699202835559845 -0.8765698671340942 -0.2942369282245636 0.37905353307724
1732804261.041945 -43.920249938964844 3.9283905029296875 -17.717571258544922 0.03756456822156906 -0.877173125743866 -0.29218530654907227 0.3791886866092682
1732804261.441956 -44.33806610107422 4.043910980224609 -18.11770248413086 0.03701498359441757 -0.8789080381393433 -0.2899477779865265 0.376936137676239
1732804261.841847 -44.75263214111328 4.154909133911133 -18.509754180908203 0.03556665778160095 -0.8805940747261047 -0.28878477215766907 0.37402206659317017
1732804262.242104 -45.17897033691406 4.271871566772461 -18.913475036621094 0.032613515853881836 -0.8813641667366028 -0.28909873962402344 0.37223055958747864
1732804262.641836 -45.60895538330078 4.403303146362305 -19.331459045410156 0.0332297682762146 -0.8785892128944397 -0.294619083404541 0.3744013011455536
1732804263.041833 -46.052825927734375 4.5233154296875 -19.73440170288086 0.03337245434522629 -0.8746863007545471 -0.2934742569923401 0.38429558277130127
1732804263.442206 -46.50966262817383 4.631441116333008 -20.1229248046875 0.03484254330396652 -0.8710609078407288 -0.28966760635375977 0.3951348662376404
1732804263.841623 -46.971824645996094 4.743263244628906 -20.492511749267578 0.03379765525460243 -0.8666860461235046 -0.28825995326042175 0.40573304891586304
1732804264.241744 -47.43470764160156 4.858922958374023 -20.87717056274414 0.033311765640974045 -0.8655429482460022 -0.29026201367378235 0.40678465366363525
1732804264.641761 -47.89772033691406 4.972492218017578 -21.257308959960938 0.03388926759362221 -0.8651483654975891 -0.29021525382995605 0.4076088070869446
1732804265.04177 -48.35261154174805 5.078252792358398 -21.635128021240234 0.033917661756277084 -0.8655074834823608 -0.286907821893692 0.40918251872062683
1732804265.441777 -48.80274963378906 5.1902313232421875 -22.00632095336914 0.03313411772251129 -0.864899218082428 -0.28913429379463196 0.40896567702293396
1732804265.841763 -49.25947952270508 5.2943267822265625 -22.380168914794922 0.03341667354106903 -0.8646069765090942 -0.28815004229545593 0.4102531373500824
1732804266.241743 -49.759490966796875 5.407846450805664 -22.789447784423828 0.032551154494285583 -0.8642534613609314 -0.2855624556541443 0.41286852955818176
1732804266.574907 -50.21575927734375 5.514617919921875 -23.16449737548828 0.03086181916296482 -0.8639256954193115 -0.2866315245628357 0.412943571805954
1732804266.841874 -50.588382720947266 5.596214294433594 -23.46572494506836 0.02947976440191269 -0.8650845885276794 -0.2826334536075592 0.4133738577365875
1732804267.108376 -50.944908142089844 5.681844711303711 -23.759490966796875 0.029854027554392815 -0.8642418384552002 -0.2845768928527832 0.4137762486934662
1732804267.57501 -51.537445068359375 5.8253021240234375 -24.243377685546875 0.02694827690720558 -0.8645573258399963 -0.2852321267127991 0.41286444664001465
1732804267.975019 -52.03717041015625 5.93531608581543 -24.650726318359375 0.027491237968206406 -0.8659558892250061 -0.27950239181518555 0.41381531953811646
1732804268.375005 -52.54200744628906 6.048746109008789 -25.057395935058594 0.02387220226228237 -0.8652268648147583 -0.2817350924015045 0.4140506386756897
1732804268.841649 -53.068572998046875 6.1676177978515625 -25.490684509277344 0.023892248049378395 -0.8653239607810974 -0.2806261479854584 0.4145994782447815
1732804269.241682 -53.53691101074219 6.271579742431641 -25.865066528320312 0.022292252629995346 -0.8657026290893555 -0.27929577231407166 0.4147961139678955
1732804269.641616 -53.97949981689453 6.378582000732422 -26.219581604003906 0.0189319159835577 -0.8650898933410645 -0.2812601327896118 0.4149143397808075
1732804270.174992 -54.45771789550781 6.487245559692383 -26.601234436035156 0.019966769963502884 -0.8642718195915222 -0.2795860767364502 0.4176926910877228
1732804270.641603 -54.901649475097656 6.569446563720703 -26.905166625976562 0.01843414641916752 -0.8565987348556519 -0.27795785665512085 0.4343249201774597
1732804271.374897 -55.57391357421875 6.693925857543945 -27.35552215576172 0.02090059034526348 -0.8508561253547668 -0.2744356691837311 0.4475399851799011
1732804271.841581 -56.009456634521484 6.774799346923828 -27.6513671875 0.019858749583363533 -0.8495612740516663 -0.2751918435096741 0.4495784342288971
1732804272.57485 -56.66682815551758 6.886829376220703 -28.092483520507812 0.022337015718221664 -0.8487498164176941 -0.2729875445365906 0.4523303210735321
1732804273.174843 -57.228546142578125 6.983129501342773 -28.460540771484375 0.018654268234968185 -0.8471688628196716 -0.2737160921096802 0.45501261949539185
1732804273.774954 -57.79460144042969 7.087160110473633 -28.836868286132812 0.019314443692564964 -0.8459374308586121 -0.27266624569892883 0.4578973054885864
1732804274.374841 -58.367034912109375 7.182638168334961 -29.200950622558594 0.015433955937623978 -0.8444854617118835 -0.2741495668888092 0.4598349928855896
1732804274.974939 -58.945220947265625 7.28416633605957 -29.56536865234375 0.016581807285547256 -0.8433217406272888 -0.27253252267837524 0.4628818929195404
1732804275.374882 -59.340797424316406 7.349248886108398 -29.81304168701172 0.016485091298818588 -0.8438059091567993 -0.2691417634487152 0.46398553252220154
1732804276.041681 -59.99016189575195 7.488908767700195 -30.234176635742188 0.010144989937543869 -0.8438359498977661 -0.28167960047721863 0.4566120207309723
1732804276.574731 -60.52334976196289 7.597076416015625 -30.592247009277344 0.012285350821912289 -0.8456111550331116 -0.28308534622192383 0.4523865282535553
1732804277.174733 -61.093109130859375 7.704866409301758 -30.974319458007812 0.014700067229568958 -0.8496061563491821 -0.27485010027885437 0.44990086555480957
1732804277.774842 -61.656402587890625 7.822481155395508 -31.352020263671875 0.009824303910136223 -0.8500223159790039 -0.2778851091861725 0.44737622141838074
1732804278.441346 -62.30178451538086 7.957880020141602 -31.78943634033203 0.008572676219046116 -0.8496822714805603 -0.2787307798862457 0.44752180576324463
1732804279.04134 -62.862667083740234 8.05831527709961 -32.17701721191406 0.011590193957090378 -0.853076696395874 -0.2712293267250061 0.4456011652946472
1732804279.641342 -63.429298400878906 8.17733383178711 -32.56437683105469 0.010369619354605675 -0.8521266579627991 -0.27613043785095215 0.4444374144077301
1732804280.374693 -64.08269500732422 8.307004928588867 -33.02894592285156 0.014089122414588928 -0.8560749292373657 -0.27051234245300293 0.4401821494102478
1732804280.974614 -64.60029602050781 8.397594451904297 -33.41883087158203 0.015351974405348301 -0.864097535610199 -0.26432085037231445 0.42805883288383484
1732804281.574924 -65.08943176269531 8.524759292602539 -33.84040832519531 0.013379579409956932 -0.8743158578872681 -0.2788829207420349 0.39701035618782043
1732804282.174603 -65.52322387695312 8.670364379882812 -34.319183349609375 0.014585494995117188 -0.8900839686393738 -0.29013481736183167 0.35122591257095337
1732804282.77458 -65.9407730102539 8.810585021972656 -34.82106018066406 0.02368229441344738 -0.8969413638114929 -0.28801393508911133 0.3346392810344696
1732804283.374571 -66.37340545654297 8.98416519165039 -35.34751892089844 0.01963115856051445 -0.8982715606689453 -0.29984891414642334 0.32064536213874817
1732804284.041183 -66.82707977294922 9.179281234741211 -35.94245910644531 0.024765731766819954 -0.9018823504447937 -0.3050276041030884 0.3048821687698364
1732804284.774527 -67.29513549804688 9.40671157836914 -36.59941101074219 0.0283284280449152 -0.9048699736595154 -0.31214451789855957 0.28805163502693176
1732804285.374478 -67.67158508300781 9.626277923583984 -37.181427001953125 0.03205789625644684 -0.9063794612884521 -0.3222660422325134 0.27128082513809204
1732804286.041297 -68.040771484375 9.840934753417969 -37.795066833496094 0.03284787759184837 -0.9134349822998047 -0.31824201345443726 0.2515544295310974
1732804286.774609 -68.40499877929688 10.09058952331543 -38.504554748535156 0.03164101019501686 -0.9221405982971191 -0.32030317187309265 0.21461942791938782
1732804287.374523 -68.64239501953125 10.286920547485352 -39.106224060058594 0.02668771706521511 -0.9311211705207825 -0.31862229108810425 0.17544516921043396
1732804287.974524 -68.83213806152344 10.488824844360352 -39.71650695800781 0.025154277682304382 -0.9370885491371155 -0.31835269927978516 0.1410101056098938
1732804288.441117 -68.94662475585938 10.65274429321289 -40.20207214355469 0.02769646979868412 -0.940203845500946 -0.3194787800312042 0.11481732875108719
1732804289.041072 -69.05389404296875 10.853658676147461 -40.799076080322266 0.03052433393895626 -0.9432266354560852 -0.3199019432067871 0.08399177342653275
1732804289.640879 -69.09776306152344 11.064851760864258 -41.40532302856445 0.027398468926548958 -0.9460412263870239 -0.32062843441963196 0.03811565414071083
1732804290.241034 -69.0997543334961 11.296542167663574 -42.009517669677734 0.025636058300733566 -0.9427348971366882 -0.33253568410873413 0.00371246668510139
1732804291.041002 -69.07103729248047 11.529874801635742 -42.66156005859375 0.028982309624552727 -0.9445516467094421 -0.3265509009361267 -0.01862223818898201
1732804291.574353 -69.05156707763672 11.680743217468262 -43.0766716003418 0.025970393791794777 -0.9436876773834229 -0.3285876214504242 -0.02844611182808876
1732804292.174396 -69.021484375 11.854002952575684 -43.53419494628906 0.025388281792402267 -0.9417810440063477 -0.3329836428165436 -0.039062730967998505
1732804292.641252 -68.98834991455078 11.978662490844727 -43.886817932128906 0.0259466040879488 -0.942536473274231 -0.3296002745628357 -0.048118699342012405
1732804293.574368 -68.90296936035156 12.221925735473633 -44.54521179199219 0.027633344754576683 -0.939734935760498 -0.3340461850166321 -0.06743846088647842
1732804294.640998 -68.78971099853516 12.489690780639648 -45.29921340942383 0.024901896715164185 -0.9402175545692444 -0.32881611585617065 -0.08515205979347229
1732804295.574209 -68.66645812988281 12.745443344116211 -45.97124481201172 0.024220963940024376 -0.937142550945282 -0.33329835534095764 -0.10044633597135544
1732804296.307508 -68.49421691894531 12.890439987182617 -46.348960876464844 0.02380778267979622 -0.9273908138275146 -0.32931283116340637 -0.17587651312351227
1732804297.307578 -68.2237777709961 13.1127290725708 -46.961814880371094 0.021203787997364998 -0.9240648746490479 -0.32453489303588867 -0.20082725584506989
1732804297.907499 -68.01084899902344 13.268854141235352 -47.38478088378906 0.02043326012790203 -0.9217574000358582 -0.3207668960094452 -0.2169203907251358
1732804298.173973 -67.88624572753906 13.358439445495605 -47.59516143798828 0.023692043498158455 -0.9179588556289673 -0.3242519795894623 -0.2272685319185257
1732804298.70742 -67.64620208740234 13.523128509521484 -47.99943923950195 0.0270129032433033 -0.9120489954948425 -0.32626432180404663 -0.2469588965177536
1732804299.107404 -67.44389343261719 13.650956153869629 -48.30644607543945 0.03032422624528408 -0.9076973795890808 -0.32691556215286255 -0.2613275945186615
1732804299.707396 -67.17826843261719 13.864839553833008 -48.78020477294922 0.03634147346019745 -0.9126312732696533 -0.33475860953330994 -0.23177607357501984
1732804300.707397 -67.06097412109375 14.091160774230957 -49.412391662597656 0.025831306353211403 -0.9344739317893982 -0.33313795924186707 -0.12292415648698807
1732804301.307337 -66.92259216308594 14.334110260009766 -50.01475143432617 0.03260732814669609 -0.9320805668830872 -0.34055981040000916 -0.11908646672964096
1732804301.907417 -66.78926086425781 14.550186157226562 -50.6026611328125 0.03521494194865227 -0.9375563263893127 -0.3246496021747589 -0.11979494243860245
1732804302.707325 -66.63645935058594 14.869528770446777 -51.391265869140625 0.03117741271853447 -0.9339437484741211 -0.33509331941604614 -0.12037228792905807
1732804303.173956 -66.54309844970703 15.036596298217773 -51.84714889526367 0.020103110000491142 -0.9342423677444458 -0.33388927578926086 -0.12371334433555603
1732804303.773791 -66.41973876953125 15.27398681640625 -52.420494079589844 0.01960531622171402 -0.9324929714202881 -0.3382170498371124 -0.12522664666175842
1732804304.374115 -66.30160522460938 15.484495162963867 -52.9887580871582 0.0172655638307333 -0.9355034828186035 -0.33007001876831055 -0.12485584616661072
1732804305.107248 -66.13528442382812 15.771469116210938 -53.70478820800781 0.019483275711536407 -0.9339151978492737 -0.33446112275123596 -0.12473398447036743
1732804305.907289 -65.96894073486328 16.058259963989258 -54.46072006225586 0.01962096057832241 -0.9342276453971863 -0.3335467278957367 -0.12482131272554398
1732804306.707057 -65.80074310302734 16.351070404052734 -55.219871520996094 0.01299763098359108 -0.9337518215179443 -0.3347131609916687 -0.12611782550811768
1732804307.707214 -65.58757019042969 16.693775177001953 -56.01326370239258 -0.003811114700511098 -0.9206483364105225 -0.3480799198150635 -0.17672722041606903
1732804308.773843 -65.22900390625 16.962451934814453 -56.639198303222656 -0.01178516261279583 -0.8985270857810974 -0.3458474278450012 -0.269999623298645
1732804309.773634 -64.75172424316406 17.192975997924805 -57.15489196777344 -0.024960670620203018 -0.8500140905380249 -0.33348333835601807 -0.40699130296707153
1732804310.773752 -64.0905990600586 17.381818771362305 -57.585655212402344 -0.03038364090025425 -0.8211710453033447 -0.3216452896595001 -0.4704245924949646
1732804311.573751 -63.41698455810547 17.55716323852539 -57.99478530883789 -0.02939307689666748 -0.8173063397407532 -0.32058185338974 -0.47788456082344055
1732804312.307317 -62.931617736816406 17.690614700317383 -58.283912658691406 -0.028159895911812782 -0.812921404838562 -0.32114195823669434 -0.4850088953971863
1732804313.173669 -62.43138885498047 17.81670379638672 -58.57764434814453 -0.028695669025182724 -0.8108699917793274 -0.31823140382766724 -0.4903012216091156
1732804314.173736 -61.844024658203125 17.966575622558594 -58.902198791503906 -0.025158138945698738 -0.8067330718040466 -0.31973519921302795 -0.49630454182624817
1732804315.106976 -61.2645263671875 18.10976791381836 -59.22380828857422 -0.024185750633478165 -0.8056871891021729 -0.315697580575943 -0.5006178617477417
1732804315.973559 -60.70068359375 18.241151809692383 -59.528663635253906 -0.023072313517332077 -0.8049764633178711 -0.3114926815032959 -0.504433274269104
1732804316.706905 -60.198265075683594 18.362384796142578 -59.789485931396484 -0.019786251708865166 -0.8025874495506287 -0.31217414140701294 -0.5079460740089417
1732804317.506931 -59.604705810546875 18.50000762939453 -60.09794616699219 -0.02118612267076969 -0.8013070821762085 -0.3107275068759918 -0.510790228843689
1732804318.106927 -59.02695846557617 18.631874084472656 -60.38588333129883 -0.018189122900366783 -0.7998534440994263 -0.30945637822151184 -0.5139458179473877
1732804318.773783 -58.3632926940918 18.77893829345703 -60.696571350097656 -0.013156731612980366 -0.7971782088279724 -0.31001609563827515 -0.5179033279418945
1732804319.306818 -57.82745361328125 18.89467430114746 -60.946136474609375 -0.009465405717492104 -0.7973437309265137 -0.30564382672309875 -0.520322322845459
1732804319.906804 -57.2245979309082 19.037513732910156 -61.228607177734375 -0.007312046363949776 -0.7950872778892517 -0.3082464039325714 -0.5222710371017456
1732804320.506817 -56.64196014404297 19.182788848876953 -61.51066207885742 -0.001025063800625503 -0.7974651455879211 -0.31255143880844116 -0.5161007046699524
1732804320.973475 -56.18323516845703 19.30278968811035 -61.76225662231445 -0.0015011887298896909 -0.805507481098175 -0.3115013539791107 -0.5041055679321289
1732804321.707017 -55.516639709472656 19.504880905151367 -62.183502197265625 0.0018010921776294708 -0.8229942917823792 -0.31676018238067627 -0.47152960300445557
1732804321.973412 -55.25275421142578 19.582075119018555 -62.34468460083008 0.0009801371488720179 -0.8215217590332031 -0.31567177176475525 -0.47481828927993774
1732804322.706802 -54.603302001953125 19.77632713317871 -62.75514602661133 0.0006253329920582473 -0.8234347105026245 -0.3150615692138672 -0.4719015955924988
1732804323.306768 -54.06060028076172 19.942123413085938 -63.09995651245117 5.008606240153313e-05 -0.8240897059440613 -0.316990464925766 -0.46946072578430176
1732804324.106514 -53.33887481689453 20.16157341003418 -63.562721252441406 -0.0010900436900556087 -0.8244670629501343 -0.31943726539611816 -0.46713241934776306
1732804324.773511 -52.723236083984375 20.346792221069336 -63.95111846923828 -0.001664190087467432 -0.8231537342071533 -0.3178102672100067 -0.4705441892147064
1732804325.373374 -52.154571533203125 20.520843505859375 -64.294189453125 0.0005048478487879038 -0.8190881013870239 -0.3205212354660034 -0.4757736921310425
1732804325.906627 -51.646339416503906 20.659465789794922 -64.59896087646484 -0.002774986205622554 -0.8183766603469849 -0.31526419520378113 -0.4804794490337372
1732804326.57338 -51.000885009765625 20.851652145385742 -64.95997619628906 0.0023960068356245756 -0.8120464086532593 -0.3209110200405121 -0.4874331057071686
1732804326.906784 -50.66362762451172 20.935131072998047 -65.13701629638672 0.0037683614064007998 -0.8130185604095459 -0.3130423128604889 -0.4909084737300873
1732804327.373216 -50.204803466796875 21.06438636779785 -65.39263916015625 0.004030625335872173 -0.8099842071533203 -0.3153632581233978 -0.49442431330680847
1732804328.106588 -49.466583251953125 21.266048431396484 -65.7868881225586 0.0052331662736833096 -0.8058062791824341 -0.3147580623626709 -0.501573920249939
1732804328.773299 -48.772430419921875 21.460847854614258 -66.14933013916016 0.008610007353127003 -0.8033782839775085 -0.3161277770996094 -0.5045518279075623
1732804329.439897 -48.08538055419922 21.65254783630371 -66.5082015991211 0.009552107192575932 -0.8061738014221191 -0.31237727403640747 -0.5024072527885437
1732804330.106501 -47.417640686035156 21.86539077758789 -66.90550994873047 0.01031520776450634 -0.8141993880271912 -0.3198641240596771 -0.4844170808792114
1732804330.706494 -46.859580993652344 22.071575164794922 -67.30755615234375 0.009125011041760445 -0.8326815366744995 -0.3263150453567505 -0.4472993016242981
1732804331.306496 -46.341583251953125 22.27538299560547 -67.72216796875 0.009334569796919823 -0.8386234045028687 -0.3284066617488861 -0.4344799220561981
1732804331.906454 -45.813926696777344 22.487201690673828 -68.140869140625 0.010257587768137455 -0.8393155336380005 -0.33037999272346497 -0.4316171705722809
1732804332.439836 -45.34508514404297 22.6743106842041 -68.51626586914062 0.009565984830260277 -0.8411211967468262 -0.3301391005516052 -0.428289532661438
1732804333.039755 -44.8050537109375 22.887426376342773 -68.93762969970703 0.007820947095751762 -0.8431715965270996 -0.3265613913536072 -0.4270341098308563
1732804333.706719 -44.22038269042969 23.11928939819336 -69.4040756225586 0.005618569441139698 -0.8435078859329224 -0.3303311765193939 -0.4234904646873474
1732804334.439729 -43.60188293457031 23.34988784790039 -69.91224670410156 0.00526172062382102 -0.846777617931366 -0.32521331310272217 -0.42092326283454895
1732804335.039775 -43.06554412841797 23.575593948364258 -70.33712768554688 0.009007406421005726 -0.84446120262146 -0.33321014046669006 -0.41925564408302307
1732804335.639523 -42.536537170410156 23.780471801757812 -70.76337432861328 0.00891269464045763 -0.8460835814476013 -0.3282473087310791 -0.4199009835720062
1732804336.239742 -41.96815490722656 23.95850944519043 -71.1097412109375 0.007933455519378185 -0.8190695643424988 -0.32142195105552673 -0.4751317501068115
1732804336.839663 -41.359039306640625 24.11712646484375 -71.38504028320312 0.00525843957439065 -0.7926338911056519 -0.31396564841270447 -0.5226179957389832
1732804337.506263 -40.663246154785156 24.25722885131836 -71.61729431152344 -0.0004894952871836722 -0.7576892971992493 -0.30608299374580383 -0.5763852000236511
1732804338.239643 -39.88987350463867 24.344276428222656 -71.73092651367188 -0.004590122029185295 -0.7017773389816284 -0.28173592686653137 -0.6543029546737671
1732804338.839697 -39.25890350341797 24.348129272460938 -71.70033264160156 -0.006147338077425957 -0.6197591423988342 -0.2485441416501999 -0.7443699836730957
1732804339.43962 -38.62319564819336 24.311166763305664 -71.52139282226562 -0.011599437333643436 -0.5342058539390564 -0.2244924008846283 -0.8149188160896301
1732804340.039556 -37.996665954589844 24.231571197509766 -71.2850341796875 -0.022207435220479965 -0.5062264204025269 -0.21480312943458557 -0.8349259495735168
1732804340.639622 -37.37189483642578 24.12567901611328 -71.03736877441406 -0.0383291132748127 -0.501062273979187 -0.20682410895824432 -0.8394589424133301
1732804341.239538 -36.73176193237305 24.018783569335938 -70.73410034179688 -0.02427196130156517 -0.48946571350097656 -0.19569146633148193 -0.8494346141815186
1732804341.839515 -36.132171630859375 23.91421127319336 -70.41004943847656 -0.020234208554029465 -0.44958022236824036 -0.18903879821300507 -0.8727729320526123
1732804342.43948 -35.65681076049805 23.742944717407227 -70.01490020751953 -0.0434991829097271 -0.3310401141643524 -0.15065179765224457 -0.9304968118667603
1732804343.106141 -35.191627502441406 23.53702163696289 -69.45011138916016 -0.034218959510326385 -0.2777247130870819 -0.13663162291049957 -0.9502788186073303
1732804343.706136 -34.79458999633789 23.331073760986328 -68.94578552246094 -0.0365593358874321 -0.268928587436676 -0.13279803097248077 -0.9532604813575745
1732804344.43939 -34.36537170410156 23.131410598754883 -68.36346435546875 -0.02439216896891594 -0.25380828976631165 -0.13627250492572784 -0.9572962522506714
1732804345.506078 -33.93778610229492 22.887802124023438 -67.78681945800781 -0.04361743852496147 -0.2556089460849762 -0.12820245325565338 -0.9572490453720093
1732804346.239486 -33.62996292114258 22.716062545776367 -67.33837890625 -0.03646036982536316 -0.2579105794429779 -0.1240958571434021 -0.9574722051620483
1732804347.239335 -33.25506591796875 22.48943328857422 -66.71336364746094 -0.025283269584178925 -0.19179947674274445 -0.10408743470907211 -0.9755713939666748
1732804348.239343 -33.0593376159668 22.22057342529297 -66.08399963378906 -0.040288496762514114 -0.11296448111534119 -0.07500604540109634 -0.9899444580078125
1732804349.239299 -32.94209671020508 21.919063568115234 -65.36024475097656 -0.03643588349223137 -0.0386769138276577 -0.052308276295661926 -0.9972163438796997
1732804349.839093 -32.87826156616211 21.687070846557617 -64.76559448242188 -0.02977810800075531 -0.033538296818733215 -0.049835048615932465 -0.997749924659729
1732804350.439254 -32.826271057128906 21.44730567932129 -64.14945983886719 -0.02731081284582615 -0.028784330934286118 -0.04438246414065361 -0.9982263445854187
1732804351.039227 -32.6511344909668 21.223968505859375 -63.51994323730469 -0.018272412940859795 -0.10203782469034195 -0.07196275144815445 -0.9920059442520142
1732804351.439274 -32.42107009887695 21.128480911254883 -63.2142333984375 -0.009932145476341248 -0.23771819472312927 -0.11519400030374527 -0.9644282460212708
1732804352.639215 -31.707622528076172 20.93890380859375 -62.621681213378906 -0.007096283137798309 -0.3746747076511383 -0.1591654121875763 -0.913364589214325
1732804353.439187 -31.16167449951172 20.792728424072266 -62.15801239013672 -0.007180164568126202 -0.37198254466056824 -0.16168217360973358 -0.9140220880508423
1732804354.039149 -30.737957000732422 20.672943115234375 -61.779762268066406 -0.006390671711415052 -0.3712395131587982 -0.15943697094917297 -0.9147241711616516
1732804354.839147 -30.122840881347656 20.508895874023438 -61.22269058227539 0.0012045776238664985 -0.3656255006790161 -0.15795274078845978 -0.9172608852386475
1732804355.439141 -29.643062591552734 20.369606018066406 -60.76865005493164 -0.002192675368860364 -0.35667529702186584 -0.14772532880306244 -0.922472357749939
1732804355.905712 -29.276704788208008 20.254932403564453 -60.409217834472656 -0.000710988009814173 -0.3515072166919708 -0.1420736312866211 -0.9253417253494263
1732804356.505866 -28.851665496826172 20.101848602294922 -59.95114517211914 -0.008680292405188084 -0.3334011733531952 -0.13195683062076569 -0.9334643483161926
1732804357.039068 -28.47307777404785 19.970104217529297 -59.5025634765625 -0.0013442739145830274 -0.3129185736179352 -0.1304970383644104 -0.9407713413238525
1732804357.706149 -28.0106258392334 19.791454315185547 -58.93397521972656 -0.00361147103831172 -0.30119773745536804 -0.12084916979074478 -0.9458659887313843
1732804358.239497 -27.570453643798828 19.6861515045166 -58.57257080078125 -0.0010202478151768446 -0.37990230321884155 -0.1409313678741455 -0.914227306842804
1732804358.639389 -27.235061645507812 19.603900909423828 -58.29771423339844 -0.0016519770724698901 -0.38110363483428955 -0.14353853464126587 -0.9133203625679016
1732804359.105717 -26.82925033569336 19.49995231628418 -57.94544219970703 0.0017905381973832846 -0.37621912360191345 -0.14238737523555756 -0.9155226945877075
1732804359.572352 -26.429183959960938 19.396780014038086 -57.604103088378906 -0.000161230651428923 -0.3732432723045349 -0.14059458673000336 -0.9170183539390564
1732804360.239368 -25.854764938354492 19.2600154876709 -57.119956970214844 0.0029655518010258675 -0.39081183075904846 -0.1426754891872406 -0.9093409776687622
1732804360.572335 -25.555355072021484 19.199085235595703 -56.927581787109375 0.003309986786916852 -0.4207555055618286 -0.15203383564949036 -0.89433753490448
1732804361.372119 -24.87700653076172 19.054658889770508 -56.42681121826172 0.0016165924025699496 -0.4121924042701721 -0.14769190549850464 -0.8990449905395508
1732804362.038926 -24.278831481933594 18.938045501708984 -55.9825553894043 0.006080365274101496 -0.40648525953292847 -0.14979059994220734 -0.9012744426727295
1732804362.438888 -23.910903930664062 18.84634780883789 -55.69752502441406 -0.0003328221500851214 -0.40472346544265747 -0.14559650421142578 -0.9027737975120544
1732804363.772258 -22.670284271240234 18.56924819946289 -54.71409606933594 0.0010025169467553496 -0.39131078124046326 -0.14155490696430206 -0.9093058705329895
1732804364.772952 -21.66858673095703 18.36078643798828 -54.052947998046875 -9.222470544045791e-05 -0.4566970765590668 -0.16292619705200195 -0.8745758533477783
1732804365.438809 -20.958959579467773 18.23202133178711 -53.653160095214844 -0.008951807394623756 -0.44815781712532043 -0.16639477014541626 -0.878286600112915
1732804365.972162 -20.356369018554688 18.135778427124023 -53.30471420288086 -0.007976669818162918 -0.44442614912986755 -0.1724637746810913 -0.8790210485458374
1732804366.438803 -19.80364418029785 18.046619415283203 -52.985408782958984 -0.0035657468251883984 -0.4481920003890991 -0.1760384440422058 -0.8764255046844482
1732804366.838842 -19.3094425201416 17.97097396850586 -52.70332717895508 -0.0017794383456930518 -0.45112699270248413 -0.1774463802576065 -0.8746394515037537
1732804367.371928 -18.68581771850586 17.865671157836914 -52.35509490966797 -0.007504849229007959 -0.4508625268936157 -0.17555302381515503 -0.875127375125885
1732804367.972059 -18.0152530670166 17.7554931640625 -51.95402908325195 -0.0007558527286164463 -0.4452205300331116 -0.1736210286617279 -0.8784269690513611
1732804368.572049 -17.447940826416016 17.59745979309082 -51.50468063354492 -0.008623767644166946 -0.37875938415527344 -0.14456892013549805 -0.9140933752059937
1732804369.172033 -16.99085807800293 17.435523986816406 -51.00015640258789 -0.006862311623990536 -0.33333611488342285 -0.12651562690734863 -0.9342557787895203
1732804369.772036 -16.572772979736328 17.269609451293945 -50.49132537841797 -0.007145861629396677 -0.3067273795604706 -0.11723078042268753 -0.944523274898529
1732804370.438663 -16.108705520629883 17.079721450805664 -49.92595672607422 -0.006185417994856834 -0.30138739943504333 -0.11391881108283997 -0.9466519951820374
1732804370.771979 -15.868780136108398 16.98276138305664 -49.62944030761719 -0.006028034258633852 -0.3007349669933319 -0.11255043745040894 -0.9470241069793701
1732804371.438701 -15.363903999328613 16.79537582397461 -49.08893966674805 -0.00424966448917985 -0.32831627130508423 -0.12122763693332672 -0.9367466568946838
1732804371.972004 -14.919998168945312 16.65936851501465 -48.664947509765625 -0.0053890845738351345 -0.3393475413322449 -0.12731333076953888 -0.9319901466369629
1732804372.572127 -14.428675651550293 16.50572395324707 -48.173736572265625 -0.0018924562027677894 -0.33777642250061035 -0.12843486666679382 -0.9324204921722412
1732804373.038443 -14.047340393066406 16.37039566040039 -47.792884826660156 -0.00784934964030981 -0.34006914496421814 -0.12491074204444885 -0.9320347309112549
1732804373.638706 -13.544621467590332 16.21807861328125 -47.321128845214844 -0.007265991531312466 -0.3414103388786316 -0.13328681886196136 -0.9303874969482422
1732804374.238605 -13.032773971557617 16.063711166381836 -46.84100341796875 -0.005596673581749201 -0.34133514761924744 -0.13561928272247314 -0.93008953332901
1732804374.838553 -12.536296844482422 15.916679382324219 -46.368499755859375 -0.004797114059329033 -0.3425840735435486 -0.13864870369434357 -0.9291876554489136
1732804375.438564 -12.032238960266113 15.776383399963379 -45.894657135009766 -0.0025689706671983004 -0.34590840339660645 -0.13765841722488403 -0.9281115531921387
1732804376.038327 -11.539215087890625 15.615211486816406 -45.42322540283203 -0.007408953737467527 -0.3514535427093506 -0.13068018853664398 -0.9270104169845581
1732804376.638651 -11.045235633850098 15.459150314331055 -44.94771194458008 -0.007768500596284866 -0.35318031907081604 -0.1260339766740799 -0.9269945025444031
1732804377.238477 -10.55702018737793 15.304705619812012 -44.504432678222656 -0.007183340843766928 -0.3527457118034363 -0.12655875086784363 -0.9270931482315063
1732804377.838493 -10.075202941894531 15.147043228149414 -44.03648376464844 -0.0047576092183589935 -0.3476542830467224 -0.12340493500232697 -0.9294541478157043
1732804378.43845 -9.59586238861084 14.995611190795898 -43.54499053955078 -2.1567986550508067e-05 -0.33566147089004517 -0.12169923633337021 -0.9340882301330566
1732804378.97174 -9.21577262878418 14.842245101928711 -43.08989715576172 -0.0014210800873115659 -0.3030863404273987 -0.10929328948259354 -0.9466739892959595
1732804379.571708 -8.919529914855957 14.658839225769043 -42.53045654296875 -0.001148968585766852 -0.2042596936225891 -0.08056621253490448 -0.9755951166152954
1732804380.171701 -8.661691665649414 14.453261375427246 -41.94003677368164 -0.004347318317741156 -0.17800816893577576 -0.07168123126029968 -0.9814051389694214
1732804380.771685 -8.404672622680664 14.242842674255371 -41.32719421386719 -0.003062124829739332 -0.1736791580915451 -0.0648687481880188 -0.9826588034629822
1732804381.371758 -8.16826343536377 14.036873817443848 -40.737876892089844 -0.007978999987244606 -0.16558969020843506 -0.06315038353204727 -0.9841384887695312
1732804381.971666 -7.962929725646973 13.826401710510254 -40.125003814697266 -0.005205001216381788 -0.1410529911518097 -0.053545016795396805 -0.9885393381118774
1732804382.571648 -7.801060199737549 13.620262145996094 -39.50415802001953 -0.0022725763265043497 -0.11943908035755157 -0.0455038957297802 -0.9917956590652466
1732804383.171643 -7.635982513427734 13.403592109680176 -38.87977981567383 -0.0014376400504261255 -0.11528978496789932 -0.038758065551519394 -0.9925744533538818
1732804383.771618 -7.479072093963623 13.190399169921875 -38.253089904785156 -0.0027635826263576746 -0.10905666649341583 -0.03507262468338013 -0.9934127926826477
1732804384.371434 -7.337700366973877 12.980350494384766 -37.64042282104492 -0.0016325083561241627 -0.10329379886388779 -0.03165355697274208 -0.9941458106040955
1732804384.971621 -7.205260753631592 12.768922805786133 -37.007144927978516 0.0009419285925105214 -0.09886369854211807 -0.027697322890162468 -0.9947150349617004
1732804385.571743 -7.0693159103393555 12.563860893249512 -36.389427185058594 0.0012368138413876295 -0.09518584609031677 -0.02485962212085724 -0.9951483011245728
1732804386.171537 -6.940683364868164 12.352005004882812 -35.784423828125 -0.002612905576825142 -0.09073598682880402 -0.02314682863652706 -0.995602548122406
1732804386.838222 -6.81125020980835 12.120307922363281 -35.09931182861328 -0.002536045154556632 -0.08704115450382233 -0.02158260904252529 -0.9959676861763
1732804387.571349 -6.668049335479736 11.87569522857666 -34.3662223815918 0.0006890663062222302 -0.08191090822219849 -0.02308650314807892 -0.9963719844818115
1732804388.171553 -6.561975955963135 11.67586898803711 -33.75844192504883 0.004208456724882126 -0.07748410850763321 -0.023600662127137184 -0.9967053532600403
1732804388.771471 -6.458346843719482 11.470003128051758 -33.14462661743164 -0.0009639638592489064 -0.07372266799211502 -0.025174835696816444 -0.9969605803489685
1732804389.371579 -6.357757568359375 11.26465129852295 -32.541664123535156 0.0001703513989923522 -0.07030247151851654 -0.024197591468691826 -0.99723219871521
1732804389.971587 -6.2268242835998535 11.057076454162598 -31.930614471435547 -0.001228137407451868 -0.09451654553413391 -0.03102598525583744 -0.9950389862060547
1732804390.571402 -6.0338053703308105 10.846813201904297 -31.30203628540039 0.0005514915101230145 -0.13131539523601532 -0.04096044600009918 -0.9904939532279968
1732804391.104722 -5.826733112335205 10.666919708251953 -30.774620056152344 -0.004363852087408304 -0.15603581070899963 -0.04755653813481331 -0.9865962862968445
1732804391.771462 -5.578609943389893 10.445862770080566 -30.11703872680664 -0.0013622594997286797 -0.16137181222438812 -0.04693877696990967 -0.985775887966156
1732804392.504725 -5.3078413009643555 10.198041915893555 -29.41157341003418 -0.001025488250888884 -0.16711381077766418 -0.0436873584985733 -0.9849686622619629
1732804393.171167 -5.042294502258301 9.970932960510254 -28.74643325805664 0.0009097761940211058 -0.1703755408525467 -0.04269031435251236 -0.9844536185264587
1732804393.771315 -4.815574645996094 9.767569541931152 -28.13804817199707 0.0022125954274088144 -0.15909136831760406 -0.03978206589818001 -0.9864595532417297
1732804394.371288 -4.613018989562988 9.552461624145508 -27.531375885009766 -0.0026547920424491167 -0.14422181248664856 -0.03395536541938782 -0.9889591336250305
1732804394.971294 -4.441891193389893 9.34367561340332 -26.918781280517578 -0.003236872609704733 -0.12228544056415558 -0.027695905417203903 -0.9921032786369324
1732804395.571321 -4.312321662902832 9.128301620483398 -26.296682357788086 -0.0024897921830415726 -0.0985616147518158 -0.01910780929028988 -0.9949443936347961
1732804396.171086 -4.205845355987549 8.909408569335938 -25.661033630371094 -0.0014822754310443997 -0.07910972833633423 -0.01225725281983614 -0.9967895150184631
1732804396.77123 -4.118767738342285 8.684172630310059 -25.025487899780273 -0.0029733695555478334 -0.06482407450675964 -0.005654382985085249 -0.9978762865066528
1732804397.371205 -4.059711933135986 8.457489967346191 -24.393007278442383 -0.006911376025527716 -0.051587168127298355 0.0032656188122928143 -0.9986392259597778
1732804397.771201 -4.022428512573242 8.3079833984375 -23.95704460144043 -0.005403258837759495 -0.043291125446558 0.00742298923432827 -0.9990203380584717
1732804398.304525 -3.9793589115142822 8.108963966369629 -23.38701820373535 -0.003491300856694579 -0.03645152971148491 0.008186021819710732 -0.9992958307266235
1732804398.90434 -3.9353785514831543 7.886643409729004 -22.74724006652832 -0.0030695933382958174 -0.029443994164466858 0.009534366428852081 -0.9995162487030029
1732804399.504475 -3.8808248043060303 7.662802696228027 -22.088878631591797 -0.002868812531232834 -0.035141732543706894 0.006609599571675062 -0.9993563890457153
1732804400.104452 -3.8345322608947754 7.447777271270752 -21.445100784301758 0.003011473687365651 -0.03714719042181969 0.00872504897415638 -0.9992672204971313
1732804400.70652 -3.7943217754364014 7.224452972412109 -20.820158004760742 -0.0029794631991535425 -0.034722328186035156 0.013160543516278267 -0.9993059039115906
1732804401.304463 -3.75040602684021 7.006805419921875 -20.182159423828125 -0.0017272786935791373 -0.030803440138697624 0.014370562508702278 -0.9994206428527832
1732804401.904251 -3.710285186767578 6.789345741271973 -19.56128692626953 -0.00399077869951725 -0.026519451290369034 0.012961938045918941 -0.999556303024292
1732804402.571284 -3.671804666519165 6.550596237182617 -18.86626434326172 0.001799535471946001 -0.022413073107600212 0.01273353025317192 -0.9996660947799683
1732804403.171062 -3.6367218494415283 6.336740970611572 -18.21710968017578 0.002494317013770342 -0.02381766401231289 0.011549636721611023 -0.9996464848518372
1732804403.771027 -3.61139178276062 6.115028381347656 -17.606292724609375 -0.007620275020599365 -0.01968846656382084 0.014314395375549793 -0.9996746182441711
1732804404.371035 -3.5784854888916016 5.895986557006836 -16.979202270507812 -0.00554640544578433 -0.016670290380716324 0.012566466815769672 -0.9997667670249939
1732804404.9042 -3.5602147579193115 5.7087321281433105 -16.403587341308594 3.934729193133535e-06 -0.01521519385278225 0.011915714479982853 -0.9998132586479187
1732804405.504268 -3.5014901161193848 5.484155654907227 -15.764803886413574 -0.0013281458523124456 -0.030201073735952377 0.004631674382835627 -0.9995322823524475
1732804406.104282 -3.4259331226348877 5.270561695098877 -15.14004135131836 -0.003207660047337413 -0.054905228316783905 -0.006853523664176464 -0.9984629154205322
1732804406.704262 -3.332786798477173 5.054691791534424 -14.524778366088867 5.569166751229204e-05 -0.06205921992659569 -0.01056569255888462 -0.9980165362358093
1732804407.304321 -3.2447502613067627 4.8389763832092285 -13.905252456665039 -0.001201897975988686 -0.06511098891496658 -0.008500944823026657 -0.9978411197662354
1732804407.904236 -3.0745999813079834 4.616744041442871 -13.285191535949707 -0.00018102106696460396 -0.12307637929916382 -0.02996191941201687 -0.9919447898864746
1732804408.504271 -2.8946735858917236 4.404531002044678 -12.675802230834961 -0.002583530731499195 -0.125682070851326 -0.02884899266064167 -0.9916477203369141
1732804409.104213 -2.706727981567383 4.190989971160889 -12.083405494689941 -0.006202661897987127 -0.12882427871227264 -0.0317758210003376 -0.9911388754844666
1732804409.704217 -2.51216983795166 3.9824752807617188 -11.477173805236816 -0.0010367512004449964 -0.13204780220985413 -0.035487379878759384 -0.9906073808670044
1732804410.3042 -2.3133389949798584 3.775538682937622 -10.893651008605957 -0.004456042777746916 -0.13402362167835236 -0.03864818066358566 -0.9902142286300659
1732804410.904155 -2.109717607498169 3.569007396697998 -10.313496589660645 -0.00464631337672472 -0.13460314273834229 -0.0431966558098793 -0.989946722984314
1732804411.504161 -1.902976632118225 3.3661885261535645 -9.726639747619629 -0.001682874048128724 -0.13734515011310577 -0.04451766610145569 -0.9895209670066833
1732804412.104123 -1.6980382204055786 3.1683080196380615 -9.135762214660645 0.0011511320481076837 -0.1406497061252594 -0.042435869574546814 -0.9891489148139954
1732804412.704215 -1.4929322004318237 2.9618756771087646 -8.581798553466797 -0.006824110634624958 -0.14026641845703125 -0.04073561728000641 -0.989251971244812
1732804413.303903 -1.3012629747390747 2.7528679370880127 -8.017402648925781 -0.0074446359649300575 -0.13396136462688446 -0.03907423093914986 -0.99018794298172
1732804413.90404 -1.139622688293457 2.5507733821868896 -7.452668190002441 -0.003959305118769407 -0.11749827116727829 -0.03468133509159088 -0.9924594163894653
1732804414.638419 -0.9584860801696777 2.3098299503326416 -6.8110527992248535 -0.0041641490533947945 -0.09317199885845184 -0.027492834255099297 -0.9952617287635803
1732804415.23736 -0.8436460494995117 2.106820821762085 -6.25402307510376 -0.006667715031653643 -0.0737156793475151 -0.021378880366683006 -0.9970278739929199
1732804415.837327 -0.7394118309020996 1.9053229093551636 -5.672764301300049 -0.0022607939317822456 -0.0644644945859909 -0.020990734919905663 -0.9976966977119446
1732804416.437148 -0.647861123085022 1.6955121755599976 -5.096859455108643 -0.0034714213106781244 -0.05635985732078552 -0.01940743252635002 -0.9982158541679382
1732804417.037338 -0.5569460988044739 1.4890718460083008 -4.517065048217773 -0.004298710264265537 -0.05046168342232704 -0.01860860548913479 -0.998543381690979
1732804417.637285 -0.4796130359172821 1.2894266843795776 -3.9218904972076416 0.00020770527771674097 -0.042832452803850174 -0.018896447494626045 -0.9989035725593567
1732804418.237309 -0.40335848927497864 1.0831857919692993 -3.330986738204956 -0.0033548776991665363 -0.039338093250989914 -0.018880123272538185 -0.9990420341491699
1732804418.837269 -0.33192816376686096 0.8700490593910217 -2.7596487998962402 -0.0110106086358428 -0.033072322607040405 -0.017717178910970688 -0.9992352724075317
1732804419.437214 -0.2811042368412018 0.6584421992301941 -2.1798806190490723 -0.012732020579278469 -0.033612918108701706 -0.012621261179447174 -0.9992741346359253
1732804420.03732 -0.23503366112709045 0.4593965411186218 -1.5593173503875732 0.0005652242689393461 -0.029195671901106834 -0.010928441770374775 -0.9995138049125671
1732804420.637187 -0.19108493626117706 0.2409394234418869 -0.9547076225280762 -0.007133974693715572 -0.02469385415315628 -0.011459151282906532 -0.9996039867401123
1732804421.237294 -0.15215225517749786 0.022405346855521202 -0.32491230964660645 -0.007194824051111937 -0.023482346907258034 -0.006078646052628756 -0.9996798634529114
1732804421.83718 -0.1095665991306305 -0.20707689225673676 0.3281106948852539 -0.006771374959498644 -0.023432524874806404 -0.006001763977110386 -0.9996845126152039
1732804422.036984 -0.09072567522525787 -0.2755511403083801 0.5541826486587524 -0.0035954040940850973 -0.025706689804792404 -0.006820800248533487 -0.9996398091316223
