1744746716.134416 -0.0 -0.0 -0.0 -0.0 -0.0 -0.0 1.0
1744746718.13433 0.006595511455088854 -0.06362590193748474 0.16681790351867676 0.0027753429021686316 0.008018276654183865 0.0013665312435477972 0.999963104724884
1744746719.600927 0.062048736959695816 -0.36490675806999207 1.0062413215637207 0.00859318021684885 0.024356916546821594 0.005844777449965477 0.9996493458747864
1744746721.334196 0.11307497322559357 -0.6451433897018433 1.7749018669128418 0.008946866728365421 0.028282029554247856 0.004050661809742451 0.9995517730712891
1744746722.734278 0.12178360670804977 -0.8833587169647217 2.43435001373291 0.009928293526172638 0.015603110194206238 -0.0030241068452596664 0.9998244643211365
1744746724.334289 0.09122895449399948 -1.155380368232727 3.175924062728882 0.010997896082699299 -0.015824686735868454 -0.015379142016172409 0.9996960163116455
1744746725.734089 0.0015054000541567802 -1.431833267211914 3.9479777812957764 0.009487231262028217 -0.054307688027620316 -0.027697574347257614 0.998094916343689
1744746727.134219 -0.13462629914283752 -1.693221926689148 4.68143367767334 0.010448142886161804 -0.08622516691684723 -0.035945381969213486 0.9955722093582153
1744746728.734008 -0.2895631492137909 -1.9676920175552368 5.42487096786499 0.011281030252575874 -0.09820985049009323 -0.03743419051170349 0.9943974614143372
1744746730.334544 -0.4434047341346741 -2.246588706970215 6.175457000732422 0.012233477085828781 -0.09140823036432266 -0.03490972891449928 0.9951262474060059
1744746731.73401 -0.5389704704284668 -2.5170280933380127 6.9002485275268555 0.01308849174529314 -0.07129865884780884 -0.026629624888300896 0.9970135688781738
1744746733.200654 -0.6055625081062317 -2.827688455581665 7.761864185333252 0.011680343188345432 -0.04367490112781525 -0.015908867120742798 0.9988508820533752
1744746734.60052 -0.6291355490684509 -3.1061439514160156 8.515569686889648 0.012220614589750767 -0.026154078543186188 -0.008549484424293041 0.9995467066764832
1744746736.133888 -0.6410240530967712 -3.377042770385742 9.256606101989746 0.01252689678221941 -0.02417893335223198 -0.00731388246640563 0.9996024370193481
1744746737.733887 -0.7005802392959595 -3.6533806324005127 9.989806175231934 0.01471618004143238 -0.04298294335603714 -0.012993600219488144 0.9988829493522644
1744746739.067214 -0.8076918721199036 -3.9017186164855957 10.645302772521973 0.015934230759739876 -0.07200664281845093 -0.02254512533545494 0.9970219731330872
1744746740.467162 -0.9989596009254456 -4.1977009773254395 11.397607803344727 0.015985742211341858 -0.12041690945625305 -0.03682515397667885 0.9919113516807556
1744746741.867167 -1.318189263343811 -4.467519283294678 12.085661888122559 0.017391806468367577 -0.2052811086177826 -0.06172687187790871 0.9765996932983398
1744746743.067149 -1.763442039489746 -4.689570426940918 12.598138809204102 0.01734614185988903 -0.2946796417236328 -0.09102324396371841 0.9510930180549622
1744746744.267042 -2.3246829509735107 -4.880335807800293 13.074994087219238 0.017709895968437195 -0.3783693313598633 -0.1232578381896019 0.9172406792640686
1744746745.067026 -2.763265609741211 -4.9907732009887695 13.322388648986816 0.017437713220715523 -0.43236395716667175 -0.1436576396226883 0.890011191368103
1744746746.266989 -3.4446489810943604 -5.135431289672852 13.659439086914062 0.01615944691002369 -0.48351502418518066 -0.16440925002098083 0.859605610370636
1744746747.466932 -4.11506986618042 -5.255483627319336 13.92231559753418 0.01969716139137745 -0.5179543495178223 -0.17579244077205658 0.8369183540344238
1744746748.733754 -4.854840278625488 -5.360414505004883 14.154745101928711 0.0191949512809515 -0.5442916750907898 -0.1849139928817749 0.8180373311042786
1744746750.066865 -5.6294264793396 -5.456451416015625 14.358132362365723 0.021523989737033844 -0.5742011666297913 -0.19354186952114105 0.795217752456665
1744746751.266917 -6.318743705749512 -5.510859966278076 14.449077606201172 0.02283148281276226 -0.6128298044204712 -0.2088448852300644 0.7617756724357605
1744746752.666878 -7.042806625366211 -5.528359889984131 14.444611549377441 0.024111967533826828 -0.6626140475273132 -0.22764769196510315 0.7131183743476868
1744746753.866802 -7.764833450317383 -5.512365341186523 14.345823287963867 0.0223097987473011 -0.7089595794677734 -0.24495837092399597 0.6609644293785095
1744746755.066801 -8.497815132141113 -5.457465648651123 14.143369674682617 0.021227585151791573 -0.7520828247070312 -0.26106345653533936 0.6047865152359009
1744746756.466765 -9.262537002563477 -5.370116710662842 13.804304122924805 0.026580598205327988 -0.7945703268051147 -0.26860278844833374 0.5438787341117859
1744746758.066733 -9.986831665039062 -5.273987770080566 13.45787239074707 0.025556961074471474 -0.8038817048072815 -0.2755891680717468 0.5264710187911987
1744746759.53338 -10.671875 -5.1945061683654785 13.15517520904541 0.028385549783706665 -0.803666889667511 -0.27131783962249756 0.528867244720459
1744746760.866649 -11.368814468383789 -5.139449119567871 12.875112533569336 0.02948431670665741 -0.7991440296173096 -0.25782060623168945 0.5422435402870178
1744746762.266574 -12.04696273803711 -5.079683303833008 12.587953567504883 0.026142172515392303 -0.7947123646736145 -0.2578294575214386 0.5488832592964172
1744746764.866513 -12.74118423461914 -5.01385498046875 12.264240264892578 0.030978374183177948 -0.8061419725418091 -0.25853636860847473 0.5313515663146973
1744746767.266527 -13.141838073730469 -4.930083751678467 11.945886611938477 0.03425480052828789 -0.8426232933998108 -0.2741483747959137 0.46222853660583496
1744746768.866486 -13.573266983032227 -4.7543792724609375 11.357994079589844 0.03577600046992302 -0.8920245170593262 -0.2883189022541046 0.3462435305118561
1744746770.266383 -14.046070098876953 -4.603736400604248 10.795108795166016 0.03633689507842064 -0.8978165984153748 -0.28601378202438354 0.3328682780265808
1744746771.666345 -14.521566390991211 -4.471085548400879 10.270160675048828 0.037634652107954025 -0.8968108892440796 -0.2786080837249756 0.3416011333465576
1744746773.266294 -15.109975814819336 -4.354979991912842 9.684483528137207 0.04050755500793457 -0.8872411847114563 -0.2650161385536194 0.3754047453403473
1744746774.666291 -15.718093872070312 -4.247514724731445 9.181405067443848 0.034782107919454575 -0.871405303478241 -0.2687528431415558 0.4089192748069763
1744746776.266256 -16.26685333251953 -4.161517143249512 8.749567031860352 0.03327896073460579 -0.8664923906326294 -0.26379162073135376 0.4224897027015686
1744746778.599549 -16.82793426513672 -4.061293125152588 8.261632919311523 0.0353611521422863 -0.8757809996604919 -0.264555424451828 0.40220367908477783
1744746780.466101 -17.335660934448242 -3.9239840507507324 7.675539016723633 0.035648413002491 -0.8968695402145386 -0.2755465805530548 0.34413403272628784
1744746781.866072 -17.69967269897461 -3.770932674407959 7.086552143096924 0.03774936497211456 -0.9173365235328674 -0.2829415500164032 0.2775115966796875
1744746783.066062 -18.016176223754883 -3.6065449714660645 6.491760730743408 0.03767815977334976 -0.9247423410415649 -0.2896372675895691 0.2440129816532135
1744746784.399341 -18.351036071777344 -3.4457602500915527 5.870952129364014 0.03674341365695 -0.9269276261329651 -0.29020264744758606 0.23502688109874725
1744746785.666019 -18.71611976623535 -3.2929465770721436 5.273064136505127 0.03440737724304199 -0.9237123131752014 -0.2872387766838074 0.25112876296043396
1744746787.199234 -19.153682708740234 -3.142306089401245 4.67289924621582 0.032325103878974915 -0.9140816330909729 -0.2814949154853821 0.29012158513069153
1744746788.665895 -19.699909210205078 -2.9873266220092773 4.057287216186523 0.030410978943109512 -0.8952715396881104 -0.27823537588119507 0.3466253876686096
1744746790.068244 -20.272708892822266 -2.863588333129883 3.509035110473633 0.0339796245098114 -0.8833003044128418 -0.2706027328968048 0.3813138008117676
1744746791.265854 -20.747791290283203 -2.773345947265625 3.0973281860351562 0.03671344742178917 -0.8798375129699707 -0.27056002616882324 0.38901856541633606
1744746792.865764 -21.334964752197266 -2.628113269805908 2.5021133422851562 0.03838959336280823 -0.8865900635719299 -0.27622848749160767 0.36902862787246704
1744746794.199041 -21.846651077270508 -2.4970102310180664 1.953317642211914 0.03951295092701912 -0.8952905535697937 -0.2810409367084503 0.3433796167373657
1744746795.465906 -22.295146942138672 -2.335963726043701 1.3408832550048828 0.04019816592335701 -0.903827428817749 -0.287189245223999 0.31464672088623047
1744746796.865633 -22.758522033691406 -2.1694631576538086 0.7037754058837891 0.04252837970852852 -0.909710168838501 -0.2875235974788666 0.2965620160102844
1744746798.265638 -23.1932315826416 -2.008688449859619 0.07588768005371094 0.04338197037577629 -0.9108047485351562 -0.28584715723991394 0.294693261384964
1744746799.665645 -23.672285079956055 -1.8620171546936035 -0.5499019622802734 0.042009443044662476 -0.906484067440033 -0.28103572130203247 0.31231531500816345
1744746800.865573 -24.125255584716797 -1.7338457107543945 -1.086080551147461 0.040367648005485535 -0.8992599844932556 -0.2779613137245178 0.33532002568244934
1744746801.998889 -24.594627380371094 -1.6219487190246582 -1.5818939208984375 0.039037369191646576 -0.8915687203407288 -0.2741750180721283 0.35834261775016785
1744746803.198835 -25.113710403442383 -1.5064191818237305 -2.0988025665283203 0.03863195329904556 -0.8843734860420227 -0.2720755636692047 0.3773142397403717
1744746804.665585 -25.75913429260254 -1.384969711303711 -2.674409866333008 0.040099769830703735 -0.880207359790802 -0.26860857009887695 0.3891998827457428
1744746805.998864 -26.32952308654785 -1.2687454223632812 -3.1934776306152344 0.038711585104465485 -0.8783668279647827 -0.27175411581993103 0.39130914211273193
1744746807.198732 -26.85234832763672 -1.1619234085083008 -3.6678924560546875 0.03844158351421356 -0.8793266415596008 -0.2716521918773651 0.3892453908920288
1744746808.665239 -27.520465850830078 -1.021780014038086 -4.259147644042969 0.03422251343727112 -0.8803666234016418 -0.2758356034755707 0.3843153119087219
1744746810.065354 -28.11031150817871 -0.8804616928100586 -4.828662872314453 0.030846118927001953 -0.8832962512969971 -0.2757260799407959 0.3779039680957794
1744746811.465259 -28.69947052001953 -0.7401714324951172 -5.4241485595703125 0.030053498223423958 -0.8859606981277466 -0.2755942940711975 0.3717772364616394
1744746812.798577 -29.209489822387695 -0.6094017028808594 -5.971111297607422 0.031187431886792183 -0.890092134475708 -0.27523666620254517 0.36195045709609985
1744746814.198784 -29.758684158325195 -0.46861934661865234 -6.550224304199219 0.03100854903459549 -0.8910800814628601 -0.2794678509235382 0.3562479615211487
1744746815.532003 -30.27935218811035 -0.3422088623046875 -7.09588623046875 0.031840987503528595 -0.8913325071334839 -0.27936288714408875 0.355624794960022
1744746816.931831 -30.811431884765625 -0.2105703353881836 -7.660911560058594 0.03386771306395531 -0.8891036510467529 -0.2764933705329895 0.36317920684814453
1744746818.331846 -31.378440856933594 -0.06667327880859375 -8.252269744873047 0.03288739174604416 -0.8843371868133545 -0.27676430344581604 0.3745233118534088
1744746819.531727 -31.891395568847656 0.044724464416503906 -8.729358673095703 0.03094145841896534 -0.8815021514892578 -0.2757766544818878 0.3820260465145111
1744746820.798423 -32.42787551879883 0.1608734130859375 -9.2186279296875 0.030519714578986168 -0.8798947930335999 -0.27443817257881165 0.386700838804245
1744746822.131697 -32.98802185058594 0.2890472412109375 -9.748786926269531 0.029028847813606262 -0.8804343342781067 -0.27515408396720886 0.3850753605365753
1744746823.531473 -33.54380798339844 0.43256568908691406 -10.319297790527344 0.02877712994813919 -0.8821918368339539 -0.2783081829547882 0.3787531554698944
1744746824.731631 -34.027801513671875 0.5490360260009766 -10.803966522216797 0.031168190762400627 -0.8866469264030457 -0.276416152715683 0.3694320321083069
1744746825.998083 -34.51459503173828 0.6775064468383789 -11.31857681274414 0.03176790103316307 -0.8887104988098145 -0.27916401624679565 0.3622870147228241
1744746827.331558 -35.032962799072266 0.8122491836547852 -11.867866516113281 0.03331894055008888 -0.8894822597503662 -0.2797795534133911 0.35977035760879517
1744746828.531346 -35.51424789428711 0.9342670440673828 -12.351085662841797 0.03379814326763153 -0.8885504603385925 -0.27955731749534607 0.3621925711631775
1744746829.998174 -36.0817985534668 1.0896730422973633 -12.939628601074219 0.03383408486843109 -0.8846207857131958 -0.2790806293487549 0.37204208970069885
1744746831.331422 -36.630035400390625 1.2103395462036133 -13.441230773925781 0.03424563631415367 -0.8776503801345825 -0.27632084488868713 0.3901331126689911
1744746832.731393 -37.204139709472656 1.326059341430664 -13.905048370361328 0.03395438566803932 -0.8659341335296631 -0.27214500308036804 0.41826102137565613
1744746834.131462 -37.82149124145508 1.4251213073730469 -14.332527160644531 0.03309110924601555 -0.8535789251327515 -0.2671685814857483 0.4460146427154541
1744746835.531326 -38.47940444946289 1.526681900024414 -14.76211929321289 0.03511827439069748 -0.8450658321380615 -0.2627258598804474 0.46433356404304504
1744746836.931306 -39.107337951660156 1.6095619201660156 -15.170822143554688 0.03534553945064545 -0.8444980382919312 -0.2615249454975128 0.46602413058280945
1744746837.997949 -39.59667205810547 1.6754188537597656 -15.488170623779297 0.03560392186045647 -0.8481112718582153 -0.2626834213733673 0.45873427391052246
1744746839.331228 -40.1424674987793 1.760915756225586 -15.903553009033203 0.0364479199051857 -0.8582221865653992 -0.2674061357975006 0.43660086393356323
1744746840.664368 -40.630348205566406 1.8666801452636719 -16.34719467163086 0.03808048367500305 -0.8684799671173096 -0.2732577621936798 0.4118528664112091
1744746842.131149 -41.14585876464844 1.9906005859375 -16.886608123779297 0.04002450779080391 -0.8785112500190735 -0.2777879238128662 0.386587530374527
1744746843.664474 -41.69515609741211 2.1204071044921875 -17.41924285888672 0.04024657607078552 -0.881533682346344 -0.28148993849754333 0.37688469886779785
1744746845.264403 -42.29189682006836 2.250886917114258 -17.978797912597656 0.039610981941223145 -0.8790109157562256 -0.27931663393974304 0.38438650965690613
1744746846.731097 -42.88983917236328 2.363037109375 -18.484798431396484 0.038208119571208954 -0.8687551021575928 -0.27390632033348083 0.4108285903930664
1744746848.330965 -43.60821533203125 2.482210159301758 -19.004798889160156 0.0361454077064991 -0.8546944856643677 -0.26897454261779785 0.4425422251224518
1744746849.46428 -44.140663146972656 2.5603103637695312 -19.361671447753906 0.0345274843275547 -0.8463736176490784 -0.26591211557388306 0.46016350388526917
1744746850.664097 -44.657562255859375 2.6326370239257812 -19.693592071533203 0.035262659192085266 -0.8413140773773193 -0.2629941701889038 0.4709365665912628
1744746852.130941 -45.25160217285156 2.724000930786133 -20.093399047851562 0.03352132439613342 -0.8412310481071472 -0.2669534683227539 0.4689803719520569
1744746853.864158 -45.944175720214844 2.834157943725586 -20.58452606201172 0.03469814732670784 -0.8517147898674011 -0.27008670568466187 0.4476954936981201
1744746855.330648 -46.53009033203125 2.953033447265625 -21.08045196533203 0.03591717779636383 -0.8666321635246277 -0.27481988072395325 0.4148888885974884
1744746856.664094 -47.05611038208008 3.079631805419922 -21.592864990234375 0.03510996326804161 -0.8791324496269226 -0.27664706110954285 0.386471152305603
1744746858.330787 -47.6424446105957 3.235715866088867 -22.192134857177734 0.03154156357049942 -0.8826487064361572 -0.2794657349586487 0.3766104280948639
1744746860.263841 -48.29554748535156 3.371837615966797 -22.748619079589844 0.02912912145256996 -0.876473605632782 -0.27284619212150574 0.39560142159461975
1744746861.664054 -48.896602630615234 3.480884552001953 -23.198196411132812 0.027625033631920815 -0.8609955310821533 -0.2669996917247772 0.43201252818107605
1744746863.063809 -49.58518600463867 3.565736770629883 -23.620471954345703 0.026263635605573654 -0.8437613844871521 -0.25898101925849915 0.4693674147129059
1744746864.530588 -50.30653762817383 3.635234832763672 -23.997844696044922 0.027377350255846977 -0.832774817943573 -0.25281059741973877 0.49175557494163513
1744746866.130544 -51.03501892089844 3.7117576599121094 -24.405231475830078 0.02694634348154068 -0.8340267539024353 -0.25442054867744446 0.4888184368610382
1744746867.663697 -51.7152214050293 3.803863525390625 -24.846996307373047 0.025326065719127655 -0.8466622829437256 -0.260679692029953 0.4632144272327423
1744746868.930659 -52.30387878417969 3.905742645263672 -25.29916763305664 0.025704309344291687 -0.8592832684516907 -0.2648463845252991 0.43683868646621704
1744746870.26358 -52.90531539916992 4.022661209106445 -25.806381225585938 0.02604931965470314 -0.8704136610031128 -0.26773539185523987 0.4123338758945465
1744746871.530414 -53.44865798950195 4.14268684387207 -26.299644470214844 0.025472210720181465 -0.8756256699562073 -0.27143386006355286 0.39869099855422974
1744746872.730179 -53.915138244628906 4.24078369140625 -26.722999572753906 0.02717093750834465 -0.8774863481521606 -0.26849114894866943 0.39647454023361206
1744746874.063686 -54.49959182739258 4.355562210083008 -27.205467224121094 0.025313813239336014 -0.8713959455490112 -0.26743197441101074 0.41049790382385254
1744746875.530127 -55.13270568847656 4.464302062988281 -27.66667938232422 0.020888270810246468 -0.8601598739624023 -0.26526135206222534 0.4351149797439575
1744746876.663603 -55.70570373535156 4.539533615112305 -28.02117156982422 0.017688529565930367 -0.8477773666381836 -0.2587187886238098 0.4626287817955017
1744746877.796719 -56.32495880126953 4.6062774658203125 -28.355628967285156 0.014221208170056343 -0.8351428508758545 -0.254328191280365 0.4874950349330902
1744746878.996877 -56.94469451904297 4.665777206420898 -28.686546325683594 0.017166227102279663 -0.8296821117401123 -0.24794289469718933 0.49985718727111816
1744746880.46332 -57.69135665893555 4.808277130126953 -29.09398651123047 0.0040359883569180965 -0.8222637176513672 -0.2802128791809082 0.4953250586986542
1744746881.596825 -58.21038055419922 4.861598968505859 -29.430892944335938 0.01972085051238537 -0.8381940722465515 -0.26476752758026123 0.4763820767402649
1744746882.863618 -58.809356689453125 4.988271713256836 -29.871185302734375 0.02680877409875393 -0.8504503965377808 -0.28224873542785645 0.4431152939796448
1744746884.196735 -59.39524841308594 5.125097274780273 -30.394424438476562 0.04197956994175911 -0.8656949400901794 -0.2863491177558899 0.40842902660369873
1744746885.396541 -59.84376525878906 5.2030181884765625 -30.82201385498047 0.04401775822043419 -0.8825615644454956 -0.2685834467411041 0.3834194540977478
1744746886.996668 -60.459747314453125 5.324085235595703 -31.336334228515625 0.02950352616608143 -0.8741607666015625 -0.2729012966156006 0.40062129497528076
1744746888.396618 -61.036293029785156 5.407323837280273 -31.74378204345703 0.031086646020412445 -0.8582208752632141 -0.26368048787117004 0.43927571177482605
1744746889.596679 -61.6575927734375 5.465475082397461 -32.1090087890625 0.030018983408808708 -0.8426962494850159 -0.249754399061203 0.47600892186164856
1744746891.06322 -62.41778564453125 5.5450286865234375 -32.51288604736328 0.02341306023299694 -0.828942060470581 -0.2528890371322632 0.4983513355255127
1744746892.396339 -63.054412841796875 5.622072219848633 -32.87377166748047 0.02580234594643116 -0.8313964009284973 -0.2559075653553009 0.4925704300403595
1744746893.86322 -63.728126525878906 5.716773986816406 -33.32173156738281 0.030935032293200493 -0.845686137676239 -0.2625587582588196 0.4635956585407257
1744746895.196279 -64.35346984863281 5.824811935424805 -33.810302734375 0.0288589708507061 -0.8630115985870361 -0.2670901417732239 0.4278329610824585
1744746896.596415 -64.96295166015625 5.965358734130859 -34.31645202636719 0.025095315650105476 -0.867266058921814 -0.2813425362110138 0.40995877981185913
1744746898.19635 -65.55586242675781 6.100278854370117 -34.833534240722656 0.03728842735290527 -0.8689543604850769 -0.2826971113681793 0.40448784828186035
1744746899.396357 -66.05685424804688 6.209699630737305 -35.24449920654297 0.03554506599903107 -0.8651977777481079 -0.28467971086502075 0.41125041246414185
1744746900.596286 -66.59330749511719 6.303911209106445 -35.648231506347656 0.040516551584005356 -0.8589723110198975 -0.2758071720600128 0.42948269844055176
1744746901.862942 -67.2277603149414 6.403404235839844 -36.058570861816406 0.03555994853377342 -0.8476969599723816 -0.27199503779411316 0.4540530741214752
1744746903.26291 -67.94593048095703 6.5105743408203125 -36.498878479003906 0.030054308474063873 -0.842312753200531 -0.2718638479709625 0.46443086862564087
1744746905.396008 -68.5901870727539 6.601593017578125 -36.968414306640625 0.03696265444159508 -0.8570309281349182 -0.2612193822860718 0.4426015615463257
1744746907.262613 -69.21678924560547 6.749298095703125 -37.53504943847656 0.026438333094120026 -0.8798326849937439 -0.2751183807849884 0.3866593539714813
1744746908.462755 -69.68428802490234 6.879425048828125 -38.03997039794922 0.022613806650042534 -0.8911623954772949 -0.28186339139938354 0.35478323698043823
1744746909.596285 -70.15953063964844 7.031932830810547 -38.563804626464844 0.02184094861149788 -0.8943037390708923 -0.28751078248023987 0.34217163920402527
1744746910.796317 -70.69001770019531 7.203643798828125 -39.12165832519531 0.016606325283646584 -0.8930808901786804 -0.2896905541419983 0.34381717443466187
1744746912.196021 -71.25679016113281 7.384464263916016 -39.72563171386719 0.013890916481614113 -0.8947056531906128 -0.28938019275665283 0.33995288610458374
1744746913.595982 -71.75254821777344 7.555488586425781 -40.29906463623047 0.017574060708284378 -0.8976413607597351 -0.29178574681282043 0.3298366665840149
1744746914.862636 -72.1656723022461 7.74072265625 -40.879852294921875 0.02012791857123375 -0.9082636833190918 -0.3009483516216278 0.28996893763542175
1744746916.395961 -72.37023162841797 7.957365036010742 -41.54126739501953 0.02156302146613598 -0.937531054019928 -0.3130471408367157 0.15024016797542572
1744746917.795674 -72.35511016845703 8.184886932373047 -42.29206848144531 0.02424958534538746 -0.9499384760856628 -0.3114195466041565 0.0068397559225559235
1744746918.995837 -72.2486343383789 8.45052433013916 -43.024349212646484 0.023881377652287483 -0.9427855610847473 -0.32520169019699097 -0.06949085742235184
1744746920.395783 -72.11425018310547 8.696691513061523 -43.66459655761719 0.016620837152004242 -0.9352492690086365 -0.33573850989341736 -0.1109609305858612
1744746921.862442 -71.98042297363281 8.969232559204102 -44.38189697265625 0.0071135275065898895 -0.9359561800956726 -0.3356635868549347 -0.10613872855901718
1744746923.129048 -71.90739440917969 9.224244117736816 -45.11426544189453 0.011220099404454231 -0.9427628517150879 -0.32720762491226196 -0.06330590695142746
1744746924.329019 -71.85517883300781 9.462910652160645 -45.76573944091797 0.023919986560940742 -0.9440054893493652 -0.3265989422798157 -0.040183085948228836
1744746926.928955 -71.71285247802734 9.722679138183594 -46.514984130859375 0.031038427725434303 -0.9412265419960022 -0.32183581590652466 -0.09772893786430359
1744746928.928918 -71.45204162597656 9.844093322753906 -46.846622467041016 0.028443118557333946 -0.9224966168403625 -0.31798821687698364 -0.21696676313877106
1744746930.328694 -70.93214416503906 10.075687408447266 -47.408843994140625 0.0295784343034029 -0.8858934640884399 -0.317153662443161 -0.337240993976593
1744746932.128635 -70.36190795898438 10.254342079162598 -47.86833953857422 0.018944023177027702 -0.8553704023361206 -0.3006526231765747 -0.42141497135162354
1744746944.528302 -69.76824951171875 10.415693283081055 -48.24952697753906 0.01692921295762062 -0.8382834196090698 -0.29794609546661377 -0.4563140273094177
1744746951.928121 -69.6589584350586 10.558791160583496 -48.621559143066406 0.019230887293815613 -0.9079412817955017 -0.31788361072540283 -0.27243858575820923
1744746952.728116 -69.75426483154297 10.661139488220215 -48.942317962646484 0.02087733894586563 -0.9419872164726257 -0.32203808426856995 -0.09228033572435379
1744746954.128241 -69.89718627929688 10.798145294189453 -49.35540771484375 0.02220843732357025 -0.9439969658851624 -0.3217827379703522 0.06951509416103363
1744746968.461179 -69.90166473388672 11.06615161895752 -50.10289001464844 0.018975960090756416 -0.9381607174873352 -0.32963094115257263 -0.10410495102405548
1744746969.261201 -69.60906219482422 11.19324016571045 -50.41625213623047 0.01560602430254221 -0.9053977727890015 -0.3254447281360626 -0.27220794558525085
1744746970.327647 -68.98318481445312 11.419401168823242 -50.92615509033203 0.014381718821823597 -0.8626912832260132 -0.32021215558052063 -0.3911792039871216
1744746971.127788 -68.42139434814453 11.619245529174805 -51.37147521972656 0.011148770339787006 -0.8495669364929199 -0.3147273063659668 -0.4231531023979187
1744746973.727784 -67.77639770507812 11.850076675415039 -51.89287567138672 0.010330368764698505 -0.8562679290771484 -0.3160022497177124 -0.4084619879722595
1744746975.12751 -67.41307830810547 12.126408576965332 -52.52546691894531 0.017750505357980728 -0.8959088921546936 -0.3343780040740967 -0.2919309139251709
1744746977.327453 -67.15898132324219 12.387924194335938 -53.1452751159668 0.01597304828464985 -0.9121038913726807 -0.3405696451663971 -0.22764837741851807
1744746986.927196 -66.80061340332031 12.662164688110352 -53.807918548583984 0.007025964558124542 -0.9077845811843872 -0.33671143651008606 -0.2500067353248596
1744746988.127344 -66.43181610107422 12.8125581741333 -54.113460540771484 0.0016740679275244474 -0.8657053112983704 -0.33561545610427856 -0.37136754393577576
1744746989.260473 -65.88677978515625 12.997732162475586 -54.53461456298828 -0.0016887959791347384 -0.8495603799819946 -0.3239346742630005 -0.4163060188293457
1744746990.127133 -65.26509094238281 13.214469909667969 -54.98210144042969 -0.001089730765670538 -0.8379068970680237 -0.32355746626853943 -0.4395696520805359
1744746990.860632 -64.72643280029297 13.383441925048828 -55.35658264160156 -0.001602058531716466 -0.8331292867660522 -0.318443238735199 -0.4522022008895874
1744746991.660609 -64.09869384765625 13.577516555786133 -55.75270080566406 0.002963833976536989 -0.8255091309547424 -0.31812936067581177 -0.4661754369735718
1744746992.460403 -63.44886016845703 13.759899139404297 -56.13148498535156 0.003474451368674636 -0.819331705570221 -0.3123683035373688 -0.48073843121528625
1744746993.26057 -62.77080535888672 13.950364112854004 -56.508392333984375 0.006010487675666809 -0.8137576580047607 -0.3150275647640228 -0.4883851706981659
1744746994.06058 -62.18168640136719 14.115931510925293 -56.862876892089844 0.005893071182072163 -0.8212153911590576 -0.3127932846546173 -0.4772116243839264
1744746994.86036 -61.548248291015625 14.32791519165039 -57.3026123046875 0.00946231558918953 -0.8336441516876221 -0.3207321763038635 -0.44953182339668274
1744746995.660468 -60.996368408203125 14.528010368347168 -57.71198272705078 0.015005809254944324 -0.8388847708702087 -0.3227035701274872 -0.43807485699653625
1744746996.460478 -60.48658752441406 14.70252513885498 -58.099605560302734 0.011826405301690102 -0.842670738697052 -0.3154147267341614 -0.4362106919288635
1744746997.260262 -59.97516632080078 14.896615982055664 -58.48997497558594 0.013109023682773113 -0.8413829803466797 -0.3227916359901428 -0.43325334787368774
1744746998.060514 -59.481361389160156 15.068075180053711 -58.8705940246582 0.012934096157550812 -0.844145655632019 -0.3183024823665619 -0.43120110034942627
1744746999.127048 -58.82231140136719 15.317182540893555 -59.38139343261719 0.016033675521612167 -0.8426491022109985 -0.32468166947364807 -0.4292636811733246
1744747002.193479 -58.35239791870117 15.393787384033203 -59.504940032958984 0.006205568090081215 -0.7649117708206177 -0.29683226346969604 -0.5716311931610107
1744747003.460283 -57.954280853271484 15.366117477416992 -59.36848449707031 -0.0007246250752359629 -0.622372567653656 -0.25041601061820984 -0.7415818572044373
1744747004.793412 -57.27277374267578 15.471145629882812 -59.47975540161133 0.016554823145270348 -0.7142359018325806 -0.2829057574272156 -0.6399667263031006
1744747005.393565 -56.989898681640625 15.603667259216309 -59.77682876586914 0.02919584885239601 -0.8325027823448181 -0.3103658854961395 -0.45799538493156433
1744747006.193539 -56.49652099609375 15.814081192016602 -60.2178955078125 0.0318874791264534 -0.8519150018692017 -0.3163888156414032 -0.41607964038848877
1744747006.793338 -56.01200866699219 16.02882194519043 -60.673370361328125 0.03311462700366974 -0.8609839081764221 -0.3192307949066162 -0.39459067583084106
1744747007.393342 -55.53761291503906 16.2528133392334 -61.12702560424805 0.03361133858561516 -0.861351728439331 -0.32651442289352417 -0.3877265751361847
1744747007.993482 -55.07447052001953 16.459426879882812 -61.589290618896484 0.028767935931682587 -0.8660219311714172 -0.32342782616615295 -0.3802275061607361
1744747008.66013 -54.56904602050781 16.69410514831543 -62.105308532714844 0.02695862390100956 -0.8686171770095825 -0.32388806343078613 -0.373997300863266
1744747009.393308 -54.02637481689453 16.954500198364258 -62.66835021972656 0.02764488011598587 -0.8698872923851013 -0.3276279866695404 -0.3676844835281372
1744747009.993265 -53.568626403808594 17.16730499267578 -63.1294059753418 0.02686093933880329 -0.868683397769928 -0.32696935534477234 -0.3711584806442261
1744747010.793407 -52.9466552734375 17.4310359954834 -63.643985748291016 0.022928478196263313 -0.8441111445426941 -0.3280267119407654 -0.42349642515182495
1744747011.46007 -52.411102294921875 17.634855270385742 -64.05241394042969 0.02020122855901718 -0.842565655708313 -0.3251657485961914 -0.42888492345809937
1744747012.059921 -51.89308166503906 17.82181739807129 -64.45171356201172 0.018075373023748398 -0.8425312638282776 -0.32331228256225586 -0.4304457902908325
1744747012.659903 -51.35387420654297 18.030467987060547 -64.86853790283203 0.019018640741705894 -0.840766429901123 -0.32559144496917725 -0.4321347177028656
1744747013.193352 -50.88433837890625 18.212791442871094 -65.22283172607422 0.017938174307346344 -0.839652419090271 -0.32748347520828247 -0.432916522026062
1744747013.660099 -50.46662902832031 18.373262405395508 -65.54647064208984 0.016451939940452576 -0.8397049903869629 -0.3272932469844818 -0.4330174922943115
1744747014.193145 -50.00835418701172 18.547733306884766 -65.89115142822266 0.015454506501555443 -0.8397525548934937 -0.327003538608551 -0.43318071961402893
1744747014.793335 -49.49694061279297 18.751192092895508 -66.27418518066406 0.018053486943244934 -0.8378382325172424 -0.33053749799728394 -0.4341038763523102
1744747015.593289 -48.87422180175781 18.984630584716797 -66.74398040771484 0.014695572666823864 -0.8379793167114258 -0.32797160744667053 -0.4359007477760315
1744747016.25994 -48.345489501953125 19.196500778198242 -67.13460540771484 0.018547577783465385 -0.8348205089569092 -0.3351823091506958 -0.4363296329975128
1744747016.993084 -47.78630828857422 19.39907455444336 -67.54016876220703 0.016182102262973785 -0.8344278931617737 -0.32895293831825256 -0.4418804347515106
1744747017.859745 -47.11767578125 19.645442962646484 -67.9958267211914 0.019671117886900902 -0.8311445116996765 -0.3293289840221405 -0.44760948419570923
1744747018.459924 -46.630531311035156 19.818147659301758 -68.30614471435547 0.02025802806019783 -0.8246535062789917 -0.3272956311702728 -0.4608837068080902
1744747019.193016 -46.027748107910156 20.00979232788086 -68.64415740966797 0.021751228719949722 -0.8138415217399597 -0.3229677677154541 -0.48257723450660706
1744747019.993037 -45.34962463378906 20.2103271484375 -68.96553802490234 0.023538582026958466 -0.7972167134284973 -0.31623318791389465 -0.5137003660202026
1744747020.859826 -44.581512451171875 20.395626068115234 -69.25786590576172 0.023199226707220078 -0.7750239372253418 -0.30655646324157715 -0.5521076917648315
1744747021.659807 -43.875640869140625 20.540828704833984 -69.4416732788086 0.023347577080130577 -0.7441754937171936 -0.2970466911792755 -0.597847044467926
1744747022.39298 -43.1996955871582 20.642807006835938 -69.53306579589844 0.02260943129658699 -0.7099342942237854 -0.28525310754776 -0.643515944480896
1744747023.193304 -42.44320297241211 20.73341941833496 -69.54728698730469 0.023005057126283646 -0.6748162508010864 -0.2780158221721649 -0.6832284331321716
1744747023.993089 -41.63151931762695 20.799222946166992 -69.53007507324219 0.018322519958019257 -0.6552762985229492 -0.26529577374458313 -0.7070327997207642
1744747024.792879 -40.834014892578125 20.824560165405273 -69.463134765625 0.012190943583846092 -0.6418570280075073 -0.24370531737804413 -0.7269654273986816
1744747025.392924 -40.16438293457031 20.846487045288086 -69.39642333984375 0.015022067353129387 -0.634619951248169 -0.2382327914237976 -0.7350354194641113
1744747026.19301 -39.34656524658203 20.854167938232422 -69.31014251708984 0.005887781735509634 -0.6204888820648193 -0.2365330308675766 -0.7476704120635986
1744747026.992828 -38.582096099853516 20.869096755981445 -69.14566040039062 0.012400568462908268 -0.5804427862167358 -0.2391740381717682 -0.7782854437828064
1744747027.792995 -37.913387298583984 20.840808868408203 -68.89402770996094 0.012999791651964188 -0.5173634886741638 -0.2246101349592209 -0.8256611824035645
1744747028.592974 -37.26686096191406 20.778594970703125 -68.49867248535156 0.013335343450307846 -0.4413648545742035 -0.2071370780467987 -0.872991144657135
1744747029.392753 -36.68395233154297 20.673538208007812 -68.10958099365234 -0.0026403844822198153 -0.4186435639858246 -0.19227418303489685 -0.8875592350959778
1744747033.059491 -36.00554656982422 20.545970916748047 -67.6930160522461 -0.01246907189488411 -0.4279845356941223 -0.18994829058647156 -0.883512020111084
1744747034.793271 -35.38135528564453 20.446979522705078 -67.25128936767578 -0.0024637726601213217 -0.40528106689453125 -0.1918511539697647 -0.8938313126564026
1744747035.992762 -34.87273406982422 20.313121795654297 -66.84825134277344 -0.017184259369969368 -0.38253527879714966 -0.1750834435224533 -0.9070376753807068
1744747037.259214 -34.27112579345703 20.17707061767578 -66.36811828613281 -0.006790431682020426 -0.3895566165447235 -0.1765410602092743 -0.9038987159729004
1744747038.79272 -33.61860275268555 20.0711669921875 -65.91217803955078 0.0037951297126710415 -0.4058580994606018 -0.1921200454235077 -0.8935069441795349
1744747040.12582 -32.94025421142578 19.984222412109375 -65.5278549194336 -0.0019899283070117235 -0.4381697475910187 -0.20213927328586578 -0.8758670091629028
1744747041.525974 -32.18952178955078 19.91424560546875 -65.10242462158203 0.011016845703125 -0.4453161656856537 -0.2114216685295105 -0.86998450756073
1744747042.592417 -31.609201431274414 19.863222122192383 -64.78123474121094 0.012934103608131409 -0.45231714844703674 -0.21479034423828125 -0.8655096888542175
1744747043.792562 -30.95879364013672 19.81129264831543 -64.42227172851562 0.01618148386478424 -0.45311540365219116 -0.21569998562335968 -0.8648110628128052
1744747045.125693 -30.302932739257812 19.733779907226562 -64.02056884765625 0.010704223066568375 -0.43655553460121155 -0.20665131509304047 -0.875557005405426
1744747046.392533 -29.683639526367188 19.652774810791016 -63.58195495605469 0.012141446582973003 -0.4091047942638397 -0.20169788599014282 -0.8898336291313171
1744747047.725621 -29.062313079833984 19.55733871459961 -63.11846160888672 0.007131265010684729 -0.38600534200668335 -0.1948753446340561 -0.9016499519348145
1744747049.192418 -28.39952278137207 19.448097229003906 -62.59996795654297 0.007849222980439663 -0.38112249970436096 -0.19682817161083221 -0.9032954573631287
1744747050.525556 -27.79775047302246 19.356136322021484 -62.153602600097656 0.012187131680548191 -0.3957493305206299 -0.2011270523071289 -0.895980954170227
1744747051.925497 -27.06829833984375 19.269371032714844 -61.697261810302734 0.011598678305745125 -0.42224979400634766 -0.20701995491981506 -0.882447361946106
1744747053.125649 -26.441654205322266 19.209596633911133 -61.343502044677734 0.012485098093748093 -0.442089706659317 -0.21419169008731842 -0.8709321022033691
1744747054.525455 -25.672481536865234 19.15834617614746 -60.9453125 0.012638168409466743 -0.4542519450187683 -0.2172885239124298 -0.8638756275177002
1744747055.792209 -25.016294479370117 19.100486755371094 -60.57177734375 0.01106102392077446 -0.45026108622550964 -0.21523432433605194 -0.8664969205856323
1744747057.125366 -24.35831069946289 19.02562713623047 -60.15777587890625 0.009371277876198292 -0.4253334403038025 -0.20868970453739166 -0.880597710609436
1744747058.725487 -23.706262588500977 18.89697265625 -59.58918762207031 0.0051148501224815845 -0.3608606159687042 -0.18567807972431183 -0.9139350056648254
1744747060.125303 -23.18808364868164 18.73173713684082 -58.9647331237793 0.004601866472512484 -0.295754611492157 -0.161042720079422 -0.9415802359580994
1744747061.925267 -22.723499298095703 18.55198860168457 -58.30430603027344 0.007114389445632696 -0.26246321201324463 -0.14394226670265198 -0.9541190266609192
1744747064.125358 -22.250930786132812 18.347537994384766 -57.586544036865234 0.005405524745583534 -0.2383124679327011 -0.13169588148593903 -0.962202787399292
1744747066.525372 -21.786020278930664 18.16916847229004 -56.904541015625 0.011830035597085953 -0.2536211907863617 -0.1383407562971115 -0.9572869539260864
1744747068.925224 -21.22775650024414 18.03982162475586 -56.40001678466797 0.009740808047354221 -0.3537786304950714 -0.1636081039905548 -0.920857310295105
1744747070.125204 -20.619781494140625 17.98592758178711 -56.05946350097656 0.020624645054340363 -0.4389078617095947 -0.1908271759748459 -0.877792477607727
1744747071.391998 -19.94137191772461 17.945114135742188 -55.743263244628906 0.021666625514626503 -0.47501951456069946 -0.20419234037399292 -0.8556824326515198
1744747073.52799 -19.20664405822754 17.887065887451172 -55.39691162109375 0.015290109440684319 -0.46984919905662537 -0.20194421708583832 -0.8592011332511902
1744747075.458237 -18.522674560546875 17.820236206054688 -54.98290252685547 0.014805755577981472 -0.43431273102760315 -0.19446906447410583 -0.8793947100639343
1744747077.258171 -17.912525177001953 17.693885803222656 -54.44595718383789 0.011291042901575565 -0.34907063841819763 -0.1692941039800644 -0.9216082692146301
1744747078.458286 -17.473806381225586 17.54752540588379 -53.87969207763672 0.009857434779405594 -0.2904197871685028 -0.14973589777946472 -0.9450600147247314
1744747080.058109 -17.017135620117188 17.354726791381836 -53.21961212158203 0.005815509706735611 -0.2550736367702484 -0.13573619723320007 -0.957329273223877
1744747081.724895 -16.586084365844727 17.181995391845703 -52.605812072753906 0.006397010758519173 -0.2571614384651184 -0.13600438833236694 -0.9567287564277649
1744747083.324738 -16.107973098754883 17.03438949584961 -52.03553771972656 0.006997491233050823 -0.2898370027542114 -0.1453448385000229 -0.9459495544433594
1744747084.657979 -15.568523406982422 16.908159255981445 -51.54527282714844 0.008708161301910877 -0.34154918789863586 -0.16260218620300293 -0.9256505370140076
1744747085.924763 -14.982818603515625 16.809715270996094 -51.12619400024414 0.008863583207130432 -0.3890758752822876 -0.17571288347244263 -0.9042490720748901
1744747087.258361 -14.398406982421875 16.730867385864258 -50.72927474975586 0.013364583253860474 -0.40679627656936646 -0.18152779340744019 -0.8952016234397888
1744747088.9247 -13.73084831237793 16.623706817626953 -50.24802780151367 0.010838732123374939 -0.4004339873790741 -0.1778617650270462 -0.8988327980041504
1744747090.657834 -13.095523834228516 16.49600601196289 -49.71332550048828 0.012553969398140907 -0.3668738901615143 -0.16782158613204956 -0.9149218201637268
1744747091.92444 -12.617818832397461 16.364276885986328 -49.20090866088867 0.01151055283844471 -0.3243427872657776 -0.15297387540340424 -0.9334174990653992
1744747093.257773 -12.130695343017578 16.19096565246582 -48.58378601074219 0.009434537030756474 -0.28365448117256165 -0.13752040266990662 -0.9489675760269165
1744747094.65816 -11.718111991882324 16.0152530670166 -47.970726013183594 0.005137320142239332 -0.2573494017124176 -0.12953127920627594 -0.9575837254524231
1744747096.257836 -11.246950149536133 15.834202766418457 -47.366024017333984 0.0036633519921451807 -0.26614025235176086 -0.136488676071167 -0.9542152881622314
1744747097.857657 -10.695562362670898 15.667879104614258 -46.74150848388672 0.009509026072919369 -0.2931210696697235 -0.1516754925251007 -0.9439196586608887
1744747099.257895 -10.09752082824707 15.52176284790039 -46.1297721862793 0.009902585297822952 -0.31968411803245544 -0.16360443830490112 -0.9332403540611267
1744747100.924257 -9.548356056213379 15.378266334533691 -45.565757751464844 0.006077559199184179 -0.3270021378993988 -0.16146808862686157 -0.9311072826385498
1744747102.657787 -9.046001434326172 15.228408813476562 -45.006439208984375 0.006294734310358763 -0.31084802746772766 -0.15325228869915009 -0.9380019903182983
1744747104.45764 -8.543566703796387 15.051824569702148 -44.39326477050781 0.004403937142342329 -0.28775522112846375 -0.1389024257659912 -0.9475672841072083
1744747106.057471 -8.187019348144531 14.86611557006836 -43.77315139770508 0.0042663561180233955 -0.20621643960475922 -0.11023495346307755 -0.9722679257392883
1744747107.457386 -7.9409871101379395 14.63835620880127 -43.0467643737793 0.005569793749600649 -0.14574480056762695 -0.08662679046392441 -0.9855065941810608
1744747109.057527 -7.690589904785156 14.407073974609375 -42.3204231262207 0.004110894165933132 -0.13810433447360992 -0.08240406215190887 -0.9869751334190369
1744747110.657482 -7.331940650939941 14.18211841583252 -41.57942581176758 0.00579051161184907 -0.18698419630527496 -0.10019464790821075 -0.9772228002548218
1744747112.190706 -6.844536781311035 13.98465347290039 -40.89250183105469 0.008646642789244652 -0.2587648630142212 -0.12459629029035568 -0.9578317999839783
1744747115.39051 -6.262348175048828 13.880471229553223 -40.468299865722656 0.00909958966076374 -0.3825340270996094 -0.16453257203102112 -0.9091281294822693
1744747117.590453 -5.787565231323242 13.90327262878418 -40.447242736816406 0.01322179939597845 -0.5451434254646301 -0.21621765196323395 -0.8098727464675903
1744747123.590343 -5.292024612426758 13.851151466369629 -40.19367599487305 0.013498307205736637 -0.4802723824977875 -0.19778527319431305 -0.8544221520423889
1744747124.19044 -5.18967342376709 13.766667366027832 -39.91853332519531 0.009703198447823524 -0.34360361099243164 -0.15516917407512665 -0.9261559844017029
1744747124.857098 -5.17689847946167 13.636898040771484 -39.53443908691406 0.0020831478759646416 -0.16213248670101166 -0.09530512988567352 -0.982153594493866
1744747125.456926 -5.176847457885742 13.490049362182617 -39.1022834777832 0.0005415455671027303 -0.05313264578580856 -0.058629292994737625 -0.9968647360801697
1744747126.190249 -5.139362335205078 13.279937744140625 -38.44878387451172 0.005205658730119467 -0.01986597292125225 -0.04663717746734619 -0.9987008571624756
1744747126.990374 -5.11709451675415 13.037328720092773 -37.72026062011719 0.0018666114192456007 0.00724783493205905 -0.03902167081832886 -0.9992104172706604
1744747127.990209 -5.077600002288818 12.750960350036621 -36.86901092529297 0.0006936023128218949 -0.01190215814858675 -0.04530863091349602 -0.9989019632339478
1744747129.590303 -4.942570686340332 12.489481925964355 -36.07240295410156 0.0030310030560940504 -0.06603482365608215 -0.06253011524677277 -0.9958515763282776
1744747131.59024 -4.649013996124268 12.384775161743164 -35.696563720703125 0.006607962306588888 -0.20273007452487946 -0.10739298909902573 -0.9733055233955383
1744747132.590097 -4.27682638168335 12.308090209960938 -35.403656005859375 0.00985563825815916 -0.33817416429519653 -0.15197673439979553 -0.9286787509918213
1744747134.590199 -3.592005729675293 12.196616172790527 -34.92780685424805 0.01519274152815342 -0.37358295917510986 -0.1623098999261856 -0.9131596684455872
1744747135.390013 -3.595019578933716 12.072667121887207 -34.57013702392578 0.007581471931189299 -0.18937788903713226 -0.09968660026788712 -0.9768015146255493
1744747136.456784 -3.5986979007720947 11.83256721496582 -33.87724304199219 -0.00028032311820425093 -0.06769111752510071 -0.05800414830446243 -0.9960187673568726
1744747137.256622 -3.5935018062591553 11.585152626037598 -33.15045928955078 -0.0005506467423401773 0.002384617691859603 -0.03496332839131355 -0.9993856549263
1744747137.989931 -3.600637674331665 11.324915885925293 -32.419986724853516 -0.0015105102211236954 0.013608613051474094 -0.029569491744041443 -0.999468982219696
1744747138.789916 -3.575157880783081 11.043839454650879 -31.596817016601562 0.0003216118784621358 -0.00792554672807455 -0.037444598972797394 -0.9992672204971313
1744747141.18998 -3.5027472972869873 10.78821849822998 -30.84840965270996 -0.0009446883341297507 -0.06257341802120209 -0.05728524178266525 -0.9963945746421814
1744747142.189975 -3.1886026859283447 10.71355152130127 -30.578166961669922 0.009081612341105938 -0.2584342062473297 -0.12267838418483734 -0.9581645727157593
1744747142.856475 -2.910726547241211 10.738496780395508 -30.61227035522461 0.013481643050909042 -0.4548444449901581 -0.18644548952579498 -0.8707312345504761
1744747144.789735 -2.429035186767578 10.764617919921875 -30.618318557739258 0.012224795296788216 -0.5721117258071899 -0.2180754542350769 -0.7905579209327698
1744747146.456408 -2.0659704208374023 10.696029663085938 -30.35603904724121 0.010363005101680756 -0.48176926374435425 -0.1895589679479599 -0.8554872870445251
1744747147.189863 -1.7499942779541016 10.600568771362305 -30.010608673095703 0.007621980272233486 -0.38189277052879333 -0.15743018686771393 -0.9106676578521729
1744747147.656513 -1.63886559009552 10.484132766723633 -29.645652770996094 0.00602617347612977 -0.228449746966362 -0.10722004622220993 -0.9676147699356079
1744747148.056334 -1.680804967880249 10.376792907714844 -29.331701278686523 0.0015950724482536316 -0.073223777115345 -0.05537836253643036 -0.9957756400108337
1744747148.589674 -1.715256690979004 10.226146697998047 -28.89862060546875 -0.0010818233713507652 0.0064852056093513966 -0.02718285843729973 -0.9996088743209839
1744747149.189776 -1.761264443397522 10.030115127563477 -28.34217643737793 -0.0022878069430589676 0.037350576370954514 -0.016571100801229477 -0.9991622567176819
1744747149.856268 -1.8428243398666382 9.804976463317871 -27.703319549560547 -0.002449959283694625 0.06188010796904564 -0.006710916757583618 -0.9980580806732178
1744747150.589612 -1.8941469192504883 9.553301811218262 -26.976520538330078 -0.0014048941666260362 0.04991019144654274 -0.011134694330394268 -0.998690664768219
1744747151.389625 -1.8926050662994385 9.291252136230469 -26.22826385498047 -0.0032529602758586407 0.01288869883865118 -0.02360871061682701 -0.9996328949928284
1744747152.189723 -1.8147214651107788 9.031425476074219 -25.471677780151367 -0.0034415193367749453 -0.024589184671640396 -0.03482575714588165 -0.9990849494934082
1744747152.923047 -1.7692878246307373 8.772504806518555 -24.729961395263672 -0.003983103670179844 -0.017436368390917778 -0.03129870817065239 -0.9993500709533691
1744747153.789528 -1.7090970277786255 8.44953441619873 -23.82549285888672 -0.009847047738730907 -0.015512350015342236 -0.029267048463225365 -0.9994027614593506
1744747154.522981 -1.6629765033721924 8.183258056640625 -23.075258255004883 -0.004454624839127064 -0.01419429387897253 -0.02873118221759796 -0.9994764924049377
1744747155.322795 -1.6232631206512451 7.898564338684082 -22.254663467407227 -0.002618232509121299 -0.014025924727320671 -0.028253544121980667 -0.9994990229606628
1744747156.056136 -1.5591871738433838 7.625258445739746 -21.496837615966797 -0.002482956973835826 -0.025126155465841293 -0.03038843907415867 -0.9992192387580872
1744747156.922916 -1.4273680448532104 7.310513496398926 -20.608997344970703 -0.0044880458153784275 -0.048192720860242844 -0.04075097665190697 -0.9979963302612305
1744747157.522794 -1.3538274765014648 7.091429233551025 -19.98287010192871 -0.005088867153972387 -0.04021612927317619 -0.03794531524181366 -0.9984573125839233
1744747158.122742 -1.3075028657913208 6.874425411224365 -19.359207153320312 -0.004649582784622908 -0.021028470247983932 -0.031329888850450516 -0.9992770552635193
1744747158.722721 -1.2640810012817383 6.649328708648682 -18.724220275878906 -0.007792854215949774 -0.019680768251419067 -0.031580761075019836 -0.9992770552635193
1744747159.323751 -1.2167166471481323 6.437067985534668 -18.064523696899414 0.002880902960896492 -0.01966862939298153 -0.030133290216326714 -0.9993482828140259
1744747159.922885 -1.1457295417785645 6.207962989807129 -17.435237884521484 -0.006568329408764839 -0.03467312082648277 -0.03585498407483101 -0.9987337589263916
1744747160.522683 -1.0786467790603638 5.991263389587402 -16.813600540161133 -0.006544875912368298 -0.03458091616630554 -0.037335216999053955 -0.9986828565597534
1744747161.122669 -1.004054069519043 5.776339530944824 -16.19259262084961 -0.004434586968272924 -0.03451555594801903 -0.03971182554960251 -0.9986050724983215
1744747161.722678 -0.93132084608078 5.566740036010742 -15.568472862243652 -0.00014438988000620157 -0.03560196980834007 -0.04032544791698456 -0.998552143573761
1744747162.522616 -0.8402987718582153 5.268899440765381 -14.732603073120117 -0.004019301850348711 -0.02974073402583599 -0.03759244829416275 -0.9988424777984619
1744747163.189261 -0.7696443200111389 5.032742023468018 -14.053645133972168 -0.004527865909039974 -0.03307294100522995 -0.03847009316086769 -0.9987020492553711
1744747163.922594 -0.694771945476532 4.776400566101074 -13.291959762573242 0.0002157540147891268 -0.034124795347452164 -0.038280460983514786 -0.9986842274665833
1744747164.72276 -0.6135954856872559 4.502462387084961 -12.477103233337402 -0.0018386220326647162 -0.03388621285557747 -0.03988310322165489 -0.9986279606819153
1744747165.322937 -0.5464823842048645 4.293196678161621 -11.868592262268066 -0.005021712277084589 -0.03322900831699371 -0.043398573994636536 -0.9984924793243408
1744747165.989193 -0.48782461881637573 4.068333148956299 -11.204007148742676 -0.0003731930337380618 -0.02362789958715439 -0.0410468690097332 -0.998877763748169
1744747166.589203 -0.43094003200531006 3.857177495956421 -10.586043357849121 -0.0024195280857384205 -0.018920136615633965 -0.04182704538106918 -0.9989427924156189
1744747167.122652 -0.3980598449707031 3.666616916656494 -10.041751861572266 -0.002155826659873128 -0.017477087676525116 -0.04257868975400925 -0.9989379048347473
1744747167.722748 -0.3509458899497986 3.4506614208221436 -9.43789291381836 -0.0036654823925346136 -0.01746240444481373 -0.04297216236591339 -0.9989169239997864
1744747168.322469 -0.3140117824077606 3.2412028312683105 -8.840572357177734 -0.0041433777660131454 -0.015718435868620872 -0.04305505007505417 -0.9989404678344727
1744747168.922465 -0.2726205587387085 3.0241193771362305 -8.245137214660645 -0.007864133454859257 -0.015039127320051193 -0.04262961074709892 -0.9989467859268188
1744747169.7226 -0.20441626012325287 2.7304890155792236 -7.418560981750488 -0.006234809756278992 -0.013373221270740032 -0.04099159687757492 -0.9990506172180176
1744747170.32246 -0.15591828525066376 2.501819372177124 -6.783727645874023 -0.009588055312633514 -0.01338910311460495 -0.04181719943881035 -0.9989895820617676
1744747170.989284 -0.08131496608257294 2.2641689777374268 -6.102741241455078 -0.006447995081543922 -0.02028052881360054 -0.046507205814123154 -0.9986912608146667
1744747171.722398 -0.014816640876233578 1.990234136581421 -5.334542751312256 -0.008725899271667004 -0.019111426547169685 -0.0484018512070179 -0.9986069798469543
1744747172.322517 0.045957960188388824 1.7687971591949463 -4.683062553405762 -0.005967626813799143 -0.01909039355814457 -0.04884830117225647 -0.9986059069633484
1744747172.989206 0.11549152433872223 1.510209560394287 -3.9508824348449707 -0.008461808785796165 -0.019289454445242882 -0.04944988340139389 -0.9985544681549072
1744747173.72234 0.1640290468931198 1.2309434413909912 -3.1685428619384766 -0.007109979633241892 -0.01878221519291401 -0.04644216597080231 -0.9987190961837769
1744747174.32234 0.17325930297374725 0.9892466068267822 -2.5265090465545654 -0.009796337224543095 0.0030424639116972685 -0.03680619224905968 -0.9992697834968567
1744747175.122293 0.2107878029346466 0.6768078804016113 -1.6931970119476318 -0.012120584025979042 -0.0018142566550523043 -0.0349838025867939 -0.9993128180503845
1744747175.922285 0.27243801951408386 0.39653775095939636 -0.9032393097877502 -0.00908728502690792 -0.018531374633312225 -0.03844478726387024 -0.999047577381134
1744747176.722278 0.29323118925094604 0.15939585864543915 -0.2555907070636749 -0.012246489524841309 -0.005798687227070332 -0.03072100318968296 -0.9994361996650696
1744747177.722193 0.3119625449180603 -0.10448481887578964 0.48811888694763184 -0.011525885201990604 -0.0009334927308373153 -0.026799827814102173 -0.9995739459991455
1744747178.188875 0.31817626953125 -0.20985360443592072 0.7983286380767822 -0.004595899488776922 0.0027407181914895773 -0.025217588990926743 -0.9996677041053772
1744747178.589312 0.32262298464775085 -0.2465011179447174 0.8651387095451355 -0.013957176357507706 -0.0006367610767483711 -0.02592361718416214 -0.9995663166046143
