1732804200.177016 -0.0 -0.0 -0.0 -0.0 -0.0 -0.0 1.0
1732804202.577015 0.017239009961485863 -0.06646131724119186 0.1743488609790802 0.006800967268645763 0.006477921735495329 0.003915085457265377 0.999948263168335
1732804203.177027 0.04708227515220642 -0.29279688000679016 0.8081567287445068 0.013264435343444347 0.01409575343132019 0.0030261287465691566 0.9998080730438232
1732804203.776717 0.08638259768486023 -0.5415757298469543 1.5175203084945679 0.0126881068572402 0.021157732233405113 0.001273946836590767 0.99969482421875
1732804204.176877 0.11290979385375977 -0.7392851114273071 2.0805935859680176 0.010526357218623161 0.01795915514230728 0.003375742584466934 0.9997776746749878
1732804204.710227 0.0844237357378006 -0.9701871871948242 2.68974232673645 0.015355395153164864 -0.009054582566022873 -0.011116781271994114 0.9997793436050415
1732804205.243655 0.038946814835071564 -1.198683500289917 3.286236524581909 0.022207748144865036 -0.024721425026655197 -0.01739838905632496 0.999296247959137
1732804205.776853 -0.005391736514866352 -1.438297152519226 3.9435675144195557 0.01969466544687748 -0.029000042006373405 -0.019382419064641 0.9991974234580994
1732804206.17684 -0.04765345901250839 -1.6336654424667358 4.4536542892456055 0.02302422933280468 -0.03682546690106392 -0.02185463346540928 0.9988173842430115
1732804206.776896 -0.20306749641895294 -1.91849684715271 5.228590965270996 0.020730430260300636 -0.08563196659088135 -0.04220731183886528 0.9952166080474854
1732804207.376773 -0.3497767448425293 -2.1881425380706787 5.954994201660156 0.020017700269818306 -0.09338053315877914 -0.04058683291077614 0.9946014881134033
1732804207.97684 -0.49689826369285583 -2.4339070320129395 6.600368022918701 0.021500956267118454 -0.0995054841041565 -0.04289860278367996 0.9938793182373047
1732804208.576807 -0.6473066806793213 -2.6770079135894775 7.237164497375488 0.0256896261125803 -0.10379332304000854 -0.0449262298643589 0.9932515621185303
1732804209.176767 -0.799728274345398 -2.9295942783355713 7.8874945640563965 0.025108756497502327 -0.10854894667863846 -0.04658900201320648 0.9926813244819641
1732804209.776755 -0.9271731376647949 -3.180697441101074 8.540250778198242 0.023960797116160393 -0.09370426833629608 -0.03966551274061203 0.9945210814476013
1732804210.376745 -1.0639394521713257 -3.429779529571533 9.182781219482422 0.025300275534391403 -0.09936420619487762 -0.039106134325265884 0.993960440158844
1732804210.97728 -1.205881953239441 -3.684880495071411 9.846017837524414 0.026001425459980965 -0.10179635137319565 -0.03814154490828514 0.9937337040901184
1732804211.576741 -1.3463176488876343 -3.94122314453125 10.508522987365723 0.027040358632802963 -0.10630636662244797 -0.03504430875182152 0.9933477640151978
1732804212.17668 -1.506540298461914 -4.192549228668213 11.157098770141602 0.027795664966106415 -0.11785338073968887 -0.0391482450067997 0.9918696880340576
1732804212.776882 -1.7492073774337769 -4.421998023986816 11.788565635681152 0.02204146422445774 -0.17209327220916748 -0.06185232847929001 0.9828898310661316
1732804213.176656 -1.9851722717285156 -4.571362018585205 12.11780834197998 0.03177325055003166 -0.25763460993766785 -0.09230019152164459 0.961298942565918
1732804213.776623 -2.3982460498809814 -4.762744903564453 12.55807876586914 0.03457038849592209 -0.34926995635032654 -0.11159006506204605 0.9297113418579102
1732804214.376638 -2.8847010135650635 -4.946967124938965 12.999639511108398 0.027371292933821678 -0.38804468512535095 -0.11754480004310608 0.9137042164802551
1732804214.976715 -3.4963276386260986 -5.061760902404785 13.284183502197266 0.01898825541138649 -0.5032879114151001 -0.17074938118457794 0.8468679785728455
1732804215.576542 -4.16404914855957 -5.157566070556641 13.511394500732422 0.025330642238259315 -0.5326712727546692 -0.18574026226997375 0.8253000974655151
1732804216.176562 -4.807948589324951 -5.288463115692139 13.892581939697266 0.023495709523558617 -0.4348544776439667 -0.16075831651687622 0.8857236504554749
1732804216.576668 -5.01987886428833 -5.4264726638793945 14.200087547302246 0.03316332772374153 -0.27270859479904175 -0.09428384155035019 0.9568912386894226
1732804217.376511 -5.3761773109436035 -5.4782514572143555 14.358601570129395 0.02650190331041813 -0.4338211715221405 -0.15849962830543518 0.8865522146224976
1732804218.176493 -6.108278274536133 -5.533502578735352 14.494634628295898 0.021257976070046425 -0.5324521660804749 -0.19507648050785065 0.8234002590179443
1732804218.776419 -6.737727642059326 -5.622370719909668 14.694828033447266 0.027124783024191856 -0.5493395924568176 -0.19883133471012115 0.8111450672149658
1732804219.376458 -7.195063591003418 -5.636743068695068 14.713526725769043 0.026114340871572495 -0.649653434753418 -0.23262277245521545 0.7232946157455444
1732804220.24319 -7.85466194152832 -5.635092258453369 14.677038192749023 0.030753545463085175 -0.6728572249412537 -0.2425539791584015 0.6982012987136841
1732804220.976385 -8.563660621643066 -5.62441349029541 14.644311904907227 0.027397356927394867 -0.6778393983840942 -0.2543444037437439 0.6892693042755127
1732804221.77639 -9.251593589782715 -5.626700401306152 14.583795547485352 0.0396796353161335 -0.6936877965927124 -0.25371453166007996 0.6729426383972168
1732804222.376563 -9.574519157409668 -5.549891471862793 14.375110626220703 0.03893385827541351 -0.7607828378677368 -0.27797070145606995 0.5851716995239258
1732804223.043057 -9.892568588256836 -5.390939235687256 14.005817413330078 0.035469911992549896 -0.8217480778694153 -0.3100197911262512 0.47682246565818787
1732804223.709607 -10.472698211669922 -5.236271381378174 13.645627975463867 0.03483225405216217 -0.8227376937866211 -0.32262590527534485 0.4666925072669983
1732804224.509643 -10.934835433959961 -5.13822078704834 13.29769229888916 0.04297277703881264 -0.8512179851531982 -0.3059714138507843 0.42422014474868774
1732804225.709597 -11.432088851928711 -5.020779609680176 12.781034469604492 0.024662796407938004 -0.8963813781738281 -0.27975985407829285 0.34296754002571106
1732804226.976394 -12.15273666381836 -4.907634735107422 12.453424453735352 0.004166657105088234 -0.823399543762207 -0.26829686760902405 0.5000127553939819
1732804227.709537 -12.857579231262207 -4.758790969848633 12.06735610961914 0.015043911524116993 -0.8174387812614441 -0.2848949432373047 0.5004023313522339
1732804228.509678 -13.51325511932373 -4.651791572570801 11.675025939941406 0.036425985395908356 -0.8248751163482666 -0.277111291885376 0.4913894236087799
1732804229.509481 -14.117124557495117 -4.520718097686768 11.25023365020752 0.03545732796192169 -0.8510919809341431 -0.29182538390159607 0.4349979758262634
1732804230.309437 -14.677034378051758 -4.394353866577148 10.786425590515137 0.039539635181427 -0.859637975692749 -0.2874484360218048 0.4205147325992584
1732804230.909403 -15.156332015991211 -4.30966854095459 10.392420768737793 0.044239889830350876 -0.8661673069000244 -0.27521398663520813 0.4147944152355194
1732804231.576101 -15.679996490478516 -4.197094917297363 9.954092025756836 0.042318735271692276 -0.8681803345680237 -0.27694347500801086 0.4096026122570038
1732804232.175898 -16.157835006713867 -4.092252254486084 9.564804077148438 0.03510037437081337 -0.8691697120666504 -0.28105711936950684 0.4053627550601959
1732804232.77625 -16.58993148803711 -3.9929728507995605 9.196833610534668 0.034600332379341125 -0.8700435161590576 -0.2829189598560333 0.4022238552570343
1732804233.376019 -17.002685546875 -3.89512300491333 8.83938980102539 0.03489634394645691 -0.8713986277580261 -0.28237318992614746 0.39963996410369873
1732804234.309344 -17.63438606262207 -3.746623992919922 8.293535232543945 0.03383726626634598 -0.8724610209465027 -0.28454139828681946 0.39585745334625244
1732804235.175831 -18.19532585144043 -3.609351634979248 7.782964706420898 0.03596524894237518 -0.8735235333442688 -0.2828121781349182 0.3945637047290802
1732804236.109269 -18.789920806884766 -3.4631571769714355 7.2527313232421875 0.03412293270230293 -0.8755412101745605 -0.28570663928985596 0.388117253780365
1732804236.975971 -19.27676773071289 -3.310701370239258 6.727887153625488 0.03329816460609436 -0.8856726288795471 -0.29088184237480164 0.3603651225566864
1732804237.909046 -19.80081558227539 -3.146562099456787 6.165711402893066 0.03362461179494858 -0.8904549479484558 -0.2924728989601135 0.34701430797576904
1732804238.57586 -20.191326141357422 -3.016031265258789 5.731326103210449 0.03146035969257355 -0.8930743932723999 -0.294715017080307 0.3384839594364166
1732804239.309201 -20.63030242919922 -2.854860544204712 5.221833229064941 0.031790945678949356 -0.8939720988273621 -0.2998894155025482 0.3314656615257263
1732804240.176481 -21.154510498046875 -2.6695663928985596 4.594060897827148 0.03602934256196022 -0.8966017961502075 -0.2990477979183197 0.324618935585022
1732804240.776048 -21.547822952270508 -2.5330588817596436 4.111545562744141 0.03850417584180832 -0.8999419808387756 -0.29500502347946167 0.31873810291290283
1732804241.309121 -22.043193817138672 -2.330094337463379 3.497629165649414 0.03747507184743881 -0.8998565077781677 -0.3016982674598694 0.3127812147140503
1732804241.709219 -22.440967559814453 -2.1716861724853516 2.9866943359375 0.04169834777712822 -0.9017640352249146 -0.300051212310791 0.3083053231239319
1732804242.109144 -22.842378616333008 -2.0066261291503906 2.472208023071289 0.04137103632092476 -0.9008636474609375 -0.3076923191547394 0.3034115433692932
1732804242.5091 -23.233123779296875 -1.8305449485778809 1.9538326263427734 0.042242370545864105 -0.9011303186416626 -0.3109970688819885 0.2990996837615967
1732804242.909091 -23.619890213012695 -1.665658950805664 1.4277305603027344 0.04621182382106781 -0.9036665558815002 -0.3078285753726959 0.29409652948379517
1732804243.309164 -24.015193939208984 -1.4938468933105469 0.8939838409423828 0.04522325098514557 -0.9047971963882446 -0.30787214636802673 0.29070889949798584
1732804243.709057 -24.39028549194336 -1.3317217826843262 0.36449241638183594 0.04831559956073761 -0.9070370197296143 -0.3040352165699005 0.2872491478919983
1732804244.10914 -24.788740158081055 -1.1679706573486328 -0.1671161651611328 0.04410647973418236 -0.9047690033912659 -0.30418097972869873 0.2948249280452728
1732804244.442356 -25.139266967773438 -1.0395936965942383 -0.6071319580078125 0.044569872319698334 -0.9026742577552795 -0.2981436550617218 0.3070882260799408
1732804244.909044 -25.65234375 -0.8680095672607422 -1.1779842376708984 0.040390823036432266 -0.8915598392486572 -0.298270583152771 0.3384145498275757
1732804245.384233 -26.162723541259766 -0.7028608322143555 -1.7468223571777344 0.03890713304281235 -0.8919641375541687 -0.2953936457633972 0.3400425612926483
1732804245.842408 -26.659141540527344 -0.5492782592773438 -2.294618606567383 0.036272309720516205 -0.8919009566307068 -0.2941766083240509 0.3415510356426239
1732804246.309003 -27.167675018310547 -0.38752269744873047 -2.8282546997070312 0.037036553025245667 -0.8862730860710144 -0.29672694206237793 0.35369694232940674
1732804246.842272 -27.740264892578125 -0.22463130950927734 -3.409769058227539 0.035997018218040466 -0.8863500952720642 -0.29255804419517517 0.3570680320262909
1732804247.242308 -28.16109848022461 -0.09354019165039062 -3.8367691040039062 0.035898178815841675 -0.8847605586051941 -0.29456135630607605 0.3593657612800598
1732804247.642266 -28.575807571411133 0.02945995330810547 -4.257495880126953 0.034437794238328934 -0.8834097981452942 -0.29601144790649414 0.3616331219673157
1732804248.042261 -28.98939323425293 0.15928268432617188 -4.677364349365234 0.037124041467905045 -0.8836216926574707 -0.29362064599990845 0.3627968430519104
1732804248.442276 -29.415681838989258 0.2966766357421875 -5.100482940673828 0.03387540951371193 -0.8823373317718506 -0.29716756939888 0.36335206031799316
1732804248.842254 -29.836313247680664 0.4138355255126953 -5.512950897216797 0.03174353763461113 -0.8838562965393066 -0.29212379455566406 0.36394238471984863
1732804249.442048 -30.454233169555664 0.6017169952392578 -6.131671905517578 0.025957435369491577 -0.8835118412971497 -0.2933003008365631 0.36429131031036377
1732804249.842289 -30.890178680419922 0.7263307571411133 -6.53924560546875 0.024981720373034477 -0.8798950910568237 -0.2918645739555359 0.37413322925567627
1732804250.242198 -31.32071876525879 0.8545131683349609 -6.956867218017578 0.027380511164665222 -0.8795691132545471 -0.2908805310726166 0.37549567222595215
1732804250.642194 -31.74229621887207 0.9685611724853516 -7.361255645751953 0.027652528136968613 -0.8802922964096069 -0.28708672523498535 0.37669891119003296
1732804251.042245 -32.16482162475586 1.0896387100219727 -7.766750335693359 0.030198637396097183 -0.8792622685432434 -0.28879833221435547 0.3775995969772339
1732804251.442149 -32.59107971191406 1.2106447219848633 -8.167484283447266 0.032039109617471695 -0.8778970837593079 -0.2914201319217682 0.37860867381095886
1732804251.842356 -33.016014099121094 1.3336305618286133 -8.568244934082031 0.03196103498339653 -0.8768998980522156 -0.2928774952888489 0.3797999322414398
1732804252.24196 -33.446903228759766 1.4424514770507812 -8.948841094970703 0.03369218483567238 -0.8725869655609131 -0.2887328565120697 0.3925432562828064
1732804252.642107 -33.88572311401367 1.5490741729736328 -9.327980041503906 0.03158574551343918 -0.8709919452667236 -0.2894768714904785 0.39570000767707825
1732804253.04231 -34.313621520996094 1.6602058410644531 -9.70706558227539 0.03188124671578407 -0.8707355856895447 -0.2886200547218323 0.39686480164527893
1732804253.442132 -34.74307632446289 1.769495964050293 -10.075874328613281 0.030396124348044395 -0.8704408407211304 -0.28804242610931396 0.39804568886756897
1732804253.842093 -35.18164825439453 1.8805780410766602 -10.448814392089844 0.030769571661949158 -0.8700280785560608 -0.2864264249801636 0.4000805914402008
1732804254.242205 -35.618072509765625 1.9905567169189453 -10.831047058105469 0.03486974164843559 -0.8690516948699951 -0.28437939286231995 0.40331342816352844
1732804254.642134 -36.13924789428711 2.1138486862182617 -11.268756866455078 0.03473082184791565 -0.8675000667572021 -0.28434842824935913 0.4066735506057739
1732804255.042104 -36.68240737915039 2.242560386657715 -11.725135803222656 0.03480706363916397 -0.866360068321228 -0.285697340965271 0.40814921259880066
1732804255.442066 -37.22069549560547 2.3729562759399414 -12.176692962646484 0.033661533147096634 -0.8643847703933716 -0.2877866327762604 0.4109559655189514
1732804255.842084 -37.74480438232422 2.496143341064453 -12.6083984375 0.03604422137141228 -0.8632160425186157 -0.288086861371994 0.41299501061439514
1732804256.242026 -38.251564025878906 2.610767364501953 -13.018760681152344 0.03647158667445183 -0.8627973794937134 -0.28670820593833923 0.4147878587245941
1732804256.642715 -38.746925354003906 2.724210739135742 -13.410648345947266 0.03403887525200844 -0.8617947101593018 -0.2875722050666809 0.4164775609970093
1732804257.04203 -39.24785614013672 2.834545135498047 -13.80508041381836 0.0344921238720417 -0.8616346120834351 -0.2856481671333313 0.4180922210216522
1732804257.442004 -39.74237060546875 2.944124221801758 -14.192955017089844 0.03465556725859642 -0.8603634238243103 -0.28780409693717957 0.41921645402908325
1732804257.842041 -40.243560791015625 3.0547008514404297 -14.58675765991211 0.03671390190720558 -0.8592829704284668 -0.28865259885787964 0.42067164182662964
1732804258.241994 -40.75102233886719 3.1560592651367188 -14.979225158691406 0.03731689229607582 -0.8603075742721558 -0.28442275524139404 0.42140480875968933
1732804258.642174 -41.242332458496094 3.2685394287109375 -15.367137908935547 0.037418633699417114 -0.8607637882232666 -0.28594064712524414 0.41943246126174927
1732804259.041935 -41.719154357910156 3.376344680786133 -15.742542266845703 0.036660537123680115 -0.862173318862915 -0.28687813878059387 0.41594967246055603
1732804259.441941 -42.19396209716797 3.4956607818603516 -16.136096954345703 0.035891905426979065 -0.8645913004875183 -0.2894898056983948 0.4091325104236603
1732804259.841926 -42.63888168334961 3.6047801971435547 -16.528419494628906 0.03674083948135376 -0.8693615198135376 -0.2881351113319397 0.39979854226112366
1732804260.242024 -43.080345153808594 3.7185897827148438 -16.922412872314453 0.03701671212911606 -0.8731975555419922 -0.28924182057380676 0.39050599932670593
1732804260.642025 -43.49433517456055 3.8411636352539062 -17.32184600830078 0.03628472611308098 -0.8766229152679443 -0.2942487597465515 0.3789899945259094
1732804261.041945 -43.91045379638672 3.9505786895751953 -17.718372344970703 0.036859698593616486 -0.8772220611572266 -0.292194664478302 0.37913745641708374
1732804261.441956 -44.328487396240234 4.066459655761719 -18.118663787841797 0.03630833700299263 -0.8789507746696472 -0.289955198764801 0.3768996596336365
1732804261.841847 -44.743247985839844 4.177833557128906 -18.51082992553711 0.03486074507236481 -0.8806312084197998 -0.28878894448280334 0.37399786710739136
1732804262.242104 -45.169769287109375 4.2951507568359375 -18.914649963378906 0.031907036900520325 -0.8813962936401367 -0.28910118341445923 0.37221378087997437
1732804262.641836 -45.59998321533203 4.426958084106445 -19.332721710205078 0.03252393379807472 -0.8786194324493408 -0.2946239113807678 0.37438860535621643
1732804263.041833 -46.044124603271484 4.547359466552734 -19.735740661621094 0.03266676142811775 -0.8747117519378662 -0.29348522424697876 0.38428995013237
1732804263.442206 -46.50111389160156 4.6558990478515625 -20.124271392822266 0.034135375171899796 -0.8710816502571106 -0.289686918258667 0.3951367139816284
1732804263.841623 -46.96345901489258 4.768136978149414 -20.493793487548828 0.03309011459350586 -0.866703987121582 -0.2882854640483856 0.4057348072528839
1732804264.241744 -47.42666244506836 4.88416862487793 -20.8785400390625 0.03260015696287155 -0.8655586838722229 -0.2902884781360626 0.40678995847702026
1732804264.641761 -47.88996887207031 4.998174667358398 -21.258705139160156 0.03317781537771225 -0.8651624917984009 -0.29024094343185425 0.4076192080974579
1732804265.04177 -48.345130920410156 5.104312896728516 -21.636512756347656 0.03320389240980148 -0.8655183911323547 -0.2869342267513275 0.40919941663742065
1732804265.441777 -48.79548645019531 5.21668815612793 -22.007675170898438 0.03241894021630287 -0.8649091124534607 -0.28915897011756897 0.4089844524860382
1732804265.841763 -49.252464294433594 5.321184158325195 -22.381515502929688 0.03270115703344345 -0.8646146059036255 -0.28817614912986755 0.41027653217315674
1732804266.241743 -49.75276184082031 5.435115814208984 -22.790756225585938 0.03183213993906975 -0.8642582893371582 -0.2855892777442932 0.41289597749710083
1732804266.574907 -50.209293365478516 5.542280197143555 -23.165748596191406 0.030142372474074364 -0.8639275431632996 -0.2866579294204712 0.4129743278026581
1732804266.841874 -50.582061767578125 5.624200820922852 -23.4669189453125 0.028758302330970764 -0.8650840520858765 -0.28265804052352905 0.4134090840816498
1732804267.108376 -50.93866729736328 5.710142135620117 -23.760631561279297 0.029134215787053108 -0.8642398118972778 -0.2846025824546814 0.4138141870498657
1732804267.57501 -51.531715393066406 5.854156494140625 -24.244468688964844 0.02622728981077671 -0.8645554184913635 -0.28525373339653015 0.41290009021759033
1732804267.975019 -52.0318603515625 5.964666366577148 -24.651756286621094 0.02677200362086296 -0.8659512996673584 -0.2795247435569763 0.4138569235801697
1732804268.375005 -52.536781311035156 6.078468322753906 -25.058204650878906 0.02315034344792366 -0.8652217388153076 -0.2817552387714386 0.4140886664390564
1732804268.841649 -53.0638427734375 6.19781494140625 -25.491485595703125 0.023170405998826027 -0.865319013595581 -0.2806459665298462 0.41463738679885864
1732804269.241682 -53.53242492675781 6.302145004272461 -25.865737915039062 0.021567020565271378 -0.8656980991363525 -0.2793130874633789 0.41483235359191895
1732804269.641616 -53.975101470947266 6.409538269042969 -26.22016143798828 0.018206806853413582 -0.8650848269462585 -0.28127625584602356 0.41494646668434143
1732804270.174992 -54.453582763671875 6.518610000610352 -26.601776123046875 0.01924026943743229 -0.8642674684524536 -0.2796039283275604 0.4177238941192627
1732804270.641603 -54.89778137207031 6.601215362548828 -26.905624389648438 0.01770421676337719 -0.8565911054611206 -0.27798599004745483 0.4343525469303131
1732804271.374897 -55.57071304321289 6.726415634155273 -27.35594940185547 0.020173367112874985 -0.8508480191230774 -0.2744726538658142 0.4475662112236023
1732804271.841581 -56.00649642944336 6.807714462280273 -27.651763916015625 0.019129807129502296 -0.8495544791221619 -0.2752295732498169 0.44959983229637146
1732804272.57485 -56.664215087890625 6.920421600341797 -28.092735290527344 0.021609066054224968 -0.848745584487915 -0.2730267345905304 0.45234987139701843
1732804273.174843 -57.226375579833984 7.017345428466797 -28.460739135742188 0.017927490174770355 -0.8471634387969971 -0.2737562358379364 0.45502787828445435
1732804273.774954 -57.7928352355957 7.121921539306641 -28.83704376220703 0.018584836274385452 -0.8459345102310181 -0.2727055847644806 0.457909494638443
1732804274.374841 -58.36553192138672 7.218008041381836 -29.2010498046875 0.014703233726322651 -0.8444830179214478 -0.27418747544288635 0.4598407745361328
1732804274.974939 -58.943878173828125 7.320119857788086 -29.56537628173828 0.0158504918217659 -0.8433225750923157 -0.272571861743927 0.4628826975822449
1732804275.374882 -59.339683532714844 7.385623931884766 -29.81299591064453 0.015753475949168205 -0.8438073396682739 -0.26918044686317444 0.46398594975471497
1732804276.041681 -59.989749908447266 7.52613639831543 -30.234230041503906 0.009413582272827625 -0.8438442945480347 -0.28170832991600037 0.45659464597702026
1732804276.574731 -60.52332305908203 7.6349029541015625 -30.592315673828125 0.011553063988685608 -0.8456256985664368 -0.2831091284751892 0.45236387848854065
1732804277.174733 -61.093544006347656 7.743352890014648 -30.974403381347656 0.013963214121758938 -0.8496249914169312 -0.27486488223075867 0.4498797655105591
1732804277.774842 -61.65740966796875 7.861669540405273 -31.352203369140625 0.009087598882615566 -0.8500420451164246 -0.27789342403411865 0.44734910130500793
1732804278.441346 -62.30303955078125 7.997720718383789 -31.789588928222656 0.007834038697183132 -0.8497075438499451 -0.27873650193214417 0.4474836587905884
1732804279.04134 -62.864227294921875 8.098733901977539 -32.177223205566406 0.010851388797163963 -0.8531050086021423 -0.2712315320968628 0.44556424021720886
1732804279.641342 -63.43131637573242 8.218364715576172 -32.56470489501953 0.009628834202885628 -0.8521607518196106 -0.27612748742103577 0.4443906545639038
1732804280.374693 -64.0851821899414 8.348751068115234 -33.02935028076172 0.013346999883651733 -0.856115996837616 -0.2705039083957672 0.4401305317878723
1732804280.974614 -64.60302734375 8.439821243286133 -33.419273376464844 0.014606406912207603 -0.8641437292098999 -0.26429885625839233 0.428005188703537
1732804281.574924 -65.09231567382812 8.567497253417969 -33.84088134765625 0.012633716687560081 -0.8743747472763062 -0.2788331210613251 0.3969399034976959
1732804282.174603 -65.52619934082031 8.713483810424805 -34.31980895996094 0.013842656277120113 -0.8901583552360535 -0.290046364068985 0.35114049911499023
1732804282.77458 -65.94375610351562 8.853965759277344 -34.821746826171875 0.022940751165151596 -0.8970271348953247 -0.2879112660884857 0.3345491588115692
1732804283.374571 -66.37652587890625 9.027921676635742 -35.34852600097656 0.018889859318733215 -0.8983655571937561 -0.29973262548446655 0.32053524255752563
1732804284.041183 -66.83045196533203 9.223424911499023 -35.94380187988281 0.02402605302631855 -0.9019889235496521 -0.3048965334892273 0.30475711822509766
1732804284.774527 -67.2988052368164 9.451187133789062 -36.60108947753906 0.02758861519396305 -0.9049893617630005 -0.3119974136352539 0.2879074215888977
1732804285.374478 -67.67527770996094 9.670829772949219 -37.183380126953125 0.03131914138793945 -0.9065109491348267 -0.3221066892147064 0.27111679315567017
1732804286.041297 -68.04460144042969 9.885801315307617 -37.797630310058594 0.03211277350783348 -0.9135710000991821 -0.31806328892707825 0.2513815760612488
1732804286.774609 -68.40919494628906 10.135810852050781 -38.5079345703125 0.03090915083885193 -0.9222841262817383 -0.3200901448726654 0.21442708373069763
1732804287.374523 -68.64668273925781 10.332221984863281 -39.11023712158203 0.025960465893149376 -0.9312653541564941 -0.3183736205101013 0.17524024844169617
1732804287.974524 -68.83631134033203 10.534137725830078 -39.7210693359375 0.02443685755133629 -0.9372346997261047 -0.31807389855384827 0.1407943069934845
1732804288.441117 -68.95063781738281 10.697904586791992 -40.20684051513672 0.026986975222826004 -0.94035404920578 -0.31917810440063477 0.11459226161241531
1732804289.041072 -69.05772399902344 10.898595809936523 -40.804054260253906 0.02982478216290474 -0.9433813095092773 -0.31957364082336426 0.08375511318445206
1732804289.640879 -69.10139465332031 11.109443664550781 -41.41041564941406 0.02671990916132927 -0.9461946487426758 -0.32026222348213196 0.03786618262529373
1732804290.241034 -69.10307312011719 11.340693473815918 -42.0146484375 0.024976389482617378 -0.9428927898406982 -0.33214110136032104 0.003442337503656745
1732804291.041002 -69.07393646240234 11.573484420776367 -42.666690826416016 0.02833566628396511 -0.9447097778320312 -0.32613423466682434 -0.018895942717790604
1732804291.574353 -69.05420684814453 11.723862648010254 -43.08148193359375 0.025332985445857048 -0.9438447952270508 -0.3281615972518921 -0.02872822992503643
1732804292.174396 -69.02385711669922 11.89682388305664 -43.539215087890625 0.024760417640209198 -0.9419406652450562 -0.3325451612472534 -0.03935059532523155
1732804292.641252 -68.9905014038086 12.021133422851562 -43.891727447509766 0.025329336524009705 -0.9426948428153992 -0.3291524350643158 -0.04841087386012077
1732804293.574368 -68.90473175048828 12.264215469360352 -44.550987243652344 0.02703649364411831 -0.9398981928825378 -0.33357474207878113 -0.06773703545331955
1732804294.640998 -68.79109191894531 12.531518936157227 -45.30567169189453 0.02432294562458992 -0.9403760433197021 -0.328326940536499 -0.08545608818531036
1732804295.574209 -68.66744232177734 12.786703109741211 -45.977989196777344 0.023663422092795372 -0.9373023509979248 -0.3327910602092743 -0.10076972842216492
1732804296.307508 -68.49468994140625 12.931339263916016 -46.35625076293945 0.02330556884407997 -0.9275418519973755 -0.3287540376186371 -0.17619255185127258
1732804297.307578 -68.2237548828125 13.152776718139648 -46.96921157836914 0.020719856023788452 -0.9242082834243774 -0.3239544928073883 -0.20115479826927185
1732804297.907499 -68.01048278808594 13.308435440063477 -47.39244079589844 0.019963273778557777 -0.9218974709510803 -0.32016947865486145 -0.2172512412071228
1732804298.173973 -67.88566589355469 13.397636413574219 -47.602813720703125 0.023231763392686844 -0.9181012511253357 -0.3236474394798279 -0.22760219871997833
1732804298.70742 -67.64522552490234 13.561986923217773 -48.00747299194336 0.02657577209174633 -0.9121943116188049 -0.3256380558013916 -0.2472955882549286
1732804299.107404 -67.44271087646484 13.689373016357422 -48.314605712890625 0.02990235947072506 -0.9078435301780701 -0.3262764811515808 -0.2616673409938812
1732804299.707396 -67.17652893066406 13.902827262878418 -48.789031982421875 0.03590771183371544 -0.9127922654151917 -0.33412620425224304 -0.23212221264839172
1732804300.707397 -67.0586929321289 14.128803253173828 -49.42177963256836 0.0253427904099226 -0.9346476197242737 -0.33255428075790405 -0.1232852041721344
1732804301.307337 -66.9200210571289 14.371381759643555 -50.02463912963867 0.03212577849626541 -0.9322667121887207 -0.33996298909187317 -0.119465172290802
1732804301.907417 -66.78622436523438 14.587002754211426 -50.613059997558594 0.03473552316427231 -0.937737226486206 -0.32403790950775146 -0.1201738715171814
1732804302.707325 -66.63288879394531 14.90609359741211 -51.40279006958008 0.03071875125169754 -0.9341344237327576 -0.3344583511352539 -0.12077626585960388
1732804303.173956 -66.53921508789062 15.072760581970215 -51.85910415649414 0.019650956615805626 -0.934425413608551 -0.33324605226516724 -0.12413754314184189
1732804303.773791 -66.41534423828125 15.309760093688965 -52.43315887451172 0.019162477925419807 -0.9326815009117126 -0.3375583589076996 -0.12566792964935303
1732804304.374115 -66.29679107666016 15.519998550415039 -53.00220489501953 0.016831999644637108 -0.935690701007843 -0.3293900489807129 -0.1253075897693634
1732804305.107248 -66.12998962402344 15.806650161743164 -53.71923828125 0.019070561975240707 -0.9341126084327698 -0.3337548077106476 -0.1252104490995407
1732804305.907289 -65.9630126953125 16.093055725097656 -54.476112365722656 0.01922888122498989 -0.9344319105148315 -0.3328099250793457 -0.12531903386116028
1732804306.707057 -65.79422760009766 16.385398864746094 -55.23633575439453 0.012627547606825829 -0.9339599609375 -0.3339458703994751 -0.12664742767810822
1732804307.707214 -65.58014678955078 16.727462768554688 -56.030906677246094 -0.004106458742171526 -0.920847475528717 -0.3472597301006317 -0.1772957742214203
1732804308.773843 -65.22047424316406 16.995149612426758 -56.65744400024414 -0.011958606541156769 -0.898691713809967 -0.3449641466140747 -0.27057334780693054
1732804309.773634 -64.7423324584961 17.224332809448242 -57.17340087890625 -0.02494848147034645 -0.8501160740852356 -0.3325369656085968 -0.40755292773246765
1732804310.773752 -64.080322265625 17.411718368530273 -57.60409164428711 -0.0302785262465477 -0.8212417364120483 -0.32067224383354187 -0.4709719121456146
1732804311.573751 -63.405860900878906 17.585758209228516 -58.013099670410156 -0.02926870435476303 -0.8173791170120239 -0.31959888339042664 -0.4784259498119354
1732804312.307317 -62.91997528076172 17.71824836730957 -58.3021240234375 -0.028017543256282806 -0.8129948377609253 -0.3201507329940796 -0.4855491518974304
1732804313.173669 -62.419189453125 17.84332847595215 -58.5957145690918 -0.02854028530418873 -0.8109400272369385 -0.317232221364975 -0.4908415973186493
1732804314.173736 -61.83124542236328 17.992036819458008 -58.92011260986328 -0.024986891075968742 -0.8068057298660278 -0.3187289237976074 -0.49684208631515503
1732804315.106976 -61.25116729736328 18.13410186767578 -59.24153518676758 -0.024002552032470703 -0.8057566285133362 -0.31468215584754944 -0.5011540055274963
1732804315.973559 -60.686798095703125 18.26433563232422 -59.54618453979492 -0.02287808619439602 -0.8050409555435181 -0.3104684352874756 -0.504970371723175
1732804316.706905 -60.18391418457031 18.384544372558594 -59.80677795410156 -0.01958046481013298 -0.8026537299156189 -0.3111433684825897 -0.5084815621376038
1732804317.506931 -59.58967590332031 18.520984649658203 -60.115135192871094 -0.020968841388821602 -0.8013695478439331 -0.3096916377544403 -0.5113298892974854
1732804318.106927 -59.011470794677734 18.651748657226562 -60.402992248535156 -0.017962973564863205 -0.7999140620231628 -0.3084135949611664 -0.5144862532615662
1732804318.773783 -58.34729766845703 18.797489166259766 -60.71329879760742 -0.012917459942400455 -0.7972404360771179 -0.30896684527397156 -0.5184403657913208
1732804319.306818 -57.810970306396484 18.91226577758789 -60.96272277832031 -0.009220761246979237 -0.7974012494087219 -0.3045881986618042 -0.5208573937416077
1732804319.906804 -57.20717239379883 19.054122924804688 -61.245399475097656 -0.007054327987134457 -0.7951465845108032 -0.3071872293949127 -0.5228080153465271
1732804320.506817 -56.623573303222656 19.198423385620117 -61.527931213378906 -0.0007687814650125802 -0.7975323796272278 -0.3114888370037079 -0.5166392922401428
1732804320.973475 -56.16424560546875 19.31748390197754 -61.77943801879883 -0.0012557522859424353 -0.8055797219276428 -0.3104342222213745 -0.5046488046646118
1732804321.707017 -55.496742248535156 19.5180721282959 -62.200531005859375 0.0020143550354987383 -0.8230900168418884 -0.31568628549575806 -0.47208163142204285
1732804321.973412 -55.232391357421875 19.5947322845459 -62.361759185791016 0.001203531282953918 -0.8216139078140259 -0.31459516286849976 -0.4753725230693817
1732804322.706802 -54.58198547363281 19.787776947021484 -62.772403717041016 0.000849446514621377 -0.823527991771698 -0.3139793574810028 -0.47245943546295166
1732804323.306768 -54.03809356689453 19.952653884887695 -63.11772537231445 0.0002838900836650282 -0.8241872191429138 -0.31590378284454346 -0.4700215756893158
1732804324.106514 -53.31531524658203 20.169513702392578 -63.58012771606445 -0.0008535447414033115 -0.8245686292648315 -0.31835412979125977 -0.46769285202026367
1732804324.773511 -52.698394775390625 20.353492736816406 -63.968833923339844 -0.0014138552360236645 -0.8232520222663879 -0.31672540307044983 -0.47110414505004883
1732804325.373374 -52.128990173339844 20.52618408203125 -64.31182861328125 0.0007737393607385457 -0.8191885948181152 -0.31943362951278687 -0.4763313829898834
1732804325.906627 -51.61982727050781 20.663806915283203 -64.61676025390625 -0.002494202461093664 -0.8184677362442017 -0.3141755163669586 -0.4810386300086975
1732804326.57338 -50.97355651855469 20.854656219482422 -64.97783660888672 0.0026994782965630293 -0.8121429085731506 -0.31982219219207764 -0.48798614740371704
1732804326.906784 -50.63581085205078 20.937463760375977 -65.15483856201172 0.004080324899405241 -0.8131046891212463 -0.31195008754730225 -0.49145829677581787
1732804327.373216 -50.17621612548828 21.065780639648438 -65.41043090820312 0.004360017832368612 -0.8100711703300476 -0.3142712712287903 -0.49497395753860474
1732804328.106588 -49.436676025390625 21.266033172607422 -65.80465698242188 0.005582551471889019 -0.805891215801239 -0.3136660158634186 -0.5021174550056458
1732804328.773299 -48.74156188964844 21.459476470947266 -66.16706085205078 0.00897403433918953 -0.8034655451774597 -0.3150346279144287 -0.5050899386405945
1732804329.439897 -48.05357360839844 21.64985466003418 -66.52593231201172 0.00992315262556076 -0.806259274482727 -0.31128132343292236 -0.5029428005218506
1732804330.106501 -47.384910583496094 21.861270904541016 -66.92324829101562 0.010679539293050766 -0.8143050074577332 -0.31876611709594727 -0.4849552512168884
1732804330.706494 -46.825828552246094 22.06620979309082 -67.32551574707031 0.00946037657558918 -0.8328141570091248 -0.3252112567424774 -0.4478490948677063
1732804331.306496 -46.306663513183594 22.26875114440918 -67.74034118652344 0.009667735546827316 -0.8387672305107117 -0.32730165123939514 -0.4350283741950989
1732804331.906454 -45.77790069580078 22.479284286499023 -68.159423828125 0.010602600872516632 -0.8394638299942017 -0.3292764723300934 -0.4321632981300354
1732804332.439836 -45.30805206298828 22.66530990600586 -68.53522491455078 0.00991759542375803 -0.8412713408470154 -0.32903698086738586 -0.42883431911468506
1732804333.039755 -44.766632080078125 22.8774356842041 -68.95738220214844 0.008183096535503864 -0.8433189988136292 -0.32545900344848633 -0.4275776445865631
1732804333.706719 -44.18025207519531 23.10811996459961 -69.42498016357422 0.005993929225951433 -0.8436610698699951 -0.329234778881073 -0.4240338206291199
1732804334.439729 -43.56024932861328 23.337223052978516 -69.9339599609375 0.005646605510264635 -0.8469264507293701 -0.3241179585456848 -0.4214632213115692
1732804335.039775 -43.02244567871094 23.561735153198242 -70.35945892333984 0.00940757803618908 -0.8446223139762878 -0.332118958234787 -0.41978761553764343
1732804335.639523 -42.49201202392578 23.765541076660156 -70.78660583496094 0.009322294034063816 -0.8462390303611755 -0.3271597623825073 -0.4204273223876953
1732804336.239742 -41.92255401611328 23.942440032958984 -71.13340759277344 0.008433752693235874 -0.8191878199577332 -0.3203541040420532 -0.47564005851745605
1732804336.839663 -41.312408447265625 24.100069046020508 -71.4088363647461 0.005840729456394911 -0.7927197217941284 -0.3129217028617859 -0.5231074094772339
1732804337.506263 -40.615501403808594 24.23917007446289 -71.64105987548828 0.0001904523087432608 -0.7577406167984009 -0.30507203936576843 -0.5768537521362305
1732804338.239643 -39.84107208251953 24.325420379638672 -71.75436401367188 -0.00378818460740149 -0.7017593383789062 -0.28078514337539673 -0.6547360420227051
1732804338.839697 -39.209861755371094 24.328800201416016 -71.72331237792969 -0.005211833864450455 -0.6196501851081848 -0.24768906831741333 -0.744752824306488
1732804339.43962 -38.573875427246094 24.291860580444336 -71.54373168945312 -0.010570771992206573 -0.5340177416801453 -0.22376786172389984 -0.815255343914032
1732804340.039556 -37.947364807128906 24.2123966217041 -71.3067626953125 -0.021138139069080353 -0.5060093998908997 -0.21414302289485931 -0.8352547883987427
1732804340.639622 -37.322608947753906 24.106792449951172 -71.05850982666016 -0.03725399821996689 -0.5008291006088257 -0.20620371401309967 -0.8397990465164185
1732804341.239538 -36.68260955810547 24.000322341918945 -70.7545394897461 -0.023177094757556915 -0.48921120166778564 -0.19508418440818787 -0.8497514128684998
1732804341.839515 -36.083229064941406 23.896289825439453 -70.42991638183594 -0.019116319715976715 -0.4492931663990021 -0.1885264366865158 -0.8730567693710327
1732804342.43948 -35.60810470581055 23.725845336914062 -70.03406524658203 -0.04235002398490906 -0.33064693212509155 -0.15035846829414368 -0.9307370185852051
1732804343.106141 -35.14323043823242 23.521146774291992 -69.46833801269531 -0.033064715564250946 -0.27727341651916504 -0.13645155727863312 -0.9504773616790771
1732804343.706136 -34.74665069580078 23.316226959228516 -68.96356201171875 -0.03539538383483887 -0.26844078302383423 -0.13266155123710632 -0.9534608721733093
1732804344.43939 -34.31825256347656 23.117774963378906 -68.38101196289062 -0.02321050502359867 -0.25328853726387024 -0.13616645336151123 -0.957478404045105
1732804345.506078 -33.891937255859375 22.875469207763672 -67.8047866821289 -0.04242468625307083 -0.2550508677959442 -0.12814559042453766 -0.9574591517448425
1732804346.239486 -33.584564208984375 22.70473861694336 -67.35617065429688 -0.035245127975940704 -0.2573370933532715 -0.12406160682439804 -0.9576764106750488
1732804347.239335 -33.21074295043945 22.47977066040039 -66.7319107055664 -0.024035153910517693 -0.19111698865890503 -0.104204460978508 -0.9757243394851685
1732804348.239343 -33.01539993286133 22.213212966918945 -66.10304260253906 -0.03911510854959488 -0.1121097281575203 -0.0753055214881897 -0.9900659322738647
1732804349.239299 -32.89812088012695 21.91383934020996 -65.38029479980469 -0.035296548157930374 -0.03761616349220276 -0.052726972848176956 -0.9972758293151855
1732804349.839093 -32.834896087646484 21.683584213256836 -64.78592681884766 -0.02863972820341587 -0.03234151750802994 -0.05028686299920082 -0.9978001117706299
1732804350.439254 -32.7834358215332 21.445274353027344 -64.17140197753906 -0.026176966726779938 -0.027436647564172745 -0.0448598712682724 -0.9982733130455017
1732804351.039227 -32.609710693359375 21.22321319580078 -63.5428466796875 -0.017050521448254585 -0.10057462006807327 -0.07239086925983429 -0.9921460151672363
1732804351.439274 -32.380699157714844 21.12841033935547 -63.23640060424805 -0.00849989429116249 -0.23631919920444489 -0.11550193279981613 -0.9647488594055176
1732804352.639215 -31.666236877441406 20.940027236938477 -62.64080810546875 -0.005650677718222141 -0.3732689619064331 -0.15947911143302917 -0.9138954281806946
1732804353.439187 -31.120567321777344 20.794967651367188 -62.17487716674805 -0.005696272011846304 -0.37053418159484863 -0.1620284765958786 -0.9145593047142029
1732804354.039149 -30.698762893676758 20.675907135009766 -61.79553985595703 -0.004928139504045248 -0.3697351813316345 -0.1598556935787201 -0.9152692556381226
1732804354.839147 -30.080894470214844 20.513328552246094 -61.233848571777344 0.0026790364645421505 -0.3640565574169159 -0.15839408338069916 -0.9178056120872498
1732804355.439141 -29.599645614624023 20.375093460083008 -60.776092529296875 -0.0007233013166114688 -0.35504400730133057 -0.14820583164691925 -0.9230267405509949
1732804355.905712 -29.232227325439453 20.26129150390625 -60.4136848449707 0.0007633665227331221 -0.3498292565345764 -0.14256256818771362 -0.9259021878242493
1732804356.505866 -28.80686378479004 20.10914421081543 -59.95256042480469 -0.007221514359116554 -0.3316536545753479 -0.13250255584716797 -0.9340218901634216
1732804357.039068 -28.42850685119629 19.978164672851562 -59.50114059448242 0.00013642825069837272 -0.3110971450805664 -0.13107384741306305 -0.9412960410118103
1732804357.706149 -27.96510124206543 19.800521850585938 -58.92833709716797 -0.0021248911507427692 -0.29929041862487793 -0.12144860625267029 -0.9463989734649658
1732804358.239497 -27.524559020996094 19.696151733398438 -58.56380844116211 0.0005693489802069962 -0.3780408203601837 -0.14143459498882294 -0.9149213433265686
1732804358.639389 -27.189281463623047 19.614524841308594 -58.28673553466797 -3.8364611100405455e-05 -0.3792082965373993 -0.144060879945755 -0.9140281677246094
1732804359.105717 -26.783145904541016 19.511371612548828 -57.93165969848633 0.0034173582680523396 -0.3742547929286957 -0.14291895925998688 -0.9162400364875793
1732804359.572352 -26.382280349731445 19.408926010131836 -57.58736801147461 0.0014725236687809229 -0.3712175190448761 -0.14116741716861725 -0.917751133441925
1732804360.239368 -25.80596160888672 19.273582458496094 -57.09812545776367 0.004633203148841858 -0.38873741030693054 -0.1432284265756607 -0.9101359844207764
1732804360.572335 -25.505863189697266 19.21353530883789 -56.90357208251953 0.005037281662225723 -0.4187028706073761 -0.1525319367647171 -0.8952075839042664
1732804361.372119 -24.825214385986328 19.070255279541016 -56.39811706542969 0.003326552454382181 -0.4100046455860138 -0.14826354384422302 -0.8999461531639099
1732804362.038926 -24.22295570373535 18.954143524169922 -55.94770812988281 0.007814603857696056 -0.40422478318214417 -0.15039151906967163 -0.9021772146224976
1732804362.438888 -23.852352142333984 18.863231658935547 -55.65819549560547 0.001402683206833899 -0.40244200825691223 -0.14621667563915253 -0.9036920070648193
1732804363.772258 -22.591238021850586 18.582210540771484 -54.6595458984375 0.0027540884912014008 -0.38877683877944946 -0.1423272341489792 -0.9102680683135986
1732804364.772952 -21.57097625732422 18.378971099853516 -53.98460388183594 0.0017345721134915948 -0.4541915953159332 -0.16350442171096802 -0.875770092010498
1732804365.438809 -20.856063842773438 18.250633239746094 -53.57758331298828 -0.007079955190420151 -0.4455712139606476 -0.16704419255256653 -0.8794955611228943
1732804365.972162 -20.250537872314453 18.15460205078125 -53.223182678222656 -0.006081057712435722 -0.4417426884174347 -0.17318113148212433 -0.8802469968795776
1732804366.438803 -19.694034576416016 18.066452026367188 -52.89747619628906 -0.0016342798480764031 -0.4454515278339386 -0.17673717439174652 -0.8776869177818298
1732804366.838842 -19.19747543334961 17.99187469482422 -52.610286712646484 0.00015870649076532573 -0.44832226634025574 -0.17815452814102173 -0.8759384155273438
1732804367.371928 -18.571048736572266 17.887598037719727 -52.256141662597656 -0.0055610304698348045 -0.44796842336654663 -0.17632034420967102 -0.8764728307723999
1732804367.972059 -17.897302627563477 17.778663635253906 -51.84776306152344 0.0011971468338742852 -0.44221231341362 -0.17438854277133942 -0.8797928690910339
1732804368.572049 -17.32866668701172 17.621723175048828 -51.391845703125 -0.006819961126893759 -0.37549346685409546 -0.14552631974220276 -0.9153034090995789
1732804369.172033 -16.87101173400879 17.46065902709961 -50.880897521972656 -0.005155559629201889 -0.32985708117485046 -0.12758858501911163 -0.935355007648468
1732804369.772036 -16.452781677246094 17.295578002929688 -50.365943908691406 -0.005496290046721697 -0.30308565497398376 -0.1183929517865181 -0.9455643892288208
1732804370.438663 -15.989062309265137 17.10654067993164 -49.79389572143555 -0.004539676941931248 -0.29760101437568665 -0.1151060163974762 -0.9477149844169617
1732804370.771979 -15.749832153320312 17.01017951965332 -49.494110107421875 -0.004384231753647327 -0.2968703508377075 -0.11376219987869263 -0.9481070637702942
1732804371.438701 -15.244691848754883 16.82382583618164 -48.946102142333984 -0.0025254935026168823 -0.3243829607963562 -0.122400663793087 -0.9379698634147644
1732804371.972004 -14.801095962524414 16.688371658325195 -48.51634216308594 -0.0036158536095172167 -0.33533206582069397 -0.1285291612148285 -0.933284342288971
1732804372.572127 -14.309332847595215 16.5356388092041 -48.0178337097168 -0.00010755129915196449 -0.33362919092178345 -0.12966233491897583 -0.9337447285652161
1732804373.038443 -13.928472518920898 16.401134490966797 -47.63191604614258 -0.006070431787520647 -0.33581382036209106 -0.12618926167488098 -0.9334176778793335
1732804373.638706 -13.42480754852295 16.250158309936523 -47.15214920043945 -0.005444866605103016 -0.33704736828804016 -0.13457226753234863 -0.9318045973777771
1732804374.238605 -12.912187576293945 16.096982955932617 -46.664031982421875 -0.0037645045667886734 -0.33683615922927856 -0.13692037761211395 -0.9315471649169922
1732804374.838553 -12.414697647094727 15.950952529907227 -46.1833610534668 -0.0029502257239073515 -0.3379509449005127 -0.13999511301517487 -0.9306889176368713
1732804375.438564 -11.910381317138672 15.812000274658203 -45.70166778564453 -0.000714041874743998 -0.34111177921295166 -0.13901598751544952 -0.929686427116394
1732804376.038327 -11.417043685913086 15.651832580566406 -45.22198486328125 -0.005560992285609245 -0.34650719165802 -0.13208498060703278 -0.9286847710609436
1732804376.638651 -10.92204761505127 15.496545791625977 -44.737483978271484 -0.005928630940616131 -0.348056823015213 -0.1274755895137787 -0.9287472367286682
1732804377.238477 -10.432326316833496 15.342830657958984 -44.284881591796875 -0.005340466275811195 -0.3474547564983368 -0.12803906202316284 -0.9288986921310425
1732804377.838493 -9.949235916137695 15.185811042785645 -43.806732177734375 -0.0029454731848090887 -0.34217891097068787 -0.12491152435541153 -0.9312905669212341
1732804378.43845 -9.468107223510742 15.034921646118164 -43.3040657043457 0.0017558014951646328 -0.32996922731399536 -0.12323961406946182 -0.9359109401702881
1732804378.97174 -9.087499618530273 14.881730079650879 -42.83940124511719 0.00022759924468118697 -0.2971482276916504 -0.11092982441186905 -0.9483656287193298
1732804379.571708 -8.792829513549805 14.697949409484863 -42.269386291503906 0.00014125366578809917 -0.19792167842388153 -0.08240868896245956 -0.9767475724220276
1732804380.171701 -8.537388801574707 14.491339683532715 -41.66829299926758 -0.0031568584963679314 -0.1714474856853485 -0.07359105348587036 -0.9824358820915222
1732804380.771685 -8.283474922180176 14.27984619140625 -41.04417419433594 -0.0019316020188853145 -0.16689974069595337 -0.06677015870809555 -0.9837085604667664
1732804381.371758 -8.050182342529297 14.072614669799805 -40.44336700439453 -0.006887252442538738 -0.15862300992012024 -0.06511034071445465 -0.9851659536361694
1732804381.971666 -7.848788738250732 13.860702514648438 -39.81855773925781 -0.004244348034262657 -0.13383819162845612 -0.0555490180850029 -0.9894360303878784
1732804382.571648 -7.691627502441406 13.652576446533203 -39.18555450439453 -0.0014304384822025895 -0.11198215931653976 -0.047552719712257385 -0.9925708174705505
1732804383.171643 -7.5310564041137695 13.4336576461792 -38.54811096191406 -0.0006752643967047334 -0.10760143399238586 -0.04082299768924713 -0.993355393409729
1732804383.771618 -7.379079818725586 13.218287467956543 -37.90848922729492 -0.0020521266851574183 -0.10112973302602768 -0.03716009110212326 -0.9941769242286682
1732804384.371434 -7.242593288421631 13.00540542602539 -37.2820930480957 -0.0009668789571151137 -0.09514106065034866 -0.03375671058893204 -0.9948908090591431
1732804384.971621 -7.1163010597229 12.79110050201416 -36.63386154174805 0.0015384844737127423 -0.09049534797668457 -0.029802333563566208 -0.9954497218132019
1732804385.571743 -6.986177444458008 12.582956314086914 -36.00114059448242 0.00178513303399086 -0.08660414814949036 -0.02697577513754368 -0.9958759546279907
1732804386.171537 -6.863186359405518 12.367563247680664 -35.38090515136719 -0.0021054805256426334 -0.08194545656442642 -0.025310300290584564 -0.9963131546974182
1732804386.838222 -6.741106986999512 12.131464004516602 -34.6770133972168 -0.0020651863887906075 -0.07804708927869797 -0.023763159289956093 -0.99666428565979
1732804387.571349 -6.603984355926514 11.881956100463867 -33.9188117980957 0.0011150070931762457 -0.07267405092716217 -0.025263098999857903 -0.9970351457595825
1732804388.171553 -6.50386381149292 11.677752494812012 -33.29084777832031 0.004603237845003605 -0.0680622011423111 -0.025756334885954857 -0.9973379373550415
1732804388.771471 -6.407067775726318 11.467769622802734 -32.658973693847656 -0.0005888350424356759 -0.0641266480088234 -0.027407096698880196 -0.9975652098655701
1732804389.371579 -6.313300609588623 11.257831573486328 -32.036521911621094 0.0004972394090145826 -0.06053099036216736 -0.026432722806930542 -0.9978161454200745
1732804389.971587 -6.189881324768066 11.046645164489746 -31.407745361328125 -0.0008260495960712433 -0.08459123969078064 -0.033306170254945755 -0.9958586692810059
1732804390.571402 -6.002986907958984 10.832499504089355 -30.759090423583984 0.0011009798618033528 -0.12125084549188614 -0.043233197182416916 -0.9916793704032898
1732804391.104722 -5.800479888916016 10.649737358093262 -30.214298248291016 -0.0037211133167147636 -0.1458800733089447 -0.049893129616975784 -0.9880363941192627
1732804391.771462 -5.557953834533691 10.424338340759277 -29.532655715942383 -0.0007590317982248962 -0.15105915069580078 -0.049254175275564194 -0.9872966408729553
1732804392.504725 -5.292581558227539 10.171175956726074 -28.800445556640625 -0.0004945226246491075 -0.15662916004657745 -0.045992713421583176 -0.9865859150886536
1732804393.171167 -5.032932758331299 9.939732551574707 -28.1119327545166 0.0013977533672004938 -0.15970081090927124 -0.04499422386288643 -0.9861385226249695
1732804393.771315 -4.812258243560791 9.732419967651367 -27.48171043395996 0.0025973510928452015 -0.1482316553592682 -0.04209914803504944 -0.9880527853965759
1732804394.371288 -4.616094589233398 9.512492179870605 -26.853269577026367 -0.0024077068082988262 -0.13319973647594452 -0.03634770214557648 -0.9904195666313171
1732804394.971294 -4.453142166137695 9.29945182800293 -26.220468521118164 -0.0031704590655863285 -0.11106741428375244 -0.030125606805086136 -0.9933511018753052
1732804395.571321 -4.332836627960205 9.079297065734863 -25.578001022338867 -0.002642398700118065 -0.08714700490236282 -0.021563367918133736 -0.9959585666656494
1732804396.171086 -4.237147808074951 8.855633735656738 -24.92306137084961 -0.0018257353221997619 -0.06751778721809387 -0.01471701916307211 -0.9976078867912292
1732804396.77123 -4.1609086990356445 8.625622749328613 -24.268901824951172 -0.0034889604430645704 -0.053062036633491516 -0.008123478852212429 -0.9985520839691162
1732804397.371205 -4.114063262939453 8.393863677978516 -23.618738174438477 -0.007627498358488083 -0.03968678414821625 0.000744902528822422 -0.9991828203201294
1732804397.771201 -4.085207939147949 8.241329193115234 -23.172962188720703 -0.006243146024644375 -0.03127630054950714 0.004907598253339529 -0.9994792342185974
1732804398.304525 -4.0531816482543945 8.037519454956055 -22.58675193786621 -0.004424741491675377 -0.024306001141667366 0.00569648714736104 -0.9996785521507263
1732804398.90434 -4.021583557128906 7.808623313903809 -21.926542282104492 -0.0041190143674612045 -0.0171545147895813 0.0070463367737829685 -0.9998195767402649
1732804399.504475 -3.979842185974121 7.578007221221924 -21.24457550048828 -0.003979950211942196 -0.02271908149123192 0.004130410961806774 -0.9997255206108093
1732804400.104452 -3.9466207027435303 7.356080532073975 -20.577373504638672 0.0017786194803193212 -0.02458176389336586 0.006348490249365568 -0.9996761083602905
1732804400.70652 -3.9197356700897217 7.123848915100098 -19.92766761779785 -0.004343468230217695 -0.02208637073636055 0.01074789185076952 -0.9996888637542725
1732804401.304463 -3.8892459869384766 6.897726535797119 -19.262500762939453 -0.003238480305299163 -0.01805163361132145 0.01195956114679575 -0.9997602701187134
1732804401.904251 -3.862985134124756 6.67130708694458 -18.61427116394043 -0.005577073432505131 -0.013687774538993835 0.010570869781076908 -0.9998348951339722
1732804402.571284 -3.840064525604248 6.421571254730225 -17.88454246520996 6.01138272031676e-05 -0.009492109529674053 0.010476685129106045 -0.9999001622200012
1732804403.171062 -3.820207118988037 6.1975603103637695 -17.20444679260254 0.0006621510838158429 -0.010835730470716953 0.009334717877209187 -0.9998975396156311
1732804403.771027 -3.809480905532837 5.96493673324585 -16.563465118408203 -0.00960976630449295 -0.006688900291919708 0.012025033123791218 -0.9998592138290405
1732804404.371035 -3.791539192199707 5.7347412109375 -15.905036926269531 -0.007643013261258602 -0.0036172198597341776 0.010348554700613022 -0.9999107718467712
1732804404.9042 -3.7866573333740234 5.537672519683838 -15.300463676452637 -0.0022169826552271843 -0.0020614105742424726 0.009812730364501476 -0.9999473094940186
1732804405.504268 -3.7412168979644775 5.3012800216674805 -14.627472877502441 -0.00359434075653553 -0.016997750848531723 0.002487407298758626 -0.9998460412025452
1732804406.104282 -3.6784141063690186 5.076358795166016 -13.967367172241211 -0.0054594059474766254 -0.04172506928443909 -0.009072521701455116 -0.9990730285644531
1732804406.704262 -3.595942497253418 4.849328517913818 -13.31590461730957 -0.002370063681155443 -0.048912644386291504 -0.012760160490870476 -0.998718798160553
1732804407.304321 -3.518314838409424 4.621068477630615 -12.660213470458984 -0.0038554337806999683 -0.051971614360809326 -0.010706547647714615 -0.9985837340354919
1732804407.904236 -3.3531956672668457 4.386448860168457 -12.002694129943848 -0.00265061785466969 -0.1098819375038147 -0.032286614179611206 -0.9934166073799133
1732804408.504271 -3.178588628768921 4.161899089813232 -11.354719161987305 -0.005268091801553965 -0.1125139445066452 -0.031178725883364677 -0.9931468963623047
1732804409.104213 -2.9945507049560547 3.9357850551605225 -10.724782943725586 -0.009032867848873138 -0.11566530168056488 -0.034090034663677216 -0.9926620125770569
1732804409.704217 -2.8039727210998535 3.714566707611084 -10.078694343566895 -0.004031031858175993 -0.11889263242483139 -0.037594832479953766 -0.9921870231628418
1732804410.3042 -2.6088857650756836 3.49469256401062 -9.455739974975586 -0.007632602471858263 -0.12086964398622513 -0.04067200794816017 -0.9918054938316345
1732804410.904155 -2.4064114093780518 3.2719011306762695 -8.830649375915527 -0.007925081066787243 -0.12140868604183197 -0.0451347753405571 -0.991544246673584
1732804411.504161 -2.201624870300293 3.0540311336517334 -8.20061206817627 -0.005104204174131155 -0.1240699365735054 -0.04627109318971634 -0.9911808967590332
1732804412.104123 -1.999084711074829 2.8418526649475098 -7.566906452178955 -0.0024753157049417496 -0.12726987898349762 -0.04402847960591316 -0.9908873438835144
1732804412.704215 -1.7945061922073364 2.6188347339630127 -6.968929290771484 -0.010664056986570358 -0.12687447667121887 -0.042306434363126755 -0.9909588098526001
1732804413.303903 -1.6070610284805298 2.392261028289795 -6.355559825897217 -0.011555981822311878 -0.12075896561145782 -0.040506988763809204 -0.9917877912521362
1732804413.90404 -1.4502525329589844 2.172111749649048 -5.742757320404053 -0.008338451385498047 -0.10435424000024796 -0.035862188786268234 -0.9938584566116333
1732804414.638419 -1.268691897392273 1.9074691534042358 -5.033159255981445 -0.009095648303627968 -0.08019059151411057 -0.028353435918688774 -0.9963347315788269
1732804415.23736 -1.1576809883117676 1.6837459802627563 -4.4225969314575195 -0.011975122615695 -0.060857854783535004 -0.021968776360154152 -0.9978328347206116
1732804415.837327 -1.06136155128479 1.4598017930984497 -3.7868480682373047 -0.007809126283973455 -0.05180980637669563 -0.021349653601646423 -0.9983982443809509
1732804416.437148 -0.9756467342376709 1.2275797128677368 -3.1574361324310303 -0.009329641237854958 -0.043896861374378204 -0.019559195265173912 -0.9988011121749878
1732804417.037338 -0.8923884630203247 0.9996719360351562 -2.5258331298828125 -0.01049007661640644 -0.03831261396408081 -0.01857660338282585 -0.99903804063797
1732804417.637285 -0.8249446153640747 0.7796066403388977 -1.8839870691299438 -0.006352098658680916 -0.030966000631451607 -0.01848749630153179 -0.9993293285369873
1732804418.237309 -0.7590826749801636 0.5526800155639648 -1.2486846446990967 -0.010211470536887646 -0.027769386768341064 -0.0182954091578722 -0.9993947744369507
1732804418.837269 -0.6972865462303162 0.3196064233779907 -0.6390706300735474 -0.018229635432362556 -0.021684378385543823 -0.01685757376253605 -0.999456524848938
1732804419.437214 -0.6584832072257996 0.08609767258167267 -0.018256496638059616 -0.02022360824048519 -0.022529514506459236 -0.011710505932569504 -0.999472975730896
1732804420.03732 -0.6278133392333984 -0.1316513568162918 0.6407194137573242 -0.007350950967520475 -0.018538059666752815 -0.009571901522576809 -0.999755322933197
1732804420.637187 -0.5940650701522827 -0.3659723103046417 1.2685149908065796 -0.01523392554372549 -0.013973345048725605 -0.009919184260070324 -0.9997371435165405
1732804421.237294 -0.5697277188301086 -0.5968437194824219 1.9118541479110718 -0.015617063269019127 -0.013223210349678993 -0.004773212131112814 -0.999779224395752
1732804421.83718 -0.5405961275100708 -0.840122640132904 2.5690934658050537 -0.015332435257732868 -0.012974592857062817 -0.004450098145753145 -0.9997884035110474
1732804422.036984 -0.5265629887580872 -0.9125289916992188 2.793628692626953 -0.012031682766973972 -0.015105858445167542 -0.0051726363599300385 -0.9998001456260681
