1755700955.160155 0.0 0.0 0.0 1.0 0.0 0.0 0.0
1755700956.810024 0.0 0.0 0.0 1.0 0.0 0.0 0.0
1755700956.942002 0.0 0.0 0.0 1.0 0.0 0.0 0.0
1755700957.139969 0.00482850382588891 -0.14353215550778428 0.3923632165734196 0.9999913571943364 -0.0022279863639512723 0.001039016238739861 -0.0033529179302163046
1755700957.799989 -0.01701350109529808 -0.3476261472339046 0.9898202804296306 0.9997600193222758 -0.010154611305339706 0.018402257706377465 -0.006176127044386893
1755700958.921827 -0.13460006284998535 -0.6258481273546266 1.737354619418777 0.9974395987814245 -0.027198980836598736 0.06485113344871918 -0.01299202503913414
1755700959.779789 -0.2874061221047905 -0.8804117382465024 2.4674530083341315 0.9950130443590229 -0.03810679258812904 0.0912558965094034 -0.013010582857787799
1755700960.637703 -0.4900930023789262 -1.1679542568332624 3.241354498904365 0.993357147805479 -0.04212479137022567 0.10633228679121451 -0.012669792481709116
1755700961.29772 -0.6344923907924648 -1.3828649217165763 3.837477795419632 0.9931340613689555 -0.041814700064713654 0.10833735180264903 -0.014116841420467947
1755700962.023565 -0.801290523670555 -1.6173555865742115 4.500200483403291 0.9929676442147849 -0.04197924747439116 0.10981837342182255 -0.013889751006027363
1755700962.683514 -0.9143666866461639 -1.8260217997131405 5.057041001213812 0.9942286015867435 -0.037472110957740015 0.0993497118616361 -0.015328517222786298
1755700963.607437 -1.0411593904837837 -2.107645696878546 5.817002103567179 0.9953630438878645 -0.03287025105220857 0.08873498008256844 -0.017264436503868545
1755700964.465371 -1.1734722623144702 -2.4028045623265104 6.601474341549512 0.9956483875800604 -0.03188914816815285 0.08574057400442536 -0.01777426532173304
1755700965.323301 -1.302432627275683 -2.705675675683587 7.388599806199616 0.9955997563643306 -0.03158152690052913 0.08620285555416048 -0.01878297048459398
1755700966.049236 -1.4153424485865638 -2.9408793080790776 8.044779085675742 0.9953872634402247 -0.03404043977194965 0.08784753586601195 -0.01811780018056108
1755700966.841173 -1.542902957618064 -3.2232868999831323 8.761376581321683 0.99473105509988 -0.03370751363316452 0.09511801076415975 -0.01806918849364272
1755700967.699049 -1.7326288178685183 -3.51709584174408 9.541840149373936 0.992607077549427 -0.039614891619443864 0.11369529476119464 -0.015337206718649316
1755700968.551633 -1.940268850020191 -3.741758875853563 10.154219267567736 0.9877836754643101 -0.04937939892684852 0.14672815593910207 -0.017774523975403307
1755700969.073819 -2.091463662219436 -3.884855270577253 10.53088666759191 0.9841163509670724 -0.05620799818892204 0.16737520278397855 -0.018471875699834574
1755700969.967309 -2.4082698686607387 -4.131520745404876 11.194140798780163 0.976336536679871 -0.06877880203425331 0.20401698062171045 -0.020335071986317742
1755700970.794741 -2.7622370993744894 -4.365586627723634 11.78406924449742 0.9661516342483824 -0.08038548705727494 0.2437276938928707 -0.02619168454696428
1755700971.752478 -3.223092516570813 -4.623833430267582 12.398103944120328 0.9495040287493454 -0.09665203343963537 0.2968194034495273 -0.0316026194580877
1755700972.849317 -3.875577213818559 -4.87006649955828 13.01877225236652 0.9221583522652073 -0.12449047603555878 0.36561914952683 -0.02118330057463403
1755700973.632595 -4.418848904023466 -5.025206856154893 13.402000914922414 0.8969630565470479 -0.1453389721420151 0.41688084656410856 -0.023328483329873962
1755700974.487664 -5.043256720107125 -5.161388002876038 13.734399195124695 0.8665246196965559 -0.16637265009174315 0.4698649875606304 -0.02611739316697395
1755700975.414151 -5.844590530751041 -5.320661030212247 14.093454666670285 0.8447238600256131 -0.17780059385017094 0.5038781881744523 -0.03058301182006406
1755700976.144482 -6.501096613718048 -5.443283532140284 14.3531695586622 0.828683278836074 -0.18383602461358725 0.5277988722670742 -0.030276886652546676
1755700976.941907 -7.249029348873434 -5.560770445944539 14.593736601067755 0.8097667172050992 -0.19380633710123102 0.5529552152624231 -0.030943453594716452
1755700977.805584 -8.019234071761343 -5.635558855428119 14.725887201045555 0.770695304887262 -0.2128815451746736 0.5998190323822064 -0.030451980901864167
1755700978.933637 -8.86425777331838 -5.657280829232898 14.71608891020514 0.7055046639364634 -0.2370580061453485 0.6671302459993871 -0.03168447189219101
1755700980.059894 -9.6842867398669 -5.597325399258752 14.526549303223451 0.6236740821092303 -0.2667168027060266 0.7341592759964144 -0.03004902540689866
1755700981.514584 -10.7446450941738 -5.46236740832095 14.059881991546888 0.5305622015949361 -0.28656043261032227 0.7969846119584432 -0.03467559664042356
1755700982.372513 -11.456696537815885 -5.33173474063306 13.661877601057038 0.49203299048727395 -0.2972573135732072 0.8173901696686278 -0.037615639413442654
1755700983.494214 -12.203734429429026 -5.166872791115858 13.087621220110126 0.41653851826754223 -0.29488406902324077 0.8590155407239577 -0.04038996695348375
1755700984.549549 -12.92792955580439 -4.979910455577908 12.463537071164353 0.3894529584234419 -0.302632291016199 0.8691428246813423 -0.03648067864572693
1755700985.340895 -13.430095969674882 -4.851963864372564 12.014781027808075 0.3816413107055854 -0.2976316904588931 0.8742258827585803 -0.03865737591308516
1755700986.395967 -14.11264151811231 -4.665091958664677 11.35950117448397 0.37767668140585126 -0.29224100285948795 0.8776173165645285 -0.04175363739867656
1755700987.18729 -14.784274826181036 -4.500518855137795 10.722508670799662 0.36873007770863575 -0.28875042398509304 0.8825732579703516 -0.041542348958761625
1755700987.846779 -15.431071939594876 -4.355896889638022 10.076006487913588 0.3643897596547314 -0.27618684036139146 0.888081686691319 -0.04745366196048476
1755700988.374391 -16.06027192820098 -4.190701605342627 9.4540875226721 0.3616953498412804 -0.2845888440756804 0.8868365303100626 -0.041311405670481624
1755700989.033955 -16.887237148256958 -3.9872435791359124 8.60283427285507 0.3466433966515159 -0.2820215535864323 0.8936902076922261 -0.040249367021365924
1755700989.693563 -17.630568321205864 -3.765820048098028 7.764870493635708 0.33550835744269863 -0.2879208377480718 0.8961101665029062 -0.03901669856208069
1755700990.221287 -18.19342219675429 -3.600082058232121 7.087388082238662 0.3272085511627584 -0.28837264147476543 0.8990351996330173 -0.03887793095903763
1755700990.880885 -18.8967963982263 -3.354835439322615 6.202165787690224 0.31805975659158087 -0.29158775810767706 0.9013115071367057 -0.03810692406379022
1755700991.606456 -19.671469261246866 -3.0943809584858446 5.294342691898959 0.3298784732323515 -0.2935658905046788 0.8964229872653755 -0.03775034744619131
1755700992.134134 -20.266742370150116 -2.8998257925864577 4.623570365688986 0.33227694103795496 -0.2903681961944911 0.8963629233924624 -0.0425658861124213
1755700992.727744 -20.927310924973906 -2.684644730203573 3.8667408057644685 0.3377034345914539 -0.29262226246975304 0.8934120078710329 -0.04629887648818333
1755700993.255406 -21.531809218541582 -2.4898120782286335 3.1748911117555285 0.33554523489159893 -0.2932197986982095 0.8940280490948206 -0.0463183810666167
1755700993.91495 -22.23573007772045 -2.2662851288894146 2.3998889913725776 0.33327634675385726 -0.2974808682954524 0.8934371679458883 -0.0469258630758877
1755700994.442598 -22.806681571974742 -2.083347192861069 1.7243878619706645 0.33166783602491196 -0.2941015390738689 0.8949245274084722 -0.05109619852451329
1755700995.102091 -23.520316286594095 -1.864106807515305 0.8933388748502883 0.33671623238465065 -0.2903009335244378 0.8943424163781404 -0.04999189044669784
1755700995.563784 -23.944990174446705 -1.7421631501078394 0.41796980714998333 0.3393604144895493 -0.2896734463746899 0.8936175069880146 -0.04869861134998574
1755700996.355198 -24.57699548849576 -1.5528450783538255 -0.29989133206436597 0.3402064509233551 -0.28953081936186864 0.893388169611505 -0.04784405697664605
1755700996.882839 -24.99311850696363 -1.4257708726771923 -0.7843338360128117 0.3406690480581489 -0.2873783214037292 0.8938496431526467 -0.0488990339190408
1755700997.806171 -25.614079250366277 -1.243620050146572 -1.4784730191013449 0.3411307587384263 -0.29120248603589693 0.8925050790281753 -0.0475983348234943
1755700999.059274 -26.300662764307866 -1.0504958151907486 -2.2339847671085598 0.34192639064724667 -0.29148057975024083 0.8921699438387063 -0.04645649920355115
1755700999.916668 -26.78029406269286 -0.8950301283939989 -2.7713591706066714 0.3415194603205374 -0.2938417070116826 0.8917631720099806 -0.04218950686517934
1755701000.840016 -27.284877546607646 -0.7322102362173706 -3.3527170581910757 0.3416091739267844 -0.2940559078618963 0.8918029922164211 -0.039009209353867466
1755701001.763362 -27.784008227249384 -0.5772222873397906 -3.907425215981 0.34312306312164653 -0.2907377397958076 0.8922454736003141 -0.040449289884927575
1755701003.214309 -28.566567788460958 -0.3457155359164879 -4.769797078251343 0.3432344067084063 -0.2936838753069532 0.8913032071980214 -0.038968144358427215
1755701004.137671 -29.065872187913577 -0.18475223280130548 -5.342687899187369 0.343861464796175 -0.29220832191170537 0.8914982010416213 -0.04005679933952626
1755701005.25886 -29.668348304669244 -0.008211700250510514 -6.010473738659649 0.345108656337366 -0.29082321974207975 0.8913629606180616 -0.04235495978125501
1755701006.446008 -30.297518430542553 0.2000663782963397 -6.739914581435905 0.34482774699428353 -0.2922090683014322 0.8911040396163172 -0.040512663263922534
1755701007.699115 -30.974144491681848 0.415998822961901 -7.493218417423605 0.34735702409982483 -0.2889230511440149 0.8912456191493504 -0.03934227590312618
1755701008.556504 -31.480111899958022 0.5593186195765532 -8.024644182876392 0.3518026163529645 -0.2900019980914722 0.8892724175209467 -0.03644622979971739
1755701009.347957 -31.95381554254009 0.704976736824711 -8.547108124409647 0.3561733645942816 -0.28918901507176287 0.8877071548795571 -0.03855197908090925
1755701010.271302 -32.49746644421932 0.8608665019314851 -9.122627429000163 0.3603662192826572 -0.2833042757697544 0.8877839161088921 -0.04140765181531656
1755701011.128671 -33.03847320436057 1.0077859994986589 -9.684165945148333 0.36371720559363613 -0.28759611223957027 0.8850093063600517 -0.04191417702808249
1755701012.249867 -33.7144837887452 1.1855859594835205 -10.376846551378284 0.37127497647961305 -0.28619883036096055 0.8821867558021704 -0.044627897410956255
1755701013.502976 -34.50576521506713 1.3791618029575545 -11.120212277604306 0.37936301002183753 -0.28549825395037165 0.8789875919410005 -0.04421839924987528
1755701014.49227 -35.125289621747086 1.5398184352684132 -11.711758260957701 0.3846911965276967 -0.28449398938793746 0.8769863998004102 -0.044392655713987844
1755701015.415604 -35.65492826590877 1.6598846857713185 -12.218283948649457 0.39083087616317763 -0.2840263558013711 0.8743743934967311 -0.04527334143775557
1755701016.470889 -36.43189642754473 1.8339553232299068 -12.902016808283665 0.39642225374007795 -0.28320962097280483 0.8720582373248207 -0.04643423351369431
1755701017.064426 -36.95345880196202 1.9516489554486098 -13.373540511782595 0.4001493642174201 -0.2824979136540978 0.8706385797974114 -0.0454299291857547
1755701018.119762 -37.939535559686306 2.1622478092217907 -14.23523981423995 0.4073104961639635 -0.28022522444525966 0.8680244308191506 -0.045886499107680806
1755701018.780001 -38.609469907595766 2.3065860585811535 -14.819303223134963 0.40971083106421635 -0.2813162848792679 0.8664557476800933 -0.04746177496181933
1755701019.636589 -39.44118243130082 2.4695362657924904 -15.506405583948606 0.4103082131817495 -0.28059411126842204 0.8664480471840327 -0.04671077443225176
1755701020.362313 -40.15872573771504 2.60823691284151 -16.10674560377022 0.4110627018312484 -0.2796137727502578 0.8665091694622337 -0.04478227874317736
1755701020.889696 -40.684335040698556 2.722041330968663 -16.56309050395607 0.4109199472891176 -0.27991630467391204 0.8664410947415183 -0.04551360940125245
1755701021.747084 -41.633023684978944 2.9233388528696773 -17.372222180385606 0.410670927144639 -0.28154948676310726 0.866147794025729 -0.04321197757516865
1755701022.736407 -42.752159221059834 3.1633468931236353 -18.315299728741007 0.40997853171867776 -0.28383446169817367 0.8658058461488923 -0.041663397085516654
1755701023.264008 -43.35054197222147 3.2899918319755694 -18.826335290210547 0.41019305454982524 -0.2831329303893385 0.8660334354009838 -0.0395409976581314
1755701023.923529 -44.15683094500169 3.460673434514972 -19.491584137738347 0.41112634362373657 -0.28262816620532993 0.8657433886290552 -0.039809977280455
1755701024.451155 -44.80757383970507 3.6023826010389266 -20.053370237313445 0.4117896656647804 -0.280123517118418 0.8662292447714856 -0.040087178891976355
1755701025.17663 -45.67126878065673 3.768645450423722 -20.75701346820793 0.41135316280745793 -0.27932567880445164 0.8668942313542711 -0.03549834155873486
1755701025.770276 -46.38759814858763 3.917103731592877 -21.36734044274948 0.4133896492502079 -0.27815510597639803 0.866376573871947 -0.03362093332963007
1755701026.759572 -47.55192931803433 4.144464597212786 -22.327174725321754 0.41841655107632475 -0.27671374339006954 0.8643831989407068 -0.03462339373138437
1755701027.287151 -48.2482729313654 4.262776012888332 -22.869934107295283 0.4196318052036975 -0.2746077453113774 0.8644086044390228 -0.03602081132163178
1755701027.682832 -48.798353354991896 4.375072074512549 -23.312332808970474 0.419921137147332 -0.2747498201784291 0.864299729395724 -0.03412847279458435
1755701028.342464 -49.6534766076485 4.5422411050393725 -24.00418736023355 0.42144998518506016 -0.2748446244782265 0.8636531139286657 -0.03071874320759707
1755701028.738093 -50.21338250383392 4.6521066319593025 -24.446827904199747 0.4234855372736528 -0.27476535689804055 0.862642802011855 -0.03180242924484985
1755701029.133801 -50.746382711553544 4.753361664823567 -24.866315660357326 0.4253677369459101 -0.27330091221007563 0.8622005463664925 -0.03129085482976674
1755701029.661428 -51.45086558425887 4.885601853854355 -25.398393370734805 0.4278332339645659 -0.2722125489489709 0.861426064415322 -0.028358202623834438
1755701029.991218 -51.902130510375905 4.963342293376128 -25.741266882847327 0.42929702702498596 -0.27014200923565757 0.8613684710460792 -0.02777975020352771
1755701030.386931 -52.45620440399322 5.068016182302621 -26.15872206484674 0.4293786394266311 -0.27246550404246345 0.860643110256287 -0.026267277731160468
1755701030.848753 -53.06022401192374 5.183566884751383 -26.61575845418747 0.4308565373818549 -0.2729888551519846 0.8597589963076372 -0.025577283401707875
1755701031.244299 -53.576744271622545 5.283624247820625 -27.00666174701873 0.43176400617453603 -0.27373427124728644 0.8590673199479189 -0.025548610810222697
1755701031.64003 -54.12035522373803 5.387645168364748 -27.414955375785944 0.4334718991315903 -0.2731575029824241 0.8583848684944133 -0.025739245666654597
1755701032.101716 -54.735051480396386 5.489978977739714 -27.888289582128795 0.43489890206546694 -0.26893732418590477 0.8589033873863159 -0.028646671330000976
1755701032.497525 -55.33974677717315 5.646947795068515 -28.30181856932438 0.43715213797001723 -0.29331812656070233 0.8500903034474356 -0.014455479369768235
1755701032.959071 -55.9579980688899 5.737942643099201 -28.7828359636962 0.4367382315110987 -0.2665878521454145 0.8584827375635332 -0.034612476514609795
1755701033.486723 -56.64909176363812 5.876121399998397 -29.3139621592202 0.4368216341723222 -0.2720851903926056 0.8566682268233727 -0.03572195738393786
1755701034.014397 -57.331669459742386 6.028634779628252 -29.797020024144153 0.43393167181262143 -0.2792962831893635 0.856002256287996 -0.0309358630778331
1755701034.541938 -57.993088700945535 6.130672047127978 -30.278939847216247 0.42845974325083463 -0.27265028855377 0.8609149644658193 -0.030157793748747
1755701035.003614 -58.52562292466132 6.23327212713061 -30.706486571466623 0.4200957577009117 -0.27066635393147126 0.8658855813329172 -0.022392839277244912
1755701035.531234 -59.145724886562014 6.3389760197897855 -31.217638858688723 0.40949509890451236 -0.26486002339724557 0.8728139051445389 -0.018942517402239113
1755701036.058855 -59.762771256992146 6.439406647480149 -31.75211376235126 0.4044927625498008 -0.2575751631453887 0.8770582558231255 -0.028450944939561396
1755701036.652439 -60.44746250764847 6.624534061884192 -32.344088872161755 0.39379209982833563 -0.282918317645285 0.8744011015648169 -0.017541984944311296
1755701037.37791 -60.956316888208136 6.759617527627164 -32.84940772235535 0.38036597264976907 -0.28325508170513003 0.8800491114454979 -0.024532569828792327
1755701038.433182 -61.55967392983476 6.941102821979475 -33.52010809148829 0.3482847950501845 -0.2888605413314117 0.8913362386322687 -0.027874699988597103
1755701039.356506 -62.118076349127946 7.147259929224972 -34.178421895198944 0.33047695376660335 -0.30297996153234547 0.8933783344813391 -0.029381582979026308
1755701040.27984 -62.647434786859705 7.3559573919747665 -34.86106990934239 0.3124283042239539 -0.30750236762768285 0.8979295143626627 -0.0394136506752016
1755701041.335178 -63.214360947377195 7.617363385738262 -35.66495677666218 0.2800979410326466 -0.3139475987516197 0.9062756604413115 -0.04057679089120701
1755701042.192495 -63.577614351793905 7.817560614427498 -36.292760616141486 0.24127933678628447 -0.3143649631948339 0.9171534859444799 -0.04228988975358021
1755701043.181782 -63.93048340239623 8.06844215097994 -37.07835680120715 0.1859651196194174 -0.30899489235329236 0.93192998460247 -0.03802150159256072
1755701044.105118 -64.17765242567063 8.312353923204274 -37.840766772232705 0.14030099755062328 -0.31388585305022304 0.9385623496955597 -0.029866654904485805
1755701044.830676 -64.32846002370954 8.513577408140767 -38.46741185136578 0.10271799666542702 -0.31469099441828524 0.94307314527617 -0.0321190574579008
1755701045.88584 -64.46845305057208 8.826710164136747 -39.36133617329147 0.06505296147621249 -0.31984456234392367 0.9444896242379158 -0.037508903597932214
1755701046.611353 -64.5470538449463 9.032275731933423 -39.98128852498935 0.045276304524052804 -0.32165877891597505 0.9449725734761022 -0.03889115031574557
1755701047.468718 -64.60585981810995 9.282198363168618 -40.731073401090455 0.025174408073439285 -0.3206289632154118 0.9460094062254016 -0.04036731919046737
1755701048.326117 -64.64748704132919 9.561182137842016 -41.492540505592366 0.00858758379606178 -0.3264517800811402 0.9443074779111539 -0.040483031599377835
1755701049.051584 -64.6530585876815 9.794258231093236 -42.1507332315369 -0.005870444118893407 -0.32590135685474925 0.9446053165743332 -0.038401033652546254
1755701050.106839 -64.6279621328994 10.122656021232158 -43.115737270047184 -0.02560007784507881 -0.32393442180694176 0.9449006828400028 -0.03967147528671428
1755701050.568505 -64.60263747448053 10.267656355027546 -43.54637479789706 -0.039073305424488884 -0.32089282634137495 0.9455852401576709 -0.03700843690037137
1755701051.29449 -64.51032302935299 10.53356848927961 -44.22870306259175 -0.06286049683721438 -0.3266848769138322 0.9423597083500017 -0.03582916705245137
1755701052.085915 -64.39205443403199 10.812983275809245 -44.973844232488375 -0.08576053036334685 -0.32890926469862797 0.9399420837338568 -0.031188239021477354
1755701052.810896 -64.25597432252042 11.059018841258533 -45.6269205597155 -0.10735546487009096 -0.3275785649444468 0.9382580247349592 -0.02896492658226577
1755701053.536377 -64.05579942498139 11.305883784950506 -46.28141363628239 -0.14294982910814374 -0.3265718312493016 0.9339261142079476 -0.026423447785516266
1755701054.39377 -63.74941637227509 11.55457963395463 -46.954574337941914 -0.20046663620979893 -0.32215604727110153 0.9249968684098206 -0.02023369480378754
1755701055.251155 -63.34824221009679 11.824241087469918 -47.59761399467946 -0.25863222337673614 -0.32967052383426526 0.9076332964599291 -0.025070259339099482
1755701056.042614 -62.92836921923905 12.055672649442903 -48.15415887247124 -0.2949283861911049 -0.32861797613119087 0.8968437152372342 -0.026435264735303284
1755701056.83468 -62.4490494376205 12.30784897277763 -48.73688475513111 -0.31676785606931107 -0.32256851966809896 0.8915037435226679 -0.028788031635606826
1755701057.493569 -61.90053774207618 12.585114349766991 -49.38640218526283 -0.331287265636731 -0.31907034108474813 0.8874049602270029 -0.030907954178690872
1755701057.955273 -61.457245941650505 12.798409605383586 -49.91257766965291 -0.3364704989673282 -0.31865711525862955 0.885549861941337 -0.03235256149680359
1755701058.482868 -60.94597348321629 13.04326013702235 -50.50315270695133 -0.33764231680512813 -0.31972280436812067 0.8847037863232325 -0.03277506269690176
1755701059.010469 -60.42291870788925 13.268261077541261 -51.06784773920323 -0.348016145803707 -0.31023996361658507 0.8841348848849768 -0.030682773090801824
1755701059.472215 -59.93971259608556 13.493646832724943 -51.55151845869521 -0.3531962799458602 -0.31322253888116663 0.8805716003349175 -0.041685556885373766
1755701059.801895 -59.60542503192274 13.632102414760043 -51.898277977601815 -0.3598955862224263 -0.30717611249275806 0.8798187356854997 -0.04513308396532881
1755701060.32954 -59.084877795343935 13.848495227358622 -52.41967190037759 -0.3701442913749051 -0.30509860441528597 0.8763006054608387 -0.04478050932472562
1755701060.725237 -58.658091124365484 14.01893008601257 -52.825296323324416 -0.37461207321353857 -0.30787645146636433 0.8733233348851904 -0.04673583186532002
1755701061.252865 -58.09742549849183 14.232962592880767 -53.37858531836595 -0.3812215014002392 -0.2990394052426637 0.8738685038952331 -0.039992985412051055
1755701061.78048 -57.41011655201637 14.500111294960151 -54.020373659455935 -0.3857325005104692 -0.3019458641877179 0.8707911940356611 -0.04197415323530314
1755701061.978366 -57.12621809211688 14.615515826910718 -54.29314957095056 -0.38800885360607074 -0.3043078708586912 0.8689276371630045 -0.04255127061640904
1755701062.308109 -56.67493161373998 14.782693638097523 -54.70388882497957 -0.3898061074535867 -0.3001489828472992 0.8695816082361167 -0.04230382140071297
1755701062.769782 -56.0267983824191 15.028117048484074 -55.28655942023869 -0.39486115848978975 -0.30303343883472916 0.8662990857072588 -0.04220538551970837
1755701063.297403 -55.2860291240486 15.302104821390447 -55.94380062351174 -0.40018770922931035 -0.302111437885203 0.86412144537615 -0.04327359612703306
1755701063.627166 -54.8286707433728 15.47783178002099 -56.33620131499352 -0.4051517239669413 -0.3041958504505543 0.8609592300505524 -0.045455135309876146
1755701063.956926 -54.34431653430921 15.65432131847388 -56.75109231318948 -0.4077837099767796 -0.3039697952988578 0.8598700019403369 -0.0440271414773778
1755701064.220772 -53.96145158024516 15.796427633376956 -57.07405191350666 -0.41098898840103837 -0.3060489317488257 0.8576064642339019 -0.043968799082063345
1755701064.682414 -53.297087244287 16.035547689556775 -57.62239252999309 -0.4142990211603929 -0.303409069071853 0.8569778429779609 -0.043453820491795574
1755701065.012173 -52.82748710369263 16.211683257144152 -58.01227206950699 -0.4176069939706238 -0.3074481013397653 0.8539589883657704 -0.04282650766409568
1755701065.342015 -52.3495882440833 16.389266360161656 -58.40105971792536 -0.4196579010925 -0.3049832177342411 0.8538693485794064 -0.042185524859671725
1755701065.605757 -51.972861735024416 16.521674883011464 -58.712182252311486 -0.4216607132699695 -0.3071983180971546 0.8520903418831955 -0.042112771368305164
1755701065.935517 -51.49030833791682 16.697847446043845 -59.10093378730125 -0.4235386320338487 -0.306217998141429 0.851568413570856 -0.04094877040361071
1755701066.397215 -50.78838766136893 16.941620175091042 -59.64545575612649 -0.42668416155695255 -0.3070459679755685 0.8498009854518902 -0.03875157998563163
1755701066.726948 -50.30847806352935 17.108876212908466 -60.0151682159725 -0.42881989148228833 -0.30414638555052287 0.8498481451918677 -0.036967647201484
1755701067.056706 -49.83576820762487 17.270819600081023 -60.38350640456723 -0.42999889678834236 -0.30623554229681715 0.8484371177048011 -0.038408315450590216
1755701067.323424 -49.46036089665551 17.41188884683665 -60.67607138577603 -0.4328586085868673 -0.3052332944246355 0.8473573775767568 -0.03809902378233064
1755701067.65037 -48.965817625032685 17.588510009967305 -61.04894294401783 -0.43306051198440076 -0.3066076022056798 0.8467911800571732 -0.037350617222104136
1755701067.980142 -48.48952081473316 17.75784358242873 -61.40847106886976 -0.4338245964818918 -0.306859283007308 0.8464010312840379 -0.035197928360656765
1755701068.44174 -47.82409178124971 17.99142702290709 -61.91723680510118 -0.435066391652109 -0.3070320501993422 0.8455728108979863 -0.038146775424411306
1755701068.77151 -47.35680447465664 18.162681148036555 -62.27436652918893 -0.43311837155041594 -0.3079043403509003 0.84632056774909 -0.03667274224067094
1755701069.167625 -46.792968023877606 18.35235523017581 -62.693695829369425 -0.4350915487215281 -0.30511626152615035 0.8463701481357312 -0.03545396350351219
1755701069.496991 -46.31196756954234 18.520303426033284 -63.052515273895 -0.4354853586387928 -0.30680098483675655 0.8455893364629979 -0.03470348937073823
1755701069.958641 -45.62173596494336 18.75173542089375 -63.55525310603569 -0.43691481189029363 -0.3081121131405593 0.8443900525593695 -0.034319266101040316
1755701070.288402 -45.14683651216188 18.9286647855033 -63.913961967796084 -0.43899092005301005 -0.3094104347348584 0.8428419766705268 -0.03419879164995439
1755701070.618289 -44.65882775369819 19.1045157451704 -64.27441176574145 -0.4375358198704894 -0.30973037898892086 0.8434206794779432 -0.035651873591757165
1755701070.947929 -44.12740205920859 19.28743819819572 -64.66002111462457 -0.43809737239799 -0.31146794341587775 0.8424616783608955 -0.03628681600255503
1755701071.2777 -43.63005551571462 19.46803420994318 -65.03594294043464 -0.43766777301356197 -0.3127033695106364 0.842272793279175 -0.035214554714489414
1755701071.607464 -43.12866136536796 19.651237007535457 -65.40001714311218 -0.43726635283524484 -0.3140816068196988 0.8419668799644839 -0.03525129754479385
1755701072.135191 -42.47239478493511 19.89945691329696 -65.89332547477855 -0.4388110386076498 -0.32344829594937463 0.8376080455250816 -0.03519707821928315
1755701072.464869 -42.18979229315184 20.00024041373439 -66.09544996425149 -0.4428031064314619 -0.31753253347230276 0.837822064103335 -0.033951259519133026
1755701073.124383 -41.69611306175299 20.157845860903215 -66.44839312712092 -0.4481941917167287 -0.31546631349467025 0.835875190977722 -0.03025948891550138
1755701073.981795 -41.029586843962505 20.380590935500468 -66.89874937746896 -0.4579661653663327 -0.3129807023780192 0.831570005128176 -0.02830897189485994
1755701074.7732 -40.4334336653345 20.571782740972562 -67.27160964259745 -0.46965007759047783 -0.30951466423922364 0.8262552024377123 -0.030525688931678268
1755701075.828442 -39.63768681809323 20.80663253672586 -67.67220278617522 -0.517889871097768 -0.3070391741069229 0.7978095898812615 -0.031888638596987914
1755701076.81804 -38.93465335423815 20.959919176815507 -67.89569081148987 -0.5816014902076758 -0.297882819133177 0.7564773842382084 -0.02734044238120102
1755701077.872991 -38.09049767951457 21.059539835426115 -67.983014193332 -0.6592840975374357 -0.2732801561778499 0.7001396903814818 -0.02160668707094066
1755701078.598512 -37.42342170917251 21.11721018726943 -67.9718212660302 0.706347612790196 0.2626205045859089 -0.6568870292866275 0.02455506529462578
1755701079.38994 -36.73178358717396 21.131017463305653 -67.8536499463652 0.7511596726110378 0.23744572143738388 -0.6153665603547643 0.026507961277798867
1755701080.181333 -36.04018621239991 21.136242735900936 -67.65165810140135 0.7929606878562876 0.23141009403457194 -0.5631535711841245 0.02282041095074353
1755701080.840866 -35.45132564656797 21.086507483871227 -67.52425448393384 0.8074187788858741 0.2212612819734197 -0.5468128426822141 -0.010680621691589006
1755701081.632322 -34.74754022671715 21.037486450120547 -67.28758450120829 0.815187412617441 0.21883404298281123 -0.5362220744770229 -0.006857899491617495
1755701082.423729 -34.02811655104992 20.97163704947127 -67.04551985220711 0.820856094015104 0.20962436424345346 -0.5312219084465252 -0.0074955200104068935
1755701083.347663 -33.14951807518998 20.90551745069396 -66.71382124957 0.8288496252162634 0.21053482909371146 -0.5183467117883191 0.0002662622365573679
1755701084.006621 -32.61386848879034 20.826862241282043 -66.47296951257924 0.8497798956910363 0.1958059351628702 -0.48938342456787465 -0.006166716512408117
1755701084.666134 -32.039134817445365 20.763520316495416 -66.17812111035929 0.8554310992066835 0.19541255467040808 -0.4796230494919602 0.0036466948409022105
1755701085.457596 -31.346526197975873 20.670821129409298 -65.82314218583353 0.862972465249218 0.19364120975392293 -0.46666539684808966 -0.0022390827004514034
1755701086.183072 -30.69536635671144 20.589043649734283 -65.46490945937327 0.8672621780468905 0.19578489801906807 -0.457738094699555 0.000651841888660036
1755701087.17237 -29.837720241418857 20.450084657195077 -64.97048336707572 0.8739442475820126 0.19288169391701152 -0.4460906214199226 0.00461104664921311
1755701087.897827 -29.224849286439632 20.36179625899549 -64.57366519959133 0.8809656524019465 0.18923448285809014 -0.43358323138899557 0.009767867920931705
1755701088.623311 -28.64143561441861 20.259560541484575 -64.18892118045393 0.8838920370315209 0.18481704370350918 -0.42961638165389165 0.002700341382382586
1755701089.348811 -28.028016369148986 20.17747858829966 -63.7893099130739 0.8855125889082677 0.19235733314192235 -0.42267128888781175 0.01466604314124434
1755701090.140224 -27.36427516564776 20.08085713895864 -63.338437983061254 0.887347790214621 0.19058292099961924 -0.4196364122607212 0.014047452773793495
1755701090.997603 -26.65116368436649 19.97462364373975 -62.85040460288017 0.8893361665155133 0.18779105927613998 -0.4166095506675638 0.01588027946880179
1755701091.854999 -25.945573199134706 19.880471285240837 -62.361695114589914 0.8883287635336292 0.18805018983139368 -0.4186642042085356 0.015146553985109466
1755701092.514522 -25.40607472385076 19.802354939858287 -62.0012794111043 0.8871865760089621 0.18690418499707295 -0.4215700247211345 0.015669053471605295
1755701093.371918 -24.695148026061403 19.70607084345483 -61.528797914431294 0.8882696329081 0.18930414951047506 -0.4182123979479206 0.01547218258925198
1755701094.031433 -24.064691376993668 19.620555336192172 -61.09398745082525 0.8888854685056038 0.18981279453900401 -0.4166865564193407 0.015034646928306137
1755701094.559065 -23.462820705708996 19.532664494480372 -60.658511470034384 0.8896637814056467 0.18909610529727278 -0.41542215937566523 0.012862679194780192
1755701095.086757 -22.86439440691228 19.450792414610483 -60.232116130111166 0.8910819855947322 0.18683817434522032 -0.4132871569738855 0.016066033621822018
1755701095.614316 -22.2429666629027 19.356825008389045 -59.78519862044876 0.8933386251996199 0.18499984708419323 -0.40922946695080664 0.015887123227220846
1755701096.141968 -21.631432728474817 19.256964599324643 -59.32447115907388 0.8961953496255542 0.18321527490557285 -0.4037385571877875 0.016162790313846254
1755701096.669679 -21.076810909726532 19.161095563654403 -58.873932845701745 0.9033375663702713 0.17667999572318707 -0.3904602431949942 0.017499107965731404
1755701097.19718 -20.507657181751508 19.053234009670025 -58.4074654273757 0.9051316321631744 0.17334024495396091 -0.38780185328030325 0.017309261373356172
1755701097.658849 -20.027148765460723 18.969695690628853 -58.013391938269365 0.9060269588162837 0.1704824714718165 -0.386976450424151 0.017323499533926093
1755701098.186475 -19.457319421320406 18.867431094171874 -57.55915076902069 0.9055791594993585 0.16716211824821967 -0.38948178295103375 0.01694558504412329
1755701098.780065 -18.81863219142038 18.74011220537932 -57.04750642109006 0.9057728949473465 0.16718709704650708 -0.38896601967674843 0.018148633466254015
1755701099.439596 -18.052169775304417 18.60527874061087 -56.459806133072846 0.9042295415085236 0.16848796243056097 -0.3919859097413766 0.018104953562725484
1755701099.835559 -17.573945747946144 18.532246327356592 -56.08014114929775 0.9049050121707664 0.17025785715744535 -0.38946178997101905 0.02187910365965628
1755701100.428938 -16.879754329624276 18.389994870149568 -55.53983591654164 0.9057680856314736 0.16738265552925524 -0.3891487075114899 0.011423883823241686
1755701100.824612 -16.40558905917894 18.30477823606629 -55.14319552891812 0.9061878022217068 0.1683444026756793 -0.3873720636299589 0.020657045079795017
1755701101.41852 -15.666020563404409 18.16957589626942 -54.57910253015798 0.9064925303155672 0.16606096507110193 -0.3878091824501778 0.017294113711302957
1755701101.813882 -15.179783202511913 18.080860148994233 -54.170174821946176 0.9069757920999016 0.1639272777497088 -0.38746583745985397 0.01982384815972234
1755701102.3415 -14.561345329410422 17.961265771821573 -53.6757859997899 0.9075575453794568 0.16524871067324134 -0.3856463469779654 0.017580116842538168
1755701102.869151 -13.943432053813591 17.849096795295296 -53.14410638016887 0.9088108015491695 0.16427101073025618 -0.3829812578348121 0.020082782886870116
1755701103.396778 -13.315362344014385 17.72009872564186 -52.63494378214392 0.9116173148476363 0.16358051346305721 -0.37665711332126706 0.018019596822299033
1755701103.858421 -12.736407481070442 17.5995045372207 -52.11944432640054 0.9133568379379328 0.16192537065367615 -0.37314849437640374 0.017879096042956833
1755701104.254187 -12.24861186628162 17.489036523966206 -51.69227828246156 0.9144964988148557 0.15938651728639433 -0.37153317926896595 0.015974619400122424
1755701104.715804 -11.63651807591189 17.35532404055944 -51.13523623182342 0.9157065455766638 0.15684004646341929 -0.36962400108302756 0.016149923739137144
1755701105.111551 -11.071562072752728 17.229316929678596 -50.62086213119469 0.9168564637236294 0.15522181391968304 -0.36748139092262455 0.015422086021596457
1755701105.507268 -10.495097460434765 17.097913975830682 -50.11145137190517 0.9189963707185441 0.15323934570009734 -0.3629654790642948 0.014813323164543368
1755701105.837009 -10.028641640518522 16.990163480826183 -49.666334110122094 0.9198523096455836 0.152840906225802 -0.36071922468216294 0.01982490273519475
1755701106.100819 -9.638249229207448 16.894203558343335 -49.30809123471277 0.9213403726759317 0.15037757588183545 -0.3580503566105675 0.017845012757721216
1755701106.562486 -8.972072672438332 16.732379971157147 -48.68354700594668 0.9241628700758295 0.1494579376521122 -0.35104669061309524 0.018749278801502307
1755701106.89233 -8.524976065463362 16.622009071242005 -48.25166194283556 0.9267973317382685 0.14698825253328962 -0.3451132703340467 0.018384508135247637
1755701107.156139 -8.15537328646545 16.507950598161667 -47.86080138991721 0.928400782104447 0.14584355483194567 -0.3413045804270389 0.017686963599087162
1755701107.55179 -7.626417655586313 16.371421749154955 -47.29550197627584 0.9314865206238374 0.14385803775768563 -0.3333836570889327 0.02220504570169637
1755701108.013446 -7.017468483038707 16.188810790558335 -46.65083008657009 0.936355343162145 0.1420629845977082 -0.3208346837477394 0.011040174064807284
1755701108.212084 -6.760686309801834 16.121706717185464 -46.3641213224082 0.9375275822395379 0.14485782157572197 -0.31568371754255614 0.020050799159497746
1755701108.672988 -6.155487065721778 15.948850883336846 -45.68441214031948 0.9403627759800264 0.14352741631013832 -0.3075612760474277 0.022886498084084377
1755701108.936795 -5.800304377627485 15.84741465060437 -45.27420905462305 0.9429576476449009 0.14051535844071172 -0.30108306065744667 0.020863829356514735
1755701109.266562 -5.3814455821744165 15.717924807623977 -44.755752717533646 0.9463083954716717 0.13481262851022263 -0.2932399547180395 0.018338615295519268
1755701109.728333 -4.816653073889226 15.534264626813018 -44.0467966634037 0.9507263764082863 0.12832862642416032 -0.28166560153668896 0.017765408878857126
1755701109.992077 -4.530716292354908 15.41637952071965 -43.63523739388195 0.9536368147157224 0.12292816333001041 -0.2743184067191988 0.014659604844658482
1755701110.321897 -4.179085604941239 15.274136482203248 -43.13242594583358 0.9568413611616386 0.1207804546182971 -0.26393817838078754 0.014259359928534762
1755701110.849458 -3.6564840183273946 15.060468285016382 -42.33060023504757 0.9626582194388316 0.11399133459202773 -0.24487612936095432 0.018188167966675564
1755701111.047307 -3.480532934950044 14.97763572054291 -42.02231586649911 0.9655791522617578 0.1111204412660026 -0.23434938581122733 0.019736099417429494
1755701111.443012 -3.117041979764412 14.808350399417836 -41.35785565245239 0.9703870096175363 0.10194050811161579 -0.21788882340037058 0.021946412205261178
1755701111.904668 -2.738808675932715 14.594874716973726 -40.588714571295036 0.9763069587322876 0.09390526281270835 -0.19394758328803602 0.019770151332701224
1755701112.168479 -2.5315381957252754 14.470301829679185 -40.14707092597134 0.9771080630800049 0.09209042987496123 -0.19085826340072343 0.01876989827213472
1755701112.498314 -2.285660105288378 14.319182926994143 -39.6064852392665 0.9791133874462418 0.08861246591599067 -0.1818727231581234 0.020177164787993217
1755701112.893962 -1.9968010068929642 14.125897056624977 -38.94929439203154 0.981342680625855 0.0840543812826206 -0.1722400201301016 0.015322520511961698
1755701113.223763 -1.758762514464992 13.964747581408954 -38.36083873758872 0.9830443230497059 0.08346352192517337 -0.16232546125980432 0.01755403242515511
1755701113.421582 -1.604310606834425 13.86088140434315 -38.01064113521477 0.9837195205232889 0.08339222219794265 -0.15822934457202678 0.017467590979475055
1755701113.883289 -1.3170742828025068 13.645094573515514 -37.225589280098 0.9848634025429854 0.07814269801557386 -0.15330432950146053 0.020870544660062194
1755701114.213043 -1.0880110227481083 13.482962580154176 -36.659257438465495 0.9857756630795067 0.07701224194384988 -0.14767042005116301 0.02255889431806829
1755701114.542782 -0.8949635403917202 13.332697777882657 -36.119893833160305 0.9865801809013778 0.07444258982984463 -0.1439958408066485 0.01957154317923277
1755701114.806624 -0.727974850255702 13.19890322459474 -35.6365884292254 0.9872107384464167 0.07291342668671084 -0.1402073271937761 0.020987984802252994
1755701115.268348 -0.45355406666455367 12.974343198751068 -34.84395427167572 0.988088327815449 0.06890073960117714 -0.13605626996733364 0.020562974489522
1755701115.729968 -0.19640153067363766 12.749839896140376 -34.05074617600196 0.9887741828748382 0.06856415024532603 -0.13154599800449643 0.01789477550386015
1755701115.927877 -0.06907300913306816 12.651821890826424 -33.708064062179204 0.9885852834881355 0.0692032121708837 -0.13268387186060598 0.0174654757734409
1755701116.389464 0.20095746371788686 12.431446832791035 -32.94012576865835 0.9890031991940459 0.06896522263014186 -0.1293098268904456 0.019885641077929946
1755701116.653344 0.33338440239383177 12.296254609187535 -32.46978486845266 0.9893185258466208 0.06848420118225694 -0.12735207117098965 0.018445014870047852
1755701117.115016 0.5918005503424755 12.065318542432887 -31.661513776267096 0.9899954518020402 0.06641560606544498 -0.12276389850387279 0.020663927660657166
1755701117.445026 0.7623411392733356 11.901023295526455 -31.090292788986133 0.990311044584062 0.0648840787577101 -0.12123270568685389 0.019409337197131806
1755701117.708521 0.9147703034467239 11.763164845759755 -30.61781878537979 0.990635384760259 0.06321319507329763 -0.11949469743969678 0.019147942795879624
1755701118.170185 1.1616046354840848 11.517768805189249 -29.799599083223217 0.9910650111844148 0.06342621420706296 -0.11616956323180097 0.016489133874403376
1755701118.433994 1.2954431094359502 11.38391721398592 -29.336044972242394 0.9912672103179632 0.06253478345104169 -0.11448173982980482 0.019304140817846118
1755701118.76377 1.4573853142748143 11.214181504078434 -28.758209658011275 0.9915224148866689 0.06093180090763138 -0.11312109918988066 0.01934511136008935
1755701119.027578 1.5919495044954424 11.069131757294354 -28.27921747014882 0.9916348266569585 0.05910527575179549 -0.1133902491777942 0.017595122356096636
1755701119.291458 1.7294006857733626 10.931847948363194 -27.79972747015031 0.9918715322760233 0.05886143052657265 -0.1111064921866972 0.019533121889408964
1755701119.753055 1.9559226465415112 10.691292680267086 -26.984274194297488 0.9922153883326559 0.059003796575910004 -0.10782550495132842 0.020020879788274586
1755701119.884976 2.0134455382769305 10.623700509543903 -26.729720170758135 0.9925464873739084 0.055693195915108594 -0.10601399622607295 0.022600241915861494
1755701120.280684 2.1829792550246827 10.416438000663959 -26.001957223988914 0.9937780582123429 0.05045186770206273 -0.0971114718051327 0.02071574533826321
1755701120.610462 2.284454566214169 10.24200348837109 -25.402104118213185 0.9958987371062088 0.04212140447009659 -0.07774901218431267 0.01914637877220184
1755701120.940236 2.3824419615990338 10.070055861813783 -24.82766782687886 0.996874734698964 0.03992057770453339 -0.06589783278175415 0.017452404684579866
1755701121.26998 2.46499978002149 9.878857546643054 -24.209196559744512 0.9976709542063555 0.0372292804084281 -0.05524439108666964 0.014652817705613863
1755701121.599742 2.5446316818299906 9.69586466592854 -23.598924837895883 0.9978782314857072 0.03454700448975117 -0.05206449092120849 0.0182983166673262
1755701121.797617 2.587093282980322 9.576972476158017 -23.213875134754122 0.9980465940951393 0.034198027331288045 -0.04922436046739956 0.017619684398884203
1755701122.12737 2.6598463088340565 9.386541203785406 -22.585133436154518 0.9984964787470342 0.0296755807368522 -0.04434200029995387 0.012566974460974288
