1758725107.475907 -0.0 -0.0 -0.0 -0.0 -0.0 -0.0 1.0
1758725109.209224 -0.002686623716726899 -0.04600996896624565 0.09865676611661911 0.0055563864298164845 -0.0012685764813795686 -0.0008125779568217695 0.9999834299087524
1758725109.942501 0.0032231733202934265 -0.27364516258239746 0.7801027894020081 0.002459441777318716 -0.0016324901953339577 -0.0016793737886473536 0.9999942779541016
1758725110.542819 0.004200556315481663 -0.4994737207889557 1.429215431213379 0.007109508384019136 -0.0017467607976868749 -0.0032487534917891026 0.9999679923057556
1758725111.142599 0.006771145388484001 -0.7403799295425415 2.0806972980499268 0.012297483161091805 -0.0009580653859302402 -0.004286899697035551 0.9999147653579712
1758725111.809162 0.012399354949593544 -1.000362515449524 2.8039848804473877 0.013562467880547047 -0.0014427743153646588 -0.006058802828192711 0.9998887181282043
1758725112.475769 0.015735123306512833 -1.2515761852264404 3.498843193054199 0.012876935303211212 -0.0014791374560445547 -0.006775233894586563 0.999893069267273
1758725113.075785 0.017535315826535225 -1.4945635795593262 4.149815559387207 0.016500432044267654 -0.001962030306458473 -0.0071654729545116425 0.9998363256454468
1758725113.742443 0.020902061834931374 -1.7497984170913696 4.858198642730713 0.015037844888865948 -0.0027109934017062187 -0.007129160221666098 0.9998579025268555
1758725114.409058 0.02261720597743988 -2.012493133544922 5.558919906616211 0.01709865778684616 -0.0033263254445046186 -0.007363121956586838 0.9998211860656738
1758725115.142402 0.0304621160030365 -2.30318284034729 6.349910259246826 0.0171821191906929 -0.004202911164611578 -0.007586644496768713 0.9998148083686829
1758725115.809054 0.019070085138082504 -2.575345277786255 7.0674052238464355 0.021098364144563675 -0.006882714573293924 -0.010478627867996693 0.99969881772995
1758725116.475691 -0.07695984840393066 -2.834324836730957 7.768695831298828 0.019746042788028717 -0.053569402545690536 -0.028273185715079308 0.9979684948921204
1758725117.142396 -0.20244771242141724 -3.0854668617248535 8.474613189697266 0.016772707924246788 -0.07382996380329132 -0.0343053936958313 0.9965395331382751
1758725117.875684 -0.31926485896110535 -3.381904363632202 9.260137557983398 0.018131855875253677 -0.08125822246074677 -0.03366962447762489 0.9959592223167419
1758725118.542336 -0.49334102869033813 -3.636129140853882 9.952178955078125 0.018345562741160393 -0.1147981733083725 -0.04660720005631447 0.9921253323554993
1758725119.209 -0.6768897771835327 -3.8987412452697754 10.64615249633789 0.02093471772968769 -0.12200411409139633 -0.04665675014257431 0.9912113547325134
1758725119.875621 -0.8670023679733276 -4.158771991729736 11.343783378601074 0.020922118797898293 -0.13301454484462738 -0.05001414567232132 0.9896302223205566
1758725120.542277 -1.0926944017410278 -4.426310062408447 12.002254486083984 0.02979782037436962 -0.1591237187385559 -0.05405639111995697 0.9853271842002869
1758725121.34225 -1.5160975456237793 -4.6733903884887695 12.672446250915527 0.02524648979306221 -0.2574823498725891 -0.08839844912290573 0.9618998169898987
1758725122.008913 -1.9700064659118652 -4.828260898590088 13.042930603027344 0.024714771658182144 -0.36057236790657043 -0.12740980088710785 0.9236576557159424
1758725122.808874 -2.640517234802246 -4.989803314208984 13.437496185302734 0.02399207092821598 -0.44174522161483765 -0.16069376468658447 0.8823055624961853
1758725123.542386 -3.3423800468444824 -5.114083766937256 13.733134269714355 0.024519022554159164 -0.5163930654525757 -0.18884828686714172 0.834909200668335
1758725124.142182 -3.9811325073242188 -5.208083152770996 13.963350296020508 0.025275321677327156 -0.5311490893363953 -0.1963992863893509 0.8238138556480408
1758725124.808815 -4.708492279052734 -5.3098931312561035 14.192686080932617 0.026257991790771484 -0.5444359183311462 -0.2003432810306549 0.8141024112701416
1758725125.608846 -5.521531105041504 -5.415757179260254 14.413171768188477 0.02807104028761387 -0.5659374594688416 -0.20469598472118378 0.7981393337249756
1758725126.275471 -6.230541706085205 -5.49177885055542 14.571167945861816 0.02756468765437603 -0.5821129679679871 -0.21119113266468048 0.78471839427948
1758725126.942107 -6.955531120300293 -5.561652183532715 14.702640533447266 0.030656196177005768 -0.597752034664154 -0.21508197486400604 0.7716816067695618
1758725127.942096 -7.984597682952881 -5.621691703796387 14.81992244720459 0.028190763667225838 -0.6319538354873657 -0.23010601103305817 0.7395207285881042
1758725129.542072 -8.86666202545166 -5.606497764587402 14.646720886230469 0.033389296382665634 -0.7312215566635132 -0.2625446319580078 0.6287054419517517
1758725131.342001 -9.603189468383789 -5.439638614654541 14.217818260192871 0.027354447171092033 -0.816899299621582 -0.3051494061946869 0.4886830747127533
1758725132.475852 -10.119949340820312 -5.313260078430176 13.825878143310547 0.03510928153991699 -0.8448264598846436 -0.30316412448883057 0.4394623637199402
1758725133.675295 -10.720361709594727 -5.136574745178223 13.292202949523926 0.03531596437096596 -0.8693021535873413 -0.30466553568840027 0.38761526346206665
1758725134.608627 -11.23216438293457 -4.9265971183776855 12.682699203491211 0.03266237676143646 -0.8888262510299683 -0.316130131483078 0.3301255702972412
1758725135.608578 -11.881183624267578 -4.661901950836182 11.860845565795898 0.03510138392448425 -0.8979498147964478 -0.31247344613075256 0.30791959166526794
1758725136.675216 -12.558366775512695 -4.4346442222595215 11.125572204589844 0.03912615403532982 -0.8894665241241455 -0.2991921901702881 0.3432238698005676
1758725137.67519 -13.172441482543945 -4.222970008850098 10.351750373840332 0.045256663113832474 -0.9006264805793762 -0.2841222584247589 0.3257274031639099
1758725138.541849 -14.014249801635742 -3.9818267822265625 9.505973815917969 0.03966866433620453 -0.8826689124107361 -0.2882668972015381 0.3690856099128723
1758725139.408477 -14.84038257598877 -3.7738633155822754 8.675507545471191 0.040541425347328186 -0.8833572268486023 -0.2859691381454468 0.36913159489631653
1758725140.408493 -15.843962669372559 -3.4930198192596436 7.680767059326172 0.041445810347795486 -0.8844365477561951 -0.2863127589225769 0.366168349981308
1758725141.408423 -16.844568252563477 -3.2127726078033447 6.6652116775512695 0.03945409506559372 -0.8841096758842468 -0.29154667258262634 0.3630344867706299
1758725142.875105 -18.431034088134766 -2.7681190967559814 5.233197212219238 0.04361683130264282 -0.8651524186134338 -0.2905403971672058 0.40644222497940063
1758725143.741756 -19.38962745666504 -2.58046293258667 4.556480407714844 0.044026002287864685 -0.850831151008606 -0.2825734615325928 0.44079503417015076
1758725144.54172 -20.316614151000977 -2.4316649436950684 3.9275379180908203 0.04377276450395584 -0.8515007495880127 -0.28427422046661377 0.43842747807502747
1758725145.341673 -21.179344177246094 -2.237456798553467 3.2125988006591797 0.046458277851343155 -0.8631071448326111 -0.2898045778274536 0.4109758138656616
1758725146.34168 -22.19498062133789 -2.049879550933838 2.375417709350586 0.048028770834207535 -0.8663055300712585 -0.28230714797973633 0.4092807173728943
1758725147.208276 -23.045635223388672 -1.87923002243042 1.6676349639892578 0.045150939375162125 -0.8664951324462891 -0.28361400961875916 0.40830230712890625
1758725148.074935 -23.891468048095703 -1.702610969543457 0.9587955474853516 0.04622853174805641 -0.8672844171524048 -0.2829374372959137 0.4069729447364807
1758725148.94162 -24.61543846130371 -1.5223965644836426 0.3037261962890625 0.045053981244564056 -0.8798530101776123 -0.2948687970638275 0.36997485160827637
1758725150.14159 -25.478748321533203 -1.2565841674804688 -0.6170539855957031 0.03826453909277916 -0.884604811668396 -0.2989940047264099 0.3558269739151001
1758725151.474868 -26.458078384399414 -1.0029659271240234 -1.5348644256591797 0.03831836208701134 -0.8730821013450623 -0.2903881371021271 0.3897871673107147
1758725152.874842 -27.4871768951416 -0.7477054595947266 -2.485593795776367 0.03857278823852539 -0.8750821948051453 -0.2894027531147003 0.3859913647174835
1758725155.341453 -28.946237564086914 -0.27686595916748047 -4.009136199951172 0.03279726579785347 -0.8744345903396606 -0.28982093930244446 0.38767561316490173
1758725156.808074 -29.954660415649414 -0.009428977966308594 -4.961261749267578 0.03729575499892235 -0.8638843894004822 -0.28634509444236755 0.4126976430416107
1758725158.341401 -31.11284637451172 0.24498462677001953 -5.836235046386719 0.03909102827310562 -0.8536009192466736 -0.28700149059295654 0.43297523260116577
1758725160.141319 -32.102569580078125 0.43488025665283203 -6.610980987548828 0.04148287698626518 -0.8499226570129395 -0.28331735730171204 0.44231441617012024
1758725163.141272 -33.39600372314453 0.722468376159668 -7.769256591796875 0.04328395798802376 -0.8741921186447144 -0.29368504881858826 0.38427039980888367
1758725165.074566 -34.300254821777344 0.9340066909790039 -8.58736801147461 0.04345284402370453 -0.8591523766517639 -0.28450465202331543 0.4231148064136505
1758725167.341162 -35.44316101074219 1.1954193115234375 -9.550113677978516 0.039762623608112335 -0.8575308322906494 -0.2851465344429016 0.4263230860233307
1758725169.807803 -36.7286491394043 1.4497089385986328 -10.551116943359375 0.036576807498931885 -0.853337287902832 -0.28320619463920593 0.4362017512321472
1758725171.874424 -37.85569763183594 1.6588973999023438 -11.4290771484375 0.034994740039110184 -0.8402560949325562 -0.27427244186401367 0.46639007329940796
1758725174.807667 -39.52299880981445 1.869964599609375 -12.497867584228516 0.032681748270988464 -0.834489107131958 -0.269103467464447 0.47973233461380005
1758725176.874269 -40.894832611083984 2.0709400177001953 -13.298938751220703 0.02739027328789234 -0.8293799757957458 -0.26874083280563354 0.48903682827949524
1758725178.140933 -41.85968017578125 2.205841064453125 -13.839363098144531 0.025480050593614578 -0.8272500038146973 -0.2683681845664978 0.4929368793964386
1758725179.474243 -42.63884353637695 2.307401657104492 -14.279853820800781 0.025611277669668198 -0.8264557719230652 -0.26433607935905457 0.49642857909202576
1758725180.740845 -43.465091705322266 2.419189453125 -14.733577728271484 0.02292928844690323 -0.823896586894989 -0.2659163475036621 0.49995729327201843
1758725182.207504 -44.462764739990234 2.5603466033935547 -15.247920989990234 0.021521352231502533 -0.8216872811317444 -0.26718616485595703 0.5029696822166443
1758725183.607803 -45.25775909423828 2.7053279876708984 -15.797271728515625 0.024469317868351936 -0.8505176901817322 -0.2738214433193207 0.4483778774738312
1758725184.740755 -45.86412048339844 2.876220703125 -16.27088165283203 0.018092429265379906 -0.8526158332824707 -0.29923009872436523 0.4279957413673401
1758725185.540748 -46.23625946044922 2.9519424438476562 -16.588092803955078 0.03447893634438515 -0.8633779883384705 -0.28004947304725647 0.41828441619873047
1758725186.74066 -46.769775390625 3.0905323028564453 -17.06035614013672 0.031180407851934433 -0.8705010414123535 -0.28830716013908386 0.39766165614128113
1758725187.807348 -47.254032135009766 3.232013702392578 -17.50905990600586 0.033323850482702255 -0.8732040524482727 -0.2971511483192444 0.38484472036361694
1758725188.674014 -47.730506896972656 3.357057571411133 -17.945587158203125 0.034837424755096436 -0.8720803260803223 -0.28845852613449097 0.39376887679100037
1758725189.540645 -48.285743713378906 3.442930221557617 -18.37500762939453 0.041166771203279495 -0.8669218420982361 -0.2761824429035187 0.4128863513469696
1758725190.540639 -48.9285888671875 3.578125 -18.921993255615234 0.045440152287483215 -0.866757869720459 -0.27689963579177856 0.41230157017707825
1758725191.407409 -49.534297943115234 3.7369003295898438 -19.432384490966797 0.04307912662625313 -0.861099362373352 -0.29382798075675964 0.4126952290534973
1758725192.140587 -50.06925964355469 3.8550167083740234 -19.873703002929688 0.040650874376297 -0.8638932704925537 -0.2923886477947235 0.4080991744995117
1758725192.807284 -50.56666946411133 3.9910964965820312 -20.297595977783203 0.04198126494884491 -0.8624522686004639 -0.2962847948074341 0.408202201128006
1758725193.47387 -51.11271667480469 4.124885559082031 -20.75981903076172 0.043347977101802826 -0.8642622232437134 -0.2960267663002014 0.40440085530281067
1758725194.140556 -51.676151275634766 4.273263931274414 -21.220870971679688 0.041237037628889084 -0.8622933030128479 -0.3036630153656006 0.4031607210636139
1758725194.940537 -52.34552764892578 4.441680908203125 -21.77255630493164 0.04115721583366394 -0.8641020655632019 -0.30346953868865967 0.39942461252212524
1758725195.740696 -52.97840118408203 4.5954437255859375 -22.31494903564453 0.03964480757713318 -0.8660257458686829 -0.30013754963874817 0.39792609214782715
1758725196.340508 -53.459346771240234 4.716724395751953 -22.72411346435547 0.036797598004341125 -0.868567943572998 -0.29685577750205994 0.3951106369495392
1758725196.940594 -53.95081329345703 4.83100700378418 -23.151473999023438 0.03318057954311371 -0.8722125291824341 -0.2903950810432434 0.3921925127506256
1758725197.740544 -54.566097259521484 4.993631362915039 -23.68878936767578 0.024519864469766617 -0.8786561489105225 -0.2901175916194916 0.378409743309021
1758725198.540438 -54.93712615966797 5.182706832885742 -24.304515838623047 0.027825184166431427 -0.921930193901062 -0.30555349588394165 0.23644797503948212
1758725199.74039 -55.241180419921875 5.485694885253906 -25.245445251464844 0.030633382499217987 -0.936099112033844 -0.3166806697845459 0.1499781459569931
1758725200.67372 -55.41423416137695 5.785418510437012 -26.105472564697266 0.03290357440710068 -0.9424448609352112 -0.3196757733821869 0.09231776744127274
1758725201.540331 -55.59122848510742 6.084233283996582 -26.982608795166016 0.03295348212122917 -0.9429287910461426 -0.32374313473701477 0.07063817977905273
1758725202.407004 -55.712982177734375 6.422983169555664 -27.915939331054688 0.03372897207736969 -0.9420055747032166 -0.33019188046455383 0.049610260874032974
1758725203.207007 -55.70753479003906 6.733585357666016 -28.762874603271484 0.02988092042505741 -0.9438329339027405 -0.3285340666770935 -0.018759358674287796
1758725203.740293 -55.62255859375 6.94329309463501 -29.33242416381836 0.027329085394740105 -0.9418360590934753 -0.3288469910621643 -0.06369950622320175
1758725204.406969 -55.50718307495117 7.207579612731934 -30.04197120666504 0.026766298338770866 -0.9398072957992554 -0.3299506604671478 -0.08472497761249542
1758725204.940305 -55.380104064941406 7.435659885406494 -30.648941040039062 0.02691003680229187 -0.9384454488754272 -0.32991886138916016 -0.09873976558446884
1758725205.406938 -55.23677062988281 7.687114715576172 -31.31732940673828 0.021797023713588715 -0.9359147548675537 -0.3335866928100586 -0.11094342917203903
1758725205.80691 -55.10646057128906 7.888255596160889 -31.85456657409668 0.019316159188747406 -0.936549723148346 -0.3272797167301178 -0.1240546777844429
1758725206.340589 -54.88768005371094 8.17357349395752 -32.62284851074219 0.014834489673376083 -0.9342957139015198 -0.3273759186267853 -0.14034436643123627
1758725206.806895 -54.67308044433594 8.444976806640625 -33.30165100097656 0.015696002170443535 -0.9308884739875793 -0.3320475220680237 -0.1514754444360733
1758725207.140231 -54.489532470703125 8.650930404663086 -33.81547927856445 0.017286358401179314 -0.9265645146369934 -0.33984753489494324 -0.16025976836681366
1758725207.540177 -54.25243377685547 8.915761947631836 -34.463043212890625 0.021515844389796257 -0.9254340529441833 -0.3389870524406433 -0.16791857779026031
1758725207.87353 -54.032020568847656 9.121573448181152 -35.013031005859375 0.02184971608221531 -0.9281113743782043 -0.3268418312072754 -0.17693597078323364
1758725208.206851 -53.7889404296875 9.353652954101562 -35.6053466796875 0.029753725975751877 -0.9268964529037476 -0.3264683783054352 -0.1827460676431656
1758725208.540357 -53.52497863769531 9.605602264404297 -36.216609954833984 0.03849715366959572 -0.9232902526855469 -0.33207041025161743 -0.1891624629497528
1758725208.873511 -53.271507263183594 9.830157279968262 -36.81303405761719 0.03879227489233017 -0.9237048625946045 -0.32689204812049866 -0.1959749311208725
1758725209.274289 -52.94873046875 10.093441009521484 -37.502952575683594 0.03565353527665138 -0.9212851524353027 -0.32154831290245056 -0.21579885482788086
1758725209.540545 -52.68406677246094 10.267021179199219 -37.94133758544922 0.03139235079288483 -0.9116938710212708 -0.31936272978782654 -0.25658586621284485
1758725209.873464 -52.282981872558594 10.47433090209961 -38.445152282714844 0.026274753734469414 -0.8901327252388 -0.3182503879070282 -0.32510021328926086
1758725210.207067 -51.887351989746094 10.672640800476074 -38.924442291259766 0.025464044883847237 -0.8880247473716736 -0.3185542821884155 -0.3305855691432953
1758725210.540177 -51.492149353027344 10.85651969909668 -39.390865325927734 0.023895958438515663 -0.8863030672073364 -0.31369274854660034 -0.3398423492908478
1758725210.87347 -51.062896728515625 11.054023742675781 -39.867305755615234 0.02381022647023201 -0.8825549483299255 -0.31630969047546387 -0.34709957242012024
1758725211.27347 -50.558433532714844 11.27468490600586 -40.40538024902344 0.024305954575538635 -0.8789311647415161 -0.31410765647888184 -0.3580859899520874
1758725211.60682 -50.13107681274414 11.453413963317871 -40.85459518432617 0.022022437304258347 -0.8775780200958252 -0.3109191954135895 -0.3642817437648773
1758725212.007116 -49.594722747802734 11.683672904968262 -41.39006042480469 0.023592879995703697 -0.8728082776069641 -0.3147244453430176 -0.3722871243953705
1758725212.340095 -49.14848327636719 11.864030838012695 -41.83338928222656 0.021976565942168236 -0.8714659810066223 -0.3112134337425232 -0.3784312605857849
1758725212.673422 -48.71363830566406 12.043718338012695 -42.24602508544922 0.019779568538069725 -0.8682795166969299 -0.3128630220890045 -0.384468674659729
1758725213.073424 -48.16783905029297 12.26034164428711 -42.75640869140625 0.017580127343535423 -0.8656258583068848 -0.312664657831192 -0.3906707763671875
1758725213.473423 -47.62308883666992 12.469429016113281 -43.24523162841797 0.018036581575870514 -0.862759530544281 -0.31378161907196045 -0.39605793356895447
1758725213.806722 -47.15602493286133 12.64693832397461 -43.66055679321289 0.018955610692501068 -0.8612791895866394 -0.3138740360736847 -0.3991515636444092
1758725214.140071 -46.690879821777344 12.82529067993164 -44.05812454223633 0.018930137157440186 -0.8586645126342773 -0.31436124444007874 -0.4043686091899872
1758725214.473372 -46.20743179321289 12.973180770874023 -44.398468017578125 0.0206882506608963 -0.8440884351730347 -0.3077758550643921 -0.4385893940925598
1758725214.806701 -45.70595932006836 13.129578590393066 -44.73451232910156 0.022246871143579483 -0.8393428921699524 -0.30663126707077026 -0.4483145475387573
1758725215.140245 -45.191017150878906 13.291542053222656 -45.070777893066406 0.024622097611427307 -0.8365954756736755 -0.3063611388206482 -0.45348069071769714
1758725215.473399 -44.680992126464844 13.448333740234375 -45.39377975463867 0.02493278682231903 -0.8335490226745605 -0.3071088194847107 -0.4585396349430084
1758725215.806707 -44.153385162353516 13.602560997009277 -45.73338317871094 0.024954888969659805 -0.8313461542129517 -0.30481675267219543 -0.4640340209007263
1758725216.139982 -43.62718963623047 13.75510311126709 -46.046199798583984 0.025368381291627884 -0.8282946348190308 -0.3028746247291565 -0.47069251537323
1758725216.608507 -42.9671745300293 13.966646194458008 -46.476322174072266 0.028119970113039017 -0.8376259803771973 -0.3077901601791382 -0.4503968358039856
1758725217.006662 -42.45376968383789 14.140925407409668 -46.882843017578125 0.027656253427267075 -0.8509179949760437 -0.30851706862449646 -0.42425355315208435
1758725217.339983 -41.962806701660156 14.313711166381836 -47.258087158203125 0.030129846185445786 -0.847769021987915 -0.3091382682323456 -0.4298993945121765
1758725217.673317 -41.469539642333984 14.485239028930664 -47.633785247802734 0.03160577267408371 -0.8472383618354797 -0.3076895475387573 -0.4318743050098419
1758725218.006641 -40.955970764160156 14.658524513244629 -48.016136169433594 0.03229035809636116 -0.8458174467086792 -0.3087807297706604 -0.4338255822658539
1758725218.339965 -40.44010925292969 14.837591171264648 -48.406497955322266 0.03189508616924286 -0.8456335663795471 -0.3075783848762512 -0.4350656270980835
1758725218.673444 -39.928382873535156 15.00760269165039 -48.78567886352539 0.029895054176449776 -0.8438094258308411 -0.3078218102455139 -0.4385632872581482
1758725219.006598 -39.4176025390625 15.170918464660645 -49.15913391113281 0.0290935467928648 -0.8428285717964172 -0.3073052763938904 -0.44085946679115295
1758725219.33995 -38.8883056640625 15.344820022583008 -49.54203414916992 0.028869519010186195 -0.8420071601867676 -0.3063480854034424 -0.44310423731803894
1758725219.673941 -38.35247039794922 15.525373458862305 -49.91936492919922 0.028697285801172256 -0.8401619791984558 -0.3069417476654053 -0.4461962878704071
1758725220.006603 -37.803619384765625 15.699944496154785 -50.30952072143555 0.0276804119348526 -0.8384272456169128 -0.3080652058124542 -0.4487421214580536
1758725220.339883 -37.284828186035156 15.874229431152344 -50.66707992553711 0.028977584093809128 -0.8354713916778564 -0.31085455417633057 -0.4522359371185303
1758725220.739891 -36.65812683105469 16.06298828125 -51.078453063964844 0.025134285911917686 -0.8344094157218933 -0.3083025813102722 -0.4561564326286316
1758725221.073233 -36.11180877685547 16.24039077758789 -51.434356689453125 0.02629164047539234 -0.832146406173706 -0.3091299831867218 -0.4596518278121948
1758725221.406582 -35.572914123535156 16.423860549926758 -51.79003143310547 0.02755696326494217 -0.8303139805793762 -0.31118401885032654 -0.4615017771720886
1758725221.806558 -34.92285919189453 16.63252067565918 -52.22166442871094 0.028612008318305016 -0.8289051055908203 -0.310906320810318 -0.46414974331855774
1758725222.073231 -34.47827911376953 16.769268035888672 -52.50651550292969 0.026045681908726692 -0.8268877863883972 -0.31153982877731323 -0.46746253967285156
1758725222.47318 -33.81439971923828 16.98076057434082 -52.920448303222656 0.026711558923125267 -0.8253902196884155 -0.31338706612586975 -0.4688347578048706
1758725222.806523 -33.25199890136719 17.14467430114746 -53.264869689941406 0.026595113798975945 -0.8235863447189331 -0.31142139434814453 -0.4733021855354309
1758725223.206505 -32.54561233520508 17.31983184814453 -53.58281707763672 0.021805543452501297 -0.7864206433296204 -0.29923081398010254 -0.5399333834648132
1758725223.473178 -32.06099319458008 17.39255142211914 -53.725128173828125 0.012731840834021568 -0.7544085383415222 -0.28458812832832336 -0.591367244720459
1758725223.873168 -31.318042755126953 17.53720474243164 -53.91653823852539 0.017051218077540398 -0.740740180015564 -0.29786747694015503 -0.6019037961959839
1758725224.206527 -30.715286254882812 17.643329620361328 -54.07219696044922 0.010930492542684078 -0.7367967963218689 -0.2979348301887512 -0.6068326234817505
1758725224.539832 -30.118289947509766 17.746185302734375 -54.227264404296875 0.007345287594944239 -0.7336061000823975 -0.29859021306037903 -0.6104195713996887
1758725224.939773 -29.421703338623047 17.850963592529297 -54.396934509277344 0.002075198572129011 -0.7342594265937805 -0.2911255955696106 -0.6132737994194031
1758725225.273115 -28.832775115966797 17.933551788330078 -54.5337028503418 -0.001208368455991149 -0.7334689497947693 -0.2868795692920685 -0.6162159442901611
1758725225.606451 -28.243011474609375 18.002614974975586 -54.68273162841797 -0.004626174457371235 -0.7310451865196228 -0.2851575016975403 -0.6198683977127075
1758725225.939799 -27.669761657714844 18.04905891418457 -54.79580307006836 -0.015205067582428455 -0.7224077582359314 -0.27212342619895935 -0.6354877352714539
1758725226.273142 -27.08334732055664 18.0953369140625 -54.85178756713867 -0.007594666909426451 -0.6939958930015564 -0.27127039432525635 -0.6668766140937805
1758725226.673071 -26.434852600097656 18.108715057373047 -54.853599548339844 -0.014633751474320889 -0.6583232283592224 -0.25760799646377563 -0.7071311473846436
1758725227.139853 -25.700963973999023 18.10326385498047 -54.76911926269531 -0.008105670101940632 -0.6167885661125183 -0.24078334867954254 -0.7493528127670288
1758725227.673101 -24.892200469970703 18.049224853515625 -54.57147979736328 -0.0102870287373662 -0.5661715865135193 -0.2191140055656433 -0.7945646643638611
1758725228.206429 -24.1246337890625 17.98367691040039 -54.298858642578125 -0.0066171432845294476 -0.5178357362747192 -0.2107199728488922 -0.8290956616401672
1758725228.673022 -23.538732528686523 17.898208618164062 -54.024986267089844 -0.009473377838730812 -0.4845937192440033 -0.20013579726219177 -0.8514838814735413
1758725229.406569 -22.842952728271484 17.771486282348633 -53.66009521484375 -0.017136575654149055 -0.4658334255218506 -0.189042866230011 -0.8642733097076416
1758725230.073039 -22.167388916015625 17.671310424804688 -53.273658752441406 -0.003928725142031908 -0.45210960507392883 -0.19083301723003387 -0.8713003396987915
1758725230.606296 -21.645259857177734 17.58590316772461 -52.96257781982422 -0.0038807173259556293 -0.44489482045173645 -0.18682162463665009 -0.8758717179298401
1758725231.139633 -21.14565086364746 17.490646362304688 -52.65906524658203 -0.008331830613315105 -0.4355202317237854 -0.18274550139904022 -0.8813948631286621
1758725231.739637 -20.560142517089844 17.39437484741211 -52.27299880981445 0.0006455928087234497 -0.42301052808761597 -0.1867690086364746 -0.8866673707962036
1758725232.272972 -20.037677764892578 17.30264663696289 -51.912193298339844 0.0034777463879436255 -0.4171765446662903 -0.18628039956092834 -0.8895230889320374
1758725232.806242 -19.535598754882812 17.202716827392578 -51.56159210205078 -0.00010242055577691644 -0.4116556942462921 -0.18147271871566772 -0.8930886387825012
1758725233.339597 -19.017623901367188 17.10770606994629 -51.19239807128906 0.0028618848882615566 -0.4068141579627991 -0.17777016758918762 -0.8960423469543457
1758725233.872946 -18.502660751342773 17.007808685302734 -50.81595230102539 0.004922156222164631 -0.4012993276119232 -0.17473280429840088 -0.8991124033927917
1758725234.406258 -18.025083541870117 16.90442657470703 -50.44310760498047 0.0028829933144152164 -0.3964604139328003 -0.17081968486309052 -0.9020152688026428
1758725234.939557 -17.488117218017578 16.79559898376465 -50.0118522644043 0.006292429752647877 -0.3920709490776062 -0.1685839593410492 -0.9043341279029846
1758725235.539574 -16.89853858947754 16.668256759643555 -49.535282135009766 0.006180071271955967 -0.38599881529808044 -0.16650475561618805 -0.9073273539543152
1758725236.072883 -16.36029815673828 16.551116943359375 -49.08905029296875 0.008769934065639973 -0.3817824423313141 -0.1649375706911087 -0.9093738794326782
1758725236.60622 -15.767974853515625 16.410778045654297 -48.58582305908203 0.007599226664751768 -0.3774056136608124 -0.1614445298910141 -0.9118348956108093
1758725237.139507 -15.156905174255371 16.271644592285156 -48.076847076416016 0.007430750876665115 -0.3759799003601074 -0.16060926020145416 -0.9125725626945496
1758725237.673431 -14.535589218139648 16.162513732910156 -47.6312255859375 0.008749820291996002 -0.4067135751247406 -0.173016756772995 -0.896979808807373
1758725238.206167 -13.890853881835938 16.039352416992188 -47.146366119384766 0.00992548931390047 -0.40105578303337097 -0.17084728181362152 -0.8999261260032654
1758725238.606154 -13.3871431350708 15.944948196411133 -46.773895263671875 0.009301840327680111 -0.4019406735897064 -0.1680951565504074 -0.9000562429428101
1758725238.939428 -12.919279098510742 15.857695579528809 -46.416297912597656 0.010558140464127064 -0.40228909254074097 -0.16756096482276917 -0.8999863266944885
1758725239.272773 -12.405845642089844 15.781984329223633 -46.07706069946289 0.014112712815403938 -0.4250299334526062 -0.17573517560958862 -0.8878443241119385
1758725239.672771 -11.801108360290527 15.711553573608398 -45.760807037353516 0.016414327546954155 -0.46922314167022705 -0.18779531121253967 -0.8627243041992188
1758725240.006113 -11.27824878692627 15.645185470581055 -45.492408752441406 0.014178887009620667 -0.4725980758666992 -0.18667127192020416 -0.8611642718315125
1758725240.339437 -10.728302001953125 15.580982208251953 -45.20655822753906 0.014158204197883606 -0.4769095778465271 -0.18515445291996002 -0.8591127395629883
1758725240.672779 -10.153852462768555 15.520835876464844 -44.92251205444336 0.016594139859080315 -0.48059526085853577 -0.18576784431934357 -0.8568799495697021
1758725241.072729 -9.468167304992676 15.46300983428955 -44.58393478393555 0.022069886326789856 -0.4838046133518219 -0.1896701455116272 -0.8540909290313721
1758725241.406107 -8.91474437713623 15.391712188720703 -44.329444885253906 0.009597878903150558 -0.4886617958545685 -0.18398840725421906 -0.8527988791465759
1758725241.806052 -8.267709732055664 15.307003021240234 -43.971683502197266 0.013866455294191837 -0.4625813066959381 -0.1778632551431656 -0.8684417009353638
1758725242.139376 -7.743753433227539 15.227910995483398 -43.62726974487305 0.01586853712797165 -0.4415228068828583 -0.1741674393415451 -0.8800405859947205
1758725242.473179 -7.215749740600586 15.147891998291016 -43.312232971191406 0.013497811742126942 -0.44851911067962646 -0.17414364218711853 -0.8765400052070618
1758725242.872739 -6.597624778747559 15.0588960647583 -42.948829650878906 0.01298467442393303 -0.44699522852897644 -0.1735280603170395 -0.8774478435516357
1758725243.139372 -6.169702529907227 14.993390083312988 -42.6964225769043 0.01385787595063448 -0.4457989037036896 -0.17501935362815857 -0.8777468204498291
1758725243.539339 -5.554022789001465 14.909911155700684 -42.339054107666016 0.012393800541758537 -0.44450637698173523 -0.17399172484874725 -0.878628134727478
1758725243.872673 -5.011795997619629 14.832145690917969 -42.009674072265625 0.011473718099296093 -0.4415014088153839 -0.1769935041666031 -0.8795557022094727
1758725244.206002 -4.488123893737793 14.7581787109375 -41.688804626464844 0.010661344043910503 -0.4397328495979309 -0.17768093943595886 -0.880312979221344
1758725244.606158 -3.8600330352783203 14.658267974853516 -41.305904388427734 0.009668161161243916 -0.43864598870277405 -0.17652937769889832 -0.8810979723930359
1758725244.939328 -3.3676767349243164 14.57463264465332 -40.97283935546875 0.007813505828380585 -0.4251050055027008 -0.1706739068031311 -0.8888729810714722
1758725245.139336 -3.075826644897461 14.520040512084961 -40.75660705566406 0.01073768176138401 -0.41349321603775024 -0.16762615740299225 -0.8948796391487122
1758725245.472625 -2.616420269012451 14.41431713104248 -40.375877380371094 0.007443143520504236 -0.3846587538719177 -0.15732407569885254 -0.9095226526260376
1758725245.805959 -2.174107551574707 14.301763534545898 -39.9697265625 0.007215722929686308 -0.367800235748291 -0.14881467819213867 -0.9178917407989502
1758725246.13929 -1.725308895111084 14.190855979919434 -39.5756721496582 0.006269092205911875 -0.3682945668697357 -0.14803799986839294 -0.9178260564804077
1758725246.539619 -1.1850066184997559 14.055466651916504 -39.09368133544922 0.007001388818025589 -0.3626125454902649 -0.14691005647182465 -0.9202612042427063
1758725246.939312 -0.6553678512573242 13.92164134979248 -38.6020393371582 0.011484378017485142 -0.35662710666656494 -0.14688722789287567 -0.9225559234619141
1758725247.272621 -0.219757080078125 13.807188034057617 -38.19000244140625 0.0064647807739675045 -0.3535715341567993 -0.14316841959953308 -0.9243636727333069
1758725247.672568 0.29790210723876953 13.670668601989746 -37.699798583984375 0.009511517360806465 -0.34838300943374634 -0.14028026163578033 -0.9267471432685852
1758725248.072584 0.816307544708252 13.531706809997559 -37.1836051940918 0.010944601148366928 -0.34311583638191223 -0.14078719913959503 -0.9286176562309265
1758725248.472572 1.3143606185913086 13.37242603302002 -36.68129348754883 0.0025563277304172516 -0.33557766675949097 -0.13817951083183289 -0.9318195581436157
1758725248.805902 1.7307896614074707 13.25850772857666 -36.256919860839844 0.0070909238420426846 -0.33054476976394653 -0.13989989459514618 -0.9333370327949524
1758725249.205926 2.229994297027588 13.121624946594238 -35.73102951049805 0.013295822776854038 -0.3252680003643036 -0.14107856154441833 -0.9349442720413208
1758725249.539256 2.6085290908813477 12.997342109680176 -35.29429626464844 0.009315100498497486 -0.3000917136669159 -0.13334505259990692 -0.9444984793663025
1758725249.872518 2.958885669708252 12.859052658081055 -34.81298065185547 0.008120452053844929 -0.2772340476512909 -0.12437812238931656 -0.9526833295822144
1758725250.339194 3.4013190269470215 12.67387580871582 -34.202579498291016 0.0077692242339253426 -0.2701050341129303 -0.11905859410762787 -0.9554098844528198
1758725250.73921 3.791332244873047 12.512775421142578 -33.65873718261719 0.0057032848708331585 -0.2648746967315674 -0.11146695911884308 -0.9578016996383667
1758725250.939505 3.980191230773926 12.426021575927734 -33.383731842041016 0.0026321473997086287 -0.26161858439445496 -0.11004278808832169 -0.9588740468025208
1758725251.272515 4.29295539855957 12.291197776794434 -32.91434097290039 0.007338968105614185 -0.2568897604942322 -0.10796317458152771 -0.9603633284568787
1758725251.672497 4.661861419677734 12.131994247436523 -32.3524284362793 0.00981953740119934 -0.2513729929924011 -0.10454999655485153 -0.9621769785881042
1758725252.005799 4.959880352020264 11.996525764465332 -31.889986038208008 0.011533870361745358 -0.24769319593906403 -0.10172327607870102 -0.9634144902229309
1758725252.472467 5.356559753417969 11.81644058227539 -31.26565933227539 0.011280084028840065 -0.2411983460187912 -0.09830199927091599 -0.9654184579849243
1758725252.939132 5.755337238311768 11.624821662902832 -30.60530662536621 0.010368836112320423 -0.23554790019989014 -0.09572077542543411 -0.9670817852020264
1758725253.272981 6.022031307220459 11.491009712219238 -30.144638061523438 0.010555027984082699 -0.23180612921714783 -0.09247300028800964 -0.9682992100715637
1758725253.672826 6.349270820617676 11.327521324157715 -29.610530853271484 0.007981473580002785 -0.2271960824728012 -0.09020358324050903 -0.9696295857429504
1758725254.139089 6.7130961418151855 11.136488914489746 -28.961074829101562 0.009668207727372646 -0.22084999084472656 -0.08663742244243622 -0.9714040756225586
1758725254.539078 6.975900650024414 10.96493148803711 -28.38532829284668 0.011392130516469479 -0.19251751899719238 -0.07668496668338776 -0.9782263040542603
1758725254.939066 7.21338415145874 10.78860092163086 -27.774911880493164 0.014533580280840397 -0.16578513383865356 -0.06831059604883194 -0.9836857914924622
1758725255.339104 7.451100826263428 10.599369049072266 -27.16466522216797 0.011604184284806252 -0.15946334600448608 -0.0661848932504654 -0.9849144220352173
1758725255.739083 7.679292678833008 10.418120384216309 -26.574167251586914 0.010990043170750141 -0.15132245421409607 -0.0629577487707138 -0.9864162802696228
1758725256.072368 7.866584777832031 10.271936416625977 -26.081058502197266 0.012938042171299458 -0.14613567292690277 -0.06114741787314415 -0.987288236618042
1758725256.472381 8.063703536987305 10.090723037719727 -25.477615356445312 0.011383629404008389 -0.13969004154205322 -0.05746043473482132 -0.9884611964225769
1758725256.805689 8.223653793334961 9.93576431274414 -24.9898738861084 0.00935869850218296 -0.13453558087348938 -0.05501803010702133 -0.9893360137939453
1758725257.205757 8.42226505279541 9.747546195983887 -24.381359100341797 0.009172992780804634 -0.1279367059469223 -0.052840955555438995 -0.99033123254776
1758725257.672377 8.617670059204102 9.54428768157959 -23.711505889892578 0.010321922600269318 -0.12121224403381348 -0.05042831599712372 -0.9912911653518677
1758725258.072327 8.793242454528809 9.356307029724121 -23.10634422302246 0.009055448696017265 -0.11551570892333984 -0.047555215656757355 -0.9921253323554993
1758725258.538996 8.98851203918457 9.142016410827637 -22.402971267700195 0.010467126034200191 -0.10915685445070267 -0.04551146924495697 -0.9929269552230835
1758725258.939003 9.143019676208496 8.946558952331543 -21.77478790283203 0.008940174244344234 -0.10407918691635132 -0.04263462871313095 -0.9936146140098572
1758725259.405654 9.311184883117676 8.725516319274902 -21.07137107849121 0.007032742258161306 -0.098606176674366 -0.04064222797751427 -0.9942713975906372
1758725259.872319 9.464611053466797 8.518294334411621 -20.387256622314453 0.008365402929484844 -0.09341785311698914 -0.03852708637714386 -0.9948461651802063
1758725260.272482 9.592586517333984 8.32756233215332 -19.777124404907227 0.008634401485323906 -0.09002874791622162 -0.03430469334125519 -0.9953107237815857
1758725260.738947 9.736069679260254 8.106637954711914 -19.07654571533203 0.008120878599584103 -0.0857849195599556 -0.030555417761206627 -0.995811939239502
1758725261.138966 9.857507705688477 7.918630123138428 -18.4708194732666 0.009059892036020756 -0.08195120841264725 -0.028727270662784576 -0.996181070804596
1758725261.605679 9.993101119995117 7.704020023345947 -17.74006462097168 0.01663321442902088 -0.07798256725072861 -0.02614179626107216 -0.9964731335639954
1758725262.005602 10.108572006225586 7.507734298706055 -17.12648582458496 0.0097770681604743 -0.07473290711641312 -0.02295725978910923 -0.9968913793563843
1758725262.472264 10.235330581665039 7.285348892211914 -16.431182861328125 0.008593520149588585 -0.07074837386608124 -0.021466413512825966 -0.9972261786460876
1758725262.872222 10.332491874694824 7.08595609664917 -15.815352439880371 0.006497137248516083 -0.06719645112752914 -0.02050015516579151 -0.9975080490112305
1758725263.338883 10.446253776550293 6.8683085441589355 -15.119028091430664 0.009283368475735188 -0.06386670470237732 -0.01834189146757126 -0.9977467060089111
1758725263.738885 10.551080703735352 6.684049606323242 -14.520289421081543 0.013011081144213676 -0.06136280670762062 -0.015449457801878452 -0.9979111552238464
1758725264.138897 10.627179145812988 6.482635974884033 -13.93015193939209 0.0006251896265894175 -0.060153163969516754 -0.009781734086573124 -0.9981410503387451
1758725264.605543 10.720060348510742 6.259505748748779 -13.245043754577637 0.0038247553166002035 -0.05719861388206482 -0.008340767584741116 -0.9983206987380981
1758725265.072338 10.810090065002441 6.032915115356445 -12.5377197265625 0.007350585889071226 -0.05450201407074928 -0.0063143204897642136 -0.9984666705131531
1758725265.472172 10.885872840881348 5.833798408508301 -11.91911792755127 0.007728352677077055 -0.05184300243854523 -0.005689365789294243 -0.998609185218811
1758725265.872166 10.956363677978516 5.628659248352051 -11.299073219299316 0.005448587238788605 -0.04898747801780701 -0.0051663704216480255 -0.9987711906433105
1758725266.338783 11.028252601623535 5.390615463256836 -10.575479507446289 0.0033124356996268034 -0.04643590375781059 -0.0035800279583781958 -0.9989094138145447
1758725266.805463 11.107963562011719 5.152973651885986 -9.847699165344238 0.0038929397705942392 -0.04359341785311699 -0.0025775081012398005 -0.9990385174751282
1758725267.138792 11.174151420593262 4.975988864898682 -9.306172370910645 0.002561667701229453 -0.04152114689350128 -0.002493901876732707 -0.9991312623023987
1758725267.538773 11.239477157592773 4.771790504455566 -8.68617057800293 0.0011660200543701649 -0.038611434400081635 -0.0026392198633402586 -0.9992501735687256
1758725267.938787 11.292490005493164 4.571288585662842 -8.058171272277832 0.007014490198343992 -0.037172552198171616 -0.0020483634434640408 -0.99928218126297
1758725268.405521 11.349325180053711 4.323001384735107 -7.323144435882568 0.00412621209397912 -0.032563962042331696 -0.001763674197718501 -0.9994596242904663
1758725268.93877 11.411715507507324 4.042474269866943 -6.524150371551514 -0.00530585739761591 -0.031160298734903336 -0.0017824402311816812 -0.9994987845420837
1758725269.472056 11.47960090637207 3.7714736461639404 -5.70109224319458 0.0015267401468008757 -0.02769620344042778 -0.0026976519729942083 -0.9996115565299988
1758725269.938722 11.544218063354492 3.5426809787750244 -4.982008934020996 0.008878114633262157 -0.041623808443546295 -0.009678778238594532 -0.999047040939331
1758725270.472154 11.736316680908203 3.2834577560424805 -4.220927715301514 0.00432744761928916 -0.09436102956533432 -0.029031965881586075 -0.9951052665710449
1758725271.005357 11.912334442138672 3.0208072662353516 -3.425558567047119 0.004421294666826725 -0.09411188215017319 -0.029672101140022278 -0.9951095581054688
1758725271.405367 12.061850547790527 2.821270227432251 -2.808029890060425 0.005402152892202139 -0.09848619252443314 -0.029721692204475403 -0.994679868221283
1758725271.805354 12.220298767089844 2.6134896278381348 -2.1792447566986084 0.0052278414368629456 -0.10145530849695206 -0.0320671908557415 -0.9943094253540039
1758725272.272016 12.415077209472656 2.3721485137939453 -1.4538158178329468 0.0019775822293013334 -0.10475821793079376 -0.03362298384308815 -0.9939271807670593
1758725272.671969 12.587477684020996 2.169907808303833 -0.8333642482757568 0.001522886217571795 -0.10849514603614807 -0.03416711464524269 -0.9935084581375122
1758725273.071971 12.752963066101074 1.9634299278259277 -0.21105636656284332 0.001928087673150003 -0.11064796149730682 -0.036925312131643295 -0.9931716322898865
1758725273.538635 12.953879356384277 1.7229875326156616 0.5165435671806335 0.0014649422373622656 -0.11246202886104584 -0.04111294448375702 -0.9928041100502014
1758725273.938636 13.129204750061035 1.535791277885437 1.1152710914611816 0.004583645612001419 -0.11541435122489929 -0.04491480439901352 -0.9922909140586853
1758725274.47197 13.341930389404297 1.309104561805725 1.8112132549285889 0.003846564795821905 -0.11691480129957199 -0.04639873653650284 -0.992050051689148
1758725275.005669 13.523761749267578 1.0938680171966553 2.4405152797698975 0.0005918122478760779 -0.11867408454418182 -0.04701119288802147 -0.9918195605278015
1758725275.538602 13.726296424865723 0.8668406009674072 3.0995535850524902 -0.0018869993509724736 -0.12068387120962143 -0.04747886210680008 -0.9915531277656555
1758725276.205245 13.972518920898438 0.6011016368865967 3.9042539596557617 -0.0003785211592912674 -0.12387654930353165 -0.049071911722421646 -0.9910835027694702
1758725276.871897 14.187352180480957 0.3624526858329773 4.613943099975586 -0.0019493040163069963 -0.12562356889247894 -0.0500091128051281 -0.9908148646354675
1758725277.405231 14.373692512512207 0.16906936466693878 5.191840171813965 -0.0015226162504404783 -0.12357138842344284 -0.05045253783464432 -0.9910511374473572
1758725278.138548 14.52221965789795 -0.0756828635931015 5.921121597290039 0.0015303546097129583 -0.08000310510396957 -0.037154413759708405 -0.9961007833480835
1758725279.205164 14.612908363342285 -0.34268659353256226 6.716654300689697 0.0013707930920645595 -0.044808920472860336 -0.026108764111995697 -0.9986534714698792
1758725280.338471 14.678361892700195 -0.602532148361206 7.468778610229492 -0.00171061628498137 -0.03336749225854874 -0.022846857085824013 -0.9991805553436279
1758725281.271776 14.75050163269043 -0.8492952585220337 8.187192916870117 -0.001358447247184813 -0.02911142073571682 -0.01985597051680088 -0.9993780255317688
1758725282.205109 14.802422523498535 -1.095678448677063 8.91462230682373 -0.0011895616771653295 -0.02165248990058899 -0.015121647156774998 -0.9996505379676819
1758725283.271736 14.834892272949219 -1.348963975906372 9.64350414276123 -0.005278794094920158 -0.014993528835475445 -0.009433584287762642 -0.9998292326927185
1758725284.53842 14.868692398071289 -1.6266950368881226 10.444009780883789 -0.003595843445509672 -0.014348550699651241 -0.008233335800468922 -0.99985671043396
1758725286.071668 14.925311088562012 -1.9191848039627075 11.28399658203125 -0.004638229962438345 -0.02583514153957367 -0.010110395029187202 -0.9996044039726257
1758725287.272183 14.973203659057617 -2.131683349609375 11.900827407836914 -0.00363919697701931 -0.028937378898262978 -0.008537043817341328 -0.9995381236076355
1758725288.271676 15.007725715637207 -2.290121555328369 12.351609230041504 -0.006786496844142675 -0.031161420047283173 -0.007908432744443417 -0.9994600415229797
1758725288.6716 15.01953125 -2.3375935554504395 12.49644660949707 -0.003963959403336048 -0.03206714242696762 -0.007658203132450581 -0.9994485378265381
