1736528533.771018 -0.0 -0.0 -0.0 -0.0 -0.0 -0.0 1.0
1736528551.770487 0.0029485742561519146 -0.08067917823791504 0.24001444876194 3.109538010903634e-05 0.0003926258650608361 -0.0009009498753584921 0.9999995231628418
1736528553.570442 0.023744357749819756 -0.349602073431015 1.0423632860183716 0.0014279488241299987 -0.00103714969009161 -0.00011797901970567182 0.9999984502792358
1736528554.837081 0.04451381042599678 -0.6579306125640869 1.9019662141799927 0.011432236060500145 -0.0010481367353349924 -0.002140488475561142 0.999931812286377
1736528556.103746 0.04840971156954765 -0.9683386087417603 2.749999761581421 0.014752548187971115 -0.0015068644424900413 -0.006384274456650019 0.999869704246521
1736528557.2373 0.047261014580726624 -1.235151767730713 3.470698118209839 0.014762211591005325 -0.0019404334016144276 -0.008406495675444603 0.9998538494110107
1736528558.573403 0.04584123566746712 -1.5343849658966064 4.289310932159424 0.017028748989105225 -0.0047749667428433895 -0.008475789800286293 0.9998076558113098
1736528559.970315 0.041672233492136 -1.8493216037750244 5.147219181060791 0.018276195973157883 -0.0052954466082155704 -0.008343272842466831 0.9997841715812683
1736528561.370233 0.033582642674446106 -2.1506340503692627 5.970890522003174 0.019442962482571602 -0.0077214534394443035 -0.01031950768083334 0.9997279644012451
1736528562.770415 0.024257605895400047 -2.460899591445923 6.778028964996338 0.02191176451742649 -0.00893870647996664 -0.013393704779446125 0.9996302723884583
1736528563.903492 0.013296321034431458 -2.7454075813293457 7.500672817230225 0.024369603022933006 -0.011370261199772358 -0.013459095731377602 0.9995477795600891
1736528565.169952 -0.000858349958434701 -3.068342685699463 8.356456756591797 0.022883253172039986 -0.01224744413048029 -0.015112189576029778 0.9995489120483398
1736528566.837051 -0.11144369095563889 -3.337064504623413 9.08693790435791 0.018284432590007782 -0.07688158750534058 -0.03815397620201111 0.9961422085762024
1736528568.370028 -0.28173530101776123 -3.671088695526123 9.924947738647461 0.025399290025234222 -0.09645285457372665 -0.04258701950311661 0.9941016435623169
1736528569.57 -0.4622342884540558 -3.9891021251678467 10.754802703857422 0.017981180921196938 -0.10813352465629578 -0.04509328678250313 0.9929503798484802
1736528570.503319 -0.6140746474266052 -4.232395172119141 11.379362106323242 0.02107829414308071 -0.11694788932800293 -0.04329860955476761 0.991969883441925
1736528571.703366 -0.8249350190162659 -4.530942440032959 12.175934791564941 0.02030305564403534 -0.13484488427639008 -0.046403203159570694 0.9895713329315186
1736528572.636622 -1.0252387523651123 -4.757929801940918 12.774402618408203 0.02473105862736702 -0.14945247769355774 -0.04921816289424896 0.9872334599494934
1736528573.703222 -1.2754249572753906 -5.022141933441162 13.456087112426758 0.024828238412737846 -0.1686241328716278 -0.054293204098939896 0.983870804309845
1736528574.903184 -1.6024479866027832 -5.329258918762207 14.18553352355957 0.02914520539343357 -0.19502811133861542 -0.06402952969074249 0.9782713651657104
1736528575.903179 -1.9123187065124512 -5.584996700286865 14.762317657470703 0.03694596886634827 -0.21793323755264282 -0.07456261664628983 0.9724096655845642
1736528576.903153 -2.2756662368774414 -5.778958797454834 15.11269474029541 0.06663277000188828 -0.29305732250213623 -0.1145237535238266 0.9468694925308228
1736528578.036429 -2.777785539627075 -5.861744403839111 15.28185749053955 0.05993525683879852 -0.3933895528316498 -0.1728062480688095 0.9009941816329956
1736528579.169884 -3.49360990524292 -6.0026726722717285 15.642073631286621 0.04815772920846939 -0.4648159146308899 -0.2086123526096344 0.8591320514678955
1736528579.969732 -4.028651237487793 -6.07421350479126 15.777481079101562 0.05356903374195099 -0.5331194996833801 -0.2277355045080185 0.8130502104759216
1736528580.703046 -4.539699554443359 -6.099749565124512 15.816450119018555 0.05445775017142296 -0.5953202843666077 -0.24875037372112274 0.7620704174041748
1736528581.703078 -5.250187873840332 -6.058128356933594 15.745569229125977 0.05013993754982948 -0.671889066696167 -0.2813834846019745 0.6832821369171143
1736528582.836281 -6.060331344604492 -5.965461254119873 15.582170486450195 0.019803361967206 -0.7346607446670532 -0.29126936197280884 0.6124080419540405
1736528583.969579 -6.833644866943359 -5.902267932891846 15.377083778381348 0.020792890340089798 -0.7577361464500427 -0.27477556467056274 0.591525137424469
1736528585.169438 -7.658044815063477 -5.805701732635498 15.118968963623047 0.01917480118572712 -0.7699630856513977 -0.27766069769859314 0.5741897225379944
1736528586.236202 -8.393903732299805 -5.718453407287598 14.883816719055176 0.01851723901927471 -0.7710696458816528 -0.27980467677116394 0.5716800093650818
1736528587.302829 -9.116982460021973 -5.646890163421631 14.655618667602539 0.02354072406888008 -0.7695038914680481 -0.2756199240684509 0.5756242275238037
1736528588.2361 -9.835601806640625 -5.563014507293701 14.415216445922852 0.024909034371376038 -0.7710962891578674 -0.27793312072753906 0.5723139643669128
1736528589.169921 -10.621066093444824 -5.4857707023620605 14.159658432006836 0.030723070725798607 -0.7769317030906677 -0.27320727705955505 0.5663842558860779
1736528589.836119 -11.165632247924805 -5.444765090942383 13.972658157348633 0.03425559028983116 -0.7818357944488525 -0.2657742202281952 0.562959611415863
1736528590.902716 -11.903584480285645 -5.373904228210449 13.664648056030273 0.03467854857444763 -0.8001817464828491 -0.2706800103187561 0.5340777635574341
1736528592.102723 -12.43501091003418 -5.246822834014893 13.229307174682617 0.033848486840724945 -0.8527854084968567 -0.28490790724754333 0.43639296293258667
1736528593.836016 -13.364303588867188 -5.0327067375183105 12.509922981262207 0.03214995935559273 -0.8610619902610779 -0.29208022356033325 0.4150034785270691
1736528595.835941 -14.221963882446289 -4.760711669921875 11.606863021850586 0.03591553121805191 -0.8923252820968628 -0.2943819463253021 0.3403014838695526
1736528597.502744 -14.891992568969727 -4.537221431732178 10.769634246826172 0.03881120681762695 -0.9022347927093506 -0.2908644378185272 0.31601259112358093
1736528599.302657 -15.59010124206543 -4.263519763946533 9.833666801452637 0.03847617655992508 -0.9078131318092346 -0.29446274042129517 0.2961195111274719
1736528600.902521 -16.176624298095703 -4.014175891876221 8.965516090393066 0.03762531653046608 -0.9122869968414307 -0.2937706410884857 0.2828702926635742
1736528602.302392 -16.681861877441406 -3.7999653816223145 8.22293758392334 0.036790695041418076 -0.9142109155654907 -0.2965320944786072 0.2737399935722351
1736528603.835737 -17.234106063842773 -3.561011552810669 7.396770000457764 0.0381539911031723 -0.9084888100624084 -0.2971627712249756 0.29135334491729736
1736528605.435685 -17.971538543701172 -3.3686506748199463 6.668426513671875 0.03577888756990433 -0.8766864538192749 -0.28072255849838257 0.38901880383491516
1736528607.035628 -18.825855255126953 -3.2429161071777344 6.101423263549805 0.038230232894420624 -0.8451321721076965 -0.2686849534511566 0.4605415165424347
1736528608.368983 -19.59768295288086 -3.136007308959961 5.625743865966797 0.03564820438623428 -0.8381416201591492 -0.26493602991104126 0.47545433044433594
1736528609.435525 -20.178119659423828 -3.0580649375915527 5.252416610717773 0.035630304366350174 -0.8432192206382751 -0.2668766379356384 0.46528345346450806
1736528611.368785 -20.930866241455078 -2.870664596557617 4.515676498413086 0.038894522935152054 -0.8810381889343262 -0.285950243473053 0.3748219311237335
1736528613.301926 -21.782958984375 -2.6374096870422363 3.605684280395508 0.04989127442240715 -0.887683629989624 -0.28552475571632385 0.3577768802642822
1736528615.302244 -22.73095703125 -2.3285603523254395 2.5076026916503906 0.06510543823242188 -0.890631914138794 -0.3015953004360199 0.3340305984020233
1736528617.302014 -23.67573356628418 -2.008718490600586 1.383443832397461 0.06526092439889908 -0.8976920247077942 -0.3056826889514923 0.3105611503124237
1736528618.635306 -24.3336238861084 -1.7278342247009277 0.4044475555419922 0.059069763869047165 -0.9110361933708191 -0.30588439106941223 0.2701086401939392
1736528619.301775 -24.619853973388672 -1.5778851509094238 -0.09652328491210938 0.05506237596273422 -0.9158603549003601 -0.3069152235984802 0.25292494893074036
1736528620.235243 -25.025066375732422 -1.3571391105651855 -0.8037567138671875 0.04305711016058922 -0.9184257984161377 -0.30907443165779114 0.24313201010227203
1736528621.101924 -25.39541244506836 -1.1563405990600586 -1.4675140380859375 0.038605183362960815 -0.9208855032920837 -0.30697616934776306 0.23716072738170624
1736528621.901713 -25.723127365112305 -0.9577455520629883 -2.0908775329589844 0.03455134481191635 -0.9214206337928772 -0.309630811214447 0.2322048544883728
1736528622.835198 -26.08536148071289 -0.7333722114562988 -2.8039913177490234 0.032495953142642975 -0.9226810932159424 -0.30965349078178406 0.22741682827472687
1736528623.835148 -26.457584381103516 -0.49846935272216797 -3.551952362060547 0.03259812667965889 -0.924174427986145 -0.30842125415802 0.22296950221061707
1736528624.568491 -26.724756240844727 -0.3297896385192871 -4.102582931518555 0.03345552086830139 -0.9252514243125916 -0.30712562799453735 0.2201462686061859
1736528625.568423 -27.103965759277344 -0.09287452697753906 -4.849052429199219 0.032602667808532715 -0.9242174029350281 -0.3062351644039154 0.22578595578670502
1736528626.501713 -27.537349700927734 0.09543228149414062 -5.505214691162109 0.03365975618362427 -0.9097824692726135 -0.2989441454410553 0.28599873185157776
1736528627.768796 -28.169771194458008 0.3475780487060547 -6.3349761962890625 0.032107118517160416 -0.8985605239868164 -0.2942773401737213 0.32397380471229553
1736528628.836466 -28.822647094726562 0.5003719329833984 -6.9268341064453125 0.03143107891082764 -0.8732611536979675 -0.2803308367729187 0.3972930312156677
1736528630.634791 -29.933151245117188 0.7430830001831055 -7.863212585449219 0.0297143142670393 -0.8653602600097656 -0.2792677581310272 0.4150641858577728
1736528633.635062 -31.609018325805664 1.0574188232421875 -9.14141845703125 0.029408413916826248 -0.8581362962722778 -0.2766767144203186 0.4314940869808197
1736528636.034624 -32.7010612487793 1.2835760116577148 -10.040287017822266 0.03168821707367897 -0.8701807260513306 -0.2822647988796234 0.4026263356208801
1736528638.96791 -33.71080017089844 1.5716867446899414 -11.02090835571289 0.03288368508219719 -0.8849617838859558 -0.29161277413368225 0.3615567684173584
1736528641.834469 -34.421539306640625 1.8937807083129883 -12.088558197021484 0.03274715319275856 -0.9004116654396057 -0.2967279553413391 0.3164476454257965
1736528643.034636 -34.91886901855469 2.0775671005249023 -12.730903625488281 0.031413204967975616 -0.9038605093955994 -0.2957356572151184 0.3075544238090515
1736528644.367955 -35.482669830322266 2.276402473449707 -13.409793853759766 0.031100619584321976 -0.895955502986908 -0.2932054400444031 0.3321552574634552
1736528645.901336 -36.17558288574219 2.464193344116211 -14.0908203125 0.030789928510785103 -0.875370979309082 -0.28381866216659546 0.39015987515449524
1736528648.167768 -37.20414352416992 2.669491767883301 -14.881813049316406 0.033019937574863434 -0.8598131537437439 -0.2781611979007721 0.42691612243652344
1736528651.301058 -38.179176330566406 2.864786148071289 -15.619071960449219 0.03166075423359871 -0.853859007358551 -0.27659499645233154 0.4397926330566406
1736528654.900971 -39.62879180908203 3.116788864135742 -16.617351531982422 0.03000282309949398 -0.8489134907722473 -0.27578675746917725 0.4498748183250427
1736528656.967556 -40.479454040527344 3.25396728515625 -17.177371978759766 0.029115352779626846 -0.847598135471344 -0.27526620030403137 0.45272311568260193
1736528659.034203 -41.316368103027344 3.3827667236328125 -17.727832794189453 0.026551326736807823 -0.847733199596405 -0.2736375033855438 0.45361438393592834
1736528661.767255 -42.34260940551758 3.5435104370117188 -18.407241821289062 0.025759946554899216 -0.8472334146499634 -0.270559161901474 0.45643165707588196
1736528665.433996 -43.61801528930664 3.7478580474853516 -19.21717071533203 0.019825365394353867 -0.8445991277694702 -0.2673676908016205 0.4634370803833008
1736528670.167339 -45.95281219482422 4.01832389831543 -20.475696563720703 0.016441263258457184 -0.844151496887207 -0.2655089199542999 0.4654492735862732
1736528671.367236 -46.71295928955078 4.137079238891602 -20.969196319580078 0.013973427005112171 -0.8482776880264282 -0.266338586807251 0.45748618245124817
1736528673.03382 -47.66387176513672 4.3056488037109375 -21.657794952392578 0.01422732975333929 -0.8597251176834106 -0.273115873336792 0.4313676655292511
1736528674.433773 -48.44612121582031 4.464321136474609 -22.24807357788086 0.013962379656732082 -0.8630108833312988 -0.2738288938999176 0.42430537939071655
1736528676.035271 -49.224159240722656 4.639345169067383 -22.846908569335938 0.005728093441575766 -0.863237738609314 -0.28278401494026184 0.41811615228652954
1736528677.43915 -49.889007568359375 4.793901443481445 -23.386993408203125 0.008418198674917221 -0.8660045266151428 -0.27982625365257263 0.4143218398094177
1736528679.168278 -50.741600036621094 4.990192413330078 -24.076488494873047 0.0061411731876432896 -0.8696266412734985 -0.2768840193748474 0.40871381759643555
1736528680.566883 -51.419044494628906 5.139434814453125 -24.63895034790039 0.00833910796791315 -0.8735448122024536 -0.2719002962112427 0.4036337733268738
1736528682.234609 -52.174888610839844 5.315649032592773 -25.30060577392578 0.010997212491929531 -0.875525176525116 -0.2715328335762024 0.3995055556297302
1736528683.23347 -52.64598846435547 5.415151596069336 -25.71399688720703 0.012880931608378887 -0.8778754472732544 -0.27049797773361206 0.3949680030345917
1736528688.566699 -53.47478485107422 5.621528625488281 -26.482139587402344 0.0143897645175457 -0.8769709467887878 -0.27579793334007263 0.39325615763664246
1736528692.166742 -54.48970031738281 5.864046096801758 -27.413780212402344 0.020273184403777122 -0.8774097561836243 -0.2761054039001465 0.3917996287345886
1736528698.16641 -55.10401916503906 6.012548446655273 -27.950828552246094 0.02011767402291298 -0.876612663269043 -0.27960333228111267 0.39111068844795227
1736528749.765087 -56.214271545410156 6.295801162719727 -28.935531616210938 0.01842392235994339 -0.8824440240859985 -0.2891307473182678 0.37061628699302673
1736528751.764887 -57.01953125 6.575889587402344 -29.869476318359375 0.021207237616181374 -0.8978522419929504 -0.29490217566490173 0.3262581527233124
1736528753.498008 -57.73999786376953 6.857505798339844 -30.768836975097656 0.01617368310689926 -0.9044603705406189 -0.3046134114265442 0.2981620728969574
1736528755.031491 -58.207279205322266 7.123271942138672 -31.609375 0.019189149141311646 -0.92201167345047 -0.305062472820282 0.2376197725534439
1736528756.364612 -58.623680114746094 7.365142822265625 -32.38512420654297 0.020906561985611916 -0.9248796105384827 -0.3061356544494629 0.22459229826927185
1736528757.364735 -58.93682098388672 7.555671691894531 -32.985565185546875 0.01784401386976242 -0.9266098737716675 -0.3075246512889862 0.21564853191375732
1736528758.698061 -59.332847595214844 7.825954437255859 -33.80486297607422 0.01726050116121769 -0.9286291599273682 -0.3094906806945801 0.2038763165473938
1736528759.697838 -59.611602783203125 8.033981323242188 -34.45411682128906 0.014134136959910393 -0.931439220905304 -0.312158465385437 0.18648964166641235
1736528760.831309 -59.92744445800781 8.291183471679688 -35.17767333984375 0.009689000435173512 -0.9322770237922668 -0.31529659032821655 0.17706990242004395
1736528761.964667 -60.22483444213867 8.543350219726562 -35.91051483154297 0.006076513323932886 -0.9328580498695374 -0.3168884813785553 0.17123280465602875
1736528763.031265 -60.5025634765625 8.7762451171875 -36.60809326171875 0.0049603041261434555 -0.9343857169151306 -0.31601884961128235 0.1644107699394226
1736528764.031236 -60.74562072753906 9.00619125366211 -37.274444580078125 0.0018891667714342475 -0.9357835650444031 -0.3182149827480316 0.15180502831935883
1736528765.297711 -60.98336410522461 9.306964874267578 -38.101470947265625 -0.0034689875319600105 -0.9381849765777588 -0.3271990418434143 0.1128622442483902
1736528766.497837 -61.09856414794922 9.602462768554688 -38.90876770019531 -0.0010642244014889002 -0.9439039826393127 -0.32535481452941895 0.05646679177880287
1736528767.697928 -61.00226593017578 9.839530944824219 -39.628414154052734 0.0038381328340619802 -0.9487594366073608 -0.312197744846344 -0.04871812462806702
1736528768.831071 -60.85859680175781 10.09921646118164 -40.36792755126953 0.0063177174888551235 -0.9455294609069824 -0.3124297559261322 -0.09122362732887268
1736528770.097751 -60.59519958496094 10.370088577270508 -41.16307830810547 0.009572070091962814 -0.936122477054596 -0.3133253753185272 -0.15940622985363007
1736528771.164186 -60.29730224609375 10.593640327453613 -41.80073547363281 0.005595809780061245 -0.9246758222579956 -0.31205490231513977 -0.21809428930282593
1736528772.164325 -59.97761535644531 10.811330795288086 -42.404457092285156 0.001766087836585939 -0.9158962368965149 -0.3151516914367676 -0.24861721694469452
1736528773.297644 -59.58946228027344 11.031179428100586 -43.035640716552734 -0.0023215448018163443 -0.9104012250900269 -0.31562164425849915 -0.2674831748008728
1736528775.497567 -59.18097686767578 11.261815071105957 -43.65895462036133 -0.004194230306893587 -0.905286431312561 -0.3137052655220032 -0.2864052653312683
1736528777.8976 -58.69104766845703 11.544303894042969 -44.352420806884766 -0.003926996607333422 -0.8977000713348389 -0.3210279643535614 -0.3017616868019104
1736528780.230771 -58.16423797607422 11.813065528869629 -45.03769302368164 -0.007552988361567259 -0.8913962841033936 -0.3239910304546356 -0.31683680415153503
1736528781.964164 -57.71539306640625 12.036473274230957 -45.604698181152344 -0.008730277419090271 -0.8888120055198669 -0.32078731060028076 -0.3271581530570984
1736528783.164133 -57.274635314941406 12.247360229492188 -46.147098541259766 -0.008027962408959866 -0.8862303495407104 -0.3205464780330658 -0.3343369960784912
1736528784.564001 -56.78533935546875 12.48488712310791 -46.731685638427734 -0.010083865374326706 -0.882010281085968 -0.3238891661167145 -0.3421286940574646
1736528786.097297 -56.23082733154297 12.734176635742188 -47.36250305175781 -0.01662457548081875 -0.8806561827659607 -0.3229876458644867 -0.34618985652923584
1736528787.630602 -55.72740936279297 12.96480655670166 -47.944766998291016 -0.017112411558628082 -0.8808315396308899 -0.3209775388240814 -0.34758660197257996
1736528789.163898 -55.190284729003906 13.198067665100098 -48.563140869140625 -0.01651066541671753 -0.8803313374519348 -0.3178788125514984 -0.35170620679855347
1736528790.301108 -54.747459411621094 13.393173217773438 -49.06642150878906 -0.014949453063309193 -0.8797091245651245 -0.3180162310600281 -0.3532053828239441
1736528791.363621 -54.256019592285156 13.591571807861328 -49.598663330078125 -0.015869053080677986 -0.8774369359016418 -0.31613317131996155 -0.3604336380958557
1736528792.497631 -53.663780212402344 13.781658172607422 -50.08545684814453 -0.016527604311704636 -0.8476274609565735 -0.3093571364879608 -0.4307582974433899
1736528793.565103 -53.08220672607422 13.91387939453125 -50.42390441894531 -0.01667107455432415 -0.821861743927002 -0.30045434832572937 -0.4837278127670288
1736528794.56368 -52.47675323486328 14.004318237304688 -50.66316223144531 -0.01785954087972641 -0.7910847067832947 -0.2877100110054016 -0.5395267009735107
1736528795.697002 -51.72605895996094 14.077852249145508 -50.88217544555664 -0.01979609951376915 -0.7567630410194397 -0.2716841697692871 -0.5942268967628479
1736528796.830124 -50.97768783569336 14.110105514526367 -50.96246337890625 -0.014298041351139545 -0.7090413570404053 -0.2582257390022278 -0.6560301184654236
1736528797.963603 -50.200904846191406 14.165794372558594 -51.04729080200195 -0.00976073183119297 -0.708697497844696 -0.26092836260795593 -0.6554152369499207
1736528798.896919 -49.60674285888672 14.259339332580566 -51.27925109863281 -0.0055599636398255825 -0.7632091045379639 -0.2739909887313843 -0.5851580500602722
1736528799.763503 -48.86530303955078 14.380788803100586 -51.533241271972656 0.0012207368854433298 -0.7784221172332764 -0.28037166595458984 -0.5616487860679626
1736528800.696852 -48.13433074951172 14.552257537841797 -51.92296600341797 0.007072812411934137 -0.8147525191307068 -0.2941107749938965 -0.49962708353996277
1736528801.430701 -47.587074279785156 14.694067001342773 -52.26658248901367 0.008704879321157932 -0.8313875794410706 -0.295556902885437 -0.4704945981502533
1736528802.363501 -46.94279479980469 14.89515209197998 -52.7589225769043 0.008074349723756313 -0.8491470217704773 -0.29854896664619446 -0.4356060326099396
1736528803.096647 -46.37823486328125 15.090473175048828 -53.231632232666016 0.008138000965118408 -0.8547490835189819 -0.3035714626312256 -0.42093005776405334
1736528803.630099 -45.905517578125 15.256338119506836 -53.63412857055664 0.00931096263229847 -0.8577966690063477 -0.30472105741500854 -0.41381555795669556
1736528804.296789 -45.356040954589844 15.450632095336914 -54.11722183227539 0.009182561188936234 -0.8620219826698303 -0.3036764860153198 -0.4057270288467407
1736528804.963451 -44.822547912597656 15.655906677246094 -54.61664581298828 0.009326343424618244 -0.8643691539764404 -0.3084934651851654 -0.3970023989677429
1736528805.630059 -44.297569274902344 15.864351272583008 -55.120361328125 0.009975443594157696 -0.8647850751876831 -0.31354641914367676 -0.3920918405056
1736528806.363529 -43.689849853515625 16.097278594970703 -55.688838958740234 0.00876610353589058 -0.8643428087234497 -0.31123116612434387 -0.39493027329444885
1736528806.896731 -43.19215393066406 16.2694034576416 -56.08905029296875 0.005798403639346361 -0.8538681864738464 -0.31020841002464294 -0.4179069399833679
1736528807.430154 -42.6474609375 16.451152801513672 -56.53902053833008 0.0063058603554964066 -0.8556377291679382 -0.30998337268829346 -0.4144328832626343
1736528808.030054 -42.09093475341797 16.65561294555664 -57.02859878540039 0.003824701067060232 -0.8568744659423828 -0.3120463490486145 -0.41033968329429626
1736528808.563319 -41.54949188232422 16.849889755249023 -57.492774963378906 0.0026333120185881853 -0.8570230603218079 -0.3127034604549408 -0.4095377027988434
1736528809.296635 -40.91778564453125 17.085174560546875 -58.064056396484375 0.0005321816424839199 -0.8586019277572632 -0.3125193119049072 -0.40636709332466125
1736528809.697118 -40.52069091796875 17.238054275512695 -58.412960052490234 0.0010902691865339875 -0.8579325079917908 -0.3149883449077606 -0.4058731496334076
1736528810.429926 -39.82867431640625 17.51405143737793 -59.03852844238281 0.00233921455219388 -0.8570338487625122 -0.31997889280319214 -0.4038577675819397
1736528810.82989 -39.38996887207031 17.686172485351562 -59.43840026855469 0.0004190679464954883 -0.8574602007865906 -0.31916946172714233 -0.4035996198654175
1736528811.22971 -38.925559997558594 17.874937057495117 -59.85125732421875 -0.0005739094340242445 -0.8560254573822021 -0.3241859972476959 -0.40264567732810974
1736528811.629749 -38.47093963623047 18.052398681640625 -60.26076889038086 -0.0027901658322662115 -0.8570905923843384 -0.3229931592941284 -0.4013269245624542
1736528812.096536 -37.93925476074219 18.245983123779297 -60.72182083129883 -0.0018046979093924165 -0.8560321927070618 -0.3193022906780243 -0.4065115749835968
1736528812.563434 -37.366416931152344 18.44113540649414 -61.16487121582031 0.0004589030286297202 -0.8456637263298035 -0.3143969476222992 -0.4312856197357178
1736528812.896592 -36.921531677246094 18.56467628479004 -61.45732116699219 0.0019821212626993656 -0.834608256816864 -0.30708861351013184 -0.45729830861091614
1736528813.430159 -36.208831787109375 18.741008758544922 -61.8909912109375 0.002522335620597005 -0.8258007764816284 -0.3000623881816864 -0.4775032699108124
1736528813.831097 -35.658935546875 18.890838623046875 -62.217247009277344 0.003457944141700864 -0.8206808567047119 -0.3023015558719635 -0.48485544323921204
1736528814.163007 -35.186973571777344 18.999027252197266 -62.4821662902832 0.003975606523454189 -0.8174903988838196 -0.2964794337749481 -0.4937545657157898
1736528814.629663 -34.50654602050781 19.153133392333984 -62.82380294799805 0.00867127813398838 -0.8071443438529968 -0.2922761142253876 -0.5128522515296936
1736528815.096499 -33.80653381347656 19.288503646850586 -63.09233856201172 0.011900355108082294 -0.7767816781997681 -0.28669795393943787 -0.5606003999710083
1736528815.49644 -33.20454406738281 19.369544982910156 -63.23561096191406 0.01202061865478754 -0.7385175824165344 -0.2768014073371887 -0.6146774888038635
1736528816.09643 -32.392086029052734 19.448062896728516 -63.32981872558594 0.014002542942762375 -0.7053815126419067 -0.26592400670051575 -0.6569058895111084
1736528817.296223 -31.551063537597656 19.491809844970703 -63.34413146972656 0.014970236457884312 -0.6709743142127991 -0.24875040352344513 -0.6983499526977539
1736528818.429763 -30.77317237854004 19.509063720703125 -63.265838623046875 0.016035281121730804 -0.6317200064659119 -0.2335890680551529 -0.7389918565750122
1736528819.629681 -29.978225708007812 19.501081466674805 -63.10992431640625 0.01521219965070486 -0.5855953097343445 -0.21955260634422302 -0.7801560759544373
1736528820.829628 -29.205368041992188 19.430191040039062 -62.85279083251953 0.003028148552402854 -0.5446895956993103 -0.2008659392595291 -0.8142217397689819
1736528822.029607 -28.41404914855957 19.342870712280273 -62.59345245361328 -0.009463472291827202 -0.5292402505874634 -0.19294100999832153 -0.8261894583702087
1736528823.229418 -27.609546661376953 19.237775802612305 -62.28102111816406 -0.003955444321036339 -0.5152500867843628 -0.191146582365036 -0.835442841053009
1736528824.496201 -26.745206832885742 19.144241333007812 -61.91999435424805 0.0016497023170813918 -0.5014834403991699 -0.18993663787841797 -0.8440591096878052
1736528825.562639 -26.00727653503418 19.06612777709961 -61.557411193847656 0.010990194045007229 -0.47322598099708557 -0.18770912289619446 -0.8606403470039368
1736528826.829468 -25.218278884887695 18.943519592285156 -61.104591369628906 0.006924206856638193 -0.4473164677619934 -0.1800757348537445 -0.8760324716567993
1736528827.829448 -24.57379913330078 18.84662628173828 -60.68693542480469 0.013962576165795326 -0.4281908869743347 -0.1788977086544037 -0.8856936693191528
1736528829.095903 -23.816560745239258 18.715782165527344 -60.168312072753906 0.0037696710787713528 -0.4099811017513275 -0.17281901836395264 -0.8955640196800232
1736528829.829382 -23.458209991455078 18.619890213012695 -59.825340270996094 0.0012469836510717869 -0.3449462354183197 -0.15382404625415802 -0.9259312152862549
1736528830.962694 -23.13641929626465 18.421907424926758 -59.21729278564453 -0.0035445382818579674 -0.22000671923160553 -0.10814985632896423 -0.9694783091545105
1736528832.095816 -22.840085983276367 18.19133186340332 -58.4896125793457 0.0020079270470887423 -0.16183538734912872 -0.09057691693305969 -0.9826500415802002
1736528833.295962 -22.46862030029297 17.955442428588867 -57.70783615112305 0.005158117972314358 -0.16638106107711792 -0.09649050235748291 -0.9813156127929688
1736528834.36243 -22.19735336303711 17.753015518188477 -57.063133239746094 0.004145381972193718 -0.1612304300069809 -0.09416414797306061 -0.9824056029319763
1736528835.429219 -21.855613708496094 17.56220245361328 -56.422637939453125 0.00683078495785594 -0.19768573343753815 -0.10417207330465317 -0.9746906757354736
1736528836.562575 -21.474271774291992 17.388561248779297 -55.82209777832031 0.00980882067233324 -0.21653717756271362 -0.11240880191326141 -0.9697317481040955
1736528837.562353 -21.15080451965332 17.230953216552734 -55.26362991333008 0.012738293036818504 -0.21781963109970093 -0.11231088638305664 -0.9694218039512634
1736528838.629135 -20.80890655517578 17.04995346069336 -54.74848556518555 -0.008350727148354053 -0.2229364514350891 -0.12123062461614609 -0.967229425907135
1736528839.562457 -20.333683013916016 16.989572525024414 -54.51332092285156 -0.01789780519902706 -0.3570367097854614 -0.17356841266155243 -0.9176483750343323
1736528840.162251 -19.911792755126953 17.090919494628906 -54.547515869140625 0.022685237228870392 -0.5181268453598022 -0.22163806855678558 -0.8257763385772705
1736528841.295774 -19.105802536010742 17.102825164794922 -54.38397979736328 0.02451079897582531 -0.5676896572113037 -0.22290262579917908 -0.7921123504638672
1736528842.429199 -18.28659439086914 17.08856964111328 -54.15205383300781 0.021296076476573944 -0.5531547665596008 -0.21795478463172913 -0.8037797808647156
1736528843.295498 -17.771989822387695 17.035079956054688 -53.84454345703125 0.0215758103877306 -0.4596623480319977 -0.19291235506534576 -0.8666198253631592
1736528844.362297 -17.203205108642578 16.922204971313477 -53.38886260986328 0.016312910243868828 -0.40695130825042725 -0.17264555394649506 -0.8968378901481628
1736528845.695415 -16.513355255126953 16.833606719970703 -52.95310974121094 0.018019424751400948 -0.4196965992450714 -0.17475835978984833 -0.8904997110366821
1736528846.628902 -15.966331481933594 16.74043846130371 -52.550575256347656 0.015476872213184834 -0.40571218729019165 -0.16851907968521118 -0.8981978297233582
1736528847.495609 -15.456156730651855 16.658273696899414 -52.15980529785156 0.019204042851924896 -0.40241605043411255 -0.16804009675979614 -0.8996972441673279
1736528848.428876 -14.867377281188965 16.571462631225586 -51.763267517089844 0.018736880272626877 -0.42310187220573425 -0.1731743961572647 -0.889181911945343
1736528849.49548 -14.147480010986328 16.505859375 -51.37889862060547 0.02183477021753788 -0.46513375639915466 -0.18589653074741364 -0.8652262091636658
1736528850.428816 -13.455818176269531 16.453922271728516 -51.065528869628906 0.019452234730124474 -0.4902645945549011 -0.19197164475917816 -0.8499465584754944
1736528851.362288 -12.606624603271484 16.394638061523438 -50.68299865722656 0.021899830549955368 -0.4940939247608185 -0.19431033730506897 -0.847133457660675
1736528852.095254 -11.9163179397583 16.3375244140625 -50.334205627441406 0.02152574248611927 -0.484618216753006 -0.19129949808120728 -0.8532798290252686
1736528852.828724 -11.129287719726562 16.257251739501953 -49.936553955078125 0.018185339868068695 -0.4699130058288574 -0.18554113805294037 -0.8628010749816895
1736528853.428732 -10.549839973449707 16.145008087158203 -49.47539138793945 0.014622337184846401 -0.3902801275253296 -0.15899619460105896 -0.9067457914352417
1736528854.162053 -9.835563659667969 16.02667999267578 -48.95097351074219 0.01846606656908989 -0.41951480507850647 -0.16985268890857697 -0.8915247917175293
1736528854.762138 -9.16240406036377 15.955057144165039 -48.59800720214844 0.018005771562457085 -0.46729564666748047 -0.18153604865074158 -0.8650752902030945
1736528855.428644 -8.381792068481445 15.899385452270508 -48.30567932128906 0.020186156034469604 -0.5287148952484131 -0.19891543686389923 -0.8249156475067139
1736528855.961996 -7.7837371826171875 15.843114852905273 -48.038612365722656 0.019404934719204903 -0.4977269172668457 -0.18714837729930878 -0.8466799259185791
1736528856.495427 -7.240353584289551 15.763389587402344 -47.67552947998047 0.020177703350782394 -0.44164982438087463 -0.16847042739391327 -0.8809972405433655
1736528857.095312 -6.669804573059082 15.669116020202637 -47.26937484741211 0.02229890786111355 -0.42287477850914 -0.15850232541561127 -0.8919398784637451
1736528857.761761 -6.1001505851745605 15.55933952331543 -46.858245849609375 0.020097965374588966 -0.41409599781036377 -0.15275704860687256 -0.8970986008644104
1736528858.361895 -5.578421115875244 15.460105895996094 -46.438594818115234 0.021155769005417824 -0.39903736114501953 -0.1462235152721405 -0.9049531817436218
1736528859.028576 -5.032326698303223 15.329317092895508 -45.96816635131836 0.01869128830730915 -0.38376063108444214 -0.13958318531513214 -0.9126307964324951
1736528859.628579 -4.51062536239624 15.209661483764648 -45.5120849609375 0.0194639153778553 -0.3745298683643341 -0.13583245873451233 -0.9170050024986267
1736528860.295014 -3.917910099029541 15.055665969848633 -44.961368560791016 0.01941715180873871 -0.3648318946361542 -0.13147450983524323 -0.9215396046638489
1736528860.961845 -3.371537685394287 14.908703804016113 -44.4292106628418 0.019074639305472374 -0.35292840003967285 -0.12894663214683533 -0.9265260100364685
1736528861.561885 -2.9438648223876953 14.764266967773438 -43.89851760864258 0.020916514098644257 -0.291565477848053 -0.11019014567136765 -0.9499527812004089
1736528862.095179 -2.6824231147766113 14.602401733398438 -43.336509704589844 0.01858505606651306 -0.20645380020141602 -0.0836978480219841 -0.9746928215026855
1736528862.695149 -2.2180070877075195 14.419824600219727 -42.640350341796875 0.025346407666802406 -0.2677990794181824 -0.10721954703330994 -0.9571547508239746
1736528863.294996 -1.7385501861572266 14.273977279663086 -42.0947265625 0.022889193147420883 -0.3145948052406311 -0.12147670239210129 -0.941142737865448
1736528864.028408 -1.231590747833252 14.119704246520996 -41.512569427490234 0.0250056441873312 -0.3132169246673584 -0.11986745148897171 -0.9417546391487122
1736528864.762784 -0.7359285354614258 13.970904350280762 -40.90867614746094 0.02873109094798565 -0.3079417049884796 -0.1189478263258934 -0.9435030221939087
1736528865.628392 -0.1989588737487793 13.799375534057617 -40.2694091796875 0.023787112906575203 -0.30593758821487427 -0.1166764348745346 -0.9445755481719971
1736528866.228378 0.2944974899291992 13.644596099853516 -39.664493560791016 0.025390028953552246 -0.29648399353027344 -0.11773202568292618 -0.9474132061004639
1736528866.761694 0.7857723236083984 13.474963188171387 -39.045372009277344 0.023454003036022186 -0.2830635607242584 -0.1160893514752388 -0.9517606496810913
1736528867.295029 1.240220069885254 13.3124361038208 -38.44470977783203 0.02055206336081028 -0.2813560664653778 -0.11565463244915009 -0.952386736869812
1736528867.894985 1.7235698699951172 13.146553039550781 -37.8092155456543 0.020884700119495392 -0.2771837115287781 -0.1154659315943718 -0.9536250233650208
1736528868.561631 2.216488838195801 12.955913543701172 -37.1325569152832 0.017158903181552887 -0.27288708090782166 -0.11271612346172333 -0.9552661180496216
1736528869.028158 2.5507853031158447 12.807079315185547 -36.5867919921875 0.018626077100634575 -0.24133136868476868 -0.10291651636362076 -0.964790403842926
1736528869.361434 2.70564603805542 12.687118530273438 -36.17210006713867 0.01750529371201992 -0.16470971703529358 -0.07823383063077927 -0.9830787181854248
1736528869.961579 2.9034664630889893 12.462492942810059 -35.402835845947266 0.017965657636523247 -0.11923904716968536 -0.05984253063797951 -0.9908977150917053
1736528870.56267 3.348371982574463 12.263675689697266 -34.652610778808594 0.021382007747888565 -0.25231119990348816 -0.0995774045586586 -0.9622713923454285
1736528871.294902 3.770782232284546 12.089303970336914 -33.99552917480469 0.023133084177970886 -0.2295653074979782 -0.09408856928348541 -0.9684585928916931
1736528871.894698 3.8698840141296387 11.941205978393555 -33.47739028930664 0.024553263559937477 -0.10462892800569534 -0.05583805590867996 -0.9926389455795288
1736528872.694833 4.120220184326172 11.711771011352539 -32.695526123046875 0.022004064172506332 -0.14000220596790314 -0.06459271162748337 -0.9877970814704895
1736528873.294824 4.371029853820801 11.520916938781738 -32.01376724243164 0.022884545847773552 -0.1501382440328598 -0.0680135115981102 -0.9860572814941406
1736528873.894827 4.6202392578125 11.327937126159668 -31.313570022583008 0.022553397342562675 -0.15477494895458221 -0.0689590722322464 -0.9852820634841919
1736528874.494628 4.9042534828186035 11.148199081420898 -30.639612197875977 0.024361077696084976 -0.17197659611701965 -0.07421942055225372 -0.9819990396499634
1736528875.161567 5.241035461425781 10.95015811920166 -29.93296241760254 0.02259421907365322 -0.18476098775863647 -0.07839471101760864 -0.9793912172317505
1736528876.961664 5.444968223571777 10.723106384277344 -29.1324520111084 0.021323950961232185 -0.10264496505260468 -0.050565432757139206 -0.9932031631469727
1736528877.761384 5.634511947631836 10.512240409851074 -28.39007568359375 0.02282262034714222 -0.09993498027324677 -0.04956221207976341 -0.9934967160224915
1736528878.42802 5.784267902374268 10.335352897644043 -27.75988006591797 0.0223014447838068 -0.09613296389579773 -0.04913074150681496 -0.9939050674438477
1736528879.361378 5.951120853424072 10.132356643676758 -27.043027877807617 0.023327622562646866 -0.09289073944091797 -0.047819770872592926 -0.9942537546157837
1736528880.82781 6.067860126495361 9.908088684082031 -26.270465850830078 0.02264227904379368 -0.04978439211845398 -0.03384635969996452 -0.9979295134544373
1736528881.761262 6.128614902496338 9.667442321777344 -25.45100975036621 0.0190157238394022 -0.029169410467147827 -0.02893172763288021 -0.9989747405052185
1736528882.361257 6.177441596984863 9.464914321899414 -24.790624618530273 0.017411600798368454 -0.023301534354686737 -0.02658632956445217 -0.9992232322692871
1736528883.161068 6.234557628631592 9.202003479003906 -23.912321090698242 0.019312245771288872 -0.017895584926009178 -0.025522073730826378 -0.9993274807929993
1736528883.827719 6.268133640289307 8.984963417053223 -23.18379020690918 0.01984209008514881 -0.013992618769407272 -0.024095803499221802 -0.9994148015975952
1736528884.427863 6.305902481079102 8.785433769226074 -22.502033233642578 0.01952875405550003 -0.011588038876652718 -0.02310732938349247 -0.9994750618934631
1736528885.02784 6.341225624084473 8.584551811218262 -21.82366943359375 0.018874894827604294 -0.006929763592779636 -0.02278907224535942 -0.9995381236076355
1736528885.827815 6.374853134155273 8.328473091125488 -20.92140769958496 0.02160770073533058 -0.004362048581242561 -0.02053678035736084 -0.9995461106300354
1736528886.627679 6.439274787902832 8.091800689697266 -20.06992530822754 0.024232158437371254 -0.02252659574151039 -0.02747085504233837 -0.9990749359130859
1736528887.694565 6.544076919555664 7.851986408233643 -19.22894859313965 0.022022534161806107 -0.04012082889676094 -0.03263287618756294 -0.9984190464019775
1736528888.561091 6.616560459136963 7.667977809906006 -18.59710693359375 0.018846331164240837 -0.0402868390083313 -0.031531937420368195 -0.9985127449035645
1736528889.560869 6.701939105987549 7.460418701171875 -17.882068634033203 0.020095141604542732 -0.04094921052455902 -0.029471632093191147 -0.9985243082046509
1736528890.561797 6.797150135040283 7.227235317230225 -17.07508087158203 0.020179610699415207 -0.04266364499926567 -0.02893230877816677 -0.9984666705131531
1736528891.094356 6.8463544845581055 7.032614707946777 -16.393234252929688 0.020599190145730972 -0.02349226363003254 -0.022324319928884506 -0.9992625117301941
1736528891.62747 6.803394317626953 6.792839527130127 -15.590250015258789 0.015847032889723778 0.036108486354351044 -0.0011812542797997594 -0.9992215633392334
1736528892.160807 6.6766438484191895 6.556783199310303 -14.811107635498047 0.01622566394507885 0.07476687431335449 0.014516985043883324 -0.9969633221626282
1736528892.694275 6.709807395935059 6.333291053771973 -14.02402114868164 0.018263446167111397 -0.02313753217458725 -0.014647366479039192 -0.9994581341743469
1736528893.094297 6.82866096496582 6.153897285461426 -13.432677268981934 0.0181746743619442 -0.08896548300981522 -0.03660031035542488 -0.9951961636543274
1736528893.694335 7.010777950286865 5.894593238830566 -12.563542366027832 0.01603257656097412 -0.08310705423355103 -0.038336385041475296 -0.9956739544868469
1736528894.294256 7.180920124053955 5.658162593841553 -11.770591735839844 0.016811402514576912 -0.08224737644195557 -0.037303175777196884 -0.9957717061042786
1736528894.894058 7.335030555725098 5.4254469871521 -10.996543884277344 0.01632324978709221 -0.08053223788738251 -0.035907190293073654 -0.9959713220596313
1736528895.560864 7.503537178039551 5.176764965057373 -10.162647247314453 0.015216054394841194 -0.07950600236654282 -0.03626628220081329 -0.9960582256317139
1736528896.160882 7.643278121948242 4.9493794441223145 -9.40173625946045 0.016747020184993744 -0.0782129317522049 -0.03521716222167015 -0.9961736798286438
1736528896.760848 7.792517185211182 4.724867820739746 -8.648885726928711 0.016655150800943375 -0.07556039094924927 -0.0369785875082016 -0.996316134929657
1736528897.360638 7.922342300415039 4.512080669403076 -7.958124160766602 0.013617534190416336 -0.07106821984052658 -0.03590472415089607 -0.9967320561408997
1736528897.960761 8.030119895935059 4.31089973449707 -7.270716667175293 0.019093485549092293 -0.05651262402534485 -0.03325142338871956 -0.9976653456687927
1736528899.027438 7.997232913970947 4.058558940887451 -6.4417948722839355 0.0168148223310709 0.014008596539497375 -0.010192621499300003 -0.9997085332870483
1736528899.7609 7.99594259262085 3.8479464054107666 -5.744001865386963 0.014687170274555683 0.012271195650100708 -0.011486738920211792 -0.9997508525848389
1736528900.627265 8.025337219238281 3.6147825717926025 -4.968301296234131 0.014863215386867523 0.0004168279701843858 -0.01660974882543087 -0.9997515082359314
1736528901.894038 8.109151840209961 3.3553354740142822 -4.107254505157471 0.016980422660708427 -0.03310208395123482 -0.027858421206474304 -0.9989193081855774
1736528903.227408 8.196481704711914 3.1191506385803223 -3.3410086631774902 0.01458955742418766 -0.03736874461174011 -0.030323874205350876 -0.9987348318099976
1736528903.960469 8.254596710205078 2.8835983276367188 -2.583615779876709 0.012454290874302387 -0.022490717470645905 -0.024370567873120308 -0.9993724226951599
1736528904.560652 8.251482009887695 2.667084217071533 -1.8479443788528442 0.015579582192003727 0.005722610745579004 -0.01638391800224781 -0.9997280240058899
1736528905.160606 8.277384757995605 2.426602363586426 -1.0511265993118286 0.012910262681543827 0.001250572851859033 -0.020785782486200333 -0.9996997714042664
1736528905.760603 8.318720817565918 2.190018892288208 -0.25891414284706116 0.017157500609755516 -0.009488475508987904 -0.02694527991116047 -0.9994446635246277
1736528906.427073 8.432050704956055 1.9795348644256592 0.4274439215660095 0.015948738902807236 -0.05337987095117569 -0.04322359710931778 -0.9975109100341797
1736528907.293884 8.559510231018066 1.71806800365448 1.2747339010238647 0.01009228266775608 -0.05567061901092529 -0.04594511166214943 -0.9973404407501221
1736528908.027981 8.679325103759766 1.4962481260299683 1.9923474788665771 0.008254648186266422 -0.05655239149928093 -0.04739082232117653 -0.9972400665283203
1736528908.760322 8.801797866821289 1.2723839282989502 2.719251871109009 0.0058988300152122974 -0.06003035977482796 -0.04961710795760155 -0.9969452023506165
1736528909.693842 8.958738327026367 1.0081807374954224 3.560990810394287 0.0102225411683321 -0.06195912882685661 -0.05052807182073593 -0.9967464804649353
1736528910.693832 9.125984191894531 0.7457166314125061 4.3650994300842285 0.0039445883594453335 -0.059990767389535904 -0.053813185542821884 -0.9967395663261414
1736528911.693579 9.259745597839355 0.5267183184623718 5.090676307678223 0.013028917834162712 -0.06384211033582687 -0.05605451762676239 -0.9962993264198303
1736528912.626904 9.386311531066895 0.30990758538246155 5.818292140960693 0.014316556043922901 -0.06586344540119171 -0.052329838275909424 -0.9963526725769043
1736528913.560369 9.522581100463867 0.08703559637069702 6.552095890045166 0.01216551661491394 -0.06958966702222824 -0.04846028611063957 -0.9963237047195435
1736528914.493489 9.665861129760742 -0.13455624878406525 7.295666694641113 0.01478522177785635 -0.07030376046895981 -0.0463571660220623 -0.9963382482528687
1736528915.360151 9.797160148620605 -0.3492022752761841 7.973351001739502 0.012047837488353252 -0.07168594002723694 -0.04571856930851936 -0.9963061213493347
1736528916.160307 9.901973724365234 -0.5486254096031189 8.60733413696289 0.01118545327335596 -0.0636669397354126 -0.04197249189019203 -0.9970254898071289
1736528916.493621 9.89273452758789 -0.6043075919151306 8.786702156066895 0.012028422206640244 -0.032899465411901474 -0.031038742512464523 -0.9989041686058044
