1758725107.475907 -0.0 -0.0 -0.0 -0.0 -0.0 -0.0 1.0
1758725109.209224 -0.0028620329685509205 -0.04639014974236488 0.09783487766981125 0.0054727643728256226 -0.001295609399676323 -0.0006551570841111243 0.9999840259552002
1758725109.942501 0.0036506345495581627 -0.27135634422302246 0.7716290950775146 0.0023185855243355036 -0.0017304513603448868 -0.0014500172110274434 0.9999948143959045
1758725110.542819 0.005361439660191536 -0.4954804480075836 1.4152500629425049 0.006909130606800318 -0.0019423821941018105 -0.0029660281725227833 0.9999698996543884
1758725111.142599 0.007961888797581196 -0.736117959022522 2.0641629695892334 0.012019704096019268 -0.001231584814377129 -0.003924856428056955 0.9999193549156189
1758725111.809162 0.014844135381281376 -0.9952086806297302 2.7844150066375732 0.013185588642954826 -0.0018487375928089023 -0.005579914432018995 0.9998958110809326
1758725112.475769 0.01778957061469555 -1.2457549571990967 3.4766123294830322 0.012421277351677418 -0.001963892253115773 -0.006221183110028505 0.9999016523361206
1758725113.075785 0.02049768902361393 -1.4886219501495361 4.126745223999023 0.01593262143433094 -0.002583176363259554 -0.006460307165980339 0.9998489022254944
1758725113.742443 0.023271381855010986 -1.743103265762329 4.83563232421875 0.014483369886875153 -0.0033104608301073313 -0.006501844152808189 0.9998685717582703
1758725114.409058 0.02514578029513359 -2.0049519538879395 5.536169052124023 0.016518736258149147 -0.003954204265028238 -0.006717930547893047 0.9998332262039185
1758725115.142402 0.03247842192649841 -2.2952194213867188 6.32818603515625 0.01658339984714985 -0.004837234038859606 -0.00693494500592351 0.9998267889022827
1758725115.809054 0.0210191011428833 -2.566962718963623 7.046428680419922 0.02047867700457573 -0.007510302122682333 -0.009849647991359234 0.9997135996818542
1758725116.475691 -0.07613779604434967 -2.8247363567352295 7.7477264404296875 0.01920126937329769 -0.05418172851204872 -0.027611590921878815 0.9979645609855652
1758725117.142396 -0.20263509452342987 -3.0744917392730713 8.453144073486328 0.016264470294117928 -0.0744076669216156 -0.03363973647356033 0.9965276718139648
1758725117.875684 -0.32110846042633057 -3.3693811893463135 9.237940788269043 0.01765415258705616 -0.08177375048398972 -0.03299380838871002 0.9959481954574585
1758725118.542336 -0.4963867664337158 -3.6222479343414307 9.929327011108398 0.017936483025550842 -0.11524935811758041 -0.04593008756637573 0.9921120405197144
1758725119.209 -0.6810539960861206 -3.8838822841644287 10.622931480407715 0.020566970109939575 -0.12239152938127518 -0.04596119374036789 0.991203784942627
1758725119.875621 -0.8723980188369751 -4.142505645751953 11.319852828979492 0.020618602633476257 -0.13331641256809235 -0.04931574687361717 0.9896310567855835
1758725120.542277 -1.099063515663147 -4.408853530883789 11.977429389953613 0.029569698497653008 -0.15933197736740112 -0.05334865674376488 0.9853390455245972
1758725121.34225 -1.5232105255126953 -4.654701232910156 12.646824836730957 0.025224069133400917 -0.2575884759426117 -0.08771022409200668 0.9619349837303162
1758725122.008913 -1.9764007329940796 -4.809925079345703 13.016763687133789 0.024767421185970306 -0.3606722056865692 -0.12676988542079926 0.9237053394317627
1758725122.808874 -2.646202802658081 -4.97197961807251 13.410888671875 0.024133088067173958 -0.4418313205242157 -0.16009411215782166 0.8823676109313965
1758725123.542386 -3.347219228744507 -5.097018718719482 13.70615005493164 0.02472768910229206 -0.5164667963981628 -0.1882873922586441 0.8349841237068176
1758725124.142182 -3.9850106239318848 -5.191800117492676 13.936232566833496 0.02549288421869278 -0.5312214493751526 -0.19585613906383514 0.8238897323608398
1758725124.808815 -4.711567401885986 -5.294249534606934 14.165246963500977 0.026491457596421242 -0.5444989800453186 -0.1998121440410614 0.8141831159591675
1758725125.608846 -5.5237650871276855 -5.400933742523193 14.385388374328613 0.028315583243966103 -0.5659960508346558 -0.2041783630847931 0.7982217073440552
1758725126.275471 -6.23204231262207 -5.4777631759643555 14.543046951293945 0.02782617136836052 -0.5821642279624939 -0.21069402992725372 0.7848047018051147
1758725126.942107 -6.9565110206604 -5.54850435256958 14.673892974853516 0.03093671053647995 -0.5977819561958313 -0.2146107703447342 0.771778404712677
1758725127.942096 -7.986061096191406 -5.609886646270752 14.789798736572266 0.0284869521856308 -0.6319723129272461 -0.2296469509601593 0.739636242389679
1758725129.542072 -8.869368553161621 -5.594784736633301 14.6143217086792 0.033824775367975235 -0.7311772108078003 -0.2621820569038391 0.6288850903511047
1758725131.342001 -9.60507583618164 -5.428573131561279 14.185688018798828 0.02791154943406582 -0.8168449997901917 -0.30488839745521545 0.4889051616191864
1758725132.475852 -10.120275497436523 -5.303012371063232 13.795209884643555 0.03569722920656204 -0.8447730541229248 -0.30292361974716187 0.4396834373474121
1758725133.675295 -10.718969345092773 -5.128864288330078 13.264841079711914 0.03587416931986809 -0.8692619800567627 -0.30448055267333984 0.3877992033958435
1758725134.608627 -11.229894638061523 -4.921665668487549 12.658500671386719 0.03315609320998192 -0.8887990713119507 -0.31599852442741394 0.3302754759788513
1758725135.608578 -11.877334594726562 -4.659329414367676 11.840017318725586 0.03560244292020798 -0.8979214429855347 -0.31238970160484314 0.30802953243255615
1758725136.675216 -12.551376342773438 -4.433424949645996 11.107410430908203 0.039582524448633194 -0.8894369602203369 -0.29909729957580566 0.3433307707309723
1758725137.67519 -13.162342071533203 -4.2231125831604 10.337218284606934 0.045695021748542786 -0.9006087183952332 -0.284036248922348 0.3257904052734375
1758725138.541849 -14.002999305725098 -3.982100486755371 9.492148399353027 0.04015851765871048 -0.882638156414032 -0.28815943002700806 0.3691902458667755
1758725139.408477 -14.82747745513916 -3.7753849029541016 8.664254188537598 0.041042376309633255 -0.8833403587341309 -0.2858540117740631 0.3692058026790619
1758725140.408493 -15.830155372619629 -3.4958763122558594 7.671696662902832 0.04193222150206566 -0.884434163570404 -0.28619617223739624 0.36620986461639404
1758725141.408423 -16.826953887939453 -3.2168359756469727 6.657585144042969 0.039887625724077225 -0.8841177821159363 -0.2914397716522217 0.3630531132221222
1758725142.875105 -18.407936096191406 -2.771077871322632 5.227684020996094 0.044170454144477844 -0.8651564121246338 -0.2904258668422699 0.4064556956291199
1758725143.741756 -19.366004943847656 -2.5841665267944336 4.5511932373046875 0.04459485039114952 -0.8508293032646179 -0.2824931740760803 0.4407930374145508
1758725144.54172 -20.289981842041016 -2.4347310066223145 3.9222660064697266 0.04444365203380585 -0.8514808416366577 -0.2842000126838684 0.4384467601776123
1758725145.341673 -21.15088653564453 -2.2404470443725586 3.2065181732177734 0.047050945460796356 -0.8630751371383667 -0.28973954916000366 0.41102129220962524
1758725146.34168 -22.16641616821289 -2.0536575317382812 2.3681468963623047 0.04858245328068733 -0.866266667842865 -0.2822813391685486 0.40931546688079834
1758725147.208276 -23.01786231994629 -1.8842377662658691 1.6575603485107422 0.0456024631857872 -0.8664458990097046 -0.2836088240146637 0.4083601236343384
1758725148.074935 -23.864843368530273 -1.7077932357788086 0.9465160369873047 0.04660985991358757 -0.8672317862510681 -0.2829526662826538 0.40703123807907104
1758725148.94162 -24.59540557861328 -1.527367115020752 0.2871265411376953 0.045422766357660294 -0.8797957897186279 -0.2949003577232361 0.37004053592681885
1758725150.14159 -25.471267700195312 -1.2619752883911133 -0.63873291015625 0.03859313577413559 -0.8845405578613281 -0.299049437046051 0.35590463876724243
1758725151.474868 -26.453996658325195 -1.0080595016479492 -1.5620136260986328 0.03862230107188225 -0.8730213046073914 -0.29043105244636536 0.3898616433143616
1758725152.874842 -27.489234924316406 -0.7530670166015625 -2.5171737670898438 0.03875447064638138 -0.8750219941139221 -0.289454847574234 0.3860706388950348
1758725155.341453 -28.952402114868164 -0.28549766540527344 -4.0427093505859375 0.03305063769221306 -0.8743709325790405 -0.289876788854599 0.38775599002838135
1758725156.808074 -29.95911979675293 -0.01879405975341797 -4.9945831298828125 0.037468913942575455 -0.8638178706169128 -0.2863976061344147 0.4127848446369171
1758725158.341401 -31.121490478515625 0.23671627044677734 -5.8640594482421875 0.03935719281435013 -0.8535450100898743 -0.2870352268218994 0.4330388903617859
1758725160.141319 -32.11165237426758 0.423828125 -6.638439178466797 0.041688691824674606 -0.8498613238334656 -0.28336337208747864 0.442383348941803
1758725163.141272 -33.41521072387695 0.7107553482055664 -7.798748016357422 0.043663159012794495 -0.8741145730018616 -0.2937263250350952 0.3843724727630615
1758725165.074566 -34.30664825439453 0.9204730987548828 -8.613731384277344 0.04366212710738182 -0.8590924739837646 -0.28452274203300476 0.42320263385772705
1758725167.341162 -35.462890625 1.1822137832641602 -9.581932067871094 0.04001130163669586 -0.8574368953704834 -0.28520914912223816 0.4264467656612396
1758725169.807803 -36.74640655517578 1.4365358352661133 -10.585689544677734 0.036900658160448074 -0.8532033562660217 -0.28333768248558044 0.43635085225105286
1758725171.874424 -37.8797721862793 1.6485004425048828 -11.468521118164062 0.035544849932193756 -0.8400484323501587 -0.2744755744934082 0.4666030704975128
1758725174.807667 -39.54250717163086 1.8576927185058594 -12.527778625488281 0.03325091302394867 -0.8342657089233398 -0.26931512355804443 0.4799630045890808
1758725176.874269 -40.91454315185547 2.0546226501464844 -13.327442169189453 0.028010999783873558 -0.8291192054748535 -0.26900824904441833 0.4892968237400055
1758725178.140933 -41.8756103515625 2.189546585083008 -13.866413116455078 0.026119355112314224 -0.8269856572151184 -0.26862192153930664 0.4932085871696472
1758725179.474243 -42.65403366088867 2.290912628173828 -14.30804443359375 0.026269424706697464 -0.8261756300926208 -0.26460355520248413 0.49671804904937744
1758725180.740845 -43.4755859375 2.4020347595214844 -14.760871887207031 0.02357466332614422 -0.8236098885536194 -0.26619699597358704 0.5002502202987671
1758725182.207504 -44.46990966796875 2.5426692962646484 -15.274322509765625 0.022172054275870323 -0.8213925361633301 -0.2674599885940552 0.503277063369751
1758725183.607803 -45.2606315612793 2.6863842010498047 -15.81978988647461 0.02510729618370533 -0.8502205610275269 -0.27415502071380615 0.44870221614837646
1758725184.740755 -45.862876892089844 2.8562984466552734 -16.291019439697266 0.018714217469096184 -0.8523029685020447 -0.2995854914188385 0.4283433258533478
1758725185.540748 -46.23412322998047 2.9315948486328125 -16.60605239868164 0.035102155059576035 -0.8630775809288025 -0.2804168164730072 0.41860660910606384
1758725186.74066 -46.76614761352539 3.0701465606689453 -17.07729721069336 0.031791239976882935 -0.8701990842819214 -0.2886885702610016 0.39799731969833374
1758725187.807348 -47.248756408691406 3.211305618286133 -17.524085998535156 0.033927347511053085 -0.8728934526443481 -0.29754552245140076 0.3851917088031769
1758725188.674014 -47.72314453125 3.336139678955078 -17.958534240722656 0.03545469790697098 -0.8717703819274902 -0.2888466417789459 0.39411553740501404
1758725189.540645 -48.275089263916016 3.4210643768310547 -18.384777069091797 0.04179379343986511 -0.8666031956672668 -0.27657052874565125 0.41323235630989075
1758725190.540639 -48.91680145263672 3.554952621459961 -18.928836822509766 0.046060945838689804 -0.8664364218711853 -0.27729713916778564 0.4126410186290741
1758725191.407409 -49.5196533203125 3.713071823120117 -19.435718536376953 0.043697554618120193 -0.8607655763626099 -0.29421982169151306 0.4130469858646393
1758725192.140587 -50.05393981933594 3.8306827545166016 -19.87594985961914 0.04126495495438576 -0.8635572791099548 -0.29279768466949463 0.4084552228450775
1758725192.807284 -50.551177978515625 3.9664058685302734 -20.298709869384766 0.04259614646434784 -0.8621102571487427 -0.296697199344635 0.40856117010116577
1758725193.47387 -51.096580505371094 4.099678039550781 -20.75933837890625 0.043962981551885605 -0.8639147877693176 -0.2964566648006439 0.40476158261299133
1758725194.140556 -51.659732818603516 4.247880935668945 -21.219364166259766 0.0418422631919384 -0.8619444966316223 -0.30408763885498047 0.40352386236190796
1758725194.940537 -52.328514099121094 4.415504455566406 -21.769649505615234 0.04177430644631386 -0.8637492060661316 -0.3039049506187439 0.39979246258735657
1758725195.740696 -52.961273193359375 4.568687438964844 -22.310829162597656 0.04024249687790871 -0.8656740784645081 -0.30059030652046204 0.3982895314693451
1758725196.340508 -53.44175720214844 4.689695358276367 -22.718910217285156 0.03739969804883003 -0.8682147264480591 -0.29732388257980347 0.3954782783985138
1758725196.940594 -53.93303680419922 4.803852081298828 -23.145736694335938 0.0337875671684742 -0.8718637228012085 -0.2908730208873749 0.3925619125366211
1758725197.740544 -54.549354553222656 4.966392517089844 -23.68274688720703 0.02511541172862053 -0.87831050157547 -0.29061704874038696 0.3787897527217865
1758725198.540438 -54.921260833740234 5.155500411987305 -24.298763275146484 0.028367238119244576 -0.9216041564941406 -0.3061763048171997 0.23684851825237274
1758725199.74039 -55.22633361816406 5.459104537963867 -25.239501953125 0.03111203759908676 -0.935782790184021 -0.3173709809780121 0.15039348602294922
1758725200.67372 -55.400394439697266 5.760430335998535 -26.10070037841797 0.033349841833114624 -0.9421412944793701 -0.3204016089439392 0.09273863583803177
1758725201.540331 -55.57875061035156 6.06004524230957 -26.97754669189453 0.03334547579288483 -0.9426237940788269 -0.32449716329574585 0.07106444984674454
1758725202.407004 -55.70191192626953 6.399899482727051 -27.91170883178711 0.03405909612774849 -0.9416971206665039 -0.33097437024116516 0.05002531409263611
1758725203.207007 -55.697147369384766 6.7120771408081055 -28.75943946838379 0.030134007334709167 -0.9435449838638306 -0.32936084270477295 -0.01833457686007023
1758725203.740293 -55.612613677978516 6.922978401184082 -29.329303741455078 0.02753269486129284 -0.9415624141693115 -0.32969585061073303 -0.06326835602521896
1758725204.406969 -55.497806549072266 7.188586711883545 -30.039215087890625 0.026936594396829605 -0.9395376443862915 -0.3308151960372925 -0.08429043740034103
1758725204.940305 -55.37113952636719 7.417896270751953 -30.646427154541016 0.027056945487856865 -0.9381786584854126 -0.33079493045806885 -0.09830290824174881
1758725205.406938 -55.22832489013672 7.6706156730651855 -31.314956665039062 0.02191820926964283 -0.9356483221054077 -0.3344726264476776 -0.110498808324337
1758725205.80691 -55.098411560058594 7.872818946838379 -31.852394104003906 0.019417082890868187 -0.9362921118736267 -0.328178346157074 -0.12360849976539612
1758725206.340589 -54.880210876464844 8.159510612487793 -32.620933532714844 0.01490145456045866 -0.9340412616729736 -0.3282911777496338 -0.13989239931106567
1758725206.806895 -54.666160583496094 8.432275772094727 -33.29996109008789 0.015734700486063957 -0.9306298494338989 -0.3329756557941437 -0.1510220468044281
1758725207.140231 -54.483070373535156 8.639274597167969 -33.813777923583984 0.017299072816967964 -0.9262985587120056 -0.3407847583293915 -0.15980470180511475
1758725207.540177 -54.24658966064453 8.905404090881348 -34.46147155761719 0.021505681797862053 -0.925166666507721 -0.33993983268737793 -0.16746696829795837
1758725207.87353 -54.02662658691406 9.112305641174316 -35.011436462402344 0.021823054179549217 -0.9278560876846313 -0.3278098702430725 -0.17648670077323914
1758725208.206851 -53.784088134765625 9.345458984375 -35.60374069213867 0.029705017805099487 -0.9266377687454224 -0.3274528384208679 -0.1823040097951889
1758725208.540357 -53.520713806152344 9.598662376403809 -36.21502685546875 0.0384228341281414 -0.9230220913887024 -0.33306899666786194 -0.1887301802635193
1758725208.873511 -53.26775360107422 9.824445724487305 -36.81145477294922 0.0386979766190052 -0.9234408140182495 -0.3279055953025818 -0.19554442167282104
1758725209.274289 -52.945655822753906 10.089181900024414 -37.501548767089844 0.03552103415131569 -0.9210308194160461 -0.32257863879203796 -0.2153685986995697
1758725209.540545 -52.681488037109375 10.263787269592285 -37.93998336791992 0.031202150508761406 -0.9114565253257751 -0.3204001188278198 -0.2561586797237396
1758725209.873464 -52.280967712402344 10.472308158874512 -38.443939208984375 0.02598618157207966 -0.8899203538894653 -0.3192928731441498 -0.32468217611312866
1758725210.207067 -51.885704040527344 10.671797752380371 -38.92349624633789 0.025156209245324135 -0.8878099918365479 -0.3196049928665161 -0.3301714062690735
1758725210.540177 -51.49085998535156 10.856901168823242 -39.390201568603516 0.0235662329941988 -0.8860941529273987 -0.31474968791007996 -0.33943265676498413
1758725210.87347 -51.061851501464844 11.055641174316406 -39.86695861816406 0.023458175361156464 -0.8823419809341431 -0.31737184524536133 -0.3466950058937073
1758725211.27347 -50.557640075683594 11.277718544006348 -40.405250549316406 0.023930329829454422 -0.878721296787262 -0.3151756227016449 -0.35768792033195496
1758725211.60682 -50.1304931640625 11.457627296447754 -40.85478210449219 0.02162986621260643 -0.8773702383041382 -0.31199368834495544 -0.36388692259788513
1758725212.007116 -49.59431457519531 11.689370155334473 -41.390655517578125 0.02317354828119278 -0.8725939989089966 -0.3158046007156372 -0.371900737285614
1758725212.340095 -49.148193359375 11.870949745178223 -41.834381103515625 0.021540407091379166 -0.8712539672851562 -0.31230103969573975 -0.37804844975471497
1758725212.673422 -48.71345901489258 12.051814079284668 -42.247344970703125 0.01932271011173725 -0.8680644035339355 -0.3139539659023285 -0.3840882182121277
1758725213.073424 -48.16782760620117 12.2698974609375 -42.758140563964844 0.017102666199207306 -0.8654085993766785 -0.313760370016098 -0.39029473066329956
1758725213.473423 -47.6231575012207 12.48038101196289 -43.247318267822266 0.017542220652103424 -0.8625392317771912 -0.3148808479309082 -0.3956872522830963
1758725213.806722 -47.15613555908203 12.659207344055176 -43.66310119628906 0.01844829134643078 -0.8610573410987854 -0.31497594714164734 -0.39878585934638977
1758725214.140071 -46.690956115722656 12.838757514953613 -44.0609130859375 0.018407300114631653 -0.8584409952163696 -0.3154648542404175 -0.40400761365890503
1758725214.473372 -46.20766067504883 12.987713813781738 -44.4014892578125 0.020115267485380173 -0.8438848257064819 -0.3088683784008026 -0.43823981285095215
1758725214.806701 -45.706119537353516 13.145193099975586 -44.73792266845703 0.021655431017279625 -0.8391422629356384 -0.3077220022678375 -0.44797155261039734
1758725215.140245 -45.1910514831543 13.308280944824219 -45.07465362548828 0.024017369374632835 -0.8363955616950989 -0.30745136737823486 -0.4531438648700714
1758725215.473399 -44.680782318115234 13.466146469116211 -45.398101806640625 0.024315645918250084 -0.8333485126495361 -0.3081972599029541 -0.4582068622112274
1758725215.806707 -44.15297317504883 13.621435165405273 -45.737918853759766 0.024326125159859657 -0.8311499357223511 -0.3059043884277344 -0.46370312571525574
1758725216.139982 -43.626380920410156 13.775146484375 -46.05098342895508 0.024728478863835335 -0.8281022906303406 -0.30395984649658203 -0.4703652858734131
1758725216.608507 -42.966148376464844 13.988012313842773 -46.481101989746094 0.0274919755756855 -0.8374165296554565 -0.30888643860816956 -0.4500744640827179
1758725217.006662 -42.4462890625 14.16484260559082 -46.89201736450195 0.02705558016896248 -0.850697934627533 -0.30963191390037537 -0.42392125725746155
1758725217.339983 -41.95318603515625 14.339298248291016 -47.26835250854492 0.029516814276576042 -0.8475512266159058 -0.31024956703186035 -0.4295707643032074
1758725217.673317 -41.457000732421875 14.513091087341309 -47.64651870727539 0.03098304569721222 -0.8470219969749451 -0.3088010251522064 -0.4315505027770996
1758725218.006641 -40.943328857421875 14.687411308288574 -48.0289306640625 0.0316600576043129 -0.8455996513366699 -0.3098910450935364 -0.43350479006767273
1758725218.339965 -40.42713165283203 14.86777400970459 -48.41990661621094 0.031260184943675995 -0.8454167246818542 -0.3086894750595093 -0.43474605679512024
1758725218.673444 -39.915184020996094 15.038987159729004 -48.7994270324707 0.02924889512360096 -0.8435930013656616 -0.30893006920814514 -0.4382438063621521
1758725219.006598 -39.40435791015625 15.203428268432617 -49.173133850097656 0.028438910841941833 -0.8426128625869751 -0.3084132671356201 -0.440540611743927
1758725219.33995 -38.87531280517578 15.378396987915039 -49.55612564086914 0.02820572815835476 -0.8417922258377075 -0.3074559271335602 -0.44278794527053833
1758725219.673941 -38.33973693847656 15.560041427612305 -49.93347930908203 0.028023764491081238 -0.8399468064308167 -0.308047354221344 -0.4458821415901184
1758725220.006603 -37.79121398925781 15.735679626464844 -50.32365417480469 0.026997767388820648 -0.83821040391922 -0.3091685175895691 -0.4484298825263977
1758725220.339883 -37.27278137207031 15.910893440246582 -50.68115997314453 0.02828383818268776 -0.8352512717247009 -0.3119557499885559 -0.4519280791282654
1758725220.739891 -36.646629333496094 16.10071563720703 -51.092430114746094 0.02442966029047966 -0.8341928720474243 -0.3094016909599304 -0.4558465778827667
1758725221.073233 -36.100616455078125 16.279043197631836 -51.44834899902344 0.025574762374162674 -0.8319286704063416 -0.3102284371852875 -0.4593462347984314
1758725221.406582 -35.56227111816406 16.463403701782227 -51.80388641357422 0.026827827095985413 -0.8300918936729431 -0.312282919883728 -0.46120187640190125
1758725221.806558 -34.91273498535156 16.673147201538086 -52.235416412353516 0.027871599420905113 -0.828682005405426 -0.3120053708553314 -0.46385547518730164
1758725222.073231 -34.46852111816406 16.81061363220215 -52.520206451416016 0.025294778868556023 -0.8266639709472656 -0.3126359283924103 -0.46716776490211487
1758725222.47318 -33.80519104003906 17.02312660217285 -52.93408203125 0.025949591770768166 -0.8251613974571228 -0.3144833445549011 -0.4685462713241577
1758725222.806523 -33.24317932128906 17.187898635864258 -53.278472900390625 0.025820482522249222 -0.8233598470687866 -0.31251683831214905 -0.4730170667171478
1758725223.206505 -32.537109375 17.36394500732422 -53.59651184082031 0.020923316478729248 -0.7862297296524048 -0.3002830147743225 -0.5396620035171509
1758725223.473178 -32.052703857421875 17.437103271484375 -53.7390251159668 0.011763443239033222 -0.7542518973350525 -0.28560030460357666 -0.591099202632904
1758725223.873168 -31.309879302978516 17.582279205322266 -53.93065643310547 0.016048181802034378 -0.7405640482902527 -0.29886671900749207 -0.6016528010368347
1758725224.206527 -30.70722198486328 17.688793182373047 -54.08650207519531 0.009909957647323608 -0.7366171479225159 -0.29892948269844055 -0.6065790057182312
1758725224.539832 -30.110267639160156 17.792041778564453 -54.24177932739258 0.0063081225380301476 -0.7334213852882385 -0.29958298802375793 -0.610166609287262
1758725224.939773 -29.41364288330078 17.897239685058594 -54.411781311035156 0.0010256688110530376 -0.73408043384552 -0.29212120175361633 -0.6130172610282898
1758725225.273115 -28.824668884277344 17.98012351989746 -54.54877853393555 -0.002267871517688036 -0.7332924008369446 -0.2878752052783966 -0.615958571434021
1758725225.606451 -28.234886169433594 18.04953384399414 -54.698116302490234 -0.005697576329112053 -0.7308672070503235 -0.28615057468414307 -0.6196115612983704
1758725225.939799 -27.661537170410156 18.096248626708984 -54.811519622802734 -0.01630227454006672 -0.7222486734390259 -0.27310168743133545 -0.6352216005325317
1758725226.273142 -27.07494354248047 18.14266014099121 -54.867862701416016 -0.008745940402150154 -0.6938443183898926 -0.27221256494522095 -0.6666362285614014
1758725226.673071 -26.42620849609375 18.155967712402344 -54.87010955810547 -0.015849005430936813 -0.6581996083259583 -0.2584977447986603 -0.7068954110145569
1758725227.139853 -25.691810607910156 18.150218963623047 -54.786170959472656 -0.009390474297106266 -0.6166964769363403 -0.2416197508573532 -0.7491443157196045
1758725227.673101 -24.882308959960938 18.09551239013672 -54.589149475097656 -0.011652673594653606 -0.5661186575889587 -0.21988269686698914 -0.7943711280822754
1758725228.206429 -24.113933563232422 18.02906036376953 -54.316993713378906 -0.008049570955336094 -0.517804741859436 -0.21142028272151947 -0.8289239406585693
1758725228.673022 -23.52739715576172 17.942584991455078 -54.04353713989258 -0.010944395326077938 -0.4845839738845825 -0.20078586041927338 -0.8513187766075134
1758725229.406569 -22.830591201782227 17.814388275146484 -53.679134368896484 -0.018630649894475937 -0.4658440351486206 -0.18966266512870789 -0.8641008734703064
1758725230.073039 -22.153900146484375 17.712743759155273 -53.2930908203125 -0.005440237000584602 -0.4521175026893616 -0.19143852591514587 -0.871155321598053
1758725230.606296 -21.631072998046875 17.62615966796875 -52.98234176635742 -0.005402104929089546 -0.44490790367126465 -0.1874164342880249 -0.8757299184799194
1758725231.139633 -21.130834579467773 17.52971839904785 -52.67918014526367 -0.009862788952887058 -0.43554022908210754 -0.1833232045173645 -0.881249189376831
1758725231.739637 -20.54438018798828 17.431957244873047 -52.29339599609375 -0.0009012108203023672 -0.42302295565605164 -0.18733243644237518 -0.8865423798561096
1758725232.272972 -20.021047592163086 17.338829040527344 -51.932861328125 0.0019216409418731928 -0.41718730330467224 -0.18683801591396332 -0.8894057869911194
1758725232.806242 -19.5181884765625 17.237550735473633 -51.58257293701172 -0.0016696711536496878 -0.4116704761981964 -0.18202543258666992 -0.8929677605628967
1758725233.339597 -18.99939727783203 17.141115188598633 -51.21368408203125 0.0012885874602943659 -0.4068320393562317 -0.17831777036190033 -0.8959290385246277
1758725233.872946 -18.483640670776367 17.039775848388672 -50.83753967285156 0.003341459669172764 -0.40131935477256775 -0.17527249455451965 -0.8990057110786438
1758725234.406258 -18.005054473876953 16.934921264648438 -50.46489715576172 0.0012936805142089725 -0.39648377895355225 -0.17135800421237946 -0.9019065499305725
1758725234.939557 -17.467208862304688 16.82439422607422 -50.03390121459961 0.004701136611402035 -0.3920961618423462 -0.1691146343946457 -0.9042338132858276
1758725235.539574 -16.876888275146484 16.695255279541016 -49.557769775390625 0.004579109605401754 -0.38602298498153687 -0.1670331209897995 -0.907229483127594
1758725236.072883 -16.33782958984375 16.57638168334961 -49.11189270019531 0.0071639674715697765 -0.38180485367774963 -0.16546326875686646 -0.9092831015586853
1758725236.60622 -15.744592666625977 16.434112548828125 -48.609066009521484 0.005984465125948191 -0.37742793560028076 -0.16196709871292114 -0.9117450714111328
1758725237.139507 -15.132478713989258 16.292903900146484 -48.100425720214844 0.005816144403070211 -0.3760009706020355 -0.16113221645355225 -0.9124833941459656
1758725237.673431 -14.510124206542969 16.18206024169922 -47.65504837036133 0.007152241189032793 -0.406707227230072 -0.1735917180776596 -0.8968856930732727
1758725238.206167 -13.86463737487793 16.05695152282715 -47.17061233520508 0.008322176523506641 -0.40105026960372925 -0.17141395807266235 -0.899837076663971
1758725238.606154 -13.360198974609375 15.961065292358398 -46.79838562011719 0.007696244399994612 -0.40193867683410645 -0.16866721212863922 -0.8999652862548828
1758725238.939428 -12.891639709472656 15.872438430786133 -46.44108581542969 0.008951121009886265 -0.40228694677352905 -0.16813404858112335 -0.8998978137969971
1758725239.272773 -12.37763500213623 15.795425415039062 -46.10218811035156 0.012516879476606846 -0.42500919103622437 -0.17635320127010345 -0.8877556324005127
1758725239.672771 -11.772327423095703 15.723834991455078 -45.786434173583984 0.014836985617876053 -0.46916908025741577 -0.1885046809911728 -0.8626275658607483
1758725240.006113 -11.249316215515137 15.656455039978027 -45.518611907958984 0.012600722722709179 -0.47254303097724915 -0.1873876005411148 -0.8610634207725525
1758725240.339437 -10.699387550354004 15.591222763061523 -45.23330307006836 0.012578572146594524 -0.47685712575912476 -0.1858808994293213 -0.8590095639228821
1758725240.672779 -10.125059127807617 15.529921531677246 -44.94994354248047 0.015012280084192753 -0.4805397093296051 -0.18650570511817932 -0.856779932975769
1758725241.072729 -9.43973159790039 15.470803260803223 -44.612239837646484 0.02048628032207489 -0.48374032974243164 -0.1904202103614807 -0.8539999127388
1758725241.406107 -8.887109756469727 15.398536682128906 -44.35862731933594 0.008019858039915562 -0.48860546946525574 -0.18474321067333221 -0.8526841998100281
1758725241.806052 -8.24152660369873 15.312665939331055 -44.00247573852539 0.012264876626431942 -0.46253740787506104 -0.17857994139194489 -0.8683421015739441
1758725242.139376 -7.719015121459961 15.232514381408691 -43.659698486328125 0.01424487680196762 -0.4414895474910736 -0.1748560667037964 -0.8799484968185425
1758725242.473179 -7.193147659301758 15.151668548583984 -43.346702575683594 0.011881966143846512 -0.4484815001487732 -0.17484477162361145 -0.8764431476593018
1758725242.872739 -6.57835578918457 15.061872482299805 -42.98575210571289 0.011367110535502434 -0.44696328043937683 -0.17423778772354126 -0.8773459196090698
1758725243.139372 -6.153163909912109 14.996048927307129 -42.73536682128906 0.01223460678011179 -0.4457663595676422 -0.17573590576648712 -0.8776443600654602
1758725243.539339 -5.544529914855957 14.912060737609863 -42.38323974609375 0.01078933384269476 -0.4444822371006012 -0.17466729879379272 -0.8785274624824524
1758725243.872673 -5.003920555114746 14.832600593566895 -42.057395935058594 0.009853879921138287 -0.44147446751594543 -0.177728071808815 -0.8794407248497009
1758725244.273157 -4.392263412475586 14.743936538696289 -41.69206237792969 0.007592315319925547 -0.4400329887866974 -0.17776931822299957 -0.880176842212677
1758725244.739332 -3.6791725158691406 14.631407737731934 -41.246097564697266 0.007078970782458782 -0.4374292492866516 -0.1751500517129898 -0.8820022940635681
1758725245.139336 -3.093327522277832 14.524007797241211 -40.828399658203125 0.009156392887234688 -0.4134941101074219 -0.16831806302070618 -0.8947669267654419
1758725245.472625 -2.637938976287842 14.418686866760254 -40.45126724243164 0.0058396789245307446 -0.3847782015800476 -0.1578933745622635 -0.9093851447105408
1758725245.872622 -2.111074447631836 14.283308029174805 -39.979515075683594 0.004213694948703051 -0.36773306131362915 -0.14944034814834595 -0.9178356528282166
1758725246.339292 -1.4972634315490723 14.129219055175781 -39.428802490234375 0.0072245788760483265 -0.3652293384075165 -0.14946076273918152 -0.9188127517700195
1758725246.739288 -0.968109130859375 13.997374534606934 -38.93886184692383 0.008015135303139687 -0.35960453748703003 -0.14716044068336487 -0.9213925004005432
1758725247.139296 -0.4413485527038574 13.86226749420166 -38.462738037109375 0.007740213070064783 -0.35474061965942383 -0.14514662325382233 -0.9235971570014954
1758725247.47256 -0.0029468536376953125 13.747121810913086 -38.05005645751953 0.009506681933999062 -0.35138121247291565 -0.14299376308918 -0.9251992702484131
1758725247.872552 0.5200662612915039 13.60110092163086 -37.53937530517578 0.008449535816907883 -0.3465188443660736 -0.14048822224140167 -0.9274245500564575
1758725248.272591 1.0252151489257812 13.448404312133789 -37.0484733581543 0.005282575264573097 -0.34025388956069946 -0.1382482945919037 -0.9301004409790039
1758725248.672601 1.5180373191833496 13.306502342224121 -36.549739837646484 0.005552719347178936 -0.33262693881988525 -0.14088580012321472 -0.9324589371681213
1758725249.005912 1.930905818939209 13.193953514099121 -36.123565673828125 0.008564393036067486 -0.3277636468410492 -0.14367124438285828 -0.9337324500083923
1758725249.205926 2.182992458343506 13.124503135681152 -35.8537712097168 0.012012768536806107 -0.3254171311855316 -0.14254479110240936 -0.9346873760223389
1758725249.672527 2.686316967010498 12.944921493530273 -35.23883819580078 0.007079573813825846 -0.29209402203559875 -0.13068608939647675 -0.9473922848701477
1758725250.139183 3.139151096343994 12.754344940185547 -34.5966682434082 0.008458992466330528 -0.26848191022872925 -0.12061206251382828 -0.9556666016578674
1758725250.539184 3.523721218109131 12.592657089233398 -34.06524658203125 0.0060730851255357265 -0.26718825101852417 -0.11741062253713608 -0.9564456939697266
1758725250.939505 3.8971195220947266 12.426596641540527 -33.53286361694336 0.0013039178447797894 -0.2621558904647827 -0.11083816736936569 -0.9586383700370789
1758725251.205839 4.157587051391602 12.315464973449707 -33.14364242553711 0.005547188688069582 -0.25903597474098206 -0.10911933332681656 -0.9596679210662842
1758725251.672497 4.593008995056152 12.129067420959473 -32.49835968017578 0.00848762970417738 -0.25198158621788025 -0.10522536188364029 -0.9619568586349487
1758725252.13915 5.004390716552734 11.948702812194824 -31.86715316772461 0.010086867958307266 -0.2465672343969345 -0.10161826759576797 -0.9637306332588196
1758725252.472467 5.306117057800293 11.805045127868652 -31.37662696838379 0.009974857792258263 -0.24160023033618927 -0.09925346076488495 -0.9652350544929504
1758725252.739132 5.542118072509766 11.688130378723145 -30.985248565673828 0.010081947781145573 -0.2380770444869995 -0.09847518801689148 -0.9661886096000671
1758725253.07256 5.820638656616211 11.551761627197266 -30.52289581298828 0.009805835783481598 -0.23443703353405 -0.09554942697286606 -0.9673745036125183
1758725253.472624 6.142670631408691 11.388772010803223 -30.003639221191406 0.008754191920161247 -0.22979383170604706 -0.09254945069551468 -0.9687893390655518
1758725253.939084 6.513890743255615 11.185596466064453 -29.351591110229492 0.006683711428195238 -0.22454217076301575 -0.0893138200044632 -0.9703397750854492
1758725254.20653 6.736393928527832 11.072981834411621 -28.967037200927734 0.009618900716304779 -0.21661262214183807 -0.08669543266296387 -0.9723530411720276
1758725254.672942 7.0423078536987305 10.874350547790527 -28.29694938659668 0.011452998965978622 -0.18338699638843536 -0.07556504011154175 -0.9800653457641602
1758725255.072413 7.281448841094971 10.694167137145996 -27.702054977416992 0.013151433318853378 -0.1589091569185257 -0.06771287322044373 -0.9848806858062744
1758725255.539084 7.537921905517578 10.488378524780273 -27.029739379882812 0.010153383016586304 -0.1544313281774521 -0.06657317280769348 -0.9857057929039001
1758725255.872379 7.731923580169678 10.334184646606445 -26.53110694885254 0.010281152091920376 -0.14944982528686523 -0.06368273496627808 -0.9866628646850586
1758725256.272364 7.935340881347656 10.152832984924316 -25.942901611328125 0.010916500352323055 -0.14285892248153687 -0.06126436963677406 -0.9877848625183105
1758725256.739021 8.162015914916992 9.937552452087402 -25.255035400390625 0.00887047965079546 -0.13546402752399445 -0.05753638595342636 -0.989070475101471
1758725257.205757 8.384757995605469 9.716647148132324 -24.54702377319336 0.00818183459341526 -0.12783287465572357 -0.054897844791412354 -0.9902414679527283
1758725257.672377 8.582795143127441 9.510809898376465 -23.878095626831055 0.009398446418344975 -0.1209859549999237 -0.05264679342508316 -0.9912126660346985
1758725258.072327 8.757612228393555 9.324021339416504 -23.278886795043945 0.008138163946568966 -0.11525050550699234 -0.049816299229860306 -0.992053210735321
1758725258.272355 8.839137077331543 9.227632522583008 -22.968505859375 0.008865668438374996 -0.11256676912307739 -0.04870549589395523 -0.9924101829528809
1758725258.738988 9.019970893859863 9.007261276245117 -22.254940032958984 0.00912183616310358 -0.10584920644760132 -0.04679029807448387 -0.9932388663291931
1758725259.139008 9.17941665649414 8.809720039367676 -21.635801315307617 0.007697937544435263 -0.10107530653476715 -0.04428566247224808 -0.9938628077507019
1758725259.538984 9.32245922088623 8.614657402038574 -21.018659591674805 0.007332595996558666 -0.09646149724721909 -0.04292682185769081 -0.9943835735321045
1758725259.872319 9.442084312438965 8.45616340637207 -20.517772674560547 0.007559590972959995 -0.09308557212352753 -0.04087108001112938 -0.9947901964187622
1758725260.272482 9.568397521972656 8.264535903930664 -19.910892486572266 0.007840142585337162 -0.08972705900669098 -0.03668058663606644 -0.9952598810195923
1758725260.738947 9.714835166931152 8.041707992553711 -19.20514488220215 0.007314162328839302 -0.08551672846078873 -0.03285319358110428 -0.995768129825592
1758725261.138966 9.837846755981445 7.850861549377441 -18.595806121826172 0.008279945701360703 -0.08170217275619507 -0.031023673713207245 -0.9961394667625427
1758725261.605679 9.97642993927002 7.632690906524658 -17.85689353942871 0.015861432999372482 -0.07770326733589172 -0.028497157618403435 -0.996442973613739
1758725262.005602 10.097041130065918 7.433585166931152 -17.240257263183594 0.00902504101395607 -0.07444402575492859 -0.025339486077427864 -0.9968624114990234
1758725262.338914 10.185626983642578 7.2640862464904785 -16.719146728515625 0.006064881570637226 -0.07231853902339935 -0.023752758279442787 -0.9970802664756775
1758725262.805548 10.311029434204102 7.033936977386475 -15.995019912719727 0.005879661068320274 -0.06820818781852722 -0.02228134498000145 -0.997404932975769
1758725263.072224 10.380229949951172 6.890068054199219 -15.582891464233398 0.002920987782999873 -0.064886674284935 -0.02261240780353546 -0.9976321458816528
1758725263.538877 10.511605262756348 6.66831636428833 -14.83436393737793 0.013605884276330471 -0.061909791082143784 -0.020529797300696373 -0.9977778792381287
1758725263.93888 10.588786125183105 6.464000225067139 -14.22851848602295 0.00641216803342104 -0.06043108552694321 -0.015212571248412132 -0.9980358481407166
1758725264.405495 10.676573753356934 6.235199451446533 -13.546895980834961 0.0021917938720434904 -0.05897389352321625 -0.0107413399964571 -0.9981994032859802
1758725264.738845 10.751317977905273 6.0681657791137695 -13.043405532836914 0.00395550113171339 -0.056365031749010086 -0.010170668363571167 -0.9983506202697754
1758725265.138836 10.825323104858398 5.870265007019043 -12.43019962310791 0.007053658366203308 -0.05381184443831444 -0.008525925688445568 -0.9984897971153259
1758725265.605495 10.91114330291748 5.642752647399902 -11.725096702575684 0.006595697719603777 -0.05018525570631027 -0.008198305033147335 -0.9986845254898071
1758725266.072172 11.000097274780273 5.410510540008545 -11.010576248168945 0.004805843345820904 -0.047183774411678314 -0.007368477992713451 -0.998847484588623
1758725266.538819 11.075201034545898 5.169386863708496 -10.288878440856934 0.002428635023534298 -0.04517492279410362 -0.00563496258109808 -0.9989602565765381
1758725267.005484 11.15591049194336 4.931705951690674 -9.567709922790527 0.00254129059612751 -0.041768878698349 -0.005223688669502735 -0.9991104602813721
1758725267.472105 11.229448318481445 4.690846920013428 -8.847505569458008 0.0015788535820320249 -0.03857092931866646 -0.005307422485202551 -0.9992405772209167
1758725267.938787 11.28991985321045 4.455286502838135 -8.125829696655273 0.0069525111466646194 -0.0369437076151371 -0.004535268060863018 -0.9992828965187073
1758725268.405521 11.346085548400879 4.208842754364014 -7.3961310386657715 0.004118626471608877 -0.03235016390681267 -0.004230418708175421 -0.9994591474533081
1758725268.93877 11.410890579223633 3.932371139526367 -6.611660003662109 -0.005268463399261236 -0.03091878443956375 -0.00426510302349925 -0.9994989633560181
1758725269.472056 11.477805137634277 3.6635375022888184 -5.800117492675781 0.001631289254873991 -0.0274167750030756 -0.005212067160755396 -0.9996091723442078
1758725269.938722 11.543643951416016 3.436528444290161 -5.0901265144348145 0.009089281782507896 -0.04128740727901459 -0.012229432351887226 -0.999031126499176
1758725270.472154 11.7338228225708 3.1805033683776855 -4.339089870452881 0.004754086956381798 -0.09403206408023834 -0.03162461891770363 -0.9950554370880127
1758725271.005357 11.908608436584473 2.920992136001587 -3.554332733154297 0.004933367483317852 -0.09376637637615204 -0.03231105953454971 -0.9950576424598694
1758725271.405367 12.056862831115723 2.723731279373169 -2.944584608078003 0.006000599358230829 -0.09813941270112991 -0.032398831099271774 -0.994627058506012
1758725271.805354 12.214147567749023 2.5188307762145996 -2.3233461380004883 0.005912041757255793 -0.10110857337713242 -0.034775443375110626 -0.9942498803138733
1758725272.272016 12.408219337463379 2.2796683311462402 -1.6074055433273315 0.0027822479605674744 -0.10439276695251465 -0.0364304780960083 -0.9938648343086243
1758725272.671969 12.578864097595215 2.078862190246582 -0.9936771392822266 0.002417725743725896 -0.10817742347717285 -0.03698064386844635 -0.9934406280517578
1758725273.005308 12.72293472290039 1.9061858654022217 -0.47993579506874084 0.0022969383280724287 -0.11013633012771606 -0.03881664574146271 -0.9931555986404419
1758725273.405302 12.890804290771484 1.7021970748901367 0.14243200421333313 0.0030277250334620476 -0.11143755167722702 -0.0430249348282814 -0.9928351044654846
1758725273.938636 13.118188858032227 1.4536988735198975 0.922110378742218 0.005865748971700668 -0.11515063047409058 -0.0477772057056427 -0.9921810626983643
1758725274.40537 13.314496040344238 1.2493116855621338 1.5400724411010742 0.005519279278814793 -0.11631428450345993 -0.04930141568183899 -0.9919727444648743
1758725274.938613 13.501559257507324 1.0360386371612549 2.183112621307373 0.0025077429600059986 -0.1186637133359909 -0.0496184267103672 -0.9916908144950867
1758725275.538602 13.716523170471191 0.7921181917190552 2.8948514461517334 -0.00026162125868722796 -0.12033684551715851 -0.050671860575675964 -0.9914390444755554
1758725276.205245 13.956534385681152 0.5352050065994263 3.678771495819092 0.0013645435683429241 -0.12355482578277588 -0.05231001600623131 -0.9909571409225464
1758725276.871897 14.166605949401855 0.3035218417644501 4.37360143661499 -7.388465746771544e-05 -0.1252707988023758 -0.05332009494304657 -0.9906888008117676
1758725277.405231 14.35092830657959 0.11557534337043762 4.9423651695251465 0.00039309478597715497 -0.12326252460479736 -0.053834546357393265 -0.9909127354621887
1758725278.138548 14.497840881347656 -0.12286354601383209 5.6598591804504395 0.0033778531942516565 -0.07971595972776413 -0.04068171977996826 -0.9959814548492432
1758725279.205164 14.588395118713379 -0.38344669342041016 6.443323135375977 0.0031675235368311405 -0.044552240520715714 -0.029759904369711876 -0.9985587000846863
1758725280.338471 14.654513359069824 -0.6378772258758545 7.185609817504883 0.00013452510756906122 -0.033131420612335205 -0.02660631202161312 -0.9990968108177185
1758725281.271776 14.725577354431152 -0.8791598677635193 7.896412372589111 0.0004938335041515529 -0.02905944176018238 -0.023612745106220245 -0.9992986917495728
1758725282.205109 14.777016639709473 -1.1202318668365479 8.616299629211426 0.0006623049848712981 -0.021775824949145317 -0.01887540891766548 -0.9995845556259155
1758725283.271736 14.80963134765625 -1.3683232069015503 9.338107109069824 -0.0034297744277864695 -0.01534138061106205 -0.013187520205974579 -0.9997894763946533
1758725284.53842 14.8443603515625 -1.640688419342041 10.131446838378906 -0.0017112372443079948 -0.014847946353256702 -0.012017752043902874 -0.9998160600662231
1758725286.071668 14.899500846862793 -1.9275426864624023 10.964713096618652 -0.00274048768915236 -0.02694115601480007 -0.01369832269847393 -0.9995394349098206
1758725287.272183 14.94732666015625 -2.136075019836426 11.57774543762207 -0.0017599250422790647 -0.030378257855772972 -0.011999300681054592 -0.9994648694992065
1758725288.271676 14.982098579406738 -2.291684865951538 12.026020050048828 -0.004930492024868727 -0.03289829567074776 -0.011302459053695202 -0.9993826746940613
1758725288.6716 14.993017196655273 -2.3383448123931885 12.17027473449707 -0.002128039486706257 -0.034115757793188095 -0.011092140339314938 -0.9993540644645691
