1741639992.621248 -0.0 -0.0 -0.0 -0.0 -0.0 -0.0 1.0
1741639997.953276 0.004304165951907635 -0.059608764946460724 0.17080017924308777 -0.00022257291129790246 0.0011126308236271143 0.0004599178209900856 0.9999992251396179
1741639998.753113 0.006013741251081228 -0.18025965988636017 0.5405240058898926 -0.005043268669396639 0.00134296587202698 -0.0013630412286147475 0.9999854564666748
1741639999.68608 -0.004618155304342508 -0.3241124153137207 0.9797423481941223 -0.0033343136310577393 -0.010349863208830357 -0.0026436031330376863 0.9999374151229858
1741640000.419405 -0.022715117782354355 -0.487488716840744 1.4662529230117798 -0.0035817257594317198 -0.021915944293141365 -0.002558591775596142 0.9997501969337463
1741640001.019264 -0.04699230566620827 -0.6348427534103394 1.8721816539764404 0.006155084352940321 -0.030354764312505722 -0.004686742089688778 0.9995092749595642
1741640001.619168 -0.08789769560098648 -0.7807920575141907 2.259105920791626 0.012523678131401539 -0.04843159765005112 -0.008175431750714779 0.9987145662307739
1741640002.685555 -0.1707439422607422 -1.0349843502044678 2.9643352031707764 0.011691221967339516 -0.05383419245481491 -0.012705855071544647 0.9984006285667419
1741640003.618754 -0.2474973052740097 -1.2711302042007446 3.606646776199341 0.01282246969640255 -0.058883149176836014 -0.015260962769389153 0.9980658888816833
1741640004.618299 -0.3420301079750061 -1.5460726022720337 4.340949535369873 0.015924716368317604 -0.0612972266972065 -0.017259905114769936 0.9978432655334473
1741640005.551625 -0.45294642448425293 -1.8586796522140503 5.179330348968506 0.018073026090860367 -0.06372106820344925 -0.018729746341705322 0.9976282715797424
1741640006.418365 -0.555606484413147 -2.1459367275238037 5.951623439788818 0.016772514209151268 -0.0649941936135292 -0.020084653049707413 0.9975425004959106
1741640007.351103 -0.6789835691452026 -2.458667039871216 6.759665489196777 0.02016942948102951 -0.07052703201770782 -0.02295502834022045 0.9970417618751526
1741640008.284451 -0.8086731433868408 -2.772703170776367 7.5677103996276855 0.020106397569179535 -0.07509054243564606 -0.025265801697969437 0.9966537952423096
1741640009.284262 -0.9424269795417786 -3.087553024291992 8.388662338256836 0.018940245732665062 -0.08105923235416412 -0.025389762595295906 0.9962058067321777
1741640010.2172 -1.073301911354065 -3.3796470165252686 9.155760765075684 0.01859392412006855 -0.08490994572639465 -0.024299995973706245 0.9959187507629395
1741640011.217295 -1.218861699104309 -3.6959846019744873 9.971046447753906 0.019675718620419502 -0.09014270454645157 -0.024983849376440048 0.9954210519790649
1741640012.017058 -1.354386568069458 -3.971648693084717 10.705381393432617 0.022164948284626007 -0.09565804898738861 -0.02367524243891239 0.9948858022689819
1741640012.883395 -1.4857395887374878 -4.262798309326172 11.493538856506348 0.021333469077944756 -0.09942915290594101 -0.020989874377846718 0.9945944547653198
1741640014.016675 -1.6585161685943604 -4.555370330810547 12.282882690429688 0.019887614995241165 -0.11642376333475113 -0.02841109409928322 0.9925940036773682
1741640015.616625 -2.086658000946045 -4.86655330657959 13.034348487854004 0.0228364709764719 -0.22871743142604828 -0.0727882832288742 0.9704992175102234
1741640016.816179 -2.5900869369506836 -5.1133317947387695 13.649370193481445 0.021680375561118126 -0.3090735375881195 -0.09874651581048965 0.945649266242981
1741640017.882478 -3.1262402534484863 -5.290519714355469 14.012227058410645 0.03582026809453964 -0.3877829909324646 -0.12797342240810394 0.9121206998825073
1741640019.015819 -3.8123559951782227 -5.453823089599609 14.40733814239502 0.029469706118106842 -0.4490996301174164 -0.15445435047149658 0.8795366883277893
1741640020.082309 -4.461287975311279 -5.5986647605896 14.681453704833984 0.04788748919963837 -0.48738184571266174 -0.17106203734874725 0.8549289107322693
1741640021.01546 -5.102625846862793 -5.686716556549072 14.887494087219238 0.036385249346494675 -0.5272525548934937 -0.19567987322807312 0.826069176197052
1741640021.949267 -5.7209625244140625 -5.781134128570557 15.058454513549805 0.03824054077267647 -0.55350661277771 -0.1980419158935547 0.8080517053604126
1741640023.148303 -6.537028789520264 -5.821926116943359 15.113176345825195 0.03328271955251694 -0.629925012588501 -0.22921642661094666 0.7413141131401062
1741640024.281597 -7.289971351623535 -5.843353748321533 15.106642723083496 0.025851979851722717 -0.6667129993438721 -0.24082502722740173 0.7048608064651489
1741640025.348327 -8.0060396194458 -5.833975315093994 15.038501739501953 0.026539752259850502 -0.702214777469635 -0.24942277371883392 0.6663170456886292
1741640026.347934 -8.683683395385742 -5.7968926429748535 14.886730194091797 0.027552317827939987 -0.7404466867446899 -0.263112872838974 0.6178601980209351
1741640027.281176 -9.28457260131836 -5.71996545791626 14.644004821777344 0.029986238107085228 -0.7777131199836731 -0.27979105710983276 0.5621210336685181
1741640028.480808 -10.060724258422852 -5.627180099487305 14.332084655761719 0.030615856871008873 -0.7836519479751587 -0.2809772491455078 0.5531764030456543
1741640029.480798 -10.71729850769043 -5.56604528427124 14.091972351074219 0.031437959522008896 -0.7843943238258362 -0.27561163902282715 0.5547749996185303
1741640030.613986 -11.442692756652832 -5.482627868652344 13.78662395477295 0.03625471517443657 -0.7918633818626404 -0.27352017164230347 0.5448161959648132
1741640031.813788 -12.155823707580566 -5.3954997062683105 13.407537460327148 0.04104238003492355 -0.8178355693817139 -0.27598345279693604 0.5032828450202942
1741640032.813691 -12.691032409667969 -5.273662567138672 12.970710754394531 0.039290592074394226 -0.850956916809082 -0.2834073603153229 0.44046443700790405
1741640033.346946 -13.141897201538086 -5.161746025085449 12.570524215698242 0.0364537313580513 -0.8665239214897156 -0.2876783311367035 0.4062618315219879
1741640033.813319 -13.568084716796875 -5.048450946807861 12.18587875366211 0.03531646728515625 -0.8705833554267883 -0.2894918918609619 0.3962724804878235
1741640034.346738 -14.05670166015625 -4.920002460479736 11.735814094543457 0.03531525656580925 -0.8744257092475891 -0.29197630286216736 0.3858528137207031
1741640035.013364 -14.650115966796875 -4.778048992156982 11.18582820892334 0.03591303154826164 -0.8786540627479553 -0.28621405363082886 0.3804718852043152
1741640035.746591 -15.249414443969727 -4.622407913208008 10.566141128540039 0.04055396467447281 -0.8849651217460632 -0.27983343601226807 0.36998021602630615
1741640036.213006 -15.678977966308594 -4.516481399536133 10.127241134643555 0.04171423241496086 -0.8868354558944702 -0.2767289876937866 0.36770084500312805
1741640036.746264 -16.26976203918457 -4.354990482330322 9.469564437866211 0.04226324334740639 -0.8973326086997986 -0.2832585275173187 0.33581647276878357
1741640037.146378 -16.651927947998047 -4.218393325805664 8.940408706665039 0.04127970337867737 -0.9059833884239197 -0.2871444821357727 0.30828267335891724
1741640037.412986 -16.93282127380371 -4.116057872772217 8.561119079589844 0.04161328077316284 -0.9066983461380005 -0.2887113690376282 0.3046509325504303
1741640037.746281 -17.26582145690918 -3.998370409011841 8.097763061523438 0.042884461581707 -0.9082638025283813 -0.2886562943458557 0.2998256981372833
1741640038.146253 -17.65839958190918 -3.8363687992095947 7.536019802093506 0.04289516434073448 -0.9094443917274475 -0.29142752289772034 0.2934977114200592
1741640038.479642 -17.99289894104004 -3.7045111656188965 7.053339958190918 0.04326380789279938 -0.909885048866272 -0.29302507638931274 0.29047149419784546
1741640038.812652 -18.319904327392578 -3.5743021965026855 6.5788960456848145 0.04356890171766281 -0.9113469123840332 -0.29201850295066833 0.28683412075042725
1741640039.279226 -18.78080177307129 -3.382627010345459 5.898323059082031 0.04062683507800102 -0.9112755060195923 -0.296825647354126 0.28252607583999634
1741640039.679551 -19.180286407470703 -3.220414638519287 5.315767288208008 0.040829215198755264 -0.910711407661438 -0.29558253288269043 0.28560250997543335
1741640040.079335 -19.58651351928711 -3.0657544136047363 4.755731582641602 0.04168398678302765 -0.9076313972473145 -0.29393094778060913 0.29676973819732666
1741640040.479239 -19.995281219482422 -2.900042772293091 4.181064605712891 0.04219761863350868 -0.9077315926551819 -0.2959299683570862 0.29439473152160645
1741640040.87923 -20.407711029052734 -2.7438104152679443 3.609834671020508 0.04322846233844757 -0.9085968136787415 -0.2953549325466156 0.29214489459991455
1741640041.279146 -20.82475471496582 -2.584679365158081 3.02651309967041 0.04339069128036499 -0.9075923562049866 -0.2951531708240509 0.2954285740852356
1741640041.678904 -21.238506317138672 -2.412933826446533 2.4477500915527344 0.04469287768006325 -0.905339241027832 -0.297145813703537 0.30011308193206787
1741640042.07889 -21.67708969116211 -2.2588658332824707 1.8916988372802734 0.045432377606630325 -0.8993005752563477 -0.29419881105422974 0.3203771412372589
1741640042.479046 -22.122936248779297 -2.1125264167785645 1.346435546875 0.04653244465589523 -0.9000342488288879 -0.29189032316207886 0.3202706277370453
1741640042.87927 -22.569019317626953 -1.9579997062683105 0.7935676574707031 0.0464305654168129 -0.8980191349983215 -0.2950405180454254 0.3230433166027069
1741640043.27935 -23.01213264465332 -1.8076763153076172 0.2354755401611328 0.046386949717998505 -0.898335337638855 -0.29406875371932983 0.32305654883384705
1741640043.678834 -23.449989318847656 -1.659855842590332 -0.31221771240234375 0.04608893766999245 -0.8987725377082825 -0.2918112576007843 0.3239290714263916
1741640044.078776 -23.88793182373047 -1.5130939483642578 -0.8551445007324219 0.04611934721469879 -0.899527370929718 -0.29087817668914795 0.3226660490036011
1741640044.411871 -24.253925323486328 -1.394524097442627 -1.3184776306152344 0.043885670602321625 -0.9011645317077637 -0.2879834473133087 0.3210018575191498
1741640044.8787 -24.776281356811523 -1.2241554260253906 -1.9553165435791016 0.04291728138923645 -0.9005639553070068 -0.2886230945587158 0.3222412168979645
1741640045.278595 -25.2341251373291 -1.0833301544189453 -2.486356735229492 0.044999219477176666 -0.896124005317688 -0.2890479862689972 0.33374860882759094
1741640045.678551 -25.682697296142578 -0.9497756958007812 -3.007814407348633 0.04563573747873306 -0.893459141254425 -0.28579631447792053 0.3434655964374542
1741640046.211851 -26.259309768676758 -0.7909317016601562 -3.630838394165039 0.042769744992256165 -0.8855334520339966 -0.28864869475364685 0.36150139570236206
1741640046.611874 -26.73764419555664 -0.6715812683105469 -4.107177734375 0.04316546022891998 -0.8832438588142395 -0.2828180491924286 0.3715253174304962
1741640047.078384 -27.31817054748535 -0.5232753753662109 -4.666788101196289 0.0379815399646759 -0.8796039819717407 -0.28437474370002747 0.37945395708084106
1741640047.611613 -27.921581268310547 -0.3567953109741211 -5.282978057861328 0.03665381297469139 -0.8874056935310364 -0.2874089777469635 0.358557790517807
1741640048.144891 -28.483749389648438 -0.19014644622802734 -5.895965576171875 0.03763478994369507 -0.889657735824585 -0.2881311774253845 0.3522401750087738
1741640048.54485 -28.894731521606445 -0.07359504699707031 -6.363433837890625 0.03836953639984131 -0.8926266431808472 -0.28339114785194397 0.34847527742385864
1741640048.944805 -29.313051223754883 0.04432487487792969 -6.824100494384766 0.03785146400332451 -0.8909622430801392 -0.28471580147743225 0.35169658064842224
1741640049.34483 -29.720731735229492 0.15671062469482422 -7.262676239013672 0.03666091710329056 -0.8904470205307007 -0.28490447998046875 0.35297253727912903
1741640050.011154 -30.227441787719727 0.30615806579589844 -7.847782135009766 0.03762282803654671 -0.8903183937072754 -0.28631696105003357 0.35205164551734924
1741640051.077897 -30.961999893188477 0.5259323120117188 -8.67635726928711 0.03479260578751564 -0.8899930119514465 -0.2839781939983368 0.3550470471382141
1741640051.677925 -31.402311325073242 0.6440086364746094 -9.168384552001953 0.035722408443689346 -0.8902415037155151 -0.2823534309864044 0.35562700033187866
1741640052.877612 -32.093658447265625 0.8400859832763672 -9.990379333496094 0.03464540094137192 -0.8882310390472412 -0.2854306995868683 0.3582940101623535
1741640054.477501 -32.52168273925781 1.004892349243164 -10.554969787597656 0.032731831073760986 -0.8745201826095581 -0.28335243463516235 0.3922429084777832
1741640057.277112 -33.126953125 1.2189903259277344 -11.286663055419922 0.04022298753261566 -0.8682818412780762 -0.2773122489452362 0.409349262714386
1741640059.076871 -33.48288345336914 1.3411283493041992 -11.757621765136719 0.03791669011116028 -0.8651636242866516 -0.27601540088653564 0.41697704792022705
1741640061.743312 -34.008785247802734 1.5252056121826172 -12.393474578857422 0.03590024635195732 -0.8628555536270142 -0.27615827322006226 0.42181527614593506
1741640063.209549 -34.443172454833984 1.6456403732299805 -12.829586029052734 0.034320175647735596 -0.8537479639053345 -0.26988235116004944 0.4439595937728882
1741640066.209342 -35.33821105957031 1.7474727630615234 -13.53194808959961 0.027552736923098564 -0.8542276620864868 -0.26589223742485046 0.4459116458892822
1741640068.609034 -36.04610824584961 1.7928886413574219 -13.99527359008789 0.027398042380809784 -0.8447615504264832 -0.2697398066520691 0.4613758325576782
1741640070.475569 -36.65465545654297 1.8205032348632812 -14.253959655761719 0.021352950483560562 -0.8448802828788757 -0.2826899588108063 0.45366036891937256
1741640073.341907 -37.33795166015625 1.8446197509765625 -14.588600158691406 0.029227135702967644 -0.8493722081184387 -0.27491769194602966 0.44959190487861633
1741640076.474679 -38.63798522949219 2.010498046875 -15.433509826660156 0.036131925880908966 -0.8474305272102356 -0.27756306529045105 0.45112618803977966
1741640078.607983 -39.722076416015625 2.1941070556640625 -16.137008666992188 0.03650283440947533 -0.845184326171875 -0.2789858877658844 0.4544203579425812
1741640079.941118 -40.39527893066406 2.3096885681152344 -16.575626373291016 0.03636910021305084 -0.8440674543380737 -0.2816063463687897 0.4548906087875366
1741640080.741057 -40.825416564941406 2.3911685943603516 -16.86996078491211 0.035591475665569305 -0.8446754813194275 -0.28366008400917053 0.452541321516037
1741640081.740784 -41.363319396972656 2.496164321899414 -17.234539031982422 0.03623826429247856 -0.8438881635665894 -0.2847389280796051 0.45328065752983093
1741640083.074112 -42.02914810180664 2.6385135650634766 -17.71221160888672 0.032458484172821045 -0.8507036566734314 -0.28975456953048706 0.43736937642097473
1741640084.473787 -42.50096130371094 2.7861576080322266 -18.167423248291016 0.03174072504043579 -0.8716149926185608 -0.29971200227737427 0.3865910768508911
1741640085.673862 -43.06972122192383 2.9706687927246094 -18.722991943359375 0.0317494161427021 -0.8743612766265869 -0.30633652210235596 0.37502312660217285
1741640086.807053 -43.589599609375 3.136768341064453 -19.249725341796875 0.031234731897711754 -0.8822852969169617 -0.29981502890586853 0.36153560876846313
1741640088.140284 -44.21479415893555 3.3454017639160156 -19.895286560058594 0.022845258936285973 -0.8852434754371643 -0.30290183424949646 0.35223937034606934
1741640089.140408 -44.61687088012695 3.496967315673828 -20.38556671142578 0.020179383456707 -0.8987100124359131 -0.30388250946998596 0.3155446946620941
1741640090.340088 -45.104461669921875 3.699716567993164 -21.02349090576172 0.02055353671312332 -0.9040747284889221 -0.30268633365631104 0.3010108768939972
1741640091.739835 -45.548221588134766 3.932861328125 -21.75165557861328 0.01978904940187931 -0.9215158224105835 -0.30431753396987915 0.24043256044387817
1741640093.339643 -45.8062744140625 4.283514022827148 -22.61522674560547 0.009940525516867638 -0.9337658882141113 -0.33869603276252747 0.11518479883670807
1741640094.806176 -45.85630798339844 4.606576919555664 -23.46891212463379 0.013690362684428692 -0.9393948316574097 -0.34161576628685 0.025471223518252373
1741640095.80606 -45.85665512084961 4.914466857910156 -24.179908752441406 0.012852328829467297 -0.9347372651100159 -0.355099618434906 -0.0023334682919085026
1741640096.739516 -45.809776306152344 5.15750789642334 -24.80521583557129 0.011689882725477219 -0.9380878806114197 -0.34402701258659363 -0.03873002901673317
1741640097.939005 -45.716217041015625 5.4645915031433105 -25.581741333007812 0.005197616294026375 -0.9359747767448425 -0.3427719473838806 -0.08019793033599854
1741640099.205722 -45.532203674316406 5.754416465759277 -26.36628532409668 0.008926136419177055 -0.9342597126960754 -0.33272993564605713 -0.12794512510299683
1741640100.538758 -45.18155288696289 6.02741003036499 -27.113618850708008 0.012943534180521965 -0.9227157831192017 -0.3233529329299927 -0.20945385098457336
1741640101.738749 -44.79931640625 6.307121753692627 -27.806928634643555 0.01189274899661541 -0.9100697040557861 -0.3323246240615845 -0.24737046658992767
1741640102.938667 -44.399478912353516 6.560601234436035 -28.477434158325195 0.011417570523917675 -0.9120328426361084 -0.3226335942745209 -0.25292959809303284
1741640104.20518 -44.052059173583984 6.865595817565918 -29.2369384765625 0.015523357316851616 -0.917551577091217 -0.33316633105278015 -0.216467946767807
1741640105.005096 -43.81120681762695 7.0626726150512695 -29.726573944091797 0.014798957854509354 -0.9168821573257446 -0.3322933614253998 -0.22065649926662445
1741640106.271442 -43.44546890258789 7.367279052734375 -30.489967346191406 0.01176399178802967 -0.9140463471412659 -0.3356945216655731 -0.22735454142093658
1741640107.471635 -43.097023010253906 7.662632942199707 -31.188615798950195 0.011353552341461182 -0.9118143916130066 -0.33933642506599426 -0.23090340197086334
1741640108.672923 -42.74843978881836 7.944400787353516 -31.859996795654297 0.006664260756224394 -0.908766508102417 -0.3402930498123169 -0.24145327508449554
1741640109.937926 -42.32744598388672 8.209794998168945 -32.47608184814453 0.0023014333564788103 -0.8915544748306274 -0.33832523226737976 -0.3011002838611603
1741640110.671207 -41.86027145385742 8.451932907104492 -32.994850158691406 -0.0025252460036426783 -0.8748700022697449 -0.3359382450580597 -0.34891486167907715
1741640111.337568 -41.28411102294922 8.687463760375977 -33.51202392578125 -0.005896002519875765 -0.8534574508666992 -0.3319394588470459 -0.4017360508441925
1741640111.737587 -40.840599060058594 8.846920013427734 -33.85516357421875 -0.008176312781870365 -0.8423870205879211 -0.3281933069229126 -0.4273248016834259
1741640112.071256 -40.4309196472168 8.981613159179688 -34.15100860595703 -0.00899228174239397 -0.8395630121231079 -0.3241657614707947 -0.4358551502227783
1741640112.471009 -39.957313537597656 9.138280868530273 -34.49353790283203 -0.009525835514068604 -0.8362040519714355 -0.32375118136405945 -0.44255760312080383
1741640112.870994 -39.48324966430664 9.286726951599121 -34.82679748535156 -0.010079528205096722 -0.8349425196647644 -0.32196757197380066 -0.4462132453918457
1741640113.270876 -39.01523971557617 9.42966365814209 -35.15317153930664 -0.01132884994149208 -0.8329830169677734 -0.32011285424232483 -0.4511527419090271
1741640113.737532 -38.48332214355469 9.592374801635742 -35.51215362548828 -0.009059729054570198 -0.8287016153335571 -0.32149094343185425 -0.4580557942390442
1741640114.070613 -38.07427215576172 9.708744049072266 -35.77153396606445 -0.007339192554354668 -0.8281635046005249 -0.3176625370979309 -0.46171629428863525
1741640114.470566 -37.59452819824219 9.849357604980469 -36.06930160522461 -0.0051744841039180756 -0.8254491686820984 -0.3189978301525116 -0.4656687378883362
1741640114.870702 -37.111148834228516 9.982095718383789 -36.35221862792969 -0.001822583144530654 -0.8231848478317261 -0.3176230192184448 -0.4706156551837921
1741640116.603659 -36.586395263671875 10.052637100219727 -36.51042556762695 0.008502625860273838 -0.8307877779006958 -0.32115596532821655 -0.4545087516307831
1741640124.803084 -36.626991271972656 9.822465896606445 -36.30978775024414 0.01783079095184803 -0.8546767234802246 -0.3378589153289795 -0.3937779664993286
1741640125.269649 -36.04287338256836 10.087207794189453 -36.83702850341797 0.015006965026259422 -0.8521304130554199 -0.3411295413970947 -0.3965844213962555
1741640125.469785 -35.77137756347656 10.216490745544434 -37.07539367675781 0.01700296439230442 -0.8508309721946716 -0.3429040014743805 -0.39776185154914856
1741640125.936546 -35.15178298950195 10.486371994018555 -37.61398696899414 0.015115058049559593 -0.8527055382728577 -0.3382534086704254 -0.39780575037002563
1741640126.402911 -34.57150650024414 10.749337196350098 -38.14834976196289 0.008506499230861664 -0.8544354438781738 -0.3349457383155823 -0.39708831906318665
1741640126.736134 -34.13554000854492 10.949804306030273 -38.5384635925293 0.011204421520233154 -0.8532883524894714 -0.33850136399269104 -0.3964724540710449
1741640127.069446 -33.72251892089844 11.114643096923828 -38.904605865478516 0.007889790460467339 -0.853370189666748 -0.33250799775123596 -0.4014168679714203
1741640127.735833 -33.06413269042969 11.39945125579834 -39.46101379394531 0.011322854086756706 -0.8509206175804138 -0.33478742837905884 -0.40462735295295715
1741640128.469295 -32.47220230102539 11.620464324951172 -39.91888427734375 0.010777992196381092 -0.8453062772750854 -0.328206330537796 -0.42145201563835144
1741640129.669167 -31.754318237304688 11.883127212524414 -40.44265365600586 0.010239880532026291 -0.8259981274604797 -0.32740166783332825 -0.458727091550827
1741640131.135921 -30.990188598632812 12.000577926635742 -40.61492156982422 0.009688210673630238 -0.74335116147995 -0.29894664883613586 -0.5983027219772339
1741640132.402208 -30.264854431152344 12.051473617553711 -40.61920928955078 0.005365531891584396 -0.6595838069915771 -0.26938608288764954 -0.7016777396202087
1741640133.601919 -29.51180648803711 12.050658226013184 -40.46867370605469 0.004390574060380459 -0.5815467834472656 -0.2465147078037262 -0.7752512693405151
1741640134.801963 -28.81283950805664 11.964375495910645 -40.1992073059082 -0.009208575822412968 -0.524064302444458 -0.20879323780536652 -0.8256375193595886
1741640136.201639 -28.043447494506836 11.82830810546875 -39.85060501098633 -0.029838187620043755 -0.48528626561164856 -0.19023053348064423 -0.8528887629508972
1741640137.601683 -27.206039428710938 11.712969779968262 -39.401702880859375 -0.018790652975440025 -0.4432597756385803 -0.204074427485466 -0.8726519346237183
1741640138.934685 -26.508968353271484 11.550392150878906 -38.86041259765625 -0.014389261603355408 -0.37944990396499634 -0.18159405887126923 -0.9071021676063538
1741640139.601534 -26.093847274780273 11.427827835083008 -38.498046875 -0.01638542115688324 -0.3707563281059265 -0.17079618573188782 -0.912743091583252
1741640140.134712 -25.57683563232422 11.275629043579102 -38.03475570678711 -0.018771454691886902 -0.36186543107032776 -0.16522814333438873 -0.9172789454460144
1741640140.534723 -25.1179256439209 11.156417846679688 -37.61577606201172 -0.007377115543931723 -0.3600223660469055 -0.16474980115890503 -0.918252170085907
1741640140.934682 -24.643617630004883 11.050070762634277 -37.24875259399414 -0.0072995442897081375 -0.3899250328540802 -0.17169666290283203 -0.9046687483787537
1741640141.33445 -24.142742156982422 10.955588340759277 -36.9246711730957 -0.007846738211810589 -0.41244080662727356 -0.18421433866024017 -0.8921301364898682
1741640141.801123 -23.531747817993164 10.875429153442383 -36.577354431152344 -0.003081891220062971 -0.44315558671951294 -0.20142985880374908 -0.8735156655311584
1741640142.401169 -22.79592514038086 10.773199081420898 -36.137977600097656 -0.0020524754654616117 -0.4401291310787201 -0.20102150738239288 -0.875141441822052
1741640142.934452 -22.097387313842773 10.672235488891602 -35.71234130859375 0.003603558288887143 -0.4405381977558136 -0.20131362974643707 -0.8748634457588196
1741640143.334415 -21.494068145751953 10.594086647033691 -35.35267639160156 0.0035824684891849756 -0.43959325551986694 -0.20083889365196228 -0.875447690486908
1741640143.735993 -20.890949249267578 10.517114639282227 -34.9896125793457 0.005438351072371006 -0.43902745842933655 -0.20066048204898834 -0.875762939453125
1741640144.134333 -20.302413940429688 10.441352844238281 -34.63489532470703 0.0033624134957790375 -0.43727755546569824 -0.2001757025718689 -0.8767592906951904
1741640144.534323 -19.713443756103516 10.361885070800781 -34.272125244140625 0.005579669959843159 -0.4366084337234497 -0.19856324791908264 -0.877447783946991
1741640144.93428 -19.132871627807617 10.282879829406738 -33.912513732910156 0.005989305209368467 -0.43423107266426086 -0.19620856642723083 -0.8791528344154358
1741640145.334207 -18.557188034057617 10.206263542175293 -33.55528259277344 0.00580994039773941 -0.43277260661125183 -0.1967768669128418 -0.8797459602355957
1741640145.734166 -17.981664657592773 10.122957229614258 -33.195838928222656 0.006091074086725712 -0.432861328125 -0.1955571174621582 -0.8799724578857422
1741640146.134124 -17.42905616760254 10.043952941894531 -32.855430603027344 0.007691426668316126 -0.4322141706943512 -0.19454672932624817 -0.8805017471313477
1741640146.534095 -16.88850212097168 9.972577095031738 -32.50423049926758 0.008262498304247856 -0.43136948347091675 -0.19517143070697784 -0.8807724714279175
1741640147.067199 -16.226865768432617 9.88304328918457 -32.09565353393555 0.008063418790698051 -0.4331992268562317 -0.19512881338596344 -0.8798852562904358
1741640147.467313 -15.738649368286133 9.813342094421387 -31.78713607788086 0.004636705387383699 -0.4348496198654175 -0.1926341950893402 -0.8796456456184387
1741640147.867268 -15.260198593139648 9.742532730102539 -31.4825382232666 0.006676290184259415 -0.43281739950180054 -0.19148214161396027 -0.8808854818344116
1741640148.267239 -14.816743850708008 9.66837215423584 -31.176584243774414 0.008861253038048744 -0.42018523812294006 -0.18660098314285278 -0.8880011439323425
1741640148.800791 -14.284424781799316 9.57341194152832 -30.810794830322266 0.00825517624616623 -0.41179731488227844 -0.18029272556304932 -0.8932241201400757
1741640149.400284 -13.718391418457031 9.480401039123535 -30.424144744873047 0.00836507510393858 -0.4088228642940521 -0.17731015384197235 -0.8951843976974487
1741640150.267086 -13.000480651855469 9.379287719726562 -29.96200180053711 0.008398786187171936 -0.40378642082214355 -0.17597216367721558 -0.89773029088974
1741640151.666898 -11.794365882873535 9.226096153259277 -29.512611389160156 0.0051140207797288895 -0.3906536400318146 -0.1731579303741455 -0.9040907025337219
1741640153.133385 -10.742368698120117 9.041923522949219 -28.849637985229492 0.012101507745683193 -0.3527674376964569 -0.1519404500722885 -0.9232133030891418
1741640154.000018 -10.139720916748047 8.894527435302734 -28.34097671508789 0.006649663671851158 -0.3371794819831848 -0.14697803556919098 -0.9298726320266724
1741640155.06636 -9.367189407348633 8.70324993133545 -27.66771697998047 0.001304763020016253 -0.32199686765670776 -0.14874207973480225 -0.9349824786186218
1741640156.599918 -8.339569091796875 8.411833763122559 -26.686908721923828 0.0033652279525995255 -0.31398212909698486 -0.14795859158039093 -0.9378231167793274
1741640156.999678 -8.029935836791992 8.322113990783691 -26.375953674316406 0.003348303260281682 -0.3107573986053467 -0.14705024659633636 -0.9390393495559692
1741640157.39965 -7.707848072052002 8.222450256347656 -26.02834701538086 0.005278978031128645 -0.30945661664009094 -0.1447913646697998 -0.9398107528686523
1741640158.066074 -7.172523498535156 8.054113388061523 -25.454574584960938 0.007249165326356888 -0.3100768029689789 -0.13905133306980133 -0.9404597282409668
1741640158.59959 -6.698869228363037 7.900112628936768 -24.899639129638672 0.00760765140876174 -0.28994181752204895 -0.1350002884864807 -0.9474443793296814
1741640158.999498 -6.375868797302246 7.767472267150879 -24.454769134521484 0.0047325314953923225 -0.26074379682540894 -0.12581343948841095 -0.9571631550788879
1741640159.53275 -5.955709934234619 7.58033561706543 -23.776649475097656 0.012166699394583702 -0.22926029562950134 -0.11794941872358322 -0.9661157131195068
1741640159.732735 -5.788486957550049 7.48903226852417 -23.5078182220459 0.002091927919536829 -0.22269590198993683 -0.11757408082485199 -0.9677698612213135
1741640160.13288 -5.455850601196289 7.327692985534668 -22.959047317504883 0.0015136126894503832 -0.2191186398267746 -0.11665725708007812 -0.9686980843544006
1741640160.532459 -5.126140594482422 7.152820110321045 -22.389244079589844 0.0008489791653119028 -0.2139337807893753 -0.11609798669815063 -0.9699242115020752
1741640160.932871 -4.786317348480225 6.977964401245117 -21.779523849487305 0.007459843996912241 -0.21190044283866882 -0.11822295188903809 -0.9700855612754822
1741640161.265913 -4.501156806945801 6.828784942626953 -21.275806427001953 0.004902135580778122 -0.21077564358711243 -0.11562409996986389 -0.9706599712371826
1741640161.732561 -4.106551170349121 6.621581554412842 -20.554685592651367 0.007627678103744984 -0.2055038958787918 -0.11221294105052948 -0.9721719622612
1741640162.066619 -3.826544761657715 6.464202404022217 -20.03430938720703 0.004417881369590759 -0.2043280154466629 -0.1107703298330307 -0.9726050496101379
1741640162.532456 -3.4746620655059814 6.247411251068115 -19.339815139770508 0.0013037988683208823 -0.1841515600681305 -0.10679565370082855 -0.9770779013633728
1741640162.999115 -3.183187961578369 6.024176120758057 -18.639575958251953 -0.0010736498516052961 -0.1502705216407776 -0.09602676331996918 -0.9839698076248169
1741640163.398841 -2.978609085083008 5.837250232696533 -18.043331146240234 9.546399269311223e-06 -0.1304336041212082 -0.08775831758975983 -0.9875655174255371
1741640163.732274 -2.7887279987335205 5.669772624969482 -17.499235153198242 0.0014451256720349193 -0.12715095281600952 -0.0865011140704155 -0.9881032705307007
1741640164.132261 -2.5793204307556152 5.460193634033203 -16.839170455932617 0.00020531048357952386 -0.12030161172151566 -0.08352001011371613 -0.9892178177833557
1741640164.532217 -2.3700385093688965 5.250021934509277 -16.168909072875977 0.0023162299767136574 -0.11688882112503052 -0.07947338372468948 -0.9899573922157288
1741640164.865529 -2.198627471923828 5.068797588348389 -15.619146347045898 0.00235477345995605 -0.11246267706155777 -0.07740574330091476 -0.9906336069107056
1741640165.265526 -2.010166883468628 4.867191791534424 -14.972023010253906 0.004245907533913851 -0.1094888299703598 -0.0759972631931305 -0.9910694360733032
1741640165.665492 -1.839231014251709 4.674319267272949 -14.384322166442871 0.002050624694675207 -0.10686095058917999 -0.07435150444507599 -0.9914879202842712
1741640166.065227 -1.680458426475525 4.493942737579346 -13.799243927001953 0.005111837759613991 -0.10373023897409439 -0.07294650375843048 -0.9919137358665466
1741640166.665195 -1.4772756099700928 4.236898899078369 -13.032341003417969 0.00027629712712951005 -0.09909545630216599 -0.07006165385246277 -0.992608368396759
1741640167.265281 -1.2623387575149536 3.984127998352051 -12.254953384399414 0.0009074274566955864 -0.09381180256605148 -0.07196706533432007 -0.9929850697517395
1741640167.665354 -1.113976240158081 3.7950315475463867 -11.690576553344727 -0.0008063660934567451 -0.09311983734369278 -0.07150671631097794 -0.9930835366249084
1741640168.065243 -0.9449004530906677 3.586643695831299 -11.031876564025879 0.0030597958248108625 -0.0902692973613739 -0.07020197808742523 -0.9934353828430176
1741640168.398539 -0.8116672039031982 3.4004101753234863 -10.480829238891602 -0.0003115611616522074 -0.09098946303129196 -0.06970736384391785 -0.9934091567993164
1741640168.798468 -0.6329501271247864 3.1803388595581055 -9.831400871276855 -0.0030809163581579924 -0.08914660662412643 -0.0725162923336029 -0.9933704137802124
1741640169.198252 -0.508234977722168 2.974581718444824 -9.199357986450195 -0.0017924255225807428 -0.06170446053147316 -0.06356728076934814 -0.9960665702819824
1741640169.598359 -0.443130761384964 2.774421453475952 -8.60549545288086 -0.0028762274887412786 -0.02756931260228157 -0.05026550963521004 -0.9983512163162231
1741640169.998324 -0.4378649890422821 2.5685508251190186 -8.021652221679688 -0.005688927602022886 0.012873916886746883 -0.03679490089416504 -0.9992237091064453
1741640170.398288 -0.4407239556312561 2.3488786220550537 -7.379893779754639 -0.002149260835722089 0.01884571649134159 -0.0295149814337492 -0.9993844032287598
1741640170.798262 -0.45182931423187256 2.1178786754608154 -6.702627182006836 -0.003710107645019889 0.025099920108914375 -0.02604110725224018 -0.9993388652801514
1741640171.198236 -0.4665248394012451 1.8858808279037476 -6.01658296585083 0.0004979464574716985 0.022226687520742416 -0.022631675004959106 -0.9994966983795166
1741640171.598119 -0.4835909307003021 1.6702238321304321 -5.383537292480469 0.0004026857204735279 0.023622583597898483 -0.019403686746954918 -0.9995325207710266
1741640172.197981 -0.4652470648288727 1.4112967252731323 -4.647851943969727 -0.0025369953364133835 -0.0013517099432647228 -0.026714470237493515 -0.9996389746665955
1741640172.798115 -0.4448133111000061 1.1386098861694336 -3.8697509765625 -0.00556101743131876 0.0005278524477034807 -0.02655547484755516 -0.9996318221092224
1741640173.199356 -0.42694079875946045 0.9042219519615173 -3.192495107650757 -0.0061221737414598465 0.00103880709502846 -0.02566491812467575 -0.999651312828064
1741640173.531317 -0.4092389643192291 0.7046191692352295 -2.613205671310425 -0.0056173475459218025 0.0015089005464687943 -0.026280807331204414 -0.9996376633644104
1741640173.864619 -0.399005264043808 0.5001401305198669 -2.029505968093872 -0.005515980534255505 0.001439782907254994 -0.024046199396252632 -0.9996945858001709
1741640174.264381 -0.38354453444480896 0.25100046396255493 -1.3395588397979736 -0.010387497954070568 0.0016589000588282943 -0.022309260442852974 -0.9996957778930664
1741640174.664392 -0.3510064482688904 0.0157754085958004 -0.6517950296401978 -0.006217095069587231 -0.008393710479140282 -0.022979754954576492 -0.9996814131736755
1741640175.064471 -0.3039913475513458 -0.22447137534618378 0.03513113409280777 -0.00660488149151206 -0.019527338445186615 -0.028034524992108345 -0.999394416809082
1741640175.464457 -0.24721239507198334 -0.4678633511066437 0.7641880512237549 -0.0033724578097462654 -0.02234562300145626 -0.03140263259410858 -0.9992513656616211
1741640175.864412 -0.18786723911762238 -0.7212969064712524 1.4662519693374634 -0.008411652408540249 -0.02589537389576435 -0.031926922500133514 -0.9991193413734436
1741640176.264365 -0.131227508187294 -0.967013418674469 2.180417060852051 -0.004333242774009705 -0.025616813451051712 -0.03300073370337486 -0.9991176128387451
1741640176.664358 -0.06136616691946983 -1.2167277336120605 2.890021324157715 -0.006460145581513643 -0.028663896024227142 -0.03448604792356491 -0.9989731311798096
1741640177.064108 0.0018624486401677132 -1.46713125705719 3.603186845779419 -0.007131566759198904 -0.03003302775323391 -0.03198018670082092 -0.999011754989624
1741640177.46426 0.06794434040784836 -1.705694317817688 4.306809425354004 -0.0041069891303777695 -0.027932215481996536 -0.03423480689525604 -0.9990150332450867
1741640177.864203 0.12586826086044312 -1.932265043258667 4.9564995765686035 -0.004596321377903223 -0.026935625821352005 -0.034438565373420715 -0.9990332126617432
1741640178.330827 0.1843515932559967 -2.1895947456359863 5.670020580291748 -0.004342209547758102 -0.03118010051548481 -0.03449555113911629 -0.9989089369773865
1741640178.730775 0.2570878565311432 -2.4070825576782227 6.2931718826293945 -0.006754561327397823 -0.03345039486885071 -0.03684724122285843 -0.9987381100654602
1741640179.130774 0.3237127959728241 -2.6153757572174072 6.888474941253662 -0.008789753541350365 -0.03413771837949753 -0.03739267215132713 -0.9986787438392639
1741640179.66404 0.4050321578979492 -2.8983006477355957 7.7153143882751465 -0.005464755930006504 -0.03685784712433815 -0.03612019866704941 -0.9986526370048523
1741640179.997144 0.468362957239151 -3.0775070190429688 8.23365592956543 -0.007209573872387409 -0.03621741384267807 -0.03772120177745819 -0.9986057281494141
1741640180.264168 0.511217474937439 -3.222888708114624 8.646668434143066 -0.007109418977051973 -0.03567640483379364 -0.0371457114815712 -0.9986475706100464
1741640180.797241 0.6099624037742615 -3.5112457275390625 9.484792709350586 -0.0056504011154174805 -0.0320202074944973 -0.03830598294734955 -0.9987369179725647
1741640181.197219 0.639097273349762 -3.7244162559509277 10.088812828063965 -0.010154816322028637 -0.009006788022816181 -0.03105315938591957 -0.9994255900382996
1741640181.797292 0.5765084624290466 -4.026695251464844 10.915433883666992 -0.00769474171102047 0.044462691992521286 -0.012648307718336582 -0.9989014267921448
1741640182.397099 0.5325880646705627 -4.302805423736572 11.745139122009277 -0.0027072832453995943 0.03777850419282913 -0.020134778693318367 -0.9990795850753784
1741640182.996875 0.5608465075492859 -4.531317234039307 12.391654014587402 -0.005705148912966251 0.003974503837525845 -0.03049968183040619 -0.999510645866394
1741640183.596935 0.5883603692054749 -4.811703681945801 13.244434356689453 0.0012479464057832956 0.0013773991959169507 -0.029328573495149612 -0.9995681047439575
1741640184.196914 0.6238744854927063 -5.100531101226807 14.075648307800293 -0.007052567787468433 0.0006918873987160623 -0.03517027199268341 -0.999356210231781
1741640184.730178 0.6518442034721375 -5.362645626068115 14.845460891723633 -0.002464023884385824 0.009371274150907993 -0.03510501608252525 -0.9993367195129395
1741640185.329932 0.6470885276794434 -5.670960903167725 15.705665588378906 -0.008939752355217934 0.029082119464874268 -0.031093215569853783 -0.9990533590316772
1741640185.92987 0.6020881533622742 -5.983102798461914 16.574687957763672 -0.011140430346131325 0.04041662439703941 -0.031172972172498703 -0.9986344575881958
1741640186.529965 0.5558235049247742 -6.295916557312012 17.41156005859375 -0.010704013518989086 0.03974624350667 -0.03192568197846413 -0.9986423254013062
1741640187.129924 0.521056056022644 -6.602238655090332 18.213254928588867 -0.016289595514535904 0.041971366852521896 -0.03133934363722801 -0.9984943270683289
1741640188.129673 0.4837454557418823 -6.855578422546387 18.889169692993164 -0.015689076855778694 0.04768294468522072 -0.029953565448522568 -0.9982900619506836
1741640189.263041 0.4464748203754425 -7.134603023529053 19.63578987121582 -0.016458500176668167 0.04839961603283882 -0.03072899393737316 -0.9982196092605591
1741640191.062692 0.3684365153312683 -7.460958480834961 20.534156799316406 -0.012073401361703873 0.05305308476090431 -0.02421455830335617 -0.9982250928878784
1741640192.596028 0.28616824746131897 -7.783218860626221 21.42222023010254 -0.008670247159898281 0.053096819669008255 -0.018719464540481567 -0.9983763098716736
1741640197.062058 0.15290199220180511 -8.084733963012695 22.227148056030273 -0.013714316301047802 0.08332186937332153 -0.00444401428103447 -0.9964184761047363
1741640198.662082 -0.010016556829214096 -8.401549339294434 23.074779510498047 -0.012883351184427738 0.094367116689682 0.0057257614098489285 -0.9954376816749573
1741640199.795153 -0.11337675154209137 -8.670297622680664 23.767812728881836 -0.01868923008441925 0.06821416318416595 -0.0015424750745296478 -0.9974944591522217
1741640201.261808 -0.1638745665550232 -8.950567245483398 24.523588180541992 -0.01828371174633503 0.035875704139471054 -0.00930563360452652 -0.9991456866264343
1741640201.6618 -0.17276786267757416 -9.016715049743652 24.712669372558594 -0.016629289835691452 0.03364339843392372 -0.009636212140321732 -0.9992491006851196
