1755700955.292142 -0.0 -0.0 -0.0 -0.0 -0.0 -0.0 1.0
1755700956.810024 -0.0027665391098707914 -0.04928567260503769 0.10224340856075287 0.006794522050768137 0.0001670236961217597 0.0005348327104002237 0.9999768137931824
1755700957.667961 -0.0225985050201416 -0.32802215218544006 0.9303116202354431 0.0029415073804557323 -0.014402752742171288 -0.008038515225052834 0.9998596906661987
1755700958.789851 -0.12956689298152924 -0.6090500950813293 1.712225317955017 0.01010124757885933 -0.05935999006032944 -0.02538900263607502 0.9978625774383545
1755700959.647794 -0.2753865122795105 -0.868276059627533 2.421602725982666 0.012627921998500824 -0.08511469513177872 -0.03484562784433365 0.9956815838813782
1755700960.439724 -0.4335509240627289 -1.1176508665084839 3.121530532836914 0.01215418055653572 -0.10088910907506943 -0.04069738835096359 0.9939906597137451
1755700961.165634 -0.6055687069892883 -1.3662147521972656 3.795797348022461 0.013958940282464027 -0.10658914595842361 -0.04145308583974838 0.9933406710624695
1755700961.825611 -0.7525140643119812 -1.5931745767593384 4.427758693695068 0.013491382822394371 -0.10890587419271469 -0.0427401103079319 0.9930412173271179
1755700962.683514 -0.9006093740463257 -1.866722583770752 5.1755194664001465 0.01535942405462265 -0.09768901765346527 -0.036782681941986084 0.9944184422492981
1755700963.607437 -1.0461397171020508 -2.1676888465881348 5.989322185516357 0.017400112003087997 -0.08673088252544403 -0.03231130540370941 0.9955556988716125
1755700964.33339 -1.160603404045105 -2.423229932785034 6.6626996994018555 0.017240429297089577 -0.08426474034786224 -0.03096422553062439 0.9958129525184631
1755700965.05932 -1.2710765600204468 -2.6756412982940674 7.340199947357178 0.01838049292564392 -0.08285512775182724 -0.031911417841911316 0.9958809614181519
1755700965.851285 -1.3880956172943115 -2.951005220413208 8.070402145385742 0.01875581219792366 -0.08372335135936737 -0.032324619591236115 0.995788037776947
1755700966.643196 -1.5150039196014404 -3.231393337249756 8.81013011932373 0.017626160755753517 -0.0871163159608841 -0.032921772450208664 0.99549800157547
1755700967.303106 -1.643096685409546 -3.466252326965332 9.423735618591309 0.01699485257267952 -0.09973708540201187 -0.03607219085097313 0.9942145347595215
1755700968.226273 -1.8428312540054321 -3.742058277130127 10.163951873779297 0.016835972666740417 -0.13148950040340424 -0.046193819493055344 0.9900976419448853
1755700968.746888 -1.979317307472229 -3.8858964443206787 10.535723686218262 0.019091615453362465 -0.15086492896080017 -0.051407042890787125 0.9870322346687317
1755700969.712186 -2.2867965698242188 -4.152235984802246 11.242958068847656 0.020286859944462776 -0.18979215621948242 -0.0651758462190628 0.9794485569000244
1755700970.603974 -2.635819435119629 -4.405655860900879 11.888677597045898 0.024385519325733185 -0.2329198569059372 -0.0773213803768158 0.9691105484962463
1755700971.560451 -3.084824323654175 -4.664330005645752 12.509191513061523 0.03260086476802826 -0.2843624949455261 -0.0927475243806839 0.9536629915237427
1755700972.589931 -3.646793842315674 -4.906249523162842 13.104777336120605 0.022838467732071877 -0.3475019037723541 -0.1161830797791481 0.9301733374595642
1755700973.435837 -4.207141876220703 -5.073894500732422 13.526978492736816 0.0222210381180048 -0.4027707874774933 -0.13990667462348938 0.9042721390724182
1755700974.289377 -4.813516139984131 -5.215620517730713 13.874405860900879 0.0256174486130476 -0.45668500661849976 -0.16111360490322113 0.8745427131652832
1755700975.148853 -5.5071892738342285 -5.366101264953613 14.208251953125 0.02877897396683693 -0.4937835931777954 -0.173726886510849 0.8515682220458984
1755700975.945311 -6.207718372344971 -5.493028163909912 14.494697570800781 0.03042069636285305 -0.5207500457763672 -0.18181896209716797 0.8335682153701782
1755700976.742531 -6.924607753753662 -5.610811233520508 14.737290382385254 0.031697116792201996 -0.5459139347076416 -0.1895601749420166 0.815500020980835
1755700977.606288 -7.698322296142578 -5.697125434875488 14.8945894241333 0.02998175472021103 -0.5866410136222839 -0.20875321328639984 0.7819050550460815
1755700978.66835 -8.468891143798828 -5.724911689758301 14.90715217590332 0.032200831919908524 -0.6496594548225403 -0.23103299736976624 0.7235534191131592
1755700979.728624 -9.198246955871582 -5.707642555236816 14.794013977050781 0.03252418711781502 -0.7133310437202454 -0.25755807757377625 0.650972306728363
1755700980.985669 -10.002081871032715 -5.6301140785217285 14.480459213256836 0.03904298320412636 -0.7859140038490295 -0.2723470628261566 0.5537527203559875
1755700981.844301 -10.693626403808594 -5.508065700531006 14.145673751831055 0.03551608324050903 -0.8019510507583618 -0.296017050743103 0.5176747441291809
1755700982.966428 -11.48869514465332 -5.372485160827637 13.648839950561523 0.0425964817404747 -0.8401471972465515 -0.29361826181411743 0.4540116488933563
1755700983.955967 -12.112739562988281 -5.219693660736084 13.123847007751465 0.04039011150598526 -0.864520251750946 -0.29880473017692566 0.40210598707199097
1755700984.813329 -12.660955429077148 -5.073133945465088 12.639920234680176 0.03952489793300629 -0.8699676990509033 -0.301291286945343 0.3883523643016815
1755700986.066246 -13.400787353515625 -4.880256652832031 11.966071128845215 0.04154682904481888 -0.8757357597351074 -0.29581862688064575 0.3792784512042999
1755700986.857608 -14.005178451538086 -4.721662521362305 11.38624382019043 0.04343690350651741 -0.879404604434967 -0.2926093637943268 0.37301552295684814
1755700987.517037 -14.592657089233398 -4.579155445098877 10.826272010803223 0.04646887257695198 -0.8854528665542603 -0.28198936581611633 0.3664639890193939
1755700988.176534 -15.281848907470703 -4.418787479400635 10.132957458496094 0.04414915293455124 -0.8872089982032776 -0.2819908559322357 0.36248064041137695
1755700988.836412 -16.10367774963379 -4.210303783416748 9.282681465148926 0.040280018001794815 -0.8913193941116333 -0.28507593274116516 0.350227028131485
1755700989.363748 -16.70648956298828 -4.037094593048096 8.605443954467773 0.040310706943273544 -0.8945742249488831 -0.28636470437049866 0.3407451808452606
1755700989.957407 -17.394725799560547 -3.8281352519989014 7.808025360107422 0.041296135634183884 -0.8977587223052979 -0.28772854804992676 0.3309626281261444
1755700990.551119 -18.056053161621094 -3.6232166290283203 7.016611099243164 0.0385567881166935 -0.9004729390144348 -0.2910802364349365 0.3208337426185608
1755700991.078791 -18.641712188720703 -3.419935703277588 6.299853324890137 0.03853410854935646 -0.899671196937561 -0.2920593023300171 0.32219311594963074
1755700991.804331 -19.495956420898438 -3.1335434913635254 5.323564529418945 0.037842005491256714 -0.8957635164260864 -0.2955079674720764 0.32992541790008545
1755700992.397957 -20.16281509399414 -2.913822650909424 4.542820930480957 0.04409363120794296 -0.8953575491905212 -0.29410484433174133 0.3315012753009796
1755700992.925632 -20.765026092529297 -2.704590082168579 3.8414955139160156 0.046571552753448486 -0.8928956985473633 -0.29504844546318054 0.3369196653366089
1755700993.453281 -21.392093658447266 -2.5082921981811523 3.136037826538086 0.04757379740476608 -0.8934140801429749 -0.29635706543922424 0.33424636721611023
1755700994.112803 -22.15317153930664 -2.267544746398926 2.2720603942871094 0.04855126142501831 -0.8940038681030273 -0.2971101999282837 0.331851601600647
1755700994.706395 -22.825023651123047 -2.050747871398926 1.4856796264648438 0.0502653568983078 -0.894171953201294 -0.2951678931713104 0.33287525177001953
1755700995.234094 -23.410343170166016 -1.8732891082763672 0.8164443969726562 0.05038240924477577 -0.8933079838752747 -0.2932896614074707 0.3368140459060669
1755700995.761629 -23.88495635986328 -1.7379255294799805 0.2755413055419922 0.04883728176355362 -0.8938535451889038 -0.29042428731918335 0.338074654340744
1755700996.553056 -24.50324058532715 -1.5485072135925293 -0.42922401428222656 0.04764936491847038 -0.8929075598716736 -0.2914596199989319 0.3398486375808716
1755700997.410472 -25.1472110748291 -1.3601489067077637 -1.1640148162841797 0.04904951527714729 -0.892701268196106 -0.2914436161518097 0.34020471572875977
1755700998.399749 -25.728723526000977 -1.1915607452392578 -1.8095645904541016 0.047717805951833725 -0.8925310969352722 -0.2923581302165985 0.3400558829307556
1755700999.25714 -26.20391082763672 -1.0444755554199219 -2.3356170654296875 0.046067897230386734 -0.8915700316429138 -0.2946736216545105 0.34080514311790466
1755701000.444297 -26.846454620361328 -0.8339347839355469 -3.062246322631836 0.04036998003721237 -0.8915976285934448 -0.29562556743621826 0.3406310975551605
1755701001.301714 -27.305622100830078 -0.6842966079711914 -3.600442886352539 0.03902485966682434 -0.8921105265617371 -0.29350927472114563 0.3412744700908661
1755701002.488875 -27.97246742248535 -0.49370574951171875 -4.333713531494141 0.03913550078868866 -0.8927364945411682 -0.2912711501121521 0.3415423035621643
1755701003.544122 -28.555692672729492 -0.2946796417236328 -5.010944366455078 0.03982488438487053 -0.8912340402603149 -0.29422491788864136 0.34285208582878113
1755701004.665721 -29.167373657226562 -0.10896968841552734 -5.709011077880859 0.04194122925400734 -0.8919111490249634 -0.29139944911003113 0.3432518243789673
1755701005.786488 -29.790977478027344 0.09351634979248047 -6.4156494140625 0.04160339757800102 -0.8913690447807312 -0.2921234965324402 0.34408456087112427
1755701006.973629 -30.45531463623047 0.30613040924072266 -7.165069580078125 0.039356522262096405 -0.8906813263893127 -0.2929763197898865 0.34540241956710815
1755701007.962925 -31.02095603942871 0.47966670989990234 -7.781455993652344 0.03925419598817825 -0.890745997428894 -0.2904248535633087 0.34739628434181213
1755701008.820329 -31.530426025390625 0.631281852722168 -8.325443267822266 0.03699617460370064 -0.8882473111152649 -0.29205232858657837 0.35263770818710327
1755701009.54582 -31.96134376525879 0.7580451965332031 -8.777168273925781 0.039158303290605545 -0.8881976008415222 -0.2884996831417084 0.3554427921772003
1755701010.535107 -32.5694580078125 0.9280471801757812 -9.423194885253906 0.04002631828188896 -0.8866711258888245 -0.288016676902771 0.359525591135025
1755701011.656289 -33.253536224365234 1.1190032958984375 -10.140560150146484 0.0430341511964798 -0.8843135237693787 -0.2882043719291687 0.3647958040237427
1755701012.579836 -33.83554458618164 1.2704954147338867 -10.711658477783203 0.04376542568206787 -0.8811502456665039 -0.28738975524902344 0.37291547656059265
1755701013.832761 -34.6170654296875 1.4652481079101562 -11.447708129882812 0.04533667862415314 -0.8787181377410889 -0.2863617539405823 0.37920451164245605
1755701015.019892 -35.36483383178711 1.6461095809936523 -12.143898010253906 0.04584762826561928 -0.8754716515541077 -0.2851625382900238 0.3874658942222595
1755701015.94349 -35.96936798095703 1.791081428527832 -12.703590393066406 0.04534831643104553 -0.873468279838562 -0.2845831513404846 0.39243990182876587
1755701016.734743 -36.66116714477539 1.94720458984375 -13.322471618652344 0.04703414440155029 -0.8716193437576294 -0.28410589694976807 0.3966754376888275
1755701017.592079 -37.433448791503906 2.1268177032470703 -14.013996124267578 0.04737486317753792 -0.8689740896224976 -0.28341615200042725 0.4028834402561188
1755701018.119762 -37.963661193847656 2.2330188751220703 -14.466384887695312 0.04653488099575043 -0.8685899376869202 -0.28161394596099854 0.40506747364997864
1755701019.043054 -38.82489013671875 2.411314010620117 -15.203792572021484 0.04767347499728203 -0.8669944405555725 -0.2818751335144043 0.40815961360931396
1755701019.636589 -39.38277816772461 2.523143768310547 -15.680023193359375 0.047089334577322006 -0.8668463826179504 -0.2819821536540985 0.4084680378437042
1755701020.362313 -40.07560348510742 2.6660842895507812 -16.270915985107422 0.04521551355719566 -0.8667780160903931 -0.28105711936950684 0.4094611704349518
1755701021.219461 -40.92913055419922 2.8395423889160156 -16.99071502685547 0.044879984110593796 -0.8666102886199951 -0.2814995050430298 0.4095490276813507
1755701022.07686 -41.90892028808594 3.0522537231445312 -17.828990936279297 0.04259173199534416 -0.8670247793197632 -0.28264933824539185 0.40812182426452637
1755701022.736407 -42.657630920410156 3.2189693450927734 -18.459789276123047 0.04219338670372963 -0.866273820400238 -0.2849084138870239 0.4081869125366211
1755701023.593769 -43.68704605102539 3.4438228607177734 -19.3331298828125 0.04192201793193817 -0.8663550615310669 -0.28375571966171265 0.40884506702423096
1755701024.12142 -44.34983825683594 3.5791454315185547 -19.881061553955078 0.03943860903382301 -0.8663149476051331 -0.2834625542163849 0.409380167722702
1755701024.781087 -45.14723587036133 3.754932403564453 -20.557044982910156 0.03881446644663811 -0.867098331451416 -0.28042465448379517 0.4098730683326721
1755701025.506401 -46.057777404785156 3.9372806549072266 -21.3145751953125 0.03597788140177727 -0.8679451942443848 -0.2776719033718109 0.41021353006362915
1755701026.099976 -46.76966857910156 4.077899932861328 -21.909908294677734 0.03648420423269272 -0.8659943342208862 -0.2784557044506073 0.4137454628944397
1755701026.759572 -47.61345672607422 4.230764389038086 -22.586807250976562 0.03506724163889885 -0.8650038242340088 -0.27820438146591187 0.41610223054885864
1755701027.287151 -48.31095504760742 4.37205696105957 -23.156322479248047 0.03645535185933113 -0.8649766445159912 -0.27608469128608704 0.41744908690452576
1755701027.880712 -49.09465408325195 4.527442932128906 -23.797618865966797 0.03399835526943207 -0.864686131477356 -0.2758290469646454 0.4184260070323944
1755701028.342464 -49.72361755371094 4.649435043334961 -24.300243377685547 0.0312887504696846 -0.8642914891242981 -0.2762848138809204 0.41915151476860046
1755701028.738093 -50.271270751953125 4.757146835327148 -24.737823486328125 0.03234783932566643 -0.863341748714447 -0.2762436866760254 0.4210512936115265
1755701029.265842 -50.98550033569336 4.896556854248047 -25.29913330078125 0.030016453936696053 -0.8623464703559875 -0.2755390703678131 0.4237167239189148
1755701029.661428 -51.53462219238281 5.00141716003418 -25.722599029541016 0.0287199467420578 -0.8621456027030945 -0.273781955242157 0.4253511428833008
1755701029.991218 -51.983524322509766 5.0810699462890625 -26.067550659179688 0.028208095580339432 -0.8619517087936401 -0.27182602882385254 0.42702946066856384
1755701030.386931 -52.516845703125 5.186302185058594 -26.476764678955078 0.027100766077637672 -0.8612201809883118 -0.2740892469882965 0.42713063955307007
1755701030.848753 -53.10902404785156 5.303386688232422 -26.9296875 0.0267487745732069 -0.8601765036582947 -0.2745576798915863 0.4289511740207672
1755701031.244299 -53.631011962890625 5.406759262084961 -27.329025268554688 0.02655806392431259 -0.8595268726348877 -0.2753904461860657 0.4297306537628174
1755701031.64003 -54.147090911865234 5.503877639770508 -27.72290802001953 0.026574859395623207 -0.8589970469474792 -0.27494150400161743 0.4310743808746338
1755701032.101716 -54.758522033691406 5.608613967895508 -28.19481658935547 0.02951740473508835 -0.859546422958374 -0.2706003189086914 0.4325321316719055
1755701032.629333 -55.502838134765625 5.79542350769043 -28.73906707763672 0.02142053283751011 -0.849270761013031 -0.294002503156662 0.43799877166748047
1755701033.15694 -56.169700622558594 5.915834426879883 -29.24744415283203 0.037830278277397156 -0.8563910722732544 -0.27443140745162964 0.4357186257839203
1755701033.684552 -56.84402847290039 6.048000335693359 -29.729026794433594 0.02983694151043892 -0.8564234375953674 -0.282338410615921 0.431200236082077
1755701034.146218 -57.43010711669922 6.147518157958984 -30.17211151123047 0.03328777477145195 -0.86042720079422 -0.2733709514141083 0.42874857783317566
1755701034.673917 -58.04987335205078 6.260904312133789 -30.660919189453125 0.03107248805463314 -0.8627171516418457 -0.2720838785171509 0.4251165986061096
1755701035.201471 -58.673316955566406 6.386571884155273 -31.151527404785156 0.020658206194639206 -0.8664014935493469 -0.2770176827907562 0.4149494469165802
1755701035.729091 -59.26292037963867 6.488527297973633 -31.640243530273438 0.0226612389087677 -0.8754757046699524 -0.2609266936779022 0.4061354398727417
1755701036.256712 -59.86815643310547 6.617706298828125 -32.16858673095703 0.020074721425771713 -0.8752907514572144 -0.2753050625324249 0.3970770835876465
1755701036.916264 -60.52555847167969 6.803203582763672 -32.78099822998047 0.020136408507823944 -0.8743175268173218 -0.291250079870224 0.38773292303085327
1755701037.773631 -61.05107116699219 6.934560775756836 -33.308990478515625 0.026034241542220116 -0.8859639763832092 -0.28690293431282043 0.3634236752986908
1755701038.763036 -61.62962341308594 7.123828887939453 -33.973793029785156 0.03397221863269806 -0.8944323658943176 -0.2893259525299072 0.3393038511276245
1755701039.686263 -62.17829513549805 7.331632614135742 -34.64787292480469 0.03569309785962105 -0.8964767456054688 -0.3018084764480591 0.32243943214416504
1755701040.675589 -62.7390251159668 7.565633773803711 -35.37281036376953 0.042284514755010605 -0.9000218510627747 -0.310339093208313 0.30308797955513
1755701041.664844 -63.20375442504883 7.79515266418457 -36.06788635253906 0.03982258215546608 -0.9102320671081543 -0.3155921697616577 0.2651287615299225
1755701042.522262 -63.5402946472168 8.01548957824707 -36.71717071533203 0.03848981484770775 -0.9222294688224792 -0.3153155446052551 0.2204257845878601
1755701043.51156 -63.85643768310547 8.26292610168457 -37.50010681152344 0.036837175488471985 -0.9335008859634399 -0.3147200345993042 0.16784051060676575
1755701044.434882 -64.09202575683594 8.510980606079102 -38.27653884887695 0.0323813259601593 -0.9406685829162598 -0.3152809739112854 0.12121080607175827
1755701045.29226 -64.24453735351562 8.749017715454102 -38.970333099365234 0.036033254116773605 -0.9431883096694946 -0.31981730461120605 0.08254916220903397
1755701046.215609 -64.34083557128906 9.01961898803711 -39.7653694152832 0.03942297399044037 -0.9440181851387024 -0.323175847530365 0.05322442576289177
1755701046.941116 -64.41127014160156 9.245296478271484 -40.43439865112305 0.04017634317278862 -0.9447516798973083 -0.3231132924556732 0.03778854012489319
1755701047.798589 -64.46504211425781 9.51954174041748 -41.20927047729492 0.04058660939335823 -0.9433923363685608 -0.32876378297805786 0.016673902049660683
1755701048.589944 -64.48139953613281 9.78148365020752 -41.94778060913086 0.0403866209089756 -0.943406343460083 -0.32916560769081116 0.0018245478859171271
1755701049.44764 -64.47705841064453 10.063363075256348 -42.75104904174805 0.040272682905197144 -0.944696843624115 -0.32519376277923584 -0.013229218311607838
1755701050.106839 -64.45491790771484 10.293827056884766 -43.373573303222656 0.0397796556353569 -0.9437863230705261 -0.3270173668861389 -0.027289042249321938
1755701050.832307 -64.39579772949219 10.54674243927002 -44.047752380371094 0.03568509593605995 -0.9426742792129517 -0.3273683488368988 -0.05405338853597641
1755701051.624038 -64.29203796386719 10.816829681396484 -44.771949768066406 0.03324969857931137 -0.9409531950950623 -0.3286210298538208 -0.07422763854265213
1755701052.415313 -64.14543914794922 11.097293853759766 -45.49420928955078 0.03168823570013046 -0.9386430382728577 -0.32959285378456116 -0.09650765359401703
1755701053.140664 -63.98748779296875 11.346809387207031 -46.16070556640625 0.03054860793054104 -0.9362232685089111 -0.32960420846939087 -0.11795669794082642
1755701053.99807 -63.71537780761719 11.609648704528809 -46.86396789550781 0.025682054460048676 -0.928452730178833 -0.32705217599868774 -0.17422069609165192
1755701054.855437 -63.372962951660156 11.860740661621094 -47.49300765991211 0.021949095651507378 -0.916135311126709 -0.3259226977825165 -0.23235450685024261
1755701055.712828 -62.95513916015625 12.121371269226074 -48.08368682861328 0.022011928260326385 -0.8976408243179321 -0.33491387963294983 -0.28563815355300903
1755701056.504262 -62.501121520996094 12.373428344726562 -48.65919876098633 0.027502546086907387 -0.8926682472229004 -0.3279118239879608 -0.3079949915409088
1755701057.163799 -62.05907440185547 12.595115661621094 -49.17990493774414 0.031353771686553955 -0.8890745639801025 -0.32270485162734985 -0.32314857840538025
1755701057.625463 -61.627357482910156 12.810843467712402 -49.69487762451172 0.03188493102788925 -0.8861352801322937 -0.3210379183292389 -0.3326893150806427
1755701058.153085 -61.129051208496094 13.058334350585938 -50.27572250366211 0.031831834465265274 -0.8839808106422424 -0.3212754726409912 -0.3381519615650177
1755701058.680736 -60.60857391357422 13.308277130126953 -50.84756088256836 0.03346327319741249 -0.8832881450653076 -0.3186826705932617 -0.3422333002090454
1755701059.142377 -60.156898498535156 13.51114273071289 -51.330909729003906 0.03495629504323006 -0.8801764249801636 -0.3145737051963806 -0.3537103235721588
1755701059.472215 -59.82017517089844 13.670610427856445 -51.68256378173828 0.04075409471988678 -0.8788676857948303 -0.3166900873184204 -0.3544546067714691
1755701059.999779 -59.285560607910156 13.89089584350586 -52.215126037597656 0.04941987246274948 -0.8776674270629883 -0.30932891368865967 -0.3627302050590515
1755701060.527377 -58.73918151855469 14.11015510559082 -52.74997329711914 0.04616689682006836 -0.8764362931251526 -0.30372926592826843 -0.3707784116268158
1755701061.055001 -58.189414978027344 14.335094451904297 -53.2775764465332 0.04178265109658241 -0.8713515400886536 -0.3083558678627014 -0.3793642520904541
1755701061.384764 -57.796485900878906 14.481393814086914 -53.64633560180664 0.04183060675859451 -0.8711202144622803 -0.3018563687801361 -0.38507452607154846
1755701061.78048 -57.285423278808594 14.690723419189453 -54.138851165771484 0.040409352630376816 -0.8688483238220215 -0.30550524592399597 -0.3874741792678833
1755701062.110266 -56.845794677734375 14.86619758605957 -54.54023742675781 0.041449837386608124 -0.8664378523826599 -0.3080105483531952 -0.3907644748687744
1755701062.505975 -56.29936981201172 15.070266723632812 -55.0314826965332 0.03976763039827347 -0.8666598200798035 -0.30369317531585693 -0.3938145041465759
1755701062.901678 -55.72418975830078 15.281949043273926 -55.53023147583008 0.03972923755645752 -0.8639199733734131 -0.3053487241268158 -0.39852991700172424
1755701063.297403 -55.17961883544922 15.498952865600586 -56.01239776611328 0.04187333583831787 -0.8621054887771606 -0.3055630326271057 -0.4020598530769348
1755701063.693123 -54.607765197753906 15.714380264282227 -56.49484634399414 0.04410497099161148 -0.8587102890014648 -0.30783650279045105 -0.40731826424598694
1755701063.956926 -54.227516174316406 15.857370376586914 -56.817466735839844 0.04241732507944107 -0.8579297661781311 -0.30737635493278503 -0.40948396921157837
1755701064.352643 -53.658103942871094 16.070152282714844 -57.289886474609375 0.04252779111266136 -0.8558946251869202 -0.3077918589115143 -0.4134005904197693
1755701064.748368 -53.08900451660156 16.282644271850586 -57.75558090209961 0.04146072268486023 -0.8541991114616394 -0.30867496132850647 -0.41634678840637207
1755701065.078165 -52.60498046875 16.470027923583984 -58.151695251464844 0.04264478012919426 -0.8520565032958984 -0.3104625344276428 -0.419278085231781
1755701065.407897 -52.12639617919922 16.641780853271484 -58.54388427734375 0.04044181853532791 -0.8523985743522644 -0.3065917491912842 -0.4216427803039551
1755701065.737733 -51.641021728515625 16.815526962280273 -58.93231964111328 0.038121942430734634 -0.8508808016777039 -0.307458758354187 -0.42428502440452576
1755701066.133383 -51.03147888183594 17.037105560302734 -59.40211868286133 0.03879909589886665 -0.8492091298103333 -0.3093162178993225 -0.42621827125549316
1755701066.463143 -50.54680633544922 17.21031379699707 -59.77763366699219 0.036185577511787415 -0.8478764295578003 -0.3093596398830414 -0.4290604293346405
1755701066.792931 -50.074501037597656 17.3812313079834 -60.14452362060547 0.036805689334869385 -0.847109854221344 -0.3092074692249298 -0.43062880635261536
1755701067.122662 -49.59082794189453 17.558147430419922 -60.515724182128906 0.03719082847237587 -0.8460420966148376 -0.3099825978279114 -0.4321347177028656
1755701067.452428 -49.082252502441406 17.73148536682129 -60.889244079589844 0.036372847855091095 -0.8459204435348511 -0.30740034580230713 -0.4342817962169647
1755701067.65037 -48.778526306152344 17.843692779541016 -61.116573333740234 0.035646211355924606 -0.8447901010513306 -0.3097759187221527 -0.43485385179519653
1755701067.980142 -48.27793884277344 18.016708374023438 -61.48154067993164 0.033268969506025314 -0.8443169593811035 -0.31004273891448975 -0.4357702136039734
1755701068.309826 -47.77183532714844 18.19460678100586 -61.850677490234375 0.03576607629656792 -0.8435443639755249 -0.3104265332221985 -0.4367940127849579
1755701068.64 -47.29344177246094 18.356765747070312 -62.21821594238281 0.03428381681442261 -0.8441562056541443 -0.3103173077106476 -0.43580740690231323
1755701068.83745 -46.986183166503906 18.47144317626953 -62.443546295166016 0.03379378095269203 -0.8439085483551025 -0.31085431575775146 -0.435942679643631
1755701069.167625 -46.48182678222656 18.638080596923828 -62.807594299316406 0.03337206318974495 -0.8441361784934998 -0.30824974179267883 -0.4373815655708313
1755701069.496991 -45.98436737060547 18.822799682617188 -63.18067169189453 0.032378677278757095 -0.8431978821754456 -0.3099975287914276 -0.4380301535129547
1755701069.82673 -45.480796813964844 19.009366989135742 -63.54221725463867 0.0336773581802845 -0.841748058795929 -0.3132040798664093 -0.4384396970272064
1755701070.024589 -45.175865173339844 19.109403610229492 -63.76953887939453 0.033753812313079834 -0.8418163657188416 -0.31127312779426575 -0.43967604637145996
1755701070.354353 -44.665672302246094 19.296817779541016 -64.14083862304688 0.03300568461418152 -0.839848518371582 -0.3142787516117096 -0.4413546919822693
1755701070.684148 -44.13690948486328 19.48102378845215 -64.51741027832031 0.03273912891745567 -0.8399436473846436 -0.31498390436172485 -0.44069021940231323
1755701071.013966 -43.616416931152344 19.661298751831055 -64.89318084716797 0.03237847238779068 -0.8406408429145813 -0.313924103975296 -0.44014349579811096
1755701071.34366 -43.10081481933594 19.852415084838867 -65.26261138916016 0.034079622477293015 -0.8400295376777649 -0.3165324330329895 -0.4393133223056793
1755701071.674545 -42.58978271484375 20.038131713867188 -65.64773559570312 0.0306441318243742 -0.8392394781112671 -0.3185664415359497 -0.43960607051849365
1755701072.135191 -41.99662780761719 20.265304565429688 -66.07855224609375 0.0331827849149704 -0.8354972004890442 -0.3265087604522705 -0.4407215416431427
1755701072.794609 -41.44738006591797 20.453765869140625 -66.47196960449219 0.030343741178512573 -0.8356781601905823 -0.3184354305267334 -0.4464528560638428
1755701073.652015 -40.76374053955078 20.685754776000977 -66.93606567382812 0.02603350766003132 -0.8310447335243225 -0.3163153827190399 -0.45676204562187195
1755701074.509415 -40.10137176513672 20.902414321899414 -67.36151123046875 0.022985614836215973 -0.8243370056152344 -0.3141062259674072 -0.4704013466835022
1755701075.432738 -39.34417724609375 21.14089584350586 -67.76972961425781 0.028687890619039536 -0.8088843822479248 -0.3116630017757416 -0.4977441430091858
1755701076.487985 -38.6011962890625 21.31490135192871 -68.04773712158203 0.02534785121679306 -0.7692326903343201 -0.3028460144996643 -0.5620701313018799
1755701077.411314 -37.89479064941406 21.421485900878906 -68.15646362304688 0.019910387694835663 -0.7202264666557312 -0.2869327962398529 -0.6313057541847229
1755701078.202932 -37.195987701416016 21.500240325927734 -68.17816162109375 0.019487716257572174 -0.6768225431442261 -0.2720644474029541 -0.6837487816810608
1755701079.060207 -36.419151306152344 21.548259735107422 -68.09280395507812 0.02663886733353138 -0.6262542009353638 -0.2552758753299713 -0.7361592054367065
1755701079.78562 -35.81149673461914 21.543556213378906 -67.94273376464844 0.01955246925354004 -0.5755331516265869 -0.2382342517375946 -0.7820638418197632
1755701080.511108 -35.17328643798828 21.5257625579834 -67.77190399169922 0.009767320938408375 -0.5513250827789307 -0.23532070219516754 -0.800355851650238
1755701081.17063 -34.607147216796875 21.451866149902344 -67.60200500488281 -0.017006313428282738 -0.5426817536354065 -0.21419641375541687 -0.8119896650314331
1755701082.028013 -33.824302673339844 21.386524200439453 -67.34455871582031 -0.010859733447432518 -0.5323860049247742 -0.21244588494300842 -0.8193375468254089
1755701082.8854 -33.047218322753906 21.315319061279297 -67.07048034667969 -0.010898158885538578 -0.523621141910553 -0.2092507928609848 -0.8257822394371033
1755701083.544923 -32.44198226928711 21.26601219177246 -66.83268737792969 -0.0019474937580525875 -0.5134243369102478 -0.21050409972667694 -0.8319132924079895
1755701084.270424 -31.862682342529297 21.181262969970703 -66.53923034667969 -0.007229809649288654 -0.4849521219730377 -0.19575555622577667 -0.8523197770118713
1755701085.061877 -31.1602725982666 21.096965789794922 -66.18276977539062 -0.00030298149795271456 -0.46952781081199646 -0.19872577488422394 -0.8602625131607056
1755701085.85328 -30.478240966796875 20.9957275390625 -65.81597137451172 -0.009063166566193104 -0.4584468901157379 -0.1974855363368988 -0.8664546608924866
1755701086.710668 -29.758914947509766 20.873815536499023 -65.42575073242188 -0.014488684013485909 -0.4511973559856415 -0.1911207139492035 -0.8715985417366028
1755701087.568128 -29.038711547851562 20.76972770690918 -64.97560119628906 0.005434050690382719 -0.4345436990261078 -0.19150248169898987 -0.8800392150878906
1755701088.293555 -28.453941345214844 20.656545639038086 -64.59149169921875 -0.0039946711622178555 -0.4286929666996002 -0.1842452883720398 -0.8844546675682068
1755701089.150927 -27.731721878051758 20.55575942993164 -64.13301086425781 0.009545543231070042 -0.4209476113319397 -0.19095999002456665 -0.8867053389549255
1755701089.942357 -27.064985275268555 20.455120086669922 -63.68254852294922 0.010267436504364014 -0.41691362857818604 -0.19214461743831635 -0.8883457779884338
1755701090.601891 -26.52458953857422 20.363861083984375 -63.31871795654297 0.007743390277028084 -0.4161761403083801 -0.18744556605815887 -0.8897200226783752
1755701091.45928 -25.81817054748535 20.257827758789062 -62.81764602661133 0.010722449980676174 -0.412933349609375 -0.18758195638656616 -0.8911701440811157
1755701092.250724 -25.183658599853516 20.16006088256836 -62.386688232421875 0.009671838954091072 -0.41638848185539246 -0.18624866008758545 -0.8898530602455139
1755701092.976207 -24.599580764770508 20.079116821289062 -62.00017547607422 0.008837477304041386 -0.4162003695964813 -0.18856613337993622 -0.8894616365432739
1755701093.701756 -24.016925811767578 19.991561889648438 -61.597503662109375 0.008696885779500008 -0.4146766662597656 -0.18789155781269073 -0.8903170228004456
1755701094.295245 -23.37895965576172 19.9129638671875 -61.14137268066406 0.015546956099569798 -0.41284918785095215 -0.1920851618051529 -0.8901782035827637
1755701094.822876 -22.78498077392578 19.804088592529297 -60.72359848022461 0.006454946473240852 -0.41333073377609253 -0.1836516112089157 -0.8918454051017761
1755701095.350498 -22.177494049072266 19.70638656616211 -60.285682678222656 0.009702052921056747 -0.40929147601127625 -0.184665709733963 -0.8934679627418518
1755701095.878132 -21.58161735534668 19.60187530517578 -59.84501266479492 0.010627031326293945 -0.40361255407333374 -0.18174917995929718 -0.8966332674026489
1755701096.405737 -20.96865463256836 19.49662208557129 -59.38508605957031 0.009361526928842068 -0.3965294063091278 -0.1790938377380371 -0.9003344774246216
1755701096.933363 -20.3941707611084 19.376678466796875 -58.902976989746094 0.010452973656356335 -0.38102442026138306 -0.17095284163951874 -0.9085627794265747
1755701097.461008 -19.8248291015625 19.267353057861328 -58.43523025512695 0.01203411165624857 -0.38249635696411133 -0.17019188404083252 -0.9080674052238464
1755701097.988974 -19.247005462646484 19.15752601623535 -57.968055725097656 0.013640377670526505 -0.384697824716568 -0.16664889454841614 -0.90777188539505
1755701098.582188 -18.632055282592773 19.026227951049805 -57.471187591552734 0.01174034271389246 -0.3839299976825714 -0.1649804711341858 -0.9084280133247375
1755701099.10984 -18.032711029052734 18.91058349609375 -56.99109649658203 0.01208049152046442 -0.3878568112850189 -0.164620503783226 -0.9068193435668945
1755701099.637444 -17.401138305664062 18.78957748413086 -56.48101806640625 0.013676375150680542 -0.3877674341201782 -0.16720983386039734 -0.9063610434532166
1755701100.165057 -16.77970314025879 18.6690616607666 -55.99622344970703 0.01601807214319706 -0.3867487609386444 -0.1664186269044876 -0.9069033861160278
1755701100.626757 -16.224796295166016 18.550941467285156 -55.55963897705078 0.010280934162437916 -0.38803255558013916 -0.16302157938480377 -0.907055139541626
1755701100.956491 -15.809558868408203 18.474058151245117 -55.23215103149414 0.01555753406137228 -0.3849309980869293 -0.16561995446681976 -0.9078304767608643
1755701101.286266 -15.382099151611328 18.388715744018555 -54.906402587890625 0.011571518145501614 -0.38425877690315247 -0.1652299463748932 -0.9082457423210144
1755701101.813882 -14.745150566101074 18.256479263305664 -54.38569641113281 0.014083451591432095 -0.38412344455718994 -0.16187894344329834 -0.9088706970214844
1755701102.209612 -14.274772644042969 18.157094955444336 -53.99592208862305 0.011886698193848133 -0.383622944355011 -0.1620556116104126 -0.9090819954872131
1755701102.53945 -13.867952346801758 18.077800750732422 -53.65938186645508 0.014128447510302067 -0.38265013694763184 -0.16302023828029633 -0.9092874526977539
1755701103.066978 -13.235188484191895 17.947818756103516 -53.15071487426758 0.011719513684511185 -0.37605443596839905 -0.16114075481891632 -0.9124030470848083
1755701103.528837 -12.685464859008789 17.82693862915039 -52.679054260253906 0.008975973352789879 -0.3692288398742676 -0.15773093700408936 -0.9158113598823547
1755701103.924396 -12.16309928894043 17.711599349975586 -52.21722412109375 0.011472932994365692 -0.36734217405319214 -0.159336119890213 -0.9162642359733582
1755701104.386055 -11.591992378234863 17.57489013671875 -51.72412109375 0.008042322471737862 -0.36544618010520935 -0.15481793880462646 -0.9178321957588196
1755701104.583929 -11.306418418884277 17.5102481842041 -51.46071243286133 0.009769939817488194 -0.3652578592300415 -0.15395477414131165 -0.9180355668067932
1755701104.91366 -10.82170581817627 17.394411087036133 -51.02532196044922 0.011588389053940773 -0.3632466793060303 -0.15465165674686432 -0.9186949729919434
1755701105.243445 -10.322785377502441 17.27203941345215 -50.56523132324219 0.011679163202643394 -0.36102864146232605 -0.15104267001152039 -0.9201673865318298
1755701105.573193 -9.84017276763916 17.145713806152344 -50.12324523925781 0.007944561541080475 -0.35812708735466003 -0.14948998391628265 -0.9215935468673706
1755701105.903106 -9.35599136352539 17.023738861083984 -49.67674255371094 0.01156145054847002 -0.35379865765571594 -0.15022341907024384 -0.9231066107749939
1755701106.100819 -9.067278861999512 16.949016571044922 -49.395198822021484 0.01108494121581316 -0.35139745473861694 -0.14780721068382263 -0.9244187474250793
1755701106.430817 -8.586584091186523 16.832914352416992 -48.93889617919922 0.013313297182321548 -0.3461540937423706 -0.14888480305671692 -0.9261929988861084
1755701106.760341 -8.12470817565918 16.697372436523438 -48.486515045166016 0.01079600304365158 -0.34087589383125305 -0.1441022902727127 -0.9289357662200928
1755701107.156139 -7.567329406738281 16.539596557617188 -47.93928909301758 0.010392192751169205 -0.333492249250412 -0.14257456362247467 -0.9318516254425049
1755701107.55179 -7.01812744140625 16.38424301147461 -47.35911560058594 0.014939450658857822 -0.3254404664039612 -0.1403007060289383 -0.9349765181541443
1755701107.88155 -6.579493045806885 16.236957550048828 -46.883548736572266 0.004446194972842932 -0.3176613748073578 -0.1366778314113617 -0.9382913708686829
1755701108.145357 -6.2201738357543945 16.1323184967041 -46.493125915527344 0.011159392073750496 -0.30893179774284363 -0.14031575620174408 -0.9406105279922485
1755701108.541072 -5.697242259979248 15.970046043395996 -45.884071350097656 0.014263471588492393 -0.301533579826355 -0.1413516402244568 -0.9428116083145142
1755701108.936795 -5.190082550048828 15.810200691223145 -45.28702163696289 0.013196129351854324 -0.29283812642097473 -0.1359918713569641 -0.9463498592376709
1755701109.200619 -4.864223957061768 15.691171646118164 -44.869346618652344 0.010088728740811348 -0.285803884267807 -0.13097593188285828 -0.9492416381835938
1755701109.596339 -4.385107517242432 15.519220352172852 -44.24855041503906 0.011622520163655281 -0.27558422088623047 -0.12716779112815857 -0.9527573585510254
1755701109.9261 -4.002289295196533 15.368613243103027 -43.72251892089844 0.007419645320624113 -0.26709458231925964 -0.119630366563797 -0.9561872482299805
1755701110.321897 -3.5863938331604004 15.18360424041748 -43.110557556152344 0.005940624512732029 -0.25444963574409485 -0.11482690274715424 -0.9602265357971191
1755701110.51966 -3.381417751312256 15.090184211730957 -42.79115295410156 0.0084768608212471 -0.24837911128997803 -0.11049834638834 -0.9623025059700012
1755701110.849458 -3.0524511337280273 14.945502281188965 -42.281436920166016 0.009530213661491871 -0.23492750525474548 -0.10705184936523438 -0.9660528898239136
1755701111.245144 -2.6936397552490234 14.761455535888672 -41.639122009277344 0.013285217806696892 -0.21577060222625732 -0.09872592985630035 -0.9713494777679443
1755701111.574903 -2.415745735168457 14.601526260375977 -41.089683532714844 0.01166287250816822 -0.19992190599441528 -0.09162876009941101 -0.9754483103752136
1755701111.904668 -2.167168140411377 14.44037914276123 -40.54113006591797 0.01097790151834488 -0.1829867959022522 -0.085804283618927 -0.9793022871017456
1755701112.234434 -1.9113900661468506 14.271185874938965 -39.99127197265625 0.009726847521960735 -0.17824850976467133 -0.08223656564950943 -0.9804947972297668
1755701112.696108 -1.5868196487426758 14.040473937988281 -39.220558166503906 0.008631418459117413 -0.16524292528629303 -0.07833442836999893 -0.9830991625785828
1755701113.091816 -1.3229539394378662 13.842341423034668 -38.56649398803711 0.006410191301256418 -0.15720394253730774 -0.07574883848428726 -0.9846359491348267
1755701113.421582 -1.0885285139083862 13.658041000366211 -37.977745056152344 0.00875138957053423 -0.14665530622005463 -0.07451419532299042 -0.9863383769989014
1755701113.751367 -0.8786661028862 13.495954513549805 -37.40840530395508 0.010497843846678734 -0.14354266226291656 -0.0698482021689415 -0.9871203899383545
1755701114.081111 -0.6636779308319092 13.323758125305176 -36.82107162475586 0.014971709810197353 -0.13720446825027466 -0.06730420887470245 -0.9881401658058167
1755701114.410889 -0.4575750231742859 13.143122673034668 -36.234622955322266 0.011425619944930077 -0.1323125958442688 -0.06604742258787155 -0.988939106464386
1755701114.806624 -0.23460038006305695 12.935635566711426 -35.543514251708984 0.011593298055231571 -0.12663397192955017 -0.06288954615592957 -0.9898860454559326
1755701115.004475 -0.12001460790634155 12.829739570617676 -35.19424819946289 0.011057601310312748 -0.12381884455680847 -0.06195982173085213 -0.9903068542480469
1755701115.400169 0.07419773936271667 12.6288423538208 -34.51948928833008 0.011064565740525723 -0.1194474846124649 -0.058047618716955185 -0.9910804033279419
1755701115.729968 0.24201837182044983 12.450507164001465 -33.94839096069336 0.008028763346374035 -0.11666371673345566 -0.057863231748342514 -0.9914519786834717
1755701116.059714 0.42275044322013855 12.275961875915527 -33.392173767089844 0.009670756757259369 -0.119226835668087 -0.05815747380256653 -0.991115152835846
1755701116.389464 0.6011029481887817 12.10141372680664 -32.829322814941406 0.009997873567044735 -0.11393259465694427 -0.058153145015239716 -0.9917346835136414
1755701116.785385 0.7975281476974487 11.888443946838379 -32.14033889770508 0.008771048858761787 -0.11055631935596466 -0.05657564476132393 -0.9922195076942444
1755701117.181196 0.9933779239654541 11.67670726776123 -31.45560073852539 0.01030851248651743 -0.1063089668750763 -0.05557434633374214 -0.9927253723144531
1755701117.510669 1.1458927392959595 11.499731063842773 -30.889524459838867 0.008917303755879402 -0.10442949086427689 -0.052475456148386 -0.9931069016456604
1755701117.840417 1.2998095750808716 11.31259822845459 -30.30643653869629 0.008130828849971294 -0.1014026552438736 -0.05131550505757332 -0.9934878945350647
1755701118.236141 1.4878320693969727 11.09261417388916 -29.61629295349121 0.006536445114761591 -0.09797873347997665 -0.05122833326458931 -0.993847668170929
1755701118.5659 1.63411283493042 10.9081449508667 -29.028676986694336 0.009815781377255917 -0.09489376097917557 -0.05034054443240166 -0.9941653609275818
1755701118.895675 1.7795826196670532 10.723291397094727 -28.45708465576172 0.00709025701507926 -0.0936947613954544 -0.047952983528375626 -0.9944202303886414
1755701119.291458 1.9654189348220825 10.494189262390137 -27.732303619384766 0.008342133834958076 -0.08971541374921799 -0.04668054357171059 -0.9948379397392273
1755701119.621153 2.120187520980835 10.299324035644531 -27.115840911865234 0.007812483701854944 -0.0869508758187294 -0.04761955887079239 -0.9950432181358337
1755701119.950941 2.250279664993286 10.112626075744629 -26.501787185668945 0.012033112347126007 -0.08166099339723587 -0.04311636835336685 -0.9956544041633606
1755701120.280684 2.372716188430786 9.924098014831543 -25.912487030029297 0.008799140341579914 -0.07397905737161636 -0.03755522519350052 -0.9965136051177979
1755701120.610462 2.452584743499756 9.734299659729004 -25.322267532348633 0.007250072434544563 -0.053878579288721085 -0.02878519520163536 -0.9981062412261963
1755701120.940236 2.518921136856079 9.542816162109375 -24.733095169067383 0.005544260144233704 -0.042056139558553696 -0.02642867900431156 -0.9987502694129944
1755701121.26998 2.573962688446045 9.344757080078125 -24.137868881225586 0.0024522317107766867 -0.030558347702026367 -0.023131584748625755 -0.999262273311615
1755701121.467846 2.6100659370422363 9.226151466369629 -23.764568328857422 0.003936467692255974 -0.028741635382175446 -0.020452052354812622 -0.9993699193000793
1755701121.797617 2.6544578075408936 9.027338027954102 -23.162857055664062 0.004987820982933044 -0.023862125352025032 -0.019508659839630127 -0.9995124936103821
1755701122.12737 2.698911428451538 8.828489303588867 -22.557331085205078 -1.790403803170193e-05 -0.018617093563079834 -0.01511804573237896 -0.9997124075889587
1755701122.457135 2.738121747970581 8.622209548950195 -21.950389862060547 -0.0006959577440284193 -0.015552063472568989 -0.01245254185050726 -0.9998012781143188
1755701122.852865 2.7873330116271973 8.381426811218262 -21.2155704498291 0.002512797247618437 -0.010777815245091915 -0.01078002154827118 -0.9998807311058044
1755701123.182641 2.8013546466827393 8.192928314208984 -20.619234085083008 0.0052816118113696575 -0.006459700409322977 -0.009513194672763348 -0.9999199509620667
1755701123.446419 2.831523895263672 8.023072242736816 -20.1289005279541 0.004156753420829773 -0.004752819892019033 -0.007625235710293055 -0.9999510645866394
1755701123.842366 2.85549259185791 7.774805068969727 -19.391374588012695 0.0038212353829294443 -0.002676179399713874 -0.0059839878231287 -0.9999712109565735
1755701124.105948 2.8751890659332275 7.606554985046387 -18.891437530517578 0.0009182493085972965 -0.0006299128290265799 -0.008122560568153858 -0.9999664425849915
1755701124.501707 2.8997414112091064 7.362261772155762 -18.166372299194336 0.002264081034809351 -0.0019742490258067846 -0.008117270655930042 -0.9999626278877258
1755701124.897411 2.951540231704712 7.1157097816467285 -17.424114227294922 0.000615066266618669 -0.003559537697583437 -0.009441781789064407 -0.9999489188194275
1755701125.293128 2.977587938308716 6.862199783325195 -16.678529739379883 -0.0015799857210367918 -0.0007736747502349317 -0.007279440760612488 -0.9999720454216003
1755701125.622864 2.9917845726013184 6.67037296295166 -16.043243408203125 0.007339490111917257 0.0004390378890093416 -0.008260180242359638 -0.9999388456344604
1755701125.952641 3.0354881286621094 6.463085174560547 -15.431906700134277 0.002202996052801609 -0.0028709357138723135 -0.00925499852746725 -0.999950647354126
1755701126.34834 3.070864200592041 6.203942775726318 -14.690752983093262 -0.004723917692899704 -0.001850134925916791 -0.012216778472065926 -0.9999125599861145
1755701126.744089 3.1169235706329346 5.960302352905273 -13.935028076171875 0.0012243016390129924 -0.006078682374209166 -0.01368890330195427 -0.9998871088027954
1755701127.073842 3.161433696746826 5.759110450744629 -13.308911323547363 0.00335245905444026 -0.008552193641662598 -0.016738416627049446 -0.9998177289962769
1755701127.404125 3.203958511352539 5.559015274047852 -12.684396743774414 0.004813351668417454 -0.014192674309015274 -0.017862854525446892 -0.9997281432151794
1755701127.73335 3.2526657581329346 5.340600967407227 -12.07707691192627 -7.587863365188241e-05 -0.017716258764266968 -0.01952802576124668 -0.9996523857116699
1755701128.129106 3.325390338897705 5.095296859741211 -11.313764572143555 0.0008014632621780038 -0.01983884908258915 -0.01855440065264702 -0.9996306896209717
1755701128.459029 3.3760740756988525 4.902099609375 -10.698028564453125 0.004474579822272062 -0.021550392732024193 -0.019360367208719254 -0.9995703101158142
1755701129.118391 3.453054666519165 4.641567230224609 -9.894131660461426 0.003444197354838252 -0.023916104808449745 -0.022890206426382065 -0.9994459748268127
1755701129.975762 3.559553861618042 4.387914180755615 -9.144001960754395 -0.000991289154626429 -0.03149515390396118 -0.02856619283556938 -0.9990951418876648
1755701130.767213 3.66412091255188 4.165857315063477 -8.422972679138184 0.0010515033500269055 -0.039104875177145004 -0.03098960965871811 -0.9987539649009705
1755701131.558669 3.7815091609954834 3.9338619709014893 -7.702497482299805 0.0013680263655260205 -0.045068107545375824 -0.037046268582344055 -0.9982959032058716
1755701132.284141 3.916969060897827 3.7161648273468018 -7.048206329345703 -0.0007056986796669662 -0.05441155657172203 -0.04018988832831383 -0.9977092742919922
1755701133.075567 4.0520734786987305 3.4815971851348877 -6.307658672332764 -0.0024846212472766638 -0.05898144468665123 -0.04265917092561722 -0.9973441362380981
1755701133.866974 4.1998186111450195 3.2430264949798584 -5.579057693481445 -0.004748663865029812 -0.06420350819826126 -0.04161908105015755 -0.9970572590827942
1755701134.592466 4.333947658538818 3.0229058265686035 -4.92333984375 -0.007035262417048216 -0.06165900453925133 -0.04185565188527107 -0.9971944689750671
1755701135.779605 4.364634990692139 2.772188186645508 -4.181073188781738 -0.006080587860196829 -0.008739250712096691 -0.020611433312296867 -0.9997309446334839
1755701136.966843 4.329554080963135 2.4950757026672363 -3.4280664920806885 -0.012037980370223522 0.04029880091547966 -0.005383486393839121 -0.9991006851196289
1755701137.824152 4.273875713348389 2.2238614559173584 -2.645416736602783 -0.01000950112938881 0.05039270967245102 -0.0019473100546747446 -0.9986774921417236
1755701138.549641 4.207923889160156 1.9762418270111084 -1.9772703647613525 -0.012334202416241169 0.06413950771093369 0.0002742394572123885 -0.9978647828102112
1755701139.341062 4.124347686767578 1.7079752683639526 -1.2159321308135986 -0.009891854599118233 0.06776585429906845 0.0011626646155491471 -0.9976515769958496
1755701140.198449 4.064289093017578 1.4258915185928345 -0.45886239409446716 -0.014273996464908123 0.06105949357151985 -0.0027089084032922983 -0.9980283975601196
1755701141.055864 4.043469429016113 1.1729844808578491 0.25374460220336914 -0.009454634971916676 0.036781348288059235 -0.008598913438618183 -0.9992416501045227
1755701141.913236 4.033613204956055 0.891821026802063 0.9928590655326843 -0.014582671225070953 0.02462093159556389 -0.01164010539650917 -0.9995227456092834
1755701142.572759 4.024043560028076 0.6550712585449219 1.6290034055709839 -0.016564061865210533 0.021650636568665504 -0.008862743154168129 -0.9995890855789185
1755701143.496108 3.967458963394165 0.3865240514278412 2.3499228954315186 -0.01799573190510273 0.042819418013095856 0.0010250579798594117 -0.998920202255249
1755701144.28778 3.8893203735351562 0.11368708312511444 3.0937771797180176 -0.017951004207134247 0.054530069231987 0.010282747447490692 -0.9982978105545044
1755701144.881123 3.822918653488159 -0.09882135689258575 3.6646950244903564 -0.017086807638406754 0.060060422867536545 0.01335230190306902 -0.9979592561721802
1755701145.540636 3.7713544368743896 -0.34343621134757996 4.301586151123047 -0.020320437848567963 0.052453331649303436 0.011367733590304852 -0.9983518719673157
1755701146.266114 3.731102466583252 -0.5782238245010376 4.957439422607422 -0.009360145777463913 0.04575211554765701 0.009510993957519531 -0.998863697052002
1755701146.529924 3.716770887374878 -0.6215601563453674 5.0516510009765625 -0.013347198255360126 0.04722348228096962 0.01123436726629734 -0.9987320899963379
