1762216135.265427 0.0 0.0 0.0 1.0 0.0 0.0 0.0
1762216135.465431 0.0 0.0 0.0 1.0 0.0 0.0 0.0
1762216135.865425 0.0 0.0 0.0 1.0 0.0 0.0 0.0
1762216135.998765 0.0018852187716465547 -0.04415939848098953 0.12014008411220713 0.9999974203623339 0.0019935823276110414 -0.00020706771692282375 0.0010686538922458032
1762216212.064666 -0.03470395050143977 -0.19488647903841952 0.965404963739377 0.9985835765083909 -0.0017745802662187317 0.052920261229938086 0.005209370782007062
1762216212.86468 0.03558478848075767 -0.43895506427576036 1.3576501770483391 0.999332663497482 0.0016122003970455061 -0.010377245925059111 0.03498487164359924
1762216220.931239 -0.038283551220399635 -1.7290241726799713 5.853068275297263 0.9997320065031108 -0.0036511455725965624 0.0017428075469878845 0.022793572144924737
1762216272.264088 2.1249180169740756 -5.297664253251601 18.38209801178108 0.9998579683101654 0.004095523421955748 -0.008129795616794305 0.014183663764964183
1762216304.997107 3.9300292871882876 -8.629598931895403 31.79633444218096 0.9997970753149251 0.0028045663220917743 -0.0064578547968030895 0.01887428702998898
1762216377.863079 9.319689141813516 -14.095356694702486 61.3214340309161 0.9997695569055031 0.004935940253471471 -0.004132272354528223 0.02047910896440831
1762216397.529547 10.065406828635973 -14.364888829874754 65.39744553295981 0.9997241885104057 0.00100460937147353 0.007134252625702167 0.02235263086739842
1762216940.790841 3.0121114299351417 -46.22486944269027 213.5679371344682 0.9991566630870002 -0.012270622999775127 -0.0072160121718318785 0.038513940182536364
1762216945.057519 3.1934692924436825 -46.76819756418794 215.82834627043383 0.9988802545397205 -0.018095799938891603 0.0003908416033541278 0.043710712166193204
1762216946.124196 3.5124452210206307 -46.9203040204668 216.46324662651142 0.9980868179084192 -0.02382007916886621 -0.00730840489134884 0.0565852892877566
1762216948.790786 3.3327684261468553 -47.00358607706054 216.71037153518836 0.9979837621060529 -0.046638374619058426 0.007634035851464297 0.04236737048909578
1762216960.72403 3.8027149529967095 -47.400838347338414 217.42721169978293 0.9977541068101138 -0.062951215160753 0.022161870627873052 -0.005721743056985876
1762216964.523986 3.6894476558175717 -47.528516147294894 218.24379092348613 0.9966424520370377 -0.04513717937465797 0.06743915938534269 0.010881985898689174
1762216965.857307 3.4738886152596606 -47.63028271902641 218.66753399993547 0.9934068551130959 -0.059097760608248166 0.09725765946561295 0.013828325302421835
1762216967.390599 3.2533107065604403 -47.8113168935363 219.15774017169073 0.9915756929786675 -0.07347589711458534 0.10666703476045818 -0.001039871383045554
1762216968.990623 2.9675618864816147 -47.95357614537957 219.65415418314095 0.9833579177946405 -0.09892900548742743 0.15237865595923375 0.0010012951189228968
1762216970.523924 2.608563549558388 -48.07970397309972 220.2201946888625 0.9566663658250875 -0.12304221994456259 0.26187536260651917 0.032731805172308996
1762216972.190595 2.051075152293378 -48.14954989700399 220.47567136976372 0.8618655439335384 -0.15620752513893488 0.48228726748398415 0.01363762783429627
1762216973.790559 1.443112002936977 -48.22070175293504 220.7053695325884 0.8286522328608544 -0.16669765131683922 0.5342383153142749 0.011695831322962149
1762216975.923918 0.5824899508358884 -48.29421607574364 220.9398112775338 0.8248743959647756 -0.17971356101375566 0.5359860029280119 0.0020667691586582822
1762216977.323858 0.06572139372113993 -48.34535783869783 221.04622862193992 0.8125892358237499 -0.1930781181436376 0.5497617966240844 0.013473718497313228
1762216981.257186 -0.4570740690039242 -48.60352037913456 221.25589137505793 0.8565038281048285 -0.14297513394072947 0.4955815281369051 -0.01892755889952069
1762216982.723843 -1.0307374011372676 -48.774493785328524 221.482224347395 0.8687585724928434 -0.14397438090349868 0.47061032775425576 -0.055279650638216285
1762216983.990535 -1.4863092043588322 -48.92698070548651 221.72465822886207 0.8689882633337672 -0.1417630489406852 0.46843421267457613 -0.0730207130830287
1762216986.12377 -2.1491799066609203 -49.13469269502393 222.1027505470891 0.8616948122551387 -0.15029188842993504 0.4792801336367713 -0.0720066129314799
1762216987.990462 -2.9450444281140538 -49.30880766617318 222.47651168804055 0.8604588761556832 -0.14500347172974812 0.484271499539972 -0.06376229579089752
1762216989.457069 -3.514079239818618 -49.50122846442121 222.8890691561438 0.8609462592494417 -0.14041531495747803 0.4868822398581226 -0.04472988397618531
1762217003.390252 -3.7080949737345064 -49.94682592873276 225.10190143993026 0.5146838101743961 -0.11402659719011657 0.8467089979959099 0.0719887726688768
1762217004.723589 -3.9555863912064195 -49.865598177620875 224.8882177105415 0.47569735528678353 -0.15576383556908507 0.8647971565467936 0.03969296827584349
1762217009.923544 -4.5548477214948715 -49.851589292894516 224.71744137333815 0.536847762901026 -0.15429340092762414 0.8284403568903151 0.04092188868806339
1762217325.653751 -4.992431100110546 -49.1487392650708 224.38434537712234 0.6917888562091721 -0.14735667713084272 0.7007222804406942 -0.09328705067561746
